12 instruments
A 10 100 815344000 7516190000
B 10 100 157159.98672976866 607777468.940395
C 10 100 37632 50328700
D 10 100 0 320000000
E 10 100 45126217.813212499 1435691857.5629289
F 10 100 2238.0782914523293 612647607.58318675
G 10 100 22018.298358889329 159480658.09969637
H 10 100 0.00018444817663405244 950598422.35720563
I 10 100 1289849390.9659207 3398902187.0561032
J 10 100 2312500 800000000
K 10 100 309096.09667920991 262843801.48639998
L 10 100 1935.2198577632046 529743673.63920057
100 downlinks
0 19800 49577 17825.048205999999
1 49578 67745 16584.801629000001
2 91816 96499 56583.634539999999
3 120738 135056 54510.231771999999
4 137178 152542 17937.152144
5 178088 221962 61000.683803
6 221963 249338 18467.928540000001
7 264361 308238 25417.817937
8 308239 327328 19015.030229
9 330078 347128 24567.032964000002
10 365400 394577 17828.859713000002
11 394578 411962 17701.536620999999
12 436911 480795 25418.320157999999
13 480796 501418 17542.270487000002
14 502578 528436 23159.729212999999
15 528437 567073 59981.281416999998
16 567074 597076 17972.728726000001
17 597077 613056 22999.291153999999
18 614837 654623 56629.461013
19 667800 674336 23614.41446
20 679877 701139 22122.706344999999
21 701176 739875 59998.788971000002
22 739876 757341 17624.346496999999
23 782015 826275 61074.347796000002
24 826276 843861 17138.572087
25 868291 913175 61181.460402999997
26 913176 932357 17433.778816999999
27 933675 950344 23082.352213999999
28 970200 999423 17883.640805999999
29 999424 1023140 17543.785331999999
30 1023675 1046233 22376.399878
31 1046234 1080073 58655.879155000002
32 1080074 1103435 17582.023593000002
33 1105574 1117118 58623.309652000004
34 1127127 1168572 15119.160288999999
35 1168573 1190199 16914.110455999999
36 1194973 1207189 55409.676240000001
37 1213406 1243421 14837.924851
38 1244310 1247704 18937.599925999999
39 1278072 1294888 56160.945200000002
40 1299686 1347970 56661.696495999997
41 1347971 1360266 56748.807657999998
42 1364471 1376676 58852.465277000003
43 1396870 1423170 17334.486729
44 1429871 1472246 60764.045818999999
45 1472247 1519663 24005.080918
46 1527369 1531566 18969.341575999999
47 1536969 1558329 18036.499982000001
48 1581368 1593440 52719.905522000001
49 1602442 1633051 54389.954824
50 1656966 1668740 17991.02982
51 1688727 1730446 61717.871531999997
52 1731094 1776643 24930.695499000001
53 1795565 1819204 22398.438724
54 1834200 1862647 17244.778962
55 1865463 1877801 18220.925300999999
56 1894563 1906123 58678.576760000004
57 1909322 1949161 58555.537063999996
58 1949162 1964047 18992.23504
59 1981862 2018383 13796.402593000001
60 2033878 2072159 59962.626314000001
61 2072160 2078069 23204.996364999999
62 2095500 2118635 60314.874481999999
63 2121059 2137467 18020.649063000001
64 2179800 2207240 17416.188300000002
65 2233257 2253543 17116.766715000002
66 2254255 2260753 60234.572946
67 2264755 2284848 16963.427941999998
68 2292746 2335084 60809.052052999999
69 2335085 2360164 23716.228502000002
70 2360753 2368255 18029.108412000001
71 2371913 2374993 60100.563959999999
72 2439000 2465425 17729.224104000001
73 2498751 2510833 17589.138943000002
74 2513509 2545848 58302.529763999999
75 2545849 2563293 18080.346756999999
76 2571649 2599285 55874.873438000002
77 2605247 2628473 60291.091052000003
78 2637912 2680234 60832.041154999999
79 2680235 2718344 24945.773354000001
80 2718345 2742158 18650.039686
81 2784600 2810215 17801.393711000001
82 2810648 2813791 18241.361444999999
83 2830242 2853075 24067.369501000001
84 2854240 2878223 56712.888793999999
85 2904340 2913195 58370.132263
86 2916711 2937551 58005.525035999999
87 2939102 2976937 24930.123806
88 2976938 2998111 16739.689300999999
89 3043800 3068367 18181.419744999999
90 3090335 3115951 18610.315675999998
91 3117393 3155781 59847.283359000001
92 3157233 3173308 18063.419893999999
93 3177933 3202738 18186.627066000001
94 3203790 3219637 56843.492619999997
95 3241970 3275429 9175.5815739999998
96 3275430 3286919 9288.5908459999991
97 3290187 3328186 29976.478185
98 3330327 3347364 8340.6453669999992
99 3356727 3367030 28164.287346000001
0 opportunities for A
0 opportunities for B
0 opportunities for C
0 opportunities for D
0 opportunities for E
0 opportunities for F
0 opportunities for G
0 opportunities for H
0 opportunities for I
0 opportunities for J
0 opportunities for K
0 opportunities for L
1554 events for A
19922 4707014
19928 0
19942 2824208
19943 0
20842 2824208
20843 0
21142 2824208
21143 0
22042 2824208
22043 0
22342 2824208
22343 0
23522 4707014
23528 0
27122 4707014
27128 0
30722 4707014
30728 0
34322 4707014
34328 0
40281 4707014
40287 0
43261 1882806
43264 0
43881 4707014
43887 0
47481 4707014
47487 0
49742 4707014
49748 0
56972 4707014
56978 0
60782 4707014
60788 0
64532 4707014
64538 0
64861 1412104
64863 0
68342 4707014
68348 0
78184 82880
78185 0
78194 82880
78195 0
78204 82880
78205 0
78235 82880
78236 0
78245 82880
78246 0
78255 82880
78256 0
223202 4313184
223203 2310336
223204 0
223333 4313184
223335 0
223478 192528
223479 0
223783 2156592
223784 0
224102 3594320
224103 962640
224104 0
224150 3594320
224151 962640
224152 0
224421 718864
224422 0
224431 718864
224432 0
224441 718864
224442 0
224451 718864
224452 0
224461 718864
224462 0
224471 718864
224472 0
224481 718864
224482 0
224491 718864
224492 0
224501 718864
224502 0
224511 718864
224512 0
224521 718864
224522 0
224531 718864
224532 0
224541 718864
224542 0
224551 718864
224552 0
224561 718864
224562 0
224571 718864
224572 0
224581 718864
224582 0
224601 192528
224602 0
224611 192528
224612 0
224621 192528
224622 0
224631 192528
224632 0
224641 192528
224642 0
224651 192528
224652 0
224661 192528
224662 0
224671 192528
224672 0
224681 192528
224682 0
224691 192528
224692 0
224701 192528
224702 0
224711 192528
224712 0
224721 192528
224722 0
237661 1412104
237663 0
240914 4313184
240915 2117808
240916 0
241635 4313184
241637 0
243455 1437728
243456 0
313516 3748528
313519 0
313526 3748528
313529 0
314116 3748528
314119 0
314126 3748528
314129 0
315316 3748528
315319 0
315326 3748528
315329 0
315916 3748528
315919 0
315926 3748528
315929 0
317116 3748528
317119 0
317126 3748528
317129 0
317716 3748528
317719 0
317726 3748528
317729 0
318916 3748528
318919 0
318926 3748528
318929 0
319516 3748528
319519 0
319526 3748528
319529 0
320716 3748528
320719 0
320726 3748528
320729 0
321316 3748528
321319 0
321326 3748528
321329 0
322516 3748528
322519 0
322526 3748528
322529 0
323116 3748528
323119 0
323126 3748528
323129 0
324061 1882806
324064 0
324326 3748528
324329 0
324336 3748528
324339 0
324926 3748528
324929 0
324936 3748528
324939 0
329006 3748528
329009 0
329016 3748528
329019 0
329606 3748528
329609 0
329616 3748528
329619 0
332906 3748528
332909 0
332916 3748528
332919 0
333506 3748528
333509 0
333516 3748528
333519 0
337106 3748528
337109 0
337116 3748528
337119 0
337706 3748528
337709 0
337716 3748528
337719 0
339095 3748528
339098 0
339105 3748528
339108 0
339695 3748528
339698 0
339705 3748528
339708 0
341306 3748528
341309 0
341316 3748528
341319 0
341906 3748528
341909 0
341916 3748528
341919 0
364802 4236312
364806 0
366602 4236312
366606 0
368402 4236312
368406 0
370202 4236312
370206 0
372002 4236312
372006 0
373802 4236312
373806 0
375602 4236312
375606 0
377402 4236312
377406 0
379202 4236312
379206 0
385078 4236312
385082 0
386878 4236312
386882 0
388678 4236312
388682 0
390478 4236312
390482 0
392278 4236312
392282 0
394502 4236312
394506 0
396302 4236312
396306 0
400767 4236312
400771 0
402567 4236312
402571 0
404367 4236312
404371 0
406167 4236312
406171 0
407967 4236312
407971 0
409767 4236312
409771 0
411567 4236312
411571 0
413367 4236312
413371 0
415167 4236312
415171 0
422762 4236312
422766 0
426422 4236312
426426 0
430082 4236312
430086 0
436982 4236312
436986 0
440702 4236312
440706 0
444422 4236312
444426 0
448142 4236312
448146 0
596461 82880
596462 0
596471 82880
596472 0
596481 82880
596482 0
596512 82880
596513 0
596522 82880
596523 0
596532 82880
596533 0
600097 5000000
600121 0
601367 5000000
601391 0
602637 5000000
602661 0
619026 4494818
619027 3748528
619030 0
619036 4494818
619041 0
619086 4494818
619091 0
619146 4494818
619147 3748528
619150 0
619156 4494818
619161 0
619206 4494818
619211 0
619266 4494818
619271 0
619276 4494818
619281 0
619326 4494818
619327 3748528
619330 0
623226 4494818
623227 3748528
623230 0
623236 4494818
623241 0
623286 4494818
623291 0
623346 4494818
623347 3748528
623350 0
623356 4494818
623361 0
623406 4494818
623411 0
623466 4494818
623471 0
623476 4494818
623481 0
623526 4494818
623527 3748528
623530 0
741691 3748528
741694 0
741731 3748528
741734 0
741771 4494818
741776 0
741811 4494818
741816 0
741851 3748528
741854 0
741891 3748528
741894 0
741931 4494818
741936 0
741971 4494818
741976 0
742011 3748528
742014 0
742051 3748528
742054 0
742091 4494818
742096 0
742131 4494818
742136 0
761721 3748528
761724 0
761741 3748528
761744 0
761761 3748528
761764 0
768021 3748528
768024 0
768041 3748528
768044 0
768061 3748528
768064 0
774339 3748528
774342 0
774359 3748528
774362 0
774379 3748528
774382 0
779139 3748528
779142 0
779159 3748528
779162 0
779179 3748528
779182 0
782439 2824208
782440 0
782530 3748528
782533 0
782799 2824208
782800 0
782869 2824208
782870 0
782939 2824208
782940 0
783259 3748528
783262 0
783274 5000000
783292 0
783939 3748528
783942 0
783959 3748528
783962 0
783979 3748528
783982 0
787239 2824208
787240 0
787330 3748528
787333 0
787599 2824208
787600 0
787669 2824208
787670 0
787739 2824208
787740 0
788059 3748528
788062 0
788074 5000000
788092 0
788739 3748528
788742 0
788759 3748528
788762 0
788779 3748528
788782 0
794227 3748528
794230 0
794247 3748528
794250 0
794267 3748528
794270 0
797527 2824208
797528 0
797618 3748528
797621 0
797887 2824208
797888 0
797957 2824208
797958 0
798027 2824208
798028 0
798347 3748528
798350 0
798362 5000000
798380 0
799027 3748528
799030 0
799047 3748528
799050 0
799067 3748528
799070 0
801321 2824208
801322 0
801412 3748528
801415 0
801681 2824208
801682 0
801751 2824208
801752 0
801821 2824208
801822 0
802141 3748528
802144 0
802156 5000000
802174 0
804021 3748528
804024 0
804041 3748528
804044 0
804061 3748528
804064 0
804921 2824208
804922 0
805012 3748528
805015 0
805281 2824208
805282 0
805351 2824208
805352 0
805421 2824208
805422 0
805741 3748528
805744 0
805756 5000000
805774 0
809915 2824208
809916 0
810006 3748528
810009 0
810275 2824208
810276 0
810345 2824208
810346 0
810415 2824208
810416 0
810735 3748528
810738 0
810750 5000000
810768 0
813665 2824208
813666 0
813756 3748528
813759 0
814025 2824208
814026 0
814095 2824208
814096 0
814165 2824208
814166 0
814485 3748528
814488 0
814500 5000000
814518 0
817415 2824208
817416 0
817506 3748528
817509 0
817775 2824208
817776 0
817845 2824208
817846 0
817915 2824208
817916 0
818235 3748528
818238 0
818250 5000000
818268 0
821165 2824208
821166 0
821256 3748528
821259 0
821525 2824208
821526 0
821595 2824208
821596 0
821665 2824208
821666 0
821985 3748528
821988 0
822000 5000000
822018 0
824465 2824208
824466 0
824556 3748528
824559 0
824825 2824208
824826 0
824895 2824208
824896 0
824965 2824208
824966 0
825285 3748528
825288 0
825300 5000000
825318 0
828153 2824208
828154 0
828244 3748528
828247 0
828513 2824208
828514 0
828583 2824208
828584 0
828653 2824208
828654 0
831903 2824208
831904 0
831994 3748528
831997 0
832263 2824208
832264 0
832333 2824208
832334 0
832403 2824208
832404 0
832723 3748528
832726 0
832738 5000000
832756 0
835034 3748528
835035 4498234
835040 0
835045 3748528
835048 0
835634 3748528
835635 4498234
835640 0
835645 3748528
835648 0
836234 3748528
836235 4498234
836240 0
836245 3748528
836248 0
836834 3748528
836835 4498234
836840 0
836845 3748528
836848 0
837434 3748528
837435 4498234
837440 0
837445 3748528
837448 0
838034 3748528
838035 4498234
838040 0
838045 3748528
838048 0
838634 3748528
838635 4498234
838640 0
838645 3748528
838648 0
839234 3748528
839235 4498234
839240 0
839245 3748528
839248 0
839834 3748528
839835 4498234
839840 0
839845 3748528
839848 0
840434 3748528
840435 4498234
840440 0
840445 3748528
840448 0
841034 3748528
841035 4498234
841040 0
841045 3748528
841048 0
841634 3748528
841635 4498234
841640 0
841645 3748528
841648 0
842237 5000000
842282 0
842447 5000000
842459 0
849123 3748528
849126 0
849163 3748528
849166 0
849203 4494818
849208 0
849243 4494818
849248 0
849283 3748528
849286 0
849323 3748528
849326 0
849363 4494818
849368 0
849403 4494818
849408 0
849443 3748528
849446 0
849483 3748528
849486 0
849523 4494818
849528 0
849563 4494818
849568 0
856202 5000000
856218 0
858002 5000000
858018 0
859802 5000000
859818 0
863261 5000000
863277 0
863560 3748528
863563 0
863575 5000000
863593 0
865061 5000000
865077 0
865360 3748528
865363 0
865375 5000000
865393 0
866861 5000000
866877 0
867160 3748528
867163 0
867175 5000000
867193 0
868661 5000000
868677 0
868960 3748528
868963 0
868975 5000000
868993 0
870461 5000000
870477 0
870760 3748528
870763 0
870775 5000000
870793 0
872261 5000000
872277 0
872560 3748528
872563 0
872575 5000000
872593 0
874061 5000000
874077 0
874360 3748528
874363 0
874375 5000000
874393 0
875861 5000000
875877 0
876160 3748528
876163 0
876175 5000000
876193 0
877661 5000000
877677 0
877960 3748528
877963 0
877975 5000000
877993 0
883149 5000000
883165 0
884949 5000000
884965 0
886749 5000000
886765 0
888549 5000000
888565 0
890349 5000000
890365 0
892149 5000000
892165 0
893949 5000000
893965 0
895749 5000000
895765 0
898837 5000000
898853 0
900637 5000000
900653 0
902437 5000000
902453 0
904237 5000000
904253 0
906037 5000000
906053 0
907837 5000000
907853 0
909637 5000000
909653 0
911437 5000000
911453 0
913237 5000000
913253 0
918726 5000000
918742 0
969621 3748528
969624 0
969641 3748528
969644 0
969661 3748528
969664 0
972321 3748528
972324 0
972341 3748528
972344 0
972361 3748528
972364 0
974721 3748528
974724 0
974741 3748528
974744 0
974761 3748528
974764 0
977421 3748528
977424 0
977441 3748528
977444 0
977461 3748528
977464 0
979521 3748528
979524 0
979541 3748528
979544 0
979561 3748528
979564 0
982221 3748528
982224 0
982241 3748528
982244 0
982261 3748528
982264 0
984321 3748528
984324 0
984341 3748528
984344 0
984361 3748528
984364 0
990497 3748528
990500 0
990517 3748528
990520 0
990537 3748528
990540 0
996797 3748528
996800 0
996817 3748528
996820 0
996837 3748528
996840 0
1086095 3748528
1086098 0
1086105 3748528
1086108 0
1086695 3748528
1086698 0
1086705 3748528
1086708 0
1090895 3748528
1090898 0
1090905 3748528
1090908 0
1091495 3748528
1091498 0
1091505 3748528
1091508 0
1097001 3748528
1097004 0
1097011 3748528
1097014 0
1097601 3748528
1097604 0
1097611 3748528
1097614 0
1101501 3748528
1101504 0
1101511 3748528
1101514 0
1102101 3748528
1102104 0
1102111 3748528
1102114 0
1106301 3748528
1106304 0
1106311 3748528
1106314 0
1106901 3748528
1106904 0
1106911 3748528
1106914 0
1112689 3748528
1112692 0
1112699 3748528
1112702 0
1113289 3748528
1113292 0
1113299 3748528
1113302 0
1117189 3748528
1117192 0
1117199 3748528
1117202 0
1117789 3748528
1117792 0
1117799 3748528
1117802 0
1118896 3748528
1118900 0
1118907 4992344
1118916 0
1118927 4992344
1118936 0
1119256 3748528
1119260 0
1119267 4992344
1119276 0
1119287 4992344
1119296 0
1119616 3748528
1119620 0
1119627 4992344
1119636 0
1119647 4992344
1119656 0
1119976 3748528
1119980 0
1119987 4992344
1119996 0
1120007 4992344
1120016 0
1120336 3748528
1120340 0
1120347 4992344
1120356 0
1120367 4992344
1120376 0
1120696 3748528
1120700 0
1120707 4992344
1120716 0
1120727 4992344
1120736 0
1121056 3748528
1121060 0
1121067 4992344
1121076 0
1121087 4992344
1121096 0
1121416 3748528
1121420 0
1121427 4992344
1121436 0
1121447 4992344
1121456 0
1121776 3748528
1121780 0
1121787 4992344
1121796 0
1121807 4992344
1121816 0
1122136 3748528
1122140 0
1122147 4992344
1122156 0
1122167 4992344
1122176 0
1122496 3748528
1122500 0
1122507 4992344
1122516 0
1122527 4992344
1122536 0
1122856 3748528
1122860 0
1122867 4992344
1122876 0
1122887 4992344
1122896 0
1123216 3748528
1123220 0
1123227 4992344
1123236 0
1123247 4992344
1123256 0
1123789 3748528
1123792 0
1123799 3748528
1123802 0
1124389 3748528
1124392 0
1124399 3748528
1124402 0
1126577 3748528
1126580 0
1126587 3748528
1126590 0
1127177 3748528
1127180 0
1127187 3748528
1127190 0
1144186 3748528
1144189 0
1144196 3748528
1144199 0
1144876 3748528
1144879 0
1144886 3748528
1144889 0
1201556 2824208
1201557 0
1201647 3748528
1201650 0
1201856 2824208
1201857 0
1201926 2824208
1201927 0
1202137 3765611
1202140 0
1205156 2824208
1205157 0
1205247 3748528
1205250 0
1205456 2824208
1205457 0
1205526 2824208
1205527 0
1205737 3765611
1205740 0
1208756 2824208
1208757 0
1208847 3748528
1208850 0
1209056 2824208
1209057 0
1209126 2824208
1209127 0
1209337 3765611
1209340 0
1212356 2824208
1212357 0
1212447 3748528
1212450 0
1212656 2824208
1212657 0
1212726 2824208
1212727 0
1212937 3765611
1212940 0
1215656 2824208
1215657 0
1215747 3748528
1215750 0
1215956 2824208
1215957 0
1216026 2824208
1216027 0
1216237 3765611
1216240 0
1388781 718864
1388782 0
1389391 718864
1389392 0
1390022 3748528
1390025 0
1390281 718864
1390282 0
1390891 718864
1390892 0
1391522 3748528
1391525 0
1391781 718864
1391782 0
1392391 718864
1392392 0
1393022 3748528
1393025 0
1400541 718864
1400542 0
1401151 718864
1401152 0
1401782 3748528
1401785 0
1402041 718864
1402042 0
1402651 718864
1402652 0
1403282 3748528
1403285 0
1403541 718864
1403542 0
1404151 718864
1404152 0
1404782 3748528
1404785 0
1435202 4313184
1435203 2310336
1435204 0
1435333 4313184
1435335 0
1435478 192528
1435479 0
1435783 2156592
1435784 0
1436102 3594320
1436103 962640
1436104 0
1436150 3594320
1436151 962640
1436152 0
1436421 718864
1436422 0
1436431 718864
1436432 0
1436441 718864
1436442 0
1436451 718864
1436452 0
1436461 718864
1436462 0
1436471 718864
1436472 0
1436481 718864
1436482 0
1436491 718864
1436492 0
1436501 718864
1436502 0
1436511 718864
1436512 0
1436521 718864
1436522 0
1436531 718864
1436532 0
1436541 718864
1436542 0
1436551 718864
1436552 0
1436561 718864
1436562 0
1436571 718864
1436572 0
1436581 718864
1436582 0
1436601 192528
1436602 0
1436611 192528
1436612 0
1436621 192528
1436622 0
1436631 192528
1436632 0
1436641 192528
1436642 0
1436651 192528
1436652 0
1436661 192528
1436662 0
1436671 192528
1436672 0
1436681 192528
1436682 0
1436691 192528
1436692 0
1436701 192528
1436702 0
1436711 192528
1436712 0
1436721 192528
1436722 0
1542302 4494818
1542303 3748528
1542306 0
1542312 4494818
1542317 0
1542362 4494818
1542367 0
1542422 4494818
1542423 3748528
1542426 0
1542432 4494818
1542437 0
1542482 4494818
1542487 0
1542542 4494818
1542547 0
1542552 4494818
1542557 0
1542602 4494818
1542603 3748528
1542606 0
1546502 4494818
1546503 3748528
1546506 0
1546512 4494818
1546517 0
1546562 4494818
1546567 0
1546622 4494818
1546623 3748528
1546626 0
1546632 4494818
1546637 0
1546682 4494818
1546687 0
1546742 4494818
1546747 0
1546752 4494818
1546757 0
1546802 4494818
1546803 3748528
1546806 0
1583726 82880
1583727 0
1583736 82880
1583737 0
1583746 82880
1583747 0
1583777 82880
1583778 0
1583787 82880
1583788 0
1583797 82880
1583798 0
1633178 3748528
1633181 0
1636778 3748528
1636781 0
1640378 3748528
1640381 0
1643978 3748528
1643981 0
1647398 3748528
1647401 0
1649592 3748528
1649595 0
1653192 3748528
1653195 0
1656792 3748528
1656795 0
1660392 3748528
1660395 0
1663992 3748528
1663995 0
1670207 3748528
1670210 0
1673807 3748528
1673810 0
1677407 3748528
1677410 0
1681007 3748528
1681010 0
1684427 3748528
1684430 0
1686621 3748528
1686624 0
1690221 3748528
1690224 0
1691795 3748528
1691798 0
1691805 3748528
1691808 0
1692395 3748528
1692398 0
1692405 3748528
1692408 0
1694709 3748528
1694712 0
1694719 3748528
1694722 0
1695309 3748528
1695312 0
1695319 3748528
1695322 0
1701609 3748528
1701612 0
1701619 3748528
1701622 0
1702209 3748528
1702212 0
1702219 3748528
1702222 0
1720209 3748528
1720212 0
1720219 3748528
1720222 0
1720809 3748528
1720812 0
1720819 3748528
1720822 0
1783692 2824208
1783693 0
1783812 2824208
1783813 0
1783932 2824208
1783933 0
1784412 2824208
1784413 0
1784532 2824208
1784533 0
1784652 2824208
1784653 0
1785132 2824208
1785133 0
1785252 2824208
1785253 0
1785372 2824208
1785373 0
1785852 2824208
1785853 0
1785972 2824208
1785973 0
1786092 2824208
1786093 0
1786572 2824208
1786573 0
1786692 2824208
1786693 0
1786812 2824208
1786813 0
1787292 2824208
1787293 0
1787412 2824208
1787413 0
1787532 2824208
1787533 0
1788012 2824208
1788013 0
1788132 2824208
1788133 0
1788252 2824208
1788253 0
1788732 2824208
1788733 0
1788852 2824208
1788853 0
1788972 2824208
1788973 0
1789452 2824208
1789453 0
1789572 2824208
1789573 0
1789692 2824208
1789693 0
1790112 2824208
1790113 0
1790232 2824208
1790233 0
1790352 2824208
1790353 0
1790892 2824208
1790893 0
1791012 2824208
1791013 0
1791132 2824208
1791133 0
1793807 2824208
1793808 0
1793898 3748528
1793901 0
1794107 2824208
1794108 0
1794177 2824208
1794178 0
1794388 3765611
1794391 0
1797707 2824208
1797708 0
1797798 3748528
1797801 0
1798007 2824208
1798008 0
1798077 2824208
1798078 0
1798288 3765611
1798291 0
1799807 2824208
1799808 0
1799898 3748528
1799901 0
1800107 2824208
1800108 0
1800177 2824208
1800178 0
1800388 3765611
1800391 0
1801307 2824208
1801308 0
1801398 3748528
1801401 0
1801607 2824208
1801608 0
1801677 2824208
1801678 0
1801888 3765611
1801891 0
1811421 2824208
1811422 0
1811512 3748528
1811515 0
1811721 2824208
1811722 0
1811791 2824208
1811792 0
1812002 3765611
1812005 0
1870769 3748528
1870772 0
1870784 5000000
1870802 0
1872569 3748528
1872572 0
1872584 5000000
1872602 0
1874369 3748528
1874372 0
1874384 5000000
1874402 0
1876169 3748528
1876172 0
1876184 5000000
1876202 0
1877969 3748528
1877972 0
1877984 5000000
1878002 0
1879769 3748528
1879772 0
1879784 5000000
1879802 0
1881569 3748528
1881572 0
1881584 5000000
1881602 0
1883369 3748528
1883372 0
1883384 5000000
1883402 0
1885169 3748528
1885172 0
1885184 5000000
1885202 0
1891059 3748528
1891062 0
1891074 5000000
1891092 0
1892859 3748528
1892862 0
1892874 5000000
1892892 0
1894659 3748528
1894662 0
1894674 5000000
1894692 0
1896459 3748528
1896462 0
1896474 5000000
1896492 0
1898259 3748528
1898262 0
1898274 5000000
1898292 0
1900059 3748528
1900062 0
1900074 5000000
1900092 0
1901859 3748528
1901862 0
1901874 5000000
1901892 0
1903659 3748528
1903662 0
1903674 5000000
1903692 0
1949721 3748528
1949724 0
1949741 3748528
1949744 0
1949761 3748528
1949764 0
1956021 3748528
1956024 0
1956041 3748528
1956044 0
1956061 3748528
1956064 0
1963837 3748528
1963840 0
1963857 3748528
1963860 0
1963877 3748528
1963880 0
1970137 3748528
1970140 0
1970157 3748528
1970160 0
1970177 3748528
1970180 0
1976437 3748528
1976440 0
1976457 3748528
1976460 0
1976477 3748528
1976480 0
1981837 3748528
1981840 0
1981857 3748528
1981860 0
1981877 3748528
1981880 0
1986637 3748528
1986640 0
1986657 3748528
1986660 0
1986677 3748528
1986680 0
1991437 3748528
1991440 0
1991457 3748528
1991460 0
1991477 3748528
1991480 0
1995416 3748528
1995419 0
1995436 3748528
1995439 0
1995456 3748528
1995459 0
2354462 226158674
2354467 0
2376062 20242052
2376067 0
2397662 20242052
2397667 0
2462462 178452312
2462464 8996469
2462469 0
2592062 18598775
2592067 0
2613662 22542416
2613667 0
2635262 57946826
2635267 0
2656862 112491168
2656867 0
2678462 89992935
2678467 0
2739125 90225847
2739126 99456
2739127 17992937
2739132 0
2808063 36047367
2808068 0
2829663 39436416
2829668 0
2937663 79610631
2937668 0
2959263 77494701
2959268 0
3067263 73767533
3067268 0
3088863 221441780
3088868 0
3348063 47723996
3348068 0
3365013 12683312
3365018 0
3 events for B
3082 74
2163081 0
2163082 74
3 events for C
1 18
2160000 0
2160001 18
6 events for D
947700 90
958620 3500
984240 0
2065620 90
2076540 3500
2100600 0
54 events for E
405 1642
20324 2414
36483 1642
40683 2414
72862 1642
78562 2414
90751 1642
129330 2414
131170 1642
365204 2414
416504 1642
422857 2414
452433 1642
458433 2414
488010 1642
493710 2414
541375 1642
697604 2414
737045 1642
1041545 2414
1085984 1642
1221528 2414
1251404 1642
1272404 2414
1302104 1642
1308169 2414
1310009 1642
1345604 2414
1388204 1642
1574604 2414
1576444 1642
1707618 2414
1777304 1642
1943730 2414
1945570 1642
2160404 0
2160405 1285
2179404 2414
2181244 1285
2512351 2057
2528201 1285
2532641 2057
2548530 2414
2550770 2057
2564400 1285
2784204 2414
2786044 1285
3153330 2414
3155170 1285
3173820 2057
3224188 706
3338144 2057
3370004 706
3389004 2414
89 events for F
40321 873
69121 0
261724 3276
276724 0
545213 3481
546413 0
548213 3481
566213 0
687518 873
716318 0
779188 3276
794188 0
794248 873
823048 0
1010435 3276
1025435 0
1025495 873
1054295 0
1081588 3276
1096588 0
1096648 873
1125448 0
1170529 3276
1185529 0
1185589 873
1214389 0
1277258 3276
1292258 0
1292318 873
1321118 0
1348411 3276
1363411 0
1363471 873
1392271 0
1437353 3276
1452353 0
1452413 873
1481213 0
1508506 3276
1523506 0
1523566 873
1552366 0
1692196 3276
1707196 0
1707256 873
1736056 0
1854721 873
1883521 0
1927479 873
1956279 0
2076124 3276
2091124 0
2091184 873
2119984 0
2177742 4096
2185942 0
2275028 4096
2283228 0
2349085 4096
2357285 0
2436942 4096
2445142 0
2459521 665
2488681 0
2532279 4096
2540479 0
2605037 4096
2613237 0
2695984 4096
2704184 0
2782542 4096
2790742 0
2879828 4096
2888028 0
2953885 4096
2962085 0
3041742 4096
3049942 0
3064321 665
3093481 0
3137079 4096
3145279 0
3209837 4096
3218037 0
3300784 4096
3308984 0
3387342 1365
3387522 0
3389322 1365
246 events for G
21447 906
37846 0
50667 906
55735 0
58615 906
74225 0
80405 906
92114 0
94827 593
110127 0
116764 593
127647 0
132393 906
133287 593
137073 906
146983 0
153163 906
165172 0
167452 906
183362 0
222387 906
223137 1500
229149 0
230477 1500
236477 0
295947 215
307367 0
367047 906
382643 0
388823 906
400612 0
401932 906
417867 0
424700 906
435708 0
438588 906
453796 0
459976 906
471285 0
475485 906
489373 0
495553 906
503667 0
509441 906
524949 0
526449 906
542738 0
645147 906
645927 0
669447 906
685043 0
691223 906
702832 0
707212 906
720620 0
726800 906
738408 0
739908 906
756196 0
762376 906
773985 0
776265 906
791085 0
797953 906
809561 0
811061 906
827349 0
830079 906
845138 0
851318 906
862926 0
911247 1087
913957 0
915147 906
915927 0
979947 906
980727 0
1043088 906
1058596 0
1064776 906
1076007 0
1079985 906
1093767 0
1100653 906
1111961 0
1114541 906
1129449 0
1131849 906
1147238 0
1203482 906
1218302 0
1224871 906
1235879 0
1237379 906
1252767 0
1274247 906
1289843 0
1296023 906
1307632 0
1312012 906
1325420 0
1331600 906
1343208 0
1346367 906
1360996 0
1367176 906
1378785 0
1381065 906
1389567 0
1390947 593
1395577 0
1402453 593
1406297 0
1407987 593
1413877 0
1417587 593
1421537 0
1423347 593
1429828 0
1435137 1500
1441157 0
1442457 1500
1448477 0
1458747 215
1470167 0
1527271 906
1538279 0
1543467 906
1551867 0
1578747 906
1593696 0
1599876 906
1612210 0
1613710 906
1630724 0
1673933 906
1686267 0
1687767 906
1704481 0
1762904 906
1778667 0
1785318 906
1792467 0
1794207 906
1796753 0
1798853 906
1814367 0
1865547 906
1866327 0
1873015 906
1888625 0
1894805 906
1906814 0
1951947 906
1952727 0
2003942 906
2015951 0
2018231 906
2035086 0
2113947 906
2114727 0
2183547 906
2197467 0
2204676 906
2235524 0
2241704 906
2253867 0
2256318 906
2272553 0
2278733 906
2291067 0
2292567 906
2297067 0
2343147 906
2344197 0
2440647 906
2457046 0
2463226 906
2469867 0
2470887 906
2474907 0
2477387 906
2493387 0
2499605 906
2511314 0
2513894 906
2529564 0
2535984 906
2547633 0
2551593 906
2565763 0
2616533 906
2617563 0
2700368 906
2701108 0
2736058 1500
2741237 0
2746737 479
2747977 0
2749457 479
2751567 1500
2757547 0
2763207 479
2765267 0
2787307 906
2802449 0
2809767 906
2819197 0
2824390 906
2840024 0
2846504 906
2858538 0
2861418 906
2877353 0
2883533 906
2895567 0
2898447 906
2914081 0
2920047 1087
2922757 0
2923261 215
2934681 0
2994607 1600
3004792 0
3009747 906
3010647 1500
3017130 0
3018197 1500
3021097 0
3045447 906
3061846 0
3068026 906
3080035 0
3081535 906
3098225 0
3104405 906
3116414 0
3142094 906
3142834 0
3223094 906
3223844 0
3341028 593
3351717 0
3354557 906
3355307 593
3368147 0
458 events for H
24395 12910592
24396 0
31600 12910592
31601 0
52600 12910592
52601 0
57995 12910592
57996 0
61595 12910592
61596 0
65495 12910592
65496 0
69395 12910592
69396 0
79415 12910592
79416 0
83195 12910592
83196 0
87095 12910592
87096 0
94055 12910592
94056 0
104075 12910592
104076 0
116435 12910592
116436 0
122975 12910592
122976 0
132515 12910592
132516 0
139720 12910592
139721 0
152195 12910592
152196 0
159400 12910592
159401 0
166775 1089536
166776 0
171095 12910592
171096 0
175900 12910592
175901 0
178895 1089536
178896 0
181660 12910592
181661 0
366095 12910592
366096 0
373475 12910592
373476 0
380915 12910592
380916 0
387820 12910592
387821 0
398795 12910592
398796 0
409600 12910592
409601 0
423695 12910592
423696 0
427595 12910592
427596 0
431195 12910592
431196 0
434015 12910592
434016 0
441395 12910592
441396 0
445595 12910592
445596 0
462700 12910592
462701 0
466415 12910592
466416 0
478535 12910592
478536 0
481775 12910592
481776 0
484960 12910592
484961 0
494555 12910592
494556 0
498335 12910592
498336 0
513995 12910592
513996 0
521680 12910592
521681 0
526895 1089536
526896 0
530315 12910592
530316 0
534095 12910592
534096 0
537575 1089536
537576 0
540580 12910592
540581 0
668500 12910592
668501 0
672095 12910592
672096 0
675695 12910592
675696 0
679295 12910592
679296 0
683315 12910592
683316 0
690220 12910592
690221 0
693815 12910592
693816 0
710680 12910592
710681 0
717095 1089536
717096 0
725795 12910592
725796 0
733600 12910592
733601 0
743075 1089536
743076 0
751595 12910592
751596 0
761495 12910592
761496 0
771395 1089536
771396 0
778895 12910592
778896 0
788495 12910592
788496 0
796960 12910592
796961 0
802595 1089536
802596 0
812795 12910592
812796 0
820300 12910592
820301 0
829415 1089536
829416 0
837995 12910592
837996 0
850355 12910592
850356 0
857495 1089536
857496 0
861215 12910592
861216 0
1042415 12910592
1042416 0
1053995 1089536
1053996 0
1063775 12910592
1063776 0
1074335 12910592
1074336 0
1081000 12910592
1081001 0
1089995 1089536
1089996 0
1099960 12910592
1099961 0
1109195 12910592
1109196 0
1116395 1089536
1116396 0
1123295 12910592
1123296 0
1133375 12910592
1133376 0
1137215 1089536
1137216 0
1139435 12910592
1139436 0
1145555 12910592
1145556 0
1202860 12910592
1202861 0
1206395 1089536
1206396 0
1210000 12910592
1210001 0
1213595 1089536
1213596 0
1216540 12910592
1216541 0
1237480 12910592
1237481 0
1242995 1089536
1242996 0
1247195 12910592
1247196 0
1251095 12910592
1251096 0
1273595 1089536
1273596 0
1277315 12910592
1277316 0
1281995 1089536
1281996 0
1287395 12910592
1287396 0
1299095 12910592
1299096 0
1311335 1089536
1311336 0
1320400 12910592
1320401 0
1330595 12910592
1330596 0
1340200 12910592
1340201 0
1349195 12910592
1349196 0
1358195 1089536
1358196 0
1367495 12910592
1367496 0
1375895 1089536
1375896 0
1383395 12910592
1383396 0
1387300 12910592
1387301 0
1526320 12910592
1526321 0
1529195 1089536
1529196 0
1532795 12910592
1532796 0
1536575 12910592
1536576 0
1543595 1089536
1543596 0
1546900 12910592
1546901 0
1550195 12910592
1550196 0
1577795 12910592
1577796 0
1584875 1089536
1584876 0
1592015 12910592
1592016 0
1598920 12910592
1598921 0
1604195 1089536
1604196 0
1610495 12910592
1610496 0
1613795 12910592
1613796 0
1619200 12910592
1619201 0
1624595 1089536
1624596 0
1629035 12910592
1629036 0
1672955 12910592
1672956 0
1676795 1089536
1676796 0
1680400 12910592
1680401 0
1684595 1089536
1684596 0
1687895 12910592
1687896 0
1690595 12910592
1690596 0
1696595 1089536
1696596 0
1699420 12910592
1699421 0
1762240 12910592
1762241 0
1766795 12910592
1766796 0
1771895 1089536
1771896 0
1776395 12910592
1776396 0
1784620 12910592
1784621 0
1798955 12910592
1798956 0
1802795 1089536
1802796 0
1806395 12910592
1806396 0
1809995 1089536
1809996 0
1812695 12910592
1812696 0
1872035 12910592
1872036 0
1876000 12910592
1876001 0
1879595 1089536
1879596 0
1883195 12910592
1883196 0
1886915 1089536
1886916 0
1893815 12910592
1893816 0
1897420 12910592
1897421 0
1901015 1089536
1901016 0
1905095 12910592
1905096 0
2002955 12910592
2002956 0
2006560 12910592
2006561 0
2010155 1089536
2010156 0
2014235 12910592
2014236 0
2017535 1089536
2017536 0
2021135 12910592
2021136 0
2024735 1089536
2024736 0
2028340 12910592
2028341 0
2032415 12910592
2032416 0
2183500 12910592
2183501 0
2188145 12910592
2188146 0
2195795 12910592
2195796 0
2203729 12910592
2203730 0
2215188 12910592
2215189 0
2233852 12910592
2233853 0
2240752 12910592
2240753 0
2243233 12910592
2243234 0
2247395 12910592
2247396 0
2250996 12910592
2250997 0
2255671 12910592
2255672 0
2263273 12910592
2263274 0
2270881 12910592
2270882 0
2278013 12910592
2278014 0
2285195 12910592
2285196 0
2295395 12910592
2295396 0
2439695 12910592
2439696 0
2447534 12910592
2447535 0
2462274 12910592
2462275 0
2467900 12910592
2467901 0
2477163 12910592
2477164 0
2484458 12910592
2484459 0
2490100 12910592
2490101 0
2501195 12910592
2501196 0
2508996 12910592
2508997 0
2513242 12910592
2513243 0
2516967 12910592
2516968 0
2520567 12910592
2520568 0
2527892 12910592
2527893 0
2535457 12910592
2535458 0
2544401 12910592
2544402 0
2551901 12910592
2551902 0
2558080 12910592
2558081 0
2564091 12910592
2564092 0
2788025 12910592
2788026 0
2799995 12910592
2799996 0
2808524 12910592
2808525 0
2813474 12910592
2813475 0
2815600 12910592
2815601 0
2823738 12910592
2823739 0
2831795 12910592
2831796 0
2837080 12910592
2837081 0
2846795 12910592
2846796 0
2853394 12910592
2853395 0
2854596 12910592
2854597 0
2860771 12910592
2860772 0
2867495 12910592
2867496 0
2875681 12910592
2875682 0
2882586 12910592
2882587 0
2888238 12910592
2888239 0
2893895 12910592
2893896 0
2905102 12910592
2905103 0
2912409 12910592
2912410 0
3044500 12910592
3044501 0
3055934 12910592
3055935 0
3067079 12910592
3067080 0
3078363 12910592
3078364 0
3081663 12910592
3081664 0
3089108 12910592
3089109 0
3096553 12910592
3096554 0
3103595 12910592
3103596 0
3109595 12910592
3109596 0
3114700 12910592
3114701 0
513 events for I
28880 117965
28969 328745
29081 117965
29150 125479
29651 7514
30560 125479
31331 7414
31336 7514
32420 125479
33191 7514
34160 125479
34931 7514
36020 125479
36791 7514
37820 125479
38591 7514
39491 0
43659 117965
43749 125479
44490 7514
47319 125479
48090 7514
50919 125479
51690 7514
52110 0
96260 58982
96350 66496
97631 7514
97871 0
98000 58982
98090 66496
99371 7514
99611 0
100160 58982
100250 66496
101531 7514
101771 0
101900 58982
101990 66496
103271 7514
103511 0
104060 58982
104150 66496
105431 7514
105671 0
105800 58982
105890 66496
107171 7514
107411 0
108260 58982
108350 66496
109631 7514
109871 0
110000 58982
110090 66496
111371 7514
111611 0
116540 58982
116630 66496
117911 7514
118151 0
118520 58982
118610 66496
119891 7514
120131 0
120920 58982
121010 66496
122291 7514
122531 0
122900 58982
122990 66496
124271 7514
124511 0
125300 58982
125390 66496
126671 7514
126911 0
127280 58982
127370 66496
128651 7514
128891 0
134720 58982
134810 66496
136091 7514
136211 0
136400 58982
136490 66496
137771 7514
138011 0
374030 125479
374376 0
374420 117965
375131 7514
375440 125479
376211 7414
376216 7514
377300 125479
378071 7514
379040 125479
379811 7514
380900 125479
381671 7514
382700 125479
383471 7514
383831 0
388456 117965
388546 125479
389287 7514
392116 125479
392887 7514
395716 125479
396487 7514
396907 0
397880 117965
397970 125479
398711 7514
399740 125479
400511 7514
401531 0
404145 117965
404235 125479
404976 7514
406005 125479
406776 7514
407805 125479
408576 7514
409605 125479
410376 7514
411405 125479
412176 7514
419796 0
676640 117965
676730 125479
677411 7514
677840 125479
678611 7514
679640 125479
680411 7514
681440 125479
682211 7514
683240 125479
684011 7514
686231 0
690856 117965
690946 125479
691687 7514
692716 125479
693487 7514
694516 125479
695287 7514
696316 125479
697087 7514
699907 0
765170 6744
772331 0
777788 6744
793349 0
797676 6744
808031 0
1281650 6744
1291031 0
1295746 6744
1298136 0
1305380 117965
1305470 125479
1306211 7514
1307240 125479
1308011 7514
1309031 0
1313445 117965
1313535 119538
1314276 1573
1315305 119538
1316076 1573
1317105 119538
1317876 1573
1318905 119538
1319676 1573
1320705 119538
1321476 1573
1326696 0
1331233 117965
1331323 119538
1332064 1573
1333093 119538
1333864 1573
1334893 119538
1335664 1573
1336693 119538
1337464 7514
1338493 119538
1339264 1573
1344484 0
1346921 117965
1347011 125479
1347752 7514
1348172 0
1586120 117965
1586270 125479
1586891 7514
1587320 125479
1588091 7514
1588520 125479
1589291 7514
1589900 125479
1590671 7514
1594931 0
1599509 117965
1599599 125479
1600340 7514
1600769 125479
1601540 7514
1601969 125479
1602740 7514
1603169 125479
1603940 7514
1606760 0
1607780 117965
1607870 124709
1608611 6744
1609040 124709
1609811 6744
1610240 124709
1611011 6744
1611440 124709
1612211 6744
1613231 0
1615923 117965
1616013 124709
1616754 6744
1617183 124709
1617954 6744
1618383 124709
1619154 6744
1619583 124709
1620354 6744
1621383 124709
1622154 6744
1623183 124709
1623954 6744
1624983 124709
1625754 6744
1632174 0
1636537 117965
1636627 124709
1637368 6744
1637797 124709
1638568 6744
1638997 124709
1639768 6744
1640197 124709
1640968 6744
1641997 124709
1642768 6744
1650388 0
1652951 117965
1653041 124709
1653782 7514
1653787 6744
1654211 124709
1654982 6744
1655411 124709
1656182 6744
1656611 124709
1657382 6744
1658411 124709
1659182 6744
1660211 124709
1660982 6744
1669202 0
1673566 117965
1673656 124709
1674397 6744
1674826 124709
1675597 6744
1676026 124709
1676797 6744
1677226 124709
1677997 6744
1678426 124709
1679197 6744
1680826 124709
1681597 6744
1687417 0
1689980 117965
1690070 124709
1690811 6744
1691240 124709
1692011 6744
1692440 124709
1693211 6744
1693631 0
1843220 117965
1843370 119538
1843391 1573
1844420 119538
1845191 1573
1845620 119538
1846391 1573
1847000 119538
1847771 1573
1848200 119538
1848971 1573
1849460 119538
1850231 1573
1850660 119538
1851431 1573
1852631 0
1858059 117965
1858149 119538
1858890 1573
1859319 119538
1860090 1573
1860519 119538
1861290 1573
1861719 119538
1862490 1573
1862919 119538
1863690 1573
1866510 0
2189030 14189
2189711 58982
2189810 7514
2190096 0
2190140 73171
2191511 7514
2196860 66496
2198231 7514
2199131 0
2204309 58982
2204399 66496
2205740 7514
2207969 66496
2209340 7514
2209769 66496
2211140 7514
2211560 0
2212280 58982
2212370 66496
2213711 7514
2214096 0
2214140 58982
2215511 7514
2218631 0
2220723 58982
2220813 66496
2222154 7514
2222539 0
2222583 58982
2223954 7514
2227374 0
2227657 58982
2227747 66496
2229088 7514
2229473 0
2229517 58982
2230888 7514
2237188 0
2241337 58982
2241427 66496
2242768 7514
2247088 0
2247380 58982
2247470 66496
2248811 7514
2253131 0
2449070 7514
2458691 0
2462949 7514
2466090 0
2466470 7514
2471531 0
2579570 7514
2586011 0
2588174 179338
2588276 0
2589865 7514
2604216 0
2608465 7514
2622406 0
2793080 19661
2793170 27175
2793851 7514
2794520 27175
2795291 7514
2795540 27175
2796311 7514
2796980 27175
2797751 7514
2798000 27175
2798771 7514
2799440 27175
2800211 7514
2800460 27175
2801231 7514
2801900 27175
2802671 7514
2802920 27175
2803691 7514
2803931 0
2809220 19661
2809310 27175
2809871 7514
2810000 27175
2810651 7514
2811200 27175
2811791 7514
2811980 27175
2812631 7514
2813180 27175
2813831 7514
2813960 27175
2814611 7514
2815160 27175
2815811 7514
2815940 27175
2816591 7514
2817140 27175
2817791 7514
2817920 27175
2818571 7514
2819120 27175
2819771 7514
2819900 27175
2820551 7514
2820671 0
3052370 7514
3054440 66496
3055811 7514
3059000 66496
3060371 7514
3063491 0
3067659 58982
3067749 66496
3069030 7514
3072279 66496
3073650 7514
3073890 0
3074180 58982
3074270 66496
3075551 7514
3078800 66496
3080171 7514
3081671 0
3083748 58982
3083838 66496
3085119 7514
3088368 66496
3089739 7514
3093699 0
3093980 58982
3094070 66496
3095351 7514
3098300 66496
3099671 7514
3099851 0
3104038 58982
3104128 66496
3105409 7514
3106798 66496
3108169 7514
3108709 0
3108980 58982
3109070 66496
3110351 7514
3115340 66496
3116711 7514
3118031 0
3120127 117965
3120217 124709
3121078 6744
3121987 124709
3122878 6744
3123787 124709
3124678 6744
3125587 124709
3126478 6744
3127387 124709
3128278 6744
3129187 124709
3130078 6744
3130987 124709
3131878 6744
3136258 0
3140417 117965
3140507 124709
3141368 6744
3142277 124709
3143168 6744
3144077 124709
3144968 6744
3145877 124709
3146768 6744
3147677 124709
3148568 6744
3149477 124709
3150368 6744
3151277 124709
3152168 6744
3153077 124709
3153968 6744
3154448 0
3158606 117965
3158696 124709
3159557 6744
3160466 124709
3161357 6744
3162257 0
3177131 169032
3178451 45609
3179776 0
3356081 7514
3363242 0
31 events for J
17400 1370
345480 0
363000 1370
647880 0
665400 1370
950280 0
967800 1370
1252680 0
1270200 1370
1555080 0
1572600 1370
1814280 0
1831800 1370
2159880 0
2177580 600
2177760 1300
2417640 600
2417840 0
2436780 600
2436960 1300
2764124 700
2764169 0
2782380 600
2782620 1300
3023440 700
3023485 0
3041580 600
3041820 1300
3368780 700
3368825 0
3387000 1300
73 events for K
5790 185
345090 0
345690 185
949890 0
950490 185
1554690 0
1555290 185
2159490 0
2178150 20
2178330 0
2180490 20
2180670 0
2180730 62
2227170 0
2227830 20
2228010 0
2230170 20
2230350 0
2230410 62
2276850 0
2276970 20
2277150 289
2290410 0
2309790 20
2324362 0
2325022 20
2325202 0
2327362 20
2327542 0
2327602 62
2374042 0
2374822 20
2523090 0
2523870 20
2524050 0
2526210 20
2526390 0
2526450 53
2579910 0
2580570 20
2580750 0
2582910 20
2583090 0
2583150 53
2636610 0
2637270 20
2637450 0
2639610 20
2639790 0
2639850 53
2693310 0
2693970 20
2694150 0
2696310 20
2696490 0
2696550 53
2750010 0
2750130 20
2750310 252
2764530 0
3042150 20
3042330 0
3044490 20
3044670 0
3044730 28
3298530 0
3299190 20
3299370 0
3301530 20
3301710 0
3301770 56
3369450 0
3369690 243
88 events for L
41510 873
70310 0
262913 3276
277913 0
546402 3481
547602 0
549402 3481
567402 0
688707 873
717507 0
780377 3276
795377 0
795437 873
824237 0
1011624 3276
1026624 0
1026684 873
1055484 0
1082777 3276
1097777 0
1097837 873
1126637 0
1171718 3276
1186718 0
1186778 873
1215578 0
1278447 3276
1293447 0
1293507 873
1322307 0
1349600 3276
1364600 0
1364660 873
1393460 0
1438542 3276
1453542 0
1453602 873
1482402 0
1509695 3276
1524695 0
1524755 873
1553555 0
1693385 3276
1708385 0
1708445 873
1737245 0
1855910 873
1884710 0
1928668 873
1957468 0
2077313 3276
2092313 0
2092373 873
2121173 0
2178931 4096
2187131 0
2276217 4096
2284417 0
2350274 4096
2358474 0
2438131 4096
2446331 0
2460710 665
2489870 0
2533468 4096
2541668 0
2606226 4096
2614426 0
2697173 4096
2705373 0
2783731 4096
2791931 0
2881017 4096
2889217 0
2955074 4096
2963274 0
3042931 4096
3051131 0
3065510 665
3094670 0
3138268 4096
3146468 0
3211026 4096
3219226 0
3301973 4096
3310173 0
3388531 1365
3388711 0
