12 instruments
A 10 100 0 276873309.16802311
B 10 100 157159.98672976866 607777468.940395
C 10 100 50290700 1600000000
D 10 100 6499613.0472409306 3333330256.035996
E 10 100 24955.266722182481 180753403.14844713
F 10 100 7152.7561699728749 2794045378.8956542
G 10 100 2338 640000000
H 10 100 309096.09667920991 262843801.48639998
I 10 100 40530.039409419333 54204511.969197564
J 10 100 0.00017956089109901502 925410610.77784157
K 10 100 47192398.279190399 1501427445.7644184
L 10 100 154000 595557000
60 downlinks
0 19800 49577 17825.048205999999
1 49578 67745 16584.801629000001
2 91816 96499 56583.634539999999
3 120738 135056 54510.231771999999
4 137178 152542 17937.152144
5 178088 221962 61000.683803
6 221963 249338 18467.928540000001
7 264361 308238 25417.817937
8 308239 327328 19015.030229
9 330078 347128 24567.032964000002
10 365400 394577 17828.859713000002
11 394578 411962 17701.536620999999
12 436911 480795 25418.320157999999
13 480796 501418 17542.270487000002
14 502578 528436 23159.729212999999
15 528437 567073 59981.281416999998
16 567074 597076 17972.728726000001
17 597077 613056 22999.291153999999
18 614837 654623 56629.461013
19 667800 674336 23614.41446
20 679877 701139 22122.706344999999
21 701176 739875 59998.788971000002
22 739876 757341 17624.346496999999
23 782015 826275 61074.347796000002
24 826276 843861 17138.572087
25 868291 913175 61181.460402999997
26 913176 932357 17433.778816999999
27 933675 950344 23082.352213999999
28 970200 999423 17883.640805999999
29 999424 1023140 17543.785331999999
30 1023675 1046233 22376.399878
31 1046234 1080073 58655.879155000002
32 1080074 1103435 17582.023593000002
33 1105574 1117118 58623.309652000004
34 1127127 1168572 15119.160288999999
35 1168573 1190199 16914.110455999999
36 1194973 1207189 55409.676240000001
37 1213406 1243421 14837.924851
38 1244310 1247704 18937.599925999999
39 1278072 1294888 56160.945200000002
40 1299686 1347970 56661.696495999997
41 1347971 1360266 56748.807657999998
42 1364471 1376676 58852.465277000003
43 1396870 1423170 17334.486729
44 1429871 1472246 60764.045818999999
45 1472247 1519663 24005.080918
46 1527369 1531566 18969.341575999999
47 1536969 1558329 18036.499982000001
48 1581368 1593440 52719.905522000001
49 1602442 1633051 54389.954824
50 1656966 1668740 17991.02982
51 1688727 1730446 61717.871531999997
52 1731094 1776643 24930.695499000001
53 1795565 1819204 22398.438724
54 1834200 1862647 17244.778962
55 1865463 1877801 18220.925300999999
56 1894563 1906123 58678.576760000004
57 1909322 1949161 58555.537063999996
58 1949162 1964047 18992.23504
59 1981862 2018383 13796.402593000001
0 opportunities for A
0 opportunities for B
0 opportunities for C
0 opportunities for D
0 opportunities for E
0 opportunities for F
0 opportunities for G
0 opportunities for H
0 opportunities for I
0 opportunities for J
0 opportunities for K
0 opportunities for L
3 events for A
950797 90
961717 3500
987337 0
1 events for B
3082 74
35 events for C
1 1642
19920 2414
36079 1642
40279 2414
72458 1642
78158 2414
90347 1642
128926 2414
130766 1642
364800 2414
416100 1642
422453 2414
452029 1642
458029 2414
487606 1642
493306 2414
540971 1642
697200 2414
736641 1642
1041141 2414
1085580 1642
1221124 2414
1251000 1642
1272000 2414
1301700 1642
1307765 2414
1309605 1642
1345200 2414
1387800 1642
1574200 2414
1576040 1642
1707214 2414
1776900 1642
1943326 2414
1945166 1642
1 events for D
1861 2650
158 events for E
20442 906
36841 0
49662 906
54730 0
57610 906
73220 0
79400 906
91109 0
93822 593
109122 0
115759 593
126642 0
131388 906
132282 593
136068 906
145978 0
152158 906
164167 0
166447 906
182357 0
221382 906
222132 1500
228144 0
229472 1500
235472 0
294942 215
306362 0
366042 906
381638 0
387818 906
399607 0
400927 906
416862 0
423695 906
434703 0
437583 906
452791 0
458971 906
470280 0
474480 906
488368 0
494548 906
502662 0
508436 906
523944 0
525444 906
541733 0
644142 906
644922 0
668442 906
684038 0
690218 906
701827 0
706207 906
719615 0
725795 906
737403 0
738903 906
755191 0
761371 906
772980 0
775260 906
790080 0
796948 906
808556 0
810056 906
826344 0
829074 906
844133 0
850313 906
861921 0
910242 1087
912952 0
914142 906
914922 0
978942 906
979722 0
1042083 906
1057591 0
1063771 906
1075002 0
1078980 906
1092762 0
1099648 906
1110956 0
1113536 906
1128444 0
1130844 906
1146233 0
1202477 906
1217297 0
1223866 906
1234874 0
1236374 906
1251762 0
1273242 906
1288838 0
1295018 906
1306627 0
1311007 906
1324415 0
1330595 906
1342203 0
1345362 906
1359991 0
1366171 906
1377780 0
1380060 906
1388562 0
1389942 593
1394572 0
1401448 593
1405292 0
1406982 593
1412872 0
1416582 593
1420532 0
1422342 593
1428823 0
1434132 1500
1440152 0
1441452 1500
1447472 0
1457742 215
1469162 0
1526266 906
1537274 0
1542462 906
1550862 0
1577742 906
1592691 0
1598871 906
1611205 0
1612705 906
1629719 0
1672928 906
1685262 0
1686762 906
1703476 0
1761899 906
1777662 0
1784313 906
1791462 0
1793202 906
1795748 0
1797848 906
1813362 0
1864542 906
1865322 0
1872010 906
1887620 0
1893800 906
1905809 0
1950942 906
1951722 0
2002937 906
2014946 0
2017226 906
896 events for F
19485 12910592
19486 0
19745 12910592
19746 0
20325 12910592
20326 0
20585 12910592
20586 0
38464 12910592
38465 0
38724 12910592
38725 0
39304 12910592
39305 0
39564 12910592
39565 0
56653 12910592
56654 0
56913 12910592
56914 0
57493 12910592
57494 0
57753 12910592
57754 0
74843 12910592
74844 0
75103 12910592
75104 0
75683 12910592
75684 0
75943 12910592
75944 0
93032 12910592
93033 0
93292 12910592
93293 0
93872 12910592
93873 0
94132 12910592
94133 0
111222 12910592
111223 0
111482 12910592
111483 0
112062 12910592
112063 0
112322 12910592
112323 0
129411 12910592
129412 0
129641 12910592
129642 0
130181 12910592
130182 0
130411 12910592
130412 0
147601 12910592
147602 0
147861 12910592
147862 0
148441 12910592
148442 0
148701 12910592
148702 0
165790 12910592
165791 0
166050 12910592
166051 0
166630 12910592
166631 0
166890 12910592
166891 0
183980 12910592
183981 0
184240 12910592
184241 0
184820 12910592
184821 0
185080 12910592
185081 0
202169 12910592
202170 0
202429 12910592
202430 0
203009 12910592
203010 0
203269 12910592
203270 0
220359 12910592
220360 0
220619 12910592
220620 0
221199 12910592
221200 0
221459 12910592
221460 0
238548 12910592
238549 0
238808 12910592
238809 0
239388 12910592
239389 0
239648 12910592
239649 0
256738 12910592
256739 0
256998 12910592
256999 0
257578 12910592
257579 0
257838 12910592
257839 0
274927 12910592
274928 0
275187 12910592
275188 0
275767 12910592
275768 0
276027 12910592
276028 0
293117 12910592
293118 0
293377 12910592
293378 0
293957 12910592
293958 0
294217 12910592
294218 0
311306 12910592
311307 0
311566 12910592
311567 0
312146 12910592
312147 0
312406 12910592
312407 0
328896 12910592
328897 0
329156 12910592
329157 0
329736 12910592
329737 0
329996 12910592
329997 0
346185 12910592
346186 0
346445 12910592
346446 0
347025 12910592
347026 0
347285 12910592
347286 0
365085 12910592
365086 0
365345 12910592
365346 0
365925 12910592
365926 0
366185 12910592
366186 0
383261 12910592
383262 0
383521 12910592
383522 0
384101 12910592
384102 0
384361 12910592
384362 0
401050 12910592
401051 0
401310 12910592
401311 0
401890 12910592
401891 0
402150 12910592
402151 0
418838 12910592
418839 0
419098 12910592
419099 0
419678 12910592
419679 0
419938 12910592
419939 0
436626 12910592
436627 0
436886 12910592
436887 0
437466 12910592
437467 0
437726 12910592
437727 0
454414 12910592
454415 0
454674 12910592
454675 0
455254 12910592
455255 0
455514 12910592
455515 0
472203 12910592
472204 0
472433 12910592
472434 0
472973 12910592
472974 0
473203 12910592
473204 0
489991 12910592
489992 0
490251 12910592
490252 0
490831 12910592
490832 0
491091 12910592
491092 0
507779 12910592
507780 0
508039 12910592
508040 0
508619 12910592
508620 0
508879 12910592
508880 0
525567 12910592
525568 0
525827 12910592
525828 0
526407 12910592
526408 0
526667 12910592
526668 0
543356 12910592
543357 0
543616 12910592
543617 0
544196 12910592
544197 0
544456 12910592
544457 0
561144 12910592
561145 0
561404 12910592
561405 0
561984 12910592
561985 0
562244 12910592
562245 0
578932 12910592
578933 0
579192 12910592
579193 0
579772 12910592
579773 0
580032 12910592
580033 0
596720 12910592
596721 0
596980 12910592
596981 0
597560 12910592
597561 0
597820 12910592
597821 0
614509 12910592
614510 0
614769 12910592
614770 0
615349 12910592
615350 0
615609 12910592
615610 0
631697 12910592
631698 0
631957 12910592
631958 0
632537 12910592
632538 0
632797 12910592
632798 0
648585 12910592
648586 0
648845 12910592
648846 0
649425 12910592
649426 0
649685 12910592
649686 0
667485 12910592
667486 0
667745 12910592
667746 0
668325 12910592
668326 0
668585 12910592
668586 0
685661 12910592
685662 0
685921 12910592
685922 0
686501 12910592
686502 0
686761 12910592
686762 0
703450 12910592
703451 0
703680 12910592
703681 0
704220 12910592
704221 0
704450 12910592
704451 0
721238 12910592
721239 0
721498 12910592
721499 0
722078 12910592
722079 0
722338 12910592
722339 0
739026 12910592
739027 0
739286 12910592
739287 0
739866 12910592
739867 0
740126 12910592
740127 0
756814 12910592
756815 0
757074 12910592
757075 0
757654 12910592
757655 0
757914 12910592
757915 0
774603 12910592
774604 0
774863 12910592
774864 0
775443 12910592
775444 0
775703 12910592
775704 0
792391 12910592
792392 0
792651 12910592
792652 0
793231 12910592
793232 0
793491 12910592
793492 0
810179 12910592
810180 0
810439 12910592
810440 0
811019 12910592
811020 0
811279 12910592
811280 0
827967 12910592
827968 0
828227 12910592
828228 0
828807 12910592
828808 0
829067 12910592
829068 0
845756 12910592
845757 0
846016 12910592
846017 0
846596 12910592
846597 0
846856 12910592
846857 0
863544 12910592
863545 0
863804 12910592
863805 0
864384 12910592
864385 0
864644 12910592
864645 0
881332 12910592
881333 0
881592 12910592
881593 0
882172 12910592
882173 0
882432 12910592
882433 0
899120 12910592
899121 0
899380 12910592
899381 0
899960 12910592
899961 0
900220 12910592
900221 0
916909 12910592
916910 0
917169 12910592
917170 0
917749 12910592
917750 0
918009 12910592
918010 0
934097 12910592
934098 0
934357 12910592
934358 0
934937 12910592
934938 0
935197 12910592
935198 0
950985 12910592
950986 0
951245 12910592
951246 0
951825 12910592
951826 0
952085 12910592
952086 0
969885 12910592
969886 0
970145 12910592
970146 0
970725 12910592
970726 0
970985 12910592
970986 0
988061 12910592
988062 0
988321 12910592
988322 0
988901 12910592
988902 0
989161 12910592
989162 0
1005850 12910592
1005851 0
1006110 12910592
1006111 0
1006690 12910592
1006691 0
1006950 12910592
1006951 0
1023638 12910592
1023639 0
1023898 12910592
1023899 0
1024478 12910592
1024479 0
1024738 12910592
1024739 0
1041426 12910592
1041427 0
1041686 12910592
1041687 0
1042266 12910592
1042267 0
1042526 12910592
1042527 0
1059214 12910592
1059215 0
1059474 12910592
1059475 0
1060054 12910592
1060055 0
1060314 12910592
1060315 0
1077003 12910592
1077004 0
1077233 12910592
1077234 0
1077773 12910592
1077774 0
1078003 12910592
1078004 0
1094791 12910592
1094792 0
1095051 12910592
1095052 0
1095631 12910592
1095632 0
1095891 12910592
1095892 0
1112579 12910592
1112580 0
1112839 12910592
1112840 0
1113419 12910592
1113420 0
1113679 12910592
1113680 0
1130367 12910592
1130368 0
1130627 12910592
1130628 0
1131207 12910592
1131208 0
1131467 12910592
1131468 0
1148156 12910592
1148157 0
1148416 12910592
1148417 0
1148996 12910592
1148997 0
1149256 12910592
1149257 0
1165944 12910592
1165945 0
1166204 12910592
1166205 0
1166784 12910592
1166785 0
1167044 12910592
1167045 0
1183732 12910592
1183733 0
1183992 12910592
1183993 0
1184572 12910592
1184573 0
1184832 12910592
1184833 0
1201520 12910592
1201521 0
1201780 12910592
1201781 0
1202360 12910592
1202361 0
1202620 12910592
1202621 0
1219309 12910592
1219310 0
1219569 12910592
1219570 0
1220149 12910592
1220150 0
1220409 12910592
1220410 0
1236497 12910592
1236498 0
1236757 12910592
1236758 0
1237337 12910592
1237338 0
1237597 12910592
1237598 0
1253385 12910592
1253386 0
1253645 12910592
1253646 0
1254225 12910592
1254226 0
1254485 12910592
1254486 0
1272285 12910592
1272286 0
1272545 12910592
1272546 0
1273125 12910592
1273126 0
1273385 12910592
1273386 0
1290461 12910592
1290462 0
1290721 12910592
1290722 0
1291301 12910592
1291302 0
1291561 12910592
1291562 0
1308250 12910592
1308251 0
1308480 12910592
1308481 0
1309020 12910592
1309021 0
1309250 12910592
1309251 0
1326038 12910592
1326039 0
1326298 12910592
1326299 0
1326878 12910592
1326879 0
1327138 12910592
1327139 0
1343826 12910592
1343827 0
1344086 12910592
1344087 0
1344666 12910592
1344667 0
1344926 12910592
1344927 0
1361614 12910592
1361615 0
1361874 12910592
1361875 0
1362454 12910592
1362455 0
1362714 12910592
1362715 0
1379403 12910592
1379404 0
1379663 12910592
1379664 0
1380243 12910592
1380244 0
1380503 12910592
1380504 0
1397191 12910592
1397192 0
1397451 12910592
1397452 0
1398031 12910592
1398032 0
1398291 12910592
1398292 0
1414979 12910592
1414980 0
1415239 12910592
1415240 0
1415819 12910592
1415820 0
1416079 12910592
1416080 0
1432767 12910592
1432768 0
1433027 12910592
1433028 0
1433607 12910592
1433608 0
1433867 12910592
1433868 0
1450556 12910592
1450557 0
1450816 12910592
1450817 0
1451396 12910592
1451397 0
1451656 12910592
1451657 0
1468344 12910592
1468345 0
1468604 12910592
1468605 0
1469184 12910592
1469185 0
1469444 12910592
1469445 0
1486132 12910592
1486133 0
1486392 12910592
1486393 0
1486972 12910592
1486973 0
1487232 12910592
1487233 0
1503920 12910592
1503921 0
1504180 12910592
1504181 0
1504760 12910592
1504761 0
1505020 12910592
1505021 0
1521709 12910592
1521710 0
1521969 12910592
1521970 0
1522549 12910592
1522550 0
1522809 12910592
1522810 0
1538897 12910592
1538898 0
1539157 12910592
1539158 0
1539737 12910592
1539738 0
1539997 12910592
1539998 0
1555785 12910592
1555786 0
1556045 12910592
1556046 0
1556625 12910592
1556626 0
1556885 12910592
1556886 0
1574685 12910592
1574686 0
1574915 12910592
1574916 0
1575455 12910592
1575456 0
1575685 12910592
1575686 0
1594314 12910592
1594315 0
1594574 12910592
1594575 0
1595154 12910592
1595155 0
1595414 12910592
1595415 0
1612828 12910592
1612829 0
1613088 12910592
1613089 0
1613668 12910592
1613669 0
1613928 12910592
1613929 0
1631342 12910592
1631343 0
1631602 12910592
1631603 0
1632182 12910592
1632183 0
1632442 12910592
1632443 0
1649856 12910592
1649857 0
1650116 12910592
1650117 0
1650696 12910592
1650697 0
1650956 12910592
1650957 0
1668371 12910592
1668372 0
1668631 12910592
1668632 0
1669211 12910592
1669212 0
1669471 12910592
1669472 0
1686885 12910592
1686886 0
1687145 12910592
1687146 0
1687725 12910592
1687726 0
1687985 12910592
1687986 0
1705399 12910592
1705400 0
1705659 12910592
1705660 0
1706239 12910592
1706240 0
1706499 12910592
1706500 0
1723914 12910592
1723915 0
1724174 12910592
1724175 0
1724754 12910592
1724755 0
1725014 12910592
1725015 0
1742428 12910592
1742429 0
1742688 12910592
1742689 0
1743268 12910592
1743269 0
1743528 12910592
1743529 0
1760942 12910592
1760943 0
1761202 12910592
1761203 0
1761782 12910592
1761783 0
1762042 12910592
1762043 0
1779456 12910592
1779457 0
1779716 12910592
1779717 0
1780296 12910592
1780297 0
1780556 12910592
1780557 0
1797371 12910592
1797372 0
1797631 12910592
1797632 0
1798211 12910592
1798212 0
1798471 12910592
1798472 0
1814985 12910592
1814986 0
1815245 12910592
1815246 0
1815825 12910592
1815826 0
1816085 12910592
1816086 0
1833885 12910592
1833886 0
1834145 12910592
1834146 0
1834725 12910592
1834726 0
1834985 12910592
1834986 0
1852864 12910592
1852865 0
1853124 12910592
1853125 0
1853704 12910592
1853705 0
1853964 12910592
1853965 0
1871053 12910592
1871054 0
1871313 12910592
1871314 0
1871893 12910592
1871894 0
1872153 12910592
1872154 0
1889243 12910592
1889244 0
1889503 12910592
1889504 0
1890083 12910592
1890084 0
1890343 12910592
1890344 0
1907432 12910592
1907433 0
1907692 12910592
1907693 0
1908272 12910592
1908273 0
1908532 12910592
1908533 0
1925622 12910592
1925623 0
1925882 12910592
1925883 0
1926462 12910592
1926463 0
1926722 12910592
1926723 0
1943811 12910592
1943812 0
1944041 12910592
1944042 0
1944581 12910592
1944582 0
1944811 12910592
1944812 0
1962001 12910592
1962002 0
1962261 12910592
1962262 0
1962841 12910592
1962842 0
1963101 12910592
1963102 0
1980190 12910592
1980191 0
1980450 12910592
1980451 0
1981030 12910592
1981031 0
1981290 12910592
1981291 0
1998380 12910592
1998381 0
1998640 12910592
1998641 0
1999220 12910592
1999221 0
1999480 12910592
1999481 0
2016569 12910592
2016570 0
2016829 12910592
2016830 0
2017409 12910592
2017410 0
2017669 12910592
2017670 0
50 events for G
39979 873
68779 0
261382 3276
276382 0
544871 3481
546071 0
547871 3481
565871 0
687176 873
715976 0
778846 3276
793846 0
793906 873
822706 0
1010093 3276
1025093 0
1025153 873
1053953 0
1081246 3276
1096246 0
1096306 873
1125106 0
1170187 3276
1185187 0
1185247 873
1214047 0
1276916 3276
1291916 0
1291976 873
1320776 0
1348069 3276
1363069 0
1363129 873
1391929 0
1437011 3276
1452011 0
1452071 873
1480871 0
1508164 3276
1523164 0
1523224 873
1552024 0
1691854 3276
1706854 0
1706914 873
1735714 0
1854379 873
1883179 0
1927137 873
1955937 0
7 events for H
5790 185
345090 0
345690 185
949890 0
950490 185
1554690 0
1555290 185
1 events for I
2369 18
330 events for J
26866 12910592
26867 0
34071 12910592
34072 0
55071 12910592
55072 0
60466 12910592
60467 0
64066 12910592
64067 0
67966 12910592
67967 0
71866 12910592
71867 0
81886 12910592
81887 0
85666 12910592
85667 0
89566 12910592
89567 0
96526 12910592
96527 0
106546 12910592
106547 0
118906 12910592
118907 0
125446 12910592
125447 0
134986 12910592
134987 0
142191 12910592
142192 0
154666 12910592
154667 0
161871 12910592
161872 0
169246 1089536
169247 0
173566 12910592
173567 0
178371 12910592
178372 0
181366 1089536
181367 0
184131 12910592
184132 0
368566 12910592
368567 0
375946 12910592
375947 0
383386 12910592
383387 0
390291 12910592
390292 0
401266 12910592
401267 0
412071 12910592
412072 0
426166 12910592
426167 0
430066 12910592
430067 0
433666 12910592
433667 0
436486 12910592
436487 0
443866 12910592
443867 0
448066 12910592
448067 0
465171 12910592
465172 0
468886 12910592
468887 0
481006 12910592
481007 0
484246 12910592
484247 0
487431 12910592
487432 0
497026 12910592
497027 0
500806 12910592
500807 0
516466 12910592
516467 0
524151 12910592
524152 0
529366 1089536
529367 0
532786 12910592
532787 0
536566 12910592
536567 0
540046 1089536
540047 0
543051 12910592
543052 0
670971 12910592
670972 0
674566 12910592
674567 0
678166 12910592
678167 0
681766 12910592
681767 0
685786 12910592
685787 0
692691 12910592
692692 0
696286 12910592
696287 0
713151 12910592
713152 0
719566 1089536
719567 0
728266 12910592
728267 0
736071 12910592
736072 0
745546 1089536
745547 0
754066 12910592
754067 0
763966 12910592
763967 0
773866 1089536
773867 0
781366 12910592
781367 0
790966 12910592
790967 0
799431 12910592
799432 0
805066 1089536
805067 0
815266 12910592
815267 0
822771 12910592
822772 0
831886 1089536
831887 0
840466 12910592
840467 0
852826 12910592
852827 0
859966 1089536
859967 0
863686 12910592
863687 0
1044886 12910592
1044887 0
1056466 1089536
1056467 0
1066246 12910592
1066247 0
1076806 12910592
1076807 0
1083471 12910592
1083472 0
1092466 1089536
1092467 0
1102431 12910592
1102432 0
1111666 12910592
1111667 0
1118866 1089536
1118867 0
1125766 12910592
1125767 0
1135846 12910592
1135847 0
1139686 1089536
1139687 0
1141906 12910592
1141907 0
1148026 12910592
1148027 0
1205331 12910592
1205332 0
1208866 1089536
1208867 0
1212471 12910592
1212472 0
1216066 1089536
1216067 0
1219011 12910592
1219012 0
1239951 12910592
1239952 0
1245466 1089536
1245467 0
1249666 12910592
1249667 0
1253566 12910592
1253567 0
1276066 1089536
1276067 0
1279786 12910592
1279787 0
1284466 1089536
1284467 0
1289866 12910592
1289867 0
1301566 12910592
1301567 0
1313806 1089536
1313807 0
1322871 12910592
1322872 0
1333066 12910592
1333067 0
1342671 12910592
1342672 0
1351666 12910592
1351667 0
1360666 1089536
1360667 0
1369966 12910592
1369967 0
1378366 1089536
1378367 0
1385866 12910592
1385867 0
1389771 12910592
1389772 0
1528791 12910592
1528792 0
1531666 1089536
1531667 0
1535266 12910592
1535267 0
1539046 12910592
1539047 0
1546066 1089536
1546067 0
1549371 12910592
1549372 0
1552666 12910592
1552667 0
1580266 12910592
1580267 0
1587346 1089536
1587347 0
1594486 12910592
1594487 0
1601391 12910592
1601392 0
1606666 1089536
1606667 0
1612966 12910592
1612967 0
1616266 12910592
1616267 0
1621671 12910592
1621672 0
1627066 1089536
1627067 0
1631506 12910592
1631507 0
1675426 12910592
1675427 0
1679266 1089536
1679267 0
1682871 12910592
1682872 0
1687066 1089536
1687067 0
1690366 12910592
1690367 0
1693066 12910592
1693067 0
1699066 1089536
1699067 0
1701891 12910592
1701892 0
1764711 12910592
1764712 0
1769266 12910592
1769267 0
1774366 1089536
1774367 0
1778866 12910592
1778867 0
1787091 12910592
1787092 0
1801426 12910592
1801427 0
1805266 1089536
1805267 0
1808866 12910592
1808867 0
1812466 1089536
1812467 0
1815166 12910592
1815167 0
1874506 12910592
1874507 0
1878471 12910592
1878472 0
1882066 1089536
1882067 0
1885666 12910592
1885667 0
1889386 1089536
1889387 0
1896286 12910592
1896287 0
1899891 12910592
1899892 0
1903486 1089536
1903487 0
1907566 12910592
1907567 0
2005426 12910592
2005427 0
2009031 12910592
2009032 0
2012626 1089536
2012627 0
2016706 12910592
2016707 0
2020006 1089536
2020007 0
2023606 12910592
2023607 0
2027206 1089536
2027207 0
2030811 12910592
2030812 0
35 events for K
1946 1642
21865 2414
38024 1642
42224 2414
74403 1642
80103 2414
92292 1642
130871 2414
132711 1642
366745 2414
418045 1642
424398 2414
453974 1642
459974 2414
489551 1642
495251 2414
542916 1642
699145 2414
738586 1642
1043086 2414
1087525 1642
1223069 2414
1252945 1642
1273945 2414
1303645 1642
1309710 2414
1311550 1642
1347145 2414
1389745 1642
1576145 2414
1577985 1642
1709159 2414
1778845 1642
1945271 2414
1947111 1642
1 events for L
1 74
