12 instruments
A 10 100 22528 960000000
B 10 100 2238.0782914523293 612647607.58318675
C 10 100 309096.09667920991 262843801.48639998
D 10 100 0 895660078.44187188
E 10 100 763800535.41096985 7041040280.2382517
F 10 100 4367744.2331614867 2240000119.5770016
G 10 100 20805.899747385713 886615046.05336845
H 10 100 45126217.813212499 1435691857.5629289
I 10 100 54084010.43300014 1720684275.4783733
J 10 100 376310 320000000
K 10 100 804865230.11019051 7419592213.7182751
L 10 100 1991925.5289842244 689098561.3783263
140 downlinks
0 19800 49577 17825.048205999999
1 49578 67745 16584.801629000001
2 91816 96499 56583.634539999999
3 120738 135056 54510.231771999999
4 137178 152542 17937.152144
5 178088 221962 61000.683803
6 221963 249338 18467.928540000001
7 264361 308238 25417.817937
8 308239 327328 19015.030229
9 330078 347128 24567.032964000002
10 365400 394577 17828.859713000002
11 394578 411962 17701.536620999999
12 436911 480795 25418.320157999999
13 480796 501418 17542.270487000002
14 502578 528436 23159.729212999999
15 528437 567073 59981.281416999998
16 567074 597076 17972.728726000001
17 597077 613056 22999.291153999999
18 614837 654623 56629.461013
19 667800 674336 23614.41446
20 679877 701139 22122.706344999999
21 701176 739875 59998.788971000002
22 739876 757341 17624.346496999999
23 782015 826275 61074.347796000002
24 826276 843861 17138.572087
25 868291 913175 61181.460402999997
26 913176 932357 17433.778816999999
27 933675 950344 23082.352213999999
28 970200 999423 17883.640805999999
29 999424 1023140 17543.785331999999
30 1023675 1046233 22376.399878
31 1046234 1080073 58655.879155000002
32 1080074 1103435 17582.023593000002
33 1105574 1117118 58623.309652000004
34 1127127 1168572 15119.160288999999
35 1168573 1190199 16914.110455999999
36 1194973 1207189 55409.676240000001
37 1213406 1243421 14837.924851
38 1244310 1247704 18937.599925999999
39 1278072 1294888 56160.945200000002
40 1299686 1347970 56661.696495999997
41 1347971 1360266 56748.807657999998
42 1364471 1376676 58852.465277000003
43 1396870 1423170 17334.486729
44 1429871 1472246 60764.045818999999
45 1472247 1519663 24005.080918
46 1527369 1531566 18969.341575999999
47 1536969 1558329 18036.499982000001
48 1581368 1593440 52719.905522000001
49 1602442 1633051 54389.954824
50 1656966 1668740 17991.02982
51 1688727 1730446 61717.871531999997
52 1731094 1776643 24930.695499000001
53 1795565 1819204 22398.438724
54 1834200 1862647 17244.778962
55 1865463 1877801 18220.925300999999
56 1894563 1906123 58678.576760000004
57 1909322 1949161 58555.537063999996
58 1949162 1964047 18992.23504
59 1981862 2018383 13796.402593000001
60 2033878 2072159 59962.626314000001
61 2072160 2078069 23204.996364999999
62 2095500 2118635 60314.874481999999
63 2121059 2137467 18020.649063000001
64 2179800 2207240 17416.188300000002
65 2233257 2253543 17116.766715000002
66 2254255 2260753 60234.572946
67 2264755 2284848 16963.427941999998
68 2292746 2335084 60809.052052999999
69 2335085 2360164 23716.228502000002
70 2360753 2368255 18029.108412000001
71 2371913 2374993 60100.563959999999
72 2439000 2465425 17729.224104000001
73 2498751 2510833 17589.138943000002
74 2513509 2545848 58302.529763999999
75 2545849 2563293 18080.346756999999
76 2571649 2599285 55874.873438000002
77 2605247 2628473 60291.091052000003
78 2637912 2680234 60832.041154999999
79 2680235 2718344 24945.773354000001
80 2718345 2742158 18650.039686
81 2784600 2810215 17801.393711000001
82 2810648 2813791 18241.361444999999
83 2830242 2853075 24067.369501000001
84 2854240 2878223 56712.888793999999
85 2904340 2913195 58370.132263
86 2916711 2937551 58005.525035999999
87 2939102 2976937 24930.123806
88 2976938 2998111 16739.689300999999
89 3043800 3068367 18181.419744999999
90 3090335 3115951 18610.315675999998
91 3117393 3155781 59847.283359000001
92 3157233 3173308 18063.419893999999
93 3177933 3202738 18186.627066000001
94 3203790 3219637 56843.492619999997
95 3241970 3275429 9175.5815739999998
96 3275430 3286919 9288.5908459999991
97 3290187 3328186 29976.478185
98 3330327 3347364 8340.6453669999992
99 3356727 3367030 28164.287346000001
100 3389400 3411983 9615.6592349999992
101 3434125 3462621 8936.4976299999998
102 3462622 3466445 29078.912095
103 3482122 3489569 8738.7729049999998
104 3507750 3543139 9283.3064869999998
105 3543140 3588918 9136.56639
106 3588919 3605326 8867.2325060000003
107 3620753 3625159 30843.021497000002
108 3648600 3665369 8651.5363890000008
109 3666916 3689823 8598.6086899999991
110 3692716 3721212 28620.571626000001
111 3721213 3732133 29488.2804
112 3735373 3757773 29574.456625999999
113 3763813 3777150 8990.2936559999998
114 3779713 3808595 27889.095755999999
115 3810610 3820739 27279.489213000001
116 3823590 3826815 29339.122920000002
117 3833110 3841936 30467.823106
118 3851410 3862960 9273.8508989999991
119 3866215 3887451 28091.132868000001
120 3888313 3932352 9462.077765
121 3932353 3947686 8739.387213
122 3988200 4003104 27177.101999999999
123 4018653 4042762 28867.988366000001
124 4043703 4066231 8757.0573490000006
125 4104954 4147202 30482.278361000001
126 4147203 4184096 9337.789702
127 4184097 4212558 8515.7706749999998
128 4253400 4268283 8900.7025030000004
129 4270493 4296282 8778.3355150000007
130 4296293 4324665 29886.497736000001
131 4327190 4354431 29243.536622
132 4355150 4359363 26517.245249
133 4363859 4378131 8834.4018649999998
134 4397390 4408765 9457.9623840000004
135 4420786 4440682 28164.872808
136 4450161 4492390 30503.298975000002
137 4492391 4514806 8691.2845450000004
138 4515282 4525277 8525.9525360000007
139 4527942 4531695 28086.786929000002
0 opportunities for A
0 opportunities for B
0 opportunities for C
0 opportunities for D
0 opportunities for E
0 opportunities for F
0 opportunities for G
0 opportunities for H
0 opportunities for I
0 opportunities for J
0 opportunities for K
0 opportunities for L
136 events for A
129136 4214960
129140 0
129566 4214960
129570 0
130306 4214960
130310 0
130736 4214960
130740 0
471928 4214960
471932 0
472358 4214960
472362 0
473098 4214960
473102 0
473528 4214960
473532 0
703175 4214960
703179 0
703605 4214960
703609 0
704345 4214960
704349 0
704775 4214960
704779 0
1076728 4214960
1076732 0
1077158 4214960
1077162 0
1077898 4214960
1077902 0
1078328 4214960
1078332 0
1307975 4214960
1307979 0
1308405 4214960
1308409 0
1309145 4214960
1309149 0
1309575 4214960
1309579 0
1574410 4214960
1574414 0
1574840 4214960
1574844 0
1575580 4214960
1575584 0
1576010 4214960
1576014 0
1943536 4214960
1943540 0
1943966 4214960
1943970 0
1944706 4214960
1944710 0
1945136 4214960
1945140 0
2179210 4214960
2179214 0
2179640 4214960
2179644 0
2180380 4214960
2180384 0
2180810 4214960
2180814 0
2548336 4214960
2548340 0
2548766 4214960
2548770 0
2549506 4214960
2549510 0
2549936 4214960
2549940 0
2784010 4214960
2784014 0
2784440 4214960
2784444 0
2785180 4214960
2785184 0
2785610 4214960
2785614 0
3153136 4214960
3153140 0
3153566 4214960
3153570 0
3154306 4214960
3154310 0
3154736 4214960
3154740 0
3388810 4214960
3388814 0
3389240 4214960
3389244 0
3389980 4214960
3389984 0
3390410 4214960
3390414 0
3757936 4214960
3757940 0
3758366 4214960
3758370 0
3759106 4214960
3759110 0
3759536 4214960
3759540 0
3810010 4214960
3810014 0
3810440 4214960
3810444 0
3811180 4214960
3811184 0
3811610 4214960
3811614 0
3994724 4214960
3994728 0
3995154 4214960
3995158 0
3995894 4214960
3995898 0
3996324 4214960
3996328 0
4362736 4214960
4362740 0
4363166 4214960
4363170 0
4363906 4214960
4363910 0
4364336 4214960
4364340 0
4433710 4214960
4433714 0
4434140 4214960
4434144 0
4434880 4214960
4434884 0
4435310 4214960
4435314 0
132 events for B
40321 873
69121 0
261724 3276
276724 0
545213 3481
546413 0
548213 3481
566213 0
687518 873
716318 0
779188 3276
794188 0
794248 873
823048 0
1010435 3276
1025435 0
1025495 873
1054295 0
1081588 3276
1096588 0
1096648 873
1125448 0
1170529 3276
1185529 0
1185589 873
1214389 0
1277258 3276
1292258 0
1292318 873
1321118 0
1348411 3276
1363411 0
1363471 873
1392271 0
1437353 3276
1452353 0
1452413 873
1481213 0
1508506 3276
1523506 0
1523566 873
1552366 0
1692196 3276
1707196 0
1707256 873
1736056 0
1854721 873
1883521 0
1927479 873
1956279 0
2076124 3276
2091124 0
2091184 873
2119984 0
2177742 4096
2185942 0
2275028 4096
2283228 0
2349085 4096
2357285 0
2436942 4096
2445142 0
2459521 665
2488681 0
2532279 4096
2540479 0
2605037 4096
2613237 0
2695984 4096
2704184 0
2782542 4096
2790742 0
2879828 4096
2888028 0
2953885 4096
2962085 0
3041742 4096
3049942 0
3064321 665
3093481 0
3137079 4096
3145279 0
3209837 4096
3218037 0
3300784 4096
3308984 0
3387342 1365
3387522 0
3389322 1365
3389862 3481
3409062 1365
3409782 3481
3428982 1365
3429702 3481
3448628 0
3484628 873
3513428 0
3558685 873
3587485 0
3646542 873
3675342 0
3741879 3481
3756279 0
3756294 2252
3759894 0
3759909 2252
3763509 0
3763524 2252
3767124 0
3767139 2252
3770739 0
3804282 3276
3819282 0
3905584 873
3934384 0
3986142 1365
3986322 0
3988122 1365
3988662 3481
4007862 0
4089428 873
4118228 0
4163485 873
4192285 0
4251342 1365
4252062 3481
4271262 0
4331619 3276
4346619 0
4581642 1979
4582842 0
4584642 1979
76 events for C
5790 185
345090 0
345690 185
949890 0
950490 185
1554690 0
1555290 185
2159490 0
2178150 20
2178330 0
2180490 20
2180670 0
2180730 62
2227170 0
2227830 20
2228010 0
2230170 20
2230350 0
2230410 62
2276850 0
2276970 20
2277150 289
2290410 0
2309790 20
2324362 0
2325022 20
2325202 0
2327362 20
2327542 0
2327602 62
2374042 0
2374822 20
2523090 0
2523870 20
2524050 0
2526210 20
2526390 0
2526450 53
2579910 0
2580570 20
2580750 0
2582910 20
2583090 0
2583150 53
2636610 0
2637270 20
2637450 0
2639610 20
2639790 0
2639850 53
2693310 0
2693970 20
2694150 0
2696310 20
2696490 0
2696550 53
2750010 0
2750130 20
2750310 252
2764530 0
3042150 20
3042330 0
3044490 20
3044670 0
3044730 28
3298530 0
3299190 20
3299370 0
3301530 20
3301710 0
3301770 56
3369450 0
3369690 243
3973890 0
3974490 224
4578690 0
68 events for D
4302 10000000
4303 0
344726 10000000
344727 0
385693 10000000
385694 0
428007 10000000
428008 0
470767 10000000
470768 0
513677 10000000
513678 0
556537 10000000
556538 0
599148 10000000
599149 0
641294 10000000
641295 0
682937 10000000
682938 0
724554 10000000
724555 0
766821 10000000
766822 0
809915 10000000
809916 0
853653 10000000
853654 0
897843 10000000
897844 0
942386 10000000
942387 0
987288 10000000
987289 0
1032766 10000000
1032767 0
1503767 10000000
1503768 0
1545696 10000000
1545697 0
1588344 10000000
1588345 0
1631262 10000000
1631263 0
1674240 10000000
1674241 0
1717097 10000000
1717098 0
1759627 10000000
1759628 0
1801612 10000000
1801613 0
1843105 10000000
1843106 0
1884755 10000000
1884756 0
1927212 10000000
1927213 0
1970513 10000000
1970514 0
2014428 10000000
2014429 0
2058784 10000000
2058785 0
2103521 10000000
2103522 0
2148743 10000000
2148744 0
1564 events for E
23058 4707014
23064 0
23078 2824208
23079 0
23978 2824208
23979 0
24278 2824208
24279 0
25178 2824208
25179 0
25478 2824208
25479 0
26658 4707014
26664 0
30258 4707014
30264 0
33858 4707014
33864 0
37458 4707014
37464 0
43417 4707014
43423 0
46397 1882806
46400 0
47017 4707014
47023 0
50617 4707014
50623 0
52878 4707014
52884 0
60108 4707014
60114 0
63918 4707014
63924 0
67668 4707014
67674 0
67997 1412104
67999 0
71478 4707014
71484 0
81320 82880
81321 0
81330 82880
81331 0
81340 82880
81341 0
81371 82880
81372 0
81381 82880
81382 0
81391 82880
81392 0
226338 4313184
226339 2310336
226340 0
226469 4313184
226471 0
226614 192528
226615 0
226919 2156592
226920 0
227238 3594320
227239 962640
227240 0
227286 3594320
227287 962640
227288 0
227557 718864
227558 0
227567 718864
227568 0
227577 718864
227578 0
227587 718864
227588 0
227597 718864
227598 0
227607 718864
227608 0
227617 718864
227618 0
227627 718864
227628 0
227637 718864
227638 0
227647 718864
227648 0
227657 718864
227658 0
227667 718864
227668 0
227677 718864
227678 0
227687 718864
227688 0
227697 718864
227698 0
227707 718864
227708 0
227717 718864
227718 0
227737 192528
227738 0
227747 192528
227748 0
227757 192528
227758 0
227767 192528
227768 0
227777 192528
227778 0
227787 192528
227788 0
227797 192528
227798 0
227807 192528
227808 0
227817 192528
227818 0
227827 192528
227828 0
227837 192528
227838 0
227847 192528
227848 0
227857 192528
227858 0
240797 1412104
240799 0
244050 4313184
244051 2117808
244052 0
244771 4313184
244773 0
246591 1437728
246592 0
316652 3748528
316655 0
316662 3748528
316665 0
317252 3748528
317255 0
317262 3748528
317265 0
318452 3748528
318455 0
318462 3748528
318465 0
319052 3748528
319055 0
319062 3748528
319065 0
320252 3748528
320255 0
320262 3748528
320265 0
320852 3748528
320855 0
320862 3748528
320865 0
322052 3748528
322055 0
322062 3748528
322065 0
322652 3748528
322655 0
322662 3748528
322665 0
323852 3748528
323855 0
323862 3748528
323865 0
324452 3748528
324455 0
324462 3748528
324465 0
325652 3748528
325655 0
325662 3748528
325665 0
326252 3748528
326255 0
326262 3748528
326265 0
327197 1882806
327200 0
327462 3748528
327465 0
327472 3748528
327475 0
328062 3748528
328065 0
328072 3748528
328075 0
332142 3748528
332145 0
332152 3748528
332155 0
332742 3748528
332745 0
332752 3748528
332755 0
336042 3748528
336045 0
336052 3748528
336055 0
336642 3748528
336645 0
336652 3748528
336655 0
340242 3748528
340245 0
340252 3748528
340255 0
340842 3748528
340845 0
340852 3748528
340855 0
342231 3748528
342234 0
342241 3748528
342244 0
342831 3748528
342834 0
342841 3748528
342844 0
344442 3748528
344445 0
344452 3748528
344455 0
345042 3748528
345045 0
345052 3748528
345055 0
367938 4236312
367942 0
369738 4236312
369742 0
371538 4236312
371542 0
373338 4236312
373342 0
375138 4236312
375142 0
376938 4236312
376942 0
378738 4236312
378742 0
380538 4236312
380542 0
382338 4236312
382342 0
388214 4236312
388218 0
390014 4236312
390018 0
391814 4236312
391818 0
393614 4236312
393618 0
395414 4236312
395418 0
397638 4236312
397642 0
399438 4236312
399442 0
403903 4236312
403907 0
405703 4236312
405707 0
407503 4236312
407507 0
409303 4236312
409307 0
411103 4236312
411107 0
412903 4236312
412907 0
414703 4236312
414707 0
416503 4236312
416507 0
418303 4236312
418307 0
425898 4236312
425902 0
429558 4236312
429562 0
433218 4236312
433222 0
440118 4236312
440122 0
443838 4236312
443842 0
447558 4236312
447562 0
451278 4236312
451282 0
599597 82880
599598 0
599607 82880
599608 0
599617 82880
599618 0
599648 82880
599649 0
599658 82880
599659 0
599668 82880
599669 0
603233 5000000
603257 0
604503 5000000
604527 0
605773 5000000
605797 0
622162 4494818
622163 3748528
622166 0
622172 4494818
622177 0
622222 4494818
622227 0
622282 4494818
622283 3748528
622286 0
622292 4494818
622297 0
622342 4494818
622347 0
622402 4494818
622407 0
622412 4494818
622417 0
622462 4494818
622463 3748528
622466 0
626362 4494818
626363 3748528
626366 0
626372 4494818
626377 0
626422 4494818
626427 0
626482 4494818
626483 3748528
626486 0
626492 4494818
626497 0
626542 4494818
626547 0
626602 4494818
626607 0
626612 4494818
626617 0
626662 4494818
626663 3748528
626666 0
744827 3748528
744830 0
744867 3748528
744870 0
744907 4494818
744912 0
744947 4494818
744952 0
744987 3748528
744990 0
745027 3748528
745030 0
745067 4494818
745072 0
745107 4494818
745112 0
745147 3748528
745150 0
745187 3748528
745190 0
745227 4494818
745232 0
745267 4494818
745272 0
764857 3748528
764860 0
764877 3748528
764880 0
764897 3748528
764900 0
771157 3748528
771160 0
771177 3748528
771180 0
771197 3748528
771200 0
777475 3748528
777478 0
777495 3748528
777498 0
777515 3748528
777518 0
782275 3748528
782278 0
782295 3748528
782298 0
782315 3748528
782318 0
785575 2824208
785576 0
785666 3748528
785669 0
785935 2824208
785936 0
786005 2824208
786006 0
786075 2824208
786076 0
786395 3748528
786398 0
786410 5000000
786428 0
787075 3748528
787078 0
787095 3748528
787098 0
787115 3748528
787118 0
790375 2824208
790376 0
790466 3748528
790469 0
790735 2824208
790736 0
790805 2824208
790806 0
790875 2824208
790876 0
791195 3748528
791198 0
791210 5000000
791228 0
791875 3748528
791878 0
791895 3748528
791898 0
791915 3748528
791918 0
797363 3748528
797366 0
797383 3748528
797386 0
797403 3748528
797406 0
800663 2824208
800664 0
800754 3748528
800757 0
801023 2824208
801024 0
801093 2824208
801094 0
801163 2824208
801164 0
801483 3748528
801486 0
801498 5000000
801516 0
802163 3748528
802166 0
802183 3748528
802186 0
802203 3748528
802206 0
804457 2824208
804458 0
804548 3748528
804551 0
804817 2824208
804818 0
804887 2824208
804888 0
804957 2824208
804958 0
805277 3748528
805280 0
805292 5000000
805310 0
807157 3748528
807160 0
807177 3748528
807180 0
807197 3748528
807200 0
808057 2824208
808058 0
808148 3748528
808151 0
808417 2824208
808418 0
808487 2824208
808488 0
808557 2824208
808558 0
808877 3748528
808880 0
808892 5000000
808910 0
813051 2824208
813052 0
813142 3748528
813145 0
813411 2824208
813412 0
813481 2824208
813482 0
813551 2824208
813552 0
813871 3748528
813874 0
813886 5000000
813904 0
816801 2824208
816802 0
816892 3748528
816895 0
817161 2824208
817162 0
817231 2824208
817232 0
817301 2824208
817302 0
817621 3748528
817624 0
817636 5000000
817654 0
820551 2824208
820552 0
820642 3748528
820645 0
820911 2824208
820912 0
820981 2824208
820982 0
821051 2824208
821052 0
821371 3748528
821374 0
821386 5000000
821404 0
824301 2824208
824302 0
824392 3748528
824395 0
824661 2824208
824662 0
824731 2824208
824732 0
824801 2824208
824802 0
825121 3748528
825124 0
825136 5000000
825154 0
827601 2824208
827602 0
827692 3748528
827695 0
827961 2824208
827962 0
828031 2824208
828032 0
828101 2824208
828102 0
828421 3748528
828424 0
828436 5000000
828454 0
831289 2824208
831290 0
831380 3748528
831383 0
831649 2824208
831650 0
831719 2824208
831720 0
831789 2824208
831790 0
835039 2824208
835040 0
835130 3748528
835133 0
835399 2824208
835400 0
835469 2824208
835470 0
835539 2824208
835540 0
835859 3748528
835862 0
835874 5000000
835892 0
838170 3748528
838171 4498234
838176 0
838181 3748528
838184 0
838770 3748528
838771 4498234
838776 0
838781 3748528
838784 0
839370 3748528
839371 4498234
839376 0
839381 3748528
839384 0
839970 3748528
839971 4498234
839976 0
839981 3748528
839984 0
840570 3748528
840571 4498234
840576 0
840581 3748528
840584 0
841170 3748528
841171 4498234
841176 0
841181 3748528
841184 0
841770 3748528
841771 4498234
841776 0
841781 3748528
841784 0
842370 3748528
842371 4498234
842376 0
842381 3748528
842384 0
842970 3748528
842971 4498234
842976 0
842981 3748528
842984 0
843570 3748528
843571 4498234
843576 0
843581 3748528
843584 0
844170 3748528
844171 4498234
844176 0
844181 3748528
844184 0
844770 3748528
844771 4498234
844776 0
844781 3748528
844784 0
845373 5000000
845418 0
845583 5000000
845595 0
852259 3748528
852262 0
852299 3748528
852302 0
852339 4494818
852344 0
852379 4494818
852384 0
852419 3748528
852422 0
852459 3748528
852462 0
852499 4494818
852504 0
852539 4494818
852544 0
852579 3748528
852582 0
852619 3748528
852622 0
852659 4494818
852664 0
852699 4494818
852704 0
859338 5000000
859354 0
861138 5000000
861154 0
862938 5000000
862954 0
866397 5000000
866413 0
866696 3748528
866699 0
866711 5000000
866729 0
868197 5000000
868213 0
868496 3748528
868499 0
868511 5000000
868529 0
869997 5000000
870013 0
870296 3748528
870299 0
870311 5000000
870329 0
871797 5000000
871813 0
872096 3748528
872099 0
872111 5000000
872129 0
873597 5000000
873613 0
873896 3748528
873899 0
873911 5000000
873929 0
875397 5000000
875413 0
875696 3748528
875699 0
875711 5000000
875729 0
877197 5000000
877213 0
877496 3748528
877499 0
877511 5000000
877529 0
878997 5000000
879013 0
879296 3748528
879299 0
879311 5000000
879329 0
880797 5000000
880813 0
881096 3748528
881099 0
881111 5000000
881129 0
886285 5000000
886301 0
888085 5000000
888101 0
889885 5000000
889901 0
891685 5000000
891701 0
893485 5000000
893501 0
895285 5000000
895301 0
897085 5000000
897101 0
898885 5000000
898901 0
901973 5000000
901989 0
903773 5000000
903789 0
905573 5000000
905589 0
907373 5000000
907389 0
909173 5000000
909189 0
910973 5000000
910989 0
912773 5000000
912789 0
914573 5000000
914589 0
916373 5000000
916389 0
921862 5000000
921878 0
972757 3748528
972760 0
972777 3748528
972780 0
972797 3748528
972800 0
975457 3748528
975460 0
975477 3748528
975480 0
975497 3748528
975500 0
977857 3748528
977860 0
977877 3748528
977880 0
977897 3748528
977900 0
980557 3748528
980560 0
980577 3748528
980580 0
980597 3748528
980600 0
982657 3748528
982660 0
982677 3748528
982680 0
982697 3748528
982700 0
985357 3748528
985360 0
985377 3748528
985380 0
985397 3748528
985400 0
987457 3748528
987460 0
987477 3748528
987480 0
987497 3748528
987500 0
993633 3748528
993636 0
993653 3748528
993656 0
993673 3748528
993676 0
999933 3748528
999936 0
999953 3748528
999956 0
999973 3748528
999976 0
1089231 3748528
1089234 0
1089241 3748528
1089244 0
1089831 3748528
1089834 0
1089841 3748528
1089844 0
1094031 3748528
1094034 0
1094041 3748528
1094044 0
1094631 3748528
1094634 0
1094641 3748528
1094644 0
1100137 3748528
1100140 0
1100147 3748528
1100150 0
1100737 3748528
1100740 0
1100747 3748528
1100750 0
1104637 3748528
1104640 0
1104647 3748528
1104650 0
1105237 3748528
1105240 0
1105247 3748528
1105250 0
1109437 3748528
1109440 0
1109447 3748528
1109450 0
1110037 3748528
1110040 0
1110047 3748528
1110050 0
1115825 3748528
1115828 0
1115835 3748528
1115838 0
1116425 3748528
1116428 0
1116435 3748528
1116438 0
1120325 3748528
1120328 0
1120335 3748528
1120338 0
1120925 3748528
1120928 0
1120935 3748528
1120938 0
1122032 3748528
1122036 0
1122043 4992344
1122052 0
1122063 4992344
1122072 0
1122392 3748528
1122396 0
1122403 4992344
1122412 0
1122423 4992344
1122432 0
1122752 3748528
1122756 0
1122763 4992344
1122772 0
1122783 4992344
1122792 0
1123112 3748528
1123116 0
1123123 4992344
1123132 0
1123143 4992344
1123152 0
1123472 3748528
1123476 0
1123483 4992344
1123492 0
1123503 4992344
1123512 0
1123832 3748528
1123836 0
1123843 4992344
1123852 0
1123863 4992344
1123872 0
1124192 3748528
1124196 0
1124203 4992344
1124212 0
1124223 4992344
1124232 0
1124552 3748528
1124556 0
1124563 4992344
1124572 0
1124583 4992344
1124592 0
1124912 3748528
1124916 0
1124923 4992344
1124932 0
1124943 4992344
1124952 0
1125272 3748528
1125276 0
1125283 4992344
1125292 0
1125303 4992344
1125312 0
1125632 3748528
1125636 0
1125643 4992344
1125652 0
1125663 4992344
1125672 0
1125992 3748528
1125996 0
1126003 4992344
1126012 0
1126023 4992344
1126032 0
1126352 3748528
1126356 0
1126363 4992344
1126372 0
1126383 4992344
1126392 0
1126925 3748528
1126928 0
1126935 3748528
1126938 0
1127525 3748528
1127528 0
1127535 3748528
1127538 0
1129713 3748528
1129716 0
1129723 3748528
1129726 0
1130313 3748528
1130316 0
1130323 3748528
1130326 0
1147322 3748528
1147325 0
1147332 3748528
1147335 0
1148012 3748528
1148015 0
1148022 3748528
1148025 0
1204692 2824208
1204693 0
1204783 3748528
1204786 0
1204992 2824208
1204993 0
1205062 2824208
1205063 0
1205273 3765611
1205276 0
1208292 2824208
1208293 0
1208383 3748528
1208386 0
1208592 2824208
1208593 0
1208662 2824208
1208663 0
1208873 3765611
1208876 0
1211892 2824208
1211893 0
1211983 3748528
1211986 0
1212192 2824208
1212193 0
1212262 2824208
1212263 0
1212473 3765611
1212476 0
1215492 2824208
1215493 0
1215583 3748528
1215586 0
1215792 2824208
1215793 0
1215862 2824208
1215863 0
1216073 3765611
1216076 0
1218792 2824208
1218793 0
1218883 3748528
1218886 0
1219092 2824208
1219093 0
1219162 2824208
1219163 0
1219373 3765611
1219376 0
1391917 718864
1391918 0
1392527 718864
1392528 0
1393158 3748528
1393161 0
1393417 718864
1393418 0
1394027 718864
1394028 0
1394658 3748528
1394661 0
1394917 718864
1394918 0
1395527 718864
1395528 0
1396158 3748528
1396161 0
1403677 718864
1403678 0
1404287 718864
1404288 0
1404918 3748528
1404921 0
1405177 718864
1405178 0
1405787 718864
1405788 0
1406418 3748528
1406421 0
1406677 718864
1406678 0
1407287 718864
1407288 0
1407918 3748528
1407921 0
1438338 4313184
1438339 2310336
1438340 0
1438469 4313184
1438471 0
1438614 192528
1438615 0
1438919 2156592
1438920 0
1439238 3594320
1439239 962640
1439240 0
1439286 3594320
1439287 962640
1439288 0
1439557 718864
1439558 0
1439567 718864
1439568 0
1439577 718864
1439578 0
1439587 718864
1439588 0
1439597 718864
1439598 0
1439607 718864
1439608 0
1439617 718864
1439618 0
1439627 718864
1439628 0
1439637 718864
1439638 0
1439647 718864
1439648 0
1439657 718864
1439658 0
1439667 718864
1439668 0
1439677 718864
1439678 0
1439687 718864
1439688 0
1439697 718864
1439698 0
1439707 718864
1439708 0
1439717 718864
1439718 0
1439737 192528
1439738 0
1439747 192528
1439748 0
1439757 192528
1439758 0
1439767 192528
1439768 0
1439777 192528
1439778 0
1439787 192528
1439788 0
1439797 192528
1439798 0
1439807 192528
1439808 0
1439817 192528
1439818 0
1439827 192528
1439828 0
1439837 192528
1439838 0
1439847 192528
1439848 0
1439857 192528
1439858 0
1545438 4494818
1545439 3748528
1545442 0
1545448 4494818
1545453 0
1545498 4494818
1545503 0
1545558 4494818
1545559 3748528
1545562 0
1545568 4494818
1545573 0
1545618 4494818
1545623 0
1545678 4494818
1545683 0
1545688 4494818
1545693 0
1545738 4494818
1545739 3748528
1545742 0
1549638 4494818
1549639 3748528
1549642 0
1549648 4494818
1549653 0
1549698 4494818
1549703 0
1549758 4494818
1549759 3748528
1549762 0
1549768 4494818
1549773 0
1549818 4494818
1549823 0
1549878 4494818
1549883 0
1549888 4494818
1549893 0
1549938 4494818
1549939 3748528
1549942 0
1586862 82880
1586863 0
1586872 82880
1586873 0
1586882 82880
1586883 0
1586913 82880
1586914 0
1586923 82880
1586924 0
1586933 82880
1586934 0
1636314 3748528
1636317 0
1639914 3748528
1639917 0
1643514 3748528
1643517 0
1647114 3748528
1647117 0
1650534 3748528
1650537 0
1652728 3748528
1652731 0
1656328 3748528
1656331 0
1659928 3748528
1659931 0
1663528 3748528
1663531 0
1667128 3748528
1667131 0
1673343 3748528
1673346 0
1676943 3748528
1676946 0
1680543 3748528
1680546 0
1684143 3748528
1684146 0
1687563 3748528
1687566 0
1689757 3748528
1689760 0
1693357 3748528
1693360 0
1694931 3748528
1694934 0
1694941 3748528
1694944 0
1695531 3748528
1695534 0
1695541 3748528
1695544 0
1697845 3748528
1697848 0
1697855 3748528
1697858 0
1698445 3748528
1698448 0
1698455 3748528
1698458 0
1704745 3748528
1704748 0
1704755 3748528
1704758 0
1705345 3748528
1705348 0
1705355 3748528
1705358 0
1723345 3748528
1723348 0
1723355 3748528
1723358 0
1723945 3748528
1723948 0
1723955 3748528
1723958 0
1786828 2824208
1786829 0
1786948 2824208
1786949 0
1787068 2824208
1787069 0
1787548 2824208
1787549 0
1787668 2824208
1787669 0
1787788 2824208
1787789 0
1788268 2824208
1788269 0
1788388 2824208
1788389 0
1788508 2824208
1788509 0
1788988 2824208
1788989 0
1789108 2824208
1789109 0
1789228 2824208
1789229 0
1789708 2824208
1789709 0
1789828 2824208
1789829 0
1789948 2824208
1789949 0
1790428 2824208
1790429 0
1790548 2824208
1790549 0
1790668 2824208
1790669 0
1791148 2824208
1791149 0
1791268 2824208
1791269 0
1791388 2824208
1791389 0
1791868 2824208
1791869 0
1791988 2824208
1791989 0
1792108 2824208
1792109 0
1792588 2824208
1792589 0
1792708 2824208
1792709 0
1792828 2824208
1792829 0
1793248 2824208
1793249 0
1793368 2824208
1793369 0
1793488 2824208
1793489 0
1794028 2824208
1794029 0
1794148 2824208
1794149 0
1794268 2824208
1794269 0
1796943 2824208
1796944 0
1797034 3748528
1797037 0
1797243 2824208
1797244 0
1797313 2824208
1797314 0
1797524 3765611
1797527 0
1800843 2824208
1800844 0
1800934 3748528
1800937 0
1801143 2824208
1801144 0
1801213 2824208
1801214 0
1801424 3765611
1801427 0
1802943 2824208
1802944 0
1803034 3748528
1803037 0
1803243 2824208
1803244 0
1803313 2824208
1803314 0
1803524 3765611
1803527 0
1804443 2824208
1804444 0
1804534 3748528
1804537 0
1804743 2824208
1804744 0
1804813 2824208
1804814 0
1805024 3765611
1805027 0
1814557 2824208
1814558 0
1814648 3748528
1814651 0
1814857 2824208
1814858 0
1814927 2824208
1814928 0
1815138 3765611
1815141 0
1873905 3748528
1873908 0
1873920 5000000
1873938 0
1875705 3748528
1875708 0
1875720 5000000
1875738 0
1877505 3748528
1877508 0
1877520 5000000
1877538 0
1879305 3748528
1879308 0
1879320 5000000
1879338 0
1881105 3748528
1881108 0
1881120 5000000
1881138 0
1882905 3748528
1882908 0
1882920 5000000
1882938 0
1884705 3748528
1884708 0
1884720 5000000
1884738 0
1886505 3748528
1886508 0
1886520 5000000
1886538 0
1888305 3748528
1888308 0
1888320 5000000
1888338 0
1894195 3748528
1894198 0
1894210 5000000
1894228 0
1895995 3748528
1895998 0
1896010 5000000
1896028 0
1897795 3748528
1897798 0
1897810 5000000
1897828 0
1899595 3748528
1899598 0
1899610 5000000
1899628 0
1901395 3748528
1901398 0
1901410 5000000
1901428 0
1903195 3748528
1903198 0
1903210 5000000
1903228 0
1904995 3748528
1904998 0
1905010 5000000
1905028 0
1906795 3748528
1906798 0
1906810 5000000
1906828 0
1952857 3748528
1952860 0
1952877 3748528
1952880 0
1952897 3748528
1952900 0
1959157 3748528
1959160 0
1959177 3748528
1959180 0
1959197 3748528
1959200 0
1966973 3748528
1966976 0
1966993 3748528
1966996 0
1967013 3748528
1967016 0
1973273 3748528
1973276 0
1973293 3748528
1973296 0
1973313 3748528
1973316 0
1979573 3748528
1979576 0
1979593 3748528
1979596 0
1979613 3748528
1979616 0
1984973 3748528
1984976 0
1984993 3748528
1984996 0
1985013 3748528
1985016 0
1989773 3748528
1989776 0
1989793 3748528
1989796 0
1989813 3748528
1989816 0
1994573 3748528
1994576 0
1994593 3748528
1994596 0
1994613 3748528
1994616 0
1998552 3748528
1998555 0
1998572 3748528
1998575 0
1998592 3748528
1998595 0
2357598 226158674
2357603 0
2379198 20242052
2379203 0
2400798 20242052
2400803 0
2465598 178452312
2465600 8996469
2465605 0
2595198 18598775
2595203 0
2616798 22542416
2616803 0
2638398 57946826
2638403 0
2659998 112491168
2660003 0
2681598 89992935
2681603 0
2742261 90225847
2742262 99456
2742263 17992937
2742268 0
2811199 36047367
2811204 0
2832799 39436416
2832804 0
2940799 79610631
2940804 0
2962399 77494701
2962404 0
3070399 73767533
3070404 0
3091999 221441780
3092004 0
3351199 47723996
3351204 0
3368149 12683312
3368154 0
3523998 9037466
3524003 0
3567198 270264152
3567203 0
4452798 26968906
4452803 0
4474398 134824032
4474403 0
4477324 20221556
4477329 0
5 events for F
2824 2650
2162823 0
2162824 2650
4582023 0
4582024 2650
136 events for G
130409 4214960
130413 0
130839 4214960
130843 0
131579 4214960
131583 0
132009 4214960
132013 0
473201 4214960
473205 0
473631 4214960
473635 0
474371 4214960
474375 0
474801 4214960
474805 0
704448 4214960
704452 0
704878 4214960
704882 0
705618 4214960
705622 0
706048 4214960
706052 0
1078001 4214960
1078005 0
1078431 4214960
1078435 0
1079171 4214960
1079175 0
1079601 4214960
1079605 0
1309248 4214960
1309252 0
1309678 4214960
1309682 0
1310418 4214960
1310422 0
1310848 4214960
1310852 0
1575683 4214960
1575687 0
1576113 4214960
1576117 0
1576853 4214960
1576857 0
1577283 4214960
1577287 0
1944809 4214960
1944813 0
1945239 4214960
1945243 0
1945979 4214960
1945983 0
1946409 4214960
1946413 0
2180483 4214960
2180487 0
2180913 4214960
2180917 0
2181653 4214960
2181657 0
2182083 4214960
2182087 0
2549609 4214960
2549613 0
2550039 4214960
2550043 0
2550779 4214960
2550783 0
2551209 4214960
2551213 0
2785283 4214960
2785287 0
2785713 4214960
2785717 0
2786453 4214960
2786457 0
2786883 4214960
2786887 0
3154409 4214960
3154413 0
3154839 4214960
3154843 0
3155579 4214960
3155583 0
3156009 4214960
3156013 0
3390083 4214960
3390087 0
3390513 4214960
3390517 0
3391253 4214960
3391257 0
3391683 4214960
3391687 0
3759209 4214960
3759213 0
3759639 4214960
3759643 0
3760379 4214960
3760383 0
3760809 4214960
3760813 0
3811283 4214960
3811287 0
3811713 4214960
3811717 0
3812453 4214960
3812457 0
3812883 4214960
3812887 0
3995997 4214960
3996001 0
3996427 4214960
3996431 0
3997167 4214960
3997171 0
3997597 4214960
3997601 0
4364009 4214960
4364013 0
4364439 4214960
4364443 0
4365179 4214960
4365183 0
4365609 4214960
4365613 0
4434983 4214960
4434987 0
4435413 4214960
4435417 0
4436153 4214960
4436157 0
4436583 4214960
4436587 0
92 events for H
405 1642
20324 2414
36483 1642
40683 2414
72862 1642
78562 2414
90751 1642
129330 2414
131170 1642
365204 2414
416504 1642
422857 2414
452433 1642
458433 2414
488010 1642
493710 2414
541375 1642
697604 2414
737045 1642
1041545 2414
1085984 1642
1221528 2414
1251404 1642
1272404 2414
1302104 1642
1308169 2414
1310009 1642
1345604 2414
1388204 1642
1574604 2414
1576444 1642
1707618 2414
1777304 1642
1943730 2414
1945570 1642
2160404 0
2160405 1285
2179404 2414
2181244 1285
2512351 2057
2528201 1285
2532641 2057
2548530 2414
2550770 2057
2564400 1285
2784204 2414
2786044 1285
3153330 2414
3155170 1285
3173820 2057
3224188 706
3338144 2057
3370004 706
3389004 2414
3390844 706
3410933 1285
3443761 706
3758130 2414
3759970 706
3810204 2414
3817564 706
3819857 1772
3849398 1285
3865187 706
3869567 1285
3901746 706
3905946 1285
3938125 706
3994918 2414
3996758 706
4023524 1285
4029104 706
4043235 1285
4045215 706
4282904 1285
4306462 706
4310662 1285
4324651 706
4326871 1772
4342541 706
4347161 1772
4362930 2414
4365290 1772
4378920 706
4433904 2414
4443664 706
4475747 1285
4506524 706
4510746 1285
4520204 706
4579604 0
4579605 487
92 events for I
146 1642
20065 2414
36224 1642
40424 2414
72603 1642
78303 2414
90492 1642
129071 2414
130911 1642
364945 2414
416245 1642
422598 2414
452174 1642
458174 2414
487751 1642
493451 2414
541116 1642
697345 2414
736786 1642
1041286 2414
1085725 1642
1221269 2414
1251145 1642
1272145 2414
1301845 1642
1307910 2414
1309750 1642
1345345 2414
1387945 1642
1574345 2414
1576185 1642
1707359 2414
1777045 1642
1943471 2414
1945311 1642
2160145 0
2160146 1285
2179145 2414
2180985 1285
2512092 2057
2527942 1285
2532382 2057
2548271 2414
2550511 2057
2564141 1285
2783945 2414
2785785 1285
3153071 2414
3154911 1285
3173561 2057
3223929 706
3337885 2057
3369745 706
3388745 2414
3390585 706
3410674 1285
3443502 706
3757871 2414
3759711 706
3809945 2414
3817305 706
3819598 1772
3849139 1285
3864928 706
3869308 1285
3901487 706
3905687 1285
3937866 706
3994659 2414
3996499 706
4023265 1285
4028845 706
4042976 1285
4044956 706
4282645 1285
4306203 706
4310403 1285
4324392 706
4326612 1772
4342282 706
4346902 1772
4362671 2414
4365031 1772
4378661 706
4433645 2414
4443405 706
4475488 1285
4506265 706
4510487 1285
4519945 706
4579345 0
4579346 487
76 events for J
5700 185
345000 0
345600 185
949800 0
950400 185
1554600 0
1555200 185
2159400 0
2178060 20
2178240 0
2180400 20
2180580 0
2180640 62
2227080 0
2227740 20
2227920 0
2230080 20
2230260 0
2230320 62
2276760 0
2276880 20
2277060 289
2290320 0
2309700 20
2324272 0
2324932 20
2325112 0
2327272 20
2327452 0
2327512 62
2373952 0
2374732 20
2523000 0
2523780 20
2523960 0
2526120 20
2526300 0
2526360 53
2579820 0
2580480 20
2580660 0
2582820 20
2583000 0
2583060 53
2636520 0
2637180 20
2637360 0
2639520 20
2639700 0
2639760 53
2693220 0
2693880 20
2694060 0
2696220 20
2696400 0
2696460 53
2749920 0
2750040 20
2750220 252
2764440 0
3042060 20
3042240 0
3044400 20
3044580 0
3044640 28
3298440 0
3299100 20
3299280 0
3301440 20
3301620 0
3301680 56
3369360 0
3369600 243
3973800 0
3974400 224
4578600 0
1564 events for K
21294 4707014
21300 0
21314 2824208
21315 0
22214 2824208
22215 0
22514 2824208
22515 0
23414 2824208
23415 0
23714 2824208
23715 0
24894 4707014
24900 0
28494 4707014
28500 0
32094 4707014
32100 0
35694 4707014
35700 0
41653 4707014
41659 0
44633 1882806
44636 0
45253 4707014
45259 0
48853 4707014
48859 0
51114 4707014
51120 0
58344 4707014
58350 0
62154 4707014
62160 0
65904 4707014
65910 0
66233 1412104
66235 0
69714 4707014
69720 0
79556 82880
79557 0
79566 82880
79567 0
79576 82880
79577 0
79607 82880
79608 0
79617 82880
79618 0
79627 82880
79628 0
224574 4313184
224575 2310336
224576 0
224705 4313184
224707 0
224850 192528
224851 0
225155 2156592
225156 0
225474 3594320
225475 962640
225476 0
225522 3594320
225523 962640
225524 0
225793 718864
225794 0
225803 718864
225804 0
225813 718864
225814 0
225823 718864
225824 0
225833 718864
225834 0
225843 718864
225844 0
225853 718864
225854 0
225863 718864
225864 0
225873 718864
225874 0
225883 718864
225884 0
225893 718864
225894 0
225903 718864
225904 0
225913 718864
225914 0
225923 718864
225924 0
225933 718864
225934 0
225943 718864
225944 0
225953 718864
225954 0
225973 192528
225974 0
225983 192528
225984 0
225993 192528
225994 0
226003 192528
226004 0
226013 192528
226014 0
226023 192528
226024 0
226033 192528
226034 0
226043 192528
226044 0
226053 192528
226054 0
226063 192528
226064 0
226073 192528
226074 0
226083 192528
226084 0
226093 192528
226094 0
239033 1412104
239035 0
242286 4313184
242287 2117808
242288 0
243007 4313184
243009 0
244827 1437728
244828 0
314888 3748528
314891 0
314898 3748528
314901 0
315488 3748528
315491 0
315498 3748528
315501 0
316688 3748528
316691 0
316698 3748528
316701 0
317288 3748528
317291 0
317298 3748528
317301 0
318488 3748528
318491 0
318498 3748528
318501 0
319088 3748528
319091 0
319098 3748528
319101 0
320288 3748528
320291 0
320298 3748528
320301 0
320888 3748528
320891 0
320898 3748528
320901 0
322088 3748528
322091 0
322098 3748528
322101 0
322688 3748528
322691 0
322698 3748528
322701 0
323888 3748528
323891 0
323898 3748528
323901 0
324488 3748528
324491 0
324498 3748528
324501 0
325433 1882806
325436 0
325698 3748528
325701 0
325708 3748528
325711 0
326298 3748528
326301 0
326308 3748528
326311 0
330378 3748528
330381 0
330388 3748528
330391 0
330978 3748528
330981 0
330988 3748528
330991 0
334278 3748528
334281 0
334288 3748528
334291 0
334878 3748528
334881 0
334888 3748528
334891 0
338478 3748528
338481 0
338488 3748528
338491 0
339078 3748528
339081 0
339088 3748528
339091 0
340467 3748528
340470 0
340477 3748528
340480 0
341067 3748528
341070 0
341077 3748528
341080 0
342678 3748528
342681 0
342688 3748528
342691 0
343278 3748528
343281 0
343288 3748528
343291 0
366174 4236312
366178 0
367974 4236312
367978 0
369774 4236312
369778 0
371574 4236312
371578 0
373374 4236312
373378 0
375174 4236312
375178 0
376974 4236312
376978 0
378774 4236312
378778 0
380574 4236312
380578 0
386450 4236312
386454 0
388250 4236312
388254 0
390050 4236312
390054 0
391850 4236312
391854 0
393650 4236312
393654 0
395874 4236312
395878 0
397674 4236312
397678 0
402139 4236312
402143 0
403939 4236312
403943 0
405739 4236312
405743 0
407539 4236312
407543 0
409339 4236312
409343 0
411139 4236312
411143 0
412939 4236312
412943 0
414739 4236312
414743 0
416539 4236312
416543 0
424134 4236312
424138 0
427794 4236312
427798 0
431454 4236312
431458 0
438354 4236312
438358 0
442074 4236312
442078 0
445794 4236312
445798 0
449514 4236312
449518 0
597833 82880
597834 0
597843 82880
597844 0
597853 82880
597854 0
597884 82880
597885 0
597894 82880
597895 0
597904 82880
597905 0
601469 5000000
601493 0
602739 5000000
602763 0
604009 5000000
604033 0
620398 4494818
620399 3748528
620402 0
620408 4494818
620413 0
620458 4494818
620463 0
620518 4494818
620519 3748528
620522 0
620528 4494818
620533 0
620578 4494818
620583 0
620638 4494818
620643 0
620648 4494818
620653 0
620698 4494818
620699 3748528
620702 0
624598 4494818
624599 3748528
624602 0
624608 4494818
624613 0
624658 4494818
624663 0
624718 4494818
624719 3748528
624722 0
624728 4494818
624733 0
624778 4494818
624783 0
624838 4494818
624843 0
624848 4494818
624853 0
624898 4494818
624899 3748528
624902 0
743063 3748528
743066 0
743103 3748528
743106 0
743143 4494818
743148 0
743183 4494818
743188 0
743223 3748528
743226 0
743263 3748528
743266 0
743303 4494818
743308 0
743343 4494818
743348 0
743383 3748528
743386 0
743423 3748528
743426 0
743463 4494818
743468 0
743503 4494818
743508 0
763093 3748528
763096 0
763113 3748528
763116 0
763133 3748528
763136 0
769393 3748528
769396 0
769413 3748528
769416 0
769433 3748528
769436 0
775711 3748528
775714 0
775731 3748528
775734 0
775751 3748528
775754 0
780511 3748528
780514 0
780531 3748528
780534 0
780551 3748528
780554 0
783811 2824208
783812 0
783902 3748528
783905 0
784171 2824208
784172 0
784241 2824208
784242 0
784311 2824208
784312 0
784631 3748528
784634 0
784646 5000000
784664 0
785311 3748528
785314 0
785331 3748528
785334 0
785351 3748528
785354 0
788611 2824208
788612 0
788702 3748528
788705 0
788971 2824208
788972 0
789041 2824208
789042 0
789111 2824208
789112 0
789431 3748528
789434 0
789446 5000000
789464 0
790111 3748528
790114 0
790131 3748528
790134 0
790151 3748528
790154 0
795599 3748528
795602 0
795619 3748528
795622 0
795639 3748528
795642 0
798899 2824208
798900 0
798990 3748528
798993 0
799259 2824208
799260 0
799329 2824208
799330 0
799399 2824208
799400 0
799719 3748528
799722 0
799734 5000000
799752 0
800399 3748528
800402 0
800419 3748528
800422 0
800439 3748528
800442 0
802693 2824208
802694 0
802784 3748528
802787 0
803053 2824208
803054 0
803123 2824208
803124 0
803193 2824208
803194 0
803513 3748528
803516 0
803528 5000000
803546 0
805393 3748528
805396 0
805413 3748528
805416 0
805433 3748528
805436 0
806293 2824208
806294 0
806384 3748528
806387 0
806653 2824208
806654 0
806723 2824208
806724 0
806793 2824208
806794 0
807113 3748528
807116 0
807128 5000000
807146 0
811287 2824208
811288 0
811378 3748528
811381 0
811647 2824208
811648 0
811717 2824208
811718 0
811787 2824208
811788 0
812107 3748528
812110 0
812122 5000000
812140 0
815037 2824208
815038 0
815128 3748528
815131 0
815397 2824208
815398 0
815467 2824208
815468 0
815537 2824208
815538 0
815857 3748528
815860 0
815872 5000000
815890 0
818787 2824208
818788 0
818878 3748528
818881 0
819147 2824208
819148 0
819217 2824208
819218 0
819287 2824208
819288 0
819607 3748528
819610 0
819622 5000000
819640 0
822537 2824208
822538 0
822628 3748528
822631 0
822897 2824208
822898 0
822967 2824208
822968 0
823037 2824208
823038 0
823357 3748528
823360 0
823372 5000000
823390 0
825837 2824208
825838 0
825928 3748528
825931 0
826197 2824208
826198 0
826267 2824208
826268 0
826337 2824208
826338 0
826657 3748528
826660 0
826672 5000000
826690 0
829525 2824208
829526 0
829616 3748528
829619 0
829885 2824208
829886 0
829955 2824208
829956 0
830025 2824208
830026 0
833275 2824208
833276 0
833366 3748528
833369 0
833635 2824208
833636 0
833705 2824208
833706 0
833775 2824208
833776 0
834095 3748528
834098 0
834110 5000000
834128 0
836406 3748528
836407 4498234
836412 0
836417 3748528
836420 0
837006 3748528
837007 4498234
837012 0
837017 3748528
837020 0
837606 3748528
837607 4498234
837612 0
837617 3748528
837620 0
838206 3748528
838207 4498234
838212 0
838217 3748528
838220 0
838806 3748528
838807 4498234
838812 0
838817 3748528
838820 0
839406 3748528
839407 4498234
839412 0
839417 3748528
839420 0
840006 3748528
840007 4498234
840012 0
840017 3748528
840020 0
840606 3748528
840607 4498234
840612 0
840617 3748528
840620 0
841206 3748528
841207 4498234
841212 0
841217 3748528
841220 0
841806 3748528
841807 4498234
841812 0
841817 3748528
841820 0
842406 3748528
842407 4498234
842412 0
842417 3748528
842420 0
843006 3748528
843007 4498234
843012 0
843017 3748528
843020 0
843609 5000000
843654 0
843819 5000000
843831 0
850495 3748528
850498 0
850535 3748528
850538 0
850575 4494818
850580 0
850615 4494818
850620 0
850655 3748528
850658 0
850695 3748528
850698 0
850735 4494818
850740 0
850775 4494818
850780 0
850815 3748528
850818 0
850855 3748528
850858 0
850895 4494818
850900 0
850935 4494818
850940 0
857574 5000000
857590 0
859374 5000000
859390 0
861174 5000000
861190 0
864633 5000000
864649 0
864932 3748528
864935 0
864947 5000000
864965 0
866433 5000000
866449 0
866732 3748528
866735 0
866747 5000000
866765 0
868233 5000000
868249 0
868532 3748528
868535 0
868547 5000000
868565 0
870033 5000000
870049 0
870332 3748528
870335 0
870347 5000000
870365 0
871833 5000000
871849 0
872132 3748528
872135 0
872147 5000000
872165 0
873633 5000000
873649 0
873932 3748528
873935 0
873947 5000000
873965 0
875433 5000000
875449 0
875732 3748528
875735 0
875747 5000000
875765 0
877233 5000000
877249 0
877532 3748528
877535 0
877547 5000000
877565 0
879033 5000000
879049 0
879332 3748528
879335 0
879347 5000000
879365 0
884521 5000000
884537 0
886321 5000000
886337 0
888121 5000000
888137 0
889921 5000000
889937 0
891721 5000000
891737 0
893521 5000000
893537 0
895321 5000000
895337 0
897121 5000000
897137 0
900209 5000000
900225 0
902009 5000000
902025 0
903809 5000000
903825 0
905609 5000000
905625 0
907409 5000000
907425 0
909209 5000000
909225 0
911009 5000000
911025 0
912809 5000000
912825 0
914609 5000000
914625 0
920098 5000000
920114 0
970993 3748528
970996 0
971013 3748528
971016 0
971033 3748528
971036 0
973693 3748528
973696 0
973713 3748528
973716 0
973733 3748528
973736 0
976093 3748528
976096 0
976113 3748528
976116 0
976133 3748528
976136 0
978793 3748528
978796 0
978813 3748528
978816 0
978833 3748528
978836 0
980893 3748528
980896 0
980913 3748528
980916 0
980933 3748528
980936 0
983593 3748528
983596 0
983613 3748528
983616 0
983633 3748528
983636 0
985693 3748528
985696 0
985713 3748528
985716 0
985733 3748528
985736 0
991869 3748528
991872 0
991889 3748528
991892 0
991909 3748528
991912 0
998169 3748528
998172 0
998189 3748528
998192 0
998209 3748528
998212 0
1087467 3748528
1087470 0
1087477 3748528
1087480 0
1088067 3748528
1088070 0
1088077 3748528
1088080 0
1092267 3748528
1092270 0
1092277 3748528
1092280 0
1092867 3748528
1092870 0
1092877 3748528
1092880 0
1098373 3748528
1098376 0
1098383 3748528
1098386 0
1098973 3748528
1098976 0
1098983 3748528
1098986 0
1102873 3748528
1102876 0
1102883 3748528
1102886 0
1103473 3748528
1103476 0
1103483 3748528
1103486 0
1107673 3748528
1107676 0
1107683 3748528
1107686 0
1108273 3748528
1108276 0
1108283 3748528
1108286 0
1114061 3748528
1114064 0
1114071 3748528
1114074 0
1114661 3748528
1114664 0
1114671 3748528
1114674 0
1118561 3748528
1118564 0
1118571 3748528
1118574 0
1119161 3748528
1119164 0
1119171 3748528
1119174 0
1120268 3748528
1120272 0
1120279 4992344
1120288 0
1120299 4992344
1120308 0
1120628 3748528
1120632 0
1120639 4992344
1120648 0
1120659 4992344
1120668 0
1120988 3748528
1120992 0
1120999 4992344
1121008 0
1121019 4992344
1121028 0
1121348 3748528
1121352 0
1121359 4992344
1121368 0
1121379 4992344
1121388 0
1121708 3748528
1121712 0
1121719 4992344
1121728 0
1121739 4992344
1121748 0
1122068 3748528
1122072 0
1122079 4992344
1122088 0
1122099 4992344
1122108 0
1122428 3748528
1122432 0
1122439 4992344
1122448 0
1122459 4992344
1122468 0
1122788 3748528
1122792 0
1122799 4992344
1122808 0
1122819 4992344
1122828 0
1123148 3748528
1123152 0
1123159 4992344
1123168 0
1123179 4992344
1123188 0
1123508 3748528
1123512 0
1123519 4992344
1123528 0
1123539 4992344
1123548 0
1123868 3748528
1123872 0
1123879 4992344
1123888 0
1123899 4992344
1123908 0
1124228 3748528
1124232 0
1124239 4992344
1124248 0
1124259 4992344
1124268 0
1124588 3748528
1124592 0
1124599 4992344
1124608 0
1124619 4992344
1124628 0
1125161 3748528
1125164 0
1125171 3748528
1125174 0
1125761 3748528
1125764 0
1125771 3748528
1125774 0
1127949 3748528
1127952 0
1127959 3748528
1127962 0
1128549 3748528
1128552 0
1128559 3748528
1128562 0
1145558 3748528
1145561 0
1145568 3748528
1145571 0
1146248 3748528
1146251 0
1146258 3748528
1146261 0
1202928 2824208
1202929 0
1203019 3748528
1203022 0
1203228 2824208
1203229 0
1203298 2824208
1203299 0
1203509 3765611
1203512 0
1206528 2824208
1206529 0
1206619 3748528
1206622 0
1206828 2824208
1206829 0
1206898 2824208
1206899 0
1207109 3765611
1207112 0
1210128 2824208
1210129 0
1210219 3748528
1210222 0
1210428 2824208
1210429 0
1210498 2824208
1210499 0
1210709 3765611
1210712 0
1213728 2824208
1213729 0
1213819 3748528
1213822 0
1214028 2824208
1214029 0
1214098 2824208
1214099 0
1214309 3765611
1214312 0
1217028 2824208
1217029 0
1217119 3748528
1217122 0
1217328 2824208
1217329 0
1217398 2824208
1217399 0
1217609 3765611
1217612 0
1390153 718864
1390154 0
1390763 718864
1390764 0
1391394 3748528
1391397 0
1391653 718864
1391654 0
1392263 718864
1392264 0
1392894 3748528
1392897 0
1393153 718864
1393154 0
1393763 718864
1393764 0
1394394 3748528
1394397 0
1401913 718864
1401914 0
1402523 718864
1402524 0
1403154 3748528
1403157 0
1403413 718864
1403414 0
1404023 718864
1404024 0
1404654 3748528
1404657 0
1404913 718864
1404914 0
1405523 718864
1405524 0
1406154 3748528
1406157 0
1436574 4313184
1436575 2310336
1436576 0
1436705 4313184
1436707 0
1436850 192528
1436851 0
1437155 2156592
1437156 0
1437474 3594320
1437475 962640
1437476 0
1437522 3594320
1437523 962640
1437524 0
1437793 718864
1437794 0
1437803 718864
1437804 0
1437813 718864
1437814 0
1437823 718864
1437824 0
1437833 718864
1437834 0
1437843 718864
1437844 0
1437853 718864
1437854 0
1437863 718864
1437864 0
1437873 718864
1437874 0
1437883 718864
1437884 0
1437893 718864
1437894 0
1437903 718864
1437904 0
1437913 718864
1437914 0
1437923 718864
1437924 0
1437933 718864
1437934 0
1437943 718864
1437944 0
1437953 718864
1437954 0
1437973 192528
1437974 0
1437983 192528
1437984 0
1437993 192528
1437994 0
1438003 192528
1438004 0
1438013 192528
1438014 0
1438023 192528
1438024 0
1438033 192528
1438034 0
1438043 192528
1438044 0
1438053 192528
1438054 0
1438063 192528
1438064 0
1438073 192528
1438074 0
1438083 192528
1438084 0
1438093 192528
1438094 0
1543674 4494818
1543675 3748528
1543678 0
1543684 4494818
1543689 0
1543734 4494818
1543739 0
1543794 4494818
1543795 3748528
1543798 0
1543804 4494818
1543809 0
1543854 4494818
1543859 0
1543914 4494818
1543919 0
1543924 4494818
1543929 0
1543974 4494818
1543975 3748528
1543978 0
1547874 4494818
1547875 3748528
1547878 0
1547884 4494818
1547889 0
1547934 4494818
1547939 0
1547994 4494818
1547995 3748528
1547998 0
1548004 4494818
1548009 0
1548054 4494818
1548059 0
1548114 4494818
1548119 0
1548124 4494818
1548129 0
1548174 4494818
1548175 3748528
1548178 0
1585098 82880
1585099 0
1585108 82880
1585109 0
1585118 82880
1585119 0
1585149 82880
1585150 0
1585159 82880
1585160 0
1585169 82880
1585170 0
1634550 3748528
1634553 0
1638150 3748528
1638153 0
1641750 3748528
1641753 0
1645350 3748528
1645353 0
1648770 3748528
1648773 0
1650964 3748528
1650967 0
1654564 3748528
1654567 0
1658164 3748528
1658167 0
1661764 3748528
1661767 0
1665364 3748528
1665367 0
1671579 3748528
1671582 0
1675179 3748528
1675182 0
1678779 3748528
1678782 0
1682379 3748528
1682382 0
1685799 3748528
1685802 0
1687993 3748528
1687996 0
1691593 3748528
1691596 0
1693167 3748528
1693170 0
1693177 3748528
1693180 0
1693767 3748528
1693770 0
1693777 3748528
1693780 0
1696081 3748528
1696084 0
1696091 3748528
1696094 0
1696681 3748528
1696684 0
1696691 3748528
1696694 0
1702981 3748528
1702984 0
1702991 3748528
1702994 0
1703581 3748528
1703584 0
1703591 3748528
1703594 0
1721581 3748528
1721584 0
1721591 3748528
1721594 0
1722181 3748528
1722184 0
1722191 3748528
1722194 0
1785064 2824208
1785065 0
1785184 2824208
1785185 0
1785304 2824208
1785305 0
1785784 2824208
1785785 0
1785904 2824208
1785905 0
1786024 2824208
1786025 0
1786504 2824208
1786505 0
1786624 2824208
1786625 0
1786744 2824208
1786745 0
1787224 2824208
1787225 0
1787344 2824208
1787345 0
1787464 2824208
1787465 0
1787944 2824208
1787945 0
1788064 2824208
1788065 0
1788184 2824208
1788185 0
1788664 2824208
1788665 0
1788784 2824208
1788785 0
1788904 2824208
1788905 0
1789384 2824208
1789385 0
1789504 2824208
1789505 0
1789624 2824208
1789625 0
1790104 2824208
1790105 0
1790224 2824208
1790225 0
1790344 2824208
1790345 0
1790824 2824208
1790825 0
1790944 2824208
1790945 0
1791064 2824208
1791065 0
1791484 2824208
1791485 0
1791604 2824208
1791605 0
1791724 2824208
1791725 0
1792264 2824208
1792265 0
1792384 2824208
1792385 0
1792504 2824208
1792505 0
1795179 2824208
1795180 0
1795270 3748528
1795273 0
1795479 2824208
1795480 0
1795549 2824208
1795550 0
1795760 3765611
1795763 0
1799079 2824208
1799080 0
1799170 3748528
1799173 0
1799379 2824208
1799380 0
1799449 2824208
1799450 0
1799660 3765611
1799663 0
1801179 2824208
1801180 0
1801270 3748528
1801273 0
1801479 2824208
1801480 0
1801549 2824208
1801550 0
1801760 3765611
1801763 0
1802679 2824208
1802680 0
1802770 3748528
1802773 0
1802979 2824208
1802980 0
1803049 2824208
1803050 0
1803260 3765611
1803263 0
1812793 2824208
1812794 0
1812884 3748528
1812887 0
1813093 2824208
1813094 0
1813163 2824208
1813164 0
1813374 3765611
1813377 0
1872141 3748528
1872144 0
1872156 5000000
1872174 0
1873941 3748528
1873944 0
1873956 5000000
1873974 0
1875741 3748528
1875744 0
1875756 5000000
1875774 0
1877541 3748528
1877544 0
1877556 5000000
1877574 0
1879341 3748528
1879344 0
1879356 5000000
1879374 0
1881141 3748528
1881144 0
1881156 5000000
1881174 0
1882941 3748528
1882944 0
1882956 5000000
1882974 0
1884741 3748528
1884744 0
1884756 5000000
1884774 0
1886541 3748528
1886544 0
1886556 5000000
1886574 0
1892431 3748528
1892434 0
1892446 5000000
1892464 0
1894231 3748528
1894234 0
1894246 5000000
1894264 0
1896031 3748528
1896034 0
1896046 5000000
1896064 0
1897831 3748528
1897834 0
1897846 5000000
1897864 0
1899631 3748528
1899634 0
1899646 5000000
1899664 0
1901431 3748528
1901434 0
1901446 5000000
1901464 0
1903231 3748528
1903234 0
1903246 5000000
1903264 0
1905031 3748528
1905034 0
1905046 5000000
1905064 0
1951093 3748528
1951096 0
1951113 3748528
1951116 0
1951133 3748528
1951136 0
1957393 3748528
1957396 0
1957413 3748528
1957416 0
1957433 3748528
1957436 0
1965209 3748528
1965212 0
1965229 3748528
1965232 0
1965249 3748528
1965252 0
1971509 3748528
1971512 0
1971529 3748528
1971532 0
1971549 3748528
1971552 0
1977809 3748528
1977812 0
1977829 3748528
1977832 0
1977849 3748528
1977852 0
1983209 3748528
1983212 0
1983229 3748528
1983232 0
1983249 3748528
1983252 0
1988009 3748528
1988012 0
1988029 3748528
1988032 0
1988049 3748528
1988052 0
1992809 3748528
1992812 0
1992829 3748528
1992832 0
1992849 3748528
1992852 0
1996788 3748528
1996791 0
1996808 3748528
1996811 0
1996828 3748528
1996831 0
2355834 226158674
2355839 0
2377434 20242052
2377439 0
2399034 20242052
2399039 0
2463834 178452312
2463836 8996469
2463841 0
2593434 18598775
2593439 0
2615034 22542416
2615039 0
2636634 57946826
2636639 0
2658234 112491168
2658239 0
2679834 89992935
2679839 0
2740497 90225847
2740498 99456
2740499 17992937
2740504 0
2809435 36047367
2809440 0
2831035 39436416
2831040 0
2939035 79610631
2939040 0
2960635 77494701
2960640 0
3068635 73767533
3068640 0
3090235 221441780
3090240 0
3349435 47723996
3349440 0
3366385 12683312
3366390 0
3522234 9037466
3522239 0
3565434 270264152
3565439 0
4451034 26968906
4451039 0
4472634 134824032
4472639 0
4475560 20221556
4475565 0
38 events for L
20924 1370
349004 0
366524 1370
651404 0
668924 1370
953804 0
971324 1370
1256204 0
1273724 1370
1558604 0
1576124 1370
1817804 0
1835324 1370
2163404 0
2181104 600
2181284 1300
2421164 600
2421364 0
2440304 600
2440484 1300
2767648 700
2767693 0
2785904 600
2786144 1300
3026964 700
3027009 0
3045104 600
3045344 1300
3372304 700
3372349 0
3390524 1300
3632323 0
3649724 1300
3977923 0
3989324 1300
4237123 0
4254524 1300
4582723 0
