12 instruments
A 10 100 40530.039409419333 54204511.969197564
B 10 100 6553.6061313363007 2560002395.0532427
C 10 100 2338 640000000
D 10 100 804865230.11019051 7419592213.7182751
E 10 100 54084010.43300014 1720684275.4783733
F 10 100 815344000 7516190000
G 10 100 4367744.2331614867 2240000119.5770016
H 10 100 2312500 800000000
I 10 100 0 276873309.16802311
J 10 100 0 895660078.44187188
K 10 100 309096.09667920991 262843801.48639998
L 10 100 1991925.5289842244 689098561.3783263
100 downlinks
0 862 44901 9462.077765
1 44902 60235 8739.387213
2 100749 115653 27177.101999999999
3 131202 155311 28867.988366000001
4 156252 178780 8757.0573490000006
5 217503 259751 30482.278361000001
6 259752 296645 9337.789702
7 296646 325107 8515.7706749999998
8 365949 380832 8900.7025030000004
9 383042 408831 8778.3355150000007
10 408842 437214 29886.497736000001
11 439739 466980 29243.536622
12 467699 471912 26517.245249
13 476408 490680 8834.4018649999998
14 509939 521314 9457.9623840000004
15 533335 553231 28164.872808
16 562710 604939 30503.298975000002
17 604940 627355 8691.2845450000004
18 627831 637826 8525.9525360000007
19 640491 644244 28086.786929000002
20 705549 733493 9305.8530659999997
21 735317 739831 9003.7058219999999
22 765228 780989 29720.859928999998
23 813982 817639 28196.056719
24 821621 838334 8724.7512220000008
25 839924 867259 9238.0711549999996
26 868180 907924 29465.914934
27 907925 915901 8736.7051790000005
28 938920 952934 8623.2506759999997
29 964749 986998 8421.9856619999991
30 991239 1011098 27549.328343000001
31 1022916 1040175 29572.320551000001
32 1042472 1072611 29086.290951999999
33 1072712 1101387 8813.8421070000004
34 1109612 1126578 29493.047434
35 1134508 1157999 27435.630709000001
36 1158890 1170418 29792.428981000001
37 1173508 1183391 8997.6095590000004
38 1186408 1209595 26654.011493000002
39 1223949 1247074 8664.3956859999998
40 1247304 1273163 8910.3347130000002
41 1316349 1336346 9263.3037550000008
42 1339455 1345687 8194.1372179999998
43 1357400 1370063 8812.3468479999992
44 1388896 1390727 28513.272391999999
45 1417571 1421732 29797.943813000002
46 1425763 1460595 9287.2106050000002
47 1460596 1471348 9493.8769009999996
48 1474752 1510832 29841.66733
49 1512071 1516749 9031.5484039999992
50 1575549 1587179 27058.173078
51 1589288 1592845 27764.822221999999
52 1596788 1613390 8866.3210920000001
53 1625275 1637435 30200.423556999998
54 1640547 1645391 9259.4321029999992
55 1649583 1673654 9457.3783449999992
56 1675383 1679211 29542.407908000001
57 1684689 1699532 8564.5545529999999
58 1708683 1731352 9335.3412189999999
59 1733879 1762605 27874.981927000001
60 1770999 1813154 30587.746092000001
61 1813155 1857307 9231.3874039999992
62 1857308 1873526 8609.2624169999999
63 1874875 1891107 8689.6108280000008
64 1899460 1901507 26609.79682
65 1921149 1940754 8915.2263710000007
66 1943619 1973569 9094.9622560000007
67 1973570 1991284 8333.9255690000009
68 1991866 1998207 27500.430241999999
69 2012284 2028637 8601.7316499999997
70 2029930 2064843 9100.8958739999998
71 2078561 2091850 9427.4328960000003
72 2094821 2105233 27243.904355999999
73 2107661 2129381 8431.3051790000009
74 2158377 2160699 27636.251289
75 2180349 2199637 8831.2619180000002
76 2200745 2217344 8966.6639699999996
77 2224956 2230707 54396.705881000002
78 2234499 2248527 58970.262822999997
79 2251112 2280151 57826.355975999999
80 2280152 2290896 17374.699861000001
81 2306252 2333043 57611.601310999999
82 2333252 2365332 59023.283414999998
83 2366074 2371824 55193.106121999997
84 2375180 2417297 25530.421285
85 2417298 2461493 29269.697155999998
86 2461494 2465584 16830.732371999999
87 2478742 2493409 28226.256141999998
88 2495739 2498290 60093.408818999997
89 2538737 2568436 58272.632834999997
90 2568437 2575711 61499.660580999996
91 2589914 2611211 28538.149495000001
92 2624759 2630581 18090.695755000001
93 2634124 2649336 23661.293665000001
94 2651233 2679187 28757.617953000001
95 2679188 2721484 56137.919716999997
96 2722628 2739522 23437.772314999998
97 2754728 2767368 55980.942202999999
98 2780583 2794435 60635.164006999999
99 2797323 2828250 23619.145155999999
0 opportunities for A
0 opportunities for B
0 opportunities for C
0 opportunities for D
0 opportunities for E
0 opportunities for F
0 opportunities for G
0 opportunities for H
0 opportunities for I
0 opportunities for J
0 opportunities for K
0 opportunities for L
2 events for A
694117 0
694118 18
1210 events for B
197 12910592
198 0
17286 12910592
17287 0
17546 12910592
17547 0
18126 12910592
18127 0
18386 12910592
18387 0
35476 12910592
35477 0
35736 12910592
35737 0
36316 12910592
36317 0
36576 12910592
36577 0
53665 12910592
53666 0
53925 12910592
53926 0
54505 12910592
54506 0
54765 12910592
54766 0
71255 12910592
71256 0
71515 12910592
71516 0
72095 12910592
72096 0
72355 12910592
72356 0
88544 12910592
88545 0
88804 12910592
88805 0
89384 12910592
89385 0
89644 12910592
89645 0
108558 12910592
108559 0
108788 12910592
108789 0
109328 12910592
109329 0
109558 12910592
109559 0
127073 12910592
127074 0
127333 12910592
127334 0
127913 12910592
127914 0
128173 12910592
128174 0
145587 12910592
145588 0
145847 12910592
145848 0
146427 12910592
146428 0
146687 12910592
146688 0
164101 12910592
164102 0
164361 12910592
164362 0
164941 12910592
164942 0
165201 12910592
165202 0
182615 12910592
182616 0
182875 12910592
182876 0
183455 12910592
183456 0
183715 12910592
183716 0
201130 12910592
201131 0
201390 12910592
201391 0
201970 12910592
201971 0
202230 12910592
202231 0
219644 12910592
219645 0
219904 12910592
219905 0
220484 12910592
220485 0
220744 12910592
220745 0
238158 12910592
238159 0
238418 12910592
238419 0
238998 12910592
238999 0
239258 12910592
239259 0
256673 12910592
256674 0
256933 12910592
256934 0
257513 12910592
257514 0
257773 12910592
257774 0
275187 12910592
275188 0
275447 12910592
275448 0
276027 12910592
276028 0
276287 12910592
276288 0
293701 12910592
293702 0
293961 12910592
293962 0
294541 12910592
294542 0
294801 12910592
294802 0
312215 12910592
312216 0
312475 12910592
312476 0
313055 12910592
313056 0
313315 12910592
313316 0
330130 12910592
330131 0
330390 12910592
330391 0
330970 12910592
330971 0
331230 12910592
331231 0
347744 12910592
347745 0
348004 12910592
348005 0
348584 12910592
348585 0
348844 12910592
348845 0
366644 12910592
366645 0
366904 12910592
366905 0
367484 12910592
367485 0
367744 12910592
367745 0
385623 12910592
385624 0
385883 12910592
385884 0
386463 12910592
386464 0
386723 12910592
386724 0
403812 12910592
403813 0
404072 12910592
404073 0
404652 12910592
404653 0
404912 12910592
404913 0
422002 12910592
422003 0
422262 12910592
422263 0
422842 12910592
422843 0
423102 12910592
423103 0
440191 12910592
440192 0
440451 12910592
440452 0
441031 12910592
441032 0
441291 12910592
441292 0
458381 12910592
458382 0
458641 12910592
458642 0
459221 12910592
459222 0
459481 12910592
459482 0
476570 12910592
476571 0
476800 12910592
476801 0
477340 12910592
477341 0
477570 12910592
477571 0
494760 12910592
494761 0
495020 12910592
495021 0
495600 12910592
495601 0
495860 12910592
495861 0
512949 12910592
512950 0
513209 12910592
513210 0
513789 12910592
513790 0
514049 12910592
514050 0
531139 12910592
531140 0
531399 12910592
531400 0
531979 12910592
531980 0
532239 12910592
532240 0
547544 12910592
547545 0
547774 12910592
547775 0
548314 12910592
548315 0
548544 12910592
548545 0
567518 12910592
567519 0
567778 12910592
567779 0
568358 12910592
568359 0
568618 12910592
568619 0
585707 12910592
585708 0
585967 12910592
585968 0
586547 12910592
586548 0
586807 12910592
586808 0
603897 12910592
603898 0
604157 12910592
604158 0
604737 12910592
604738 0
604997 12910592
604998 0
622086 12910592
622087 0
622346 12910592
622347 0
622926 12910592
622927 0
623186 12910592
623187 0
640276 12910592
640277 0
640536 12910592
640537 0
641116 12910592
641117 0
641376 12910592
641377 0
658465 12910592
658466 0
658725 12910592
658726 0
659305 12910592
659306 0
659565 12910592
659566 0
676055 12910592
676056 0
676315 12910592
676316 0
676895 12910592
676896 0
677155 12910592
677156 0
693344 12910592
693345 0
693604 12910592
693605 0
694184 12910592
694185 0
694444 12910592
694445 0
713358 12910592
713359 0
713588 12910592
713589 0
714128 12910592
714129 0
714358 12910592
714359 0
731873 12910592
731874 0
732133 12910592
732134 0
732713 12910592
732714 0
732973 12910592
732974 0
750387 12910592
750388 0
750647 12910592
750648 0
751227 12910592
751228 0
751487 12910592
751488 0
768901 12910592
768902 0
769161 12910592
769162 0
769741 12910592
769742 0
770001 12910592
770002 0
787415 12910592
787416 0
787675 12910592
787676 0
788255 12910592
788256 0
788515 12910592
788516 0
805930 12910592
805931 0
806190 12910592
806191 0
806770 12910592
806771 0
807030 12910592
807031 0
824444 12910592
824445 0
824704 12910592
824705 0
825284 12910592
825285 0
825544 12910592
825545 0
842958 12910592
842959 0
843218 12910592
843219 0
843798 12910592
843799 0
844058 12910592
844059 0
861473 12910592
861474 0
861733 12910592
861734 0
862313 12910592
862314 0
862573 12910592
862574 0
879987 12910592
879988 0
880247 12910592
880248 0
880827 12910592
880828 0
881087 12910592
881088 0
898501 12910592
898502 0
898761 12910592
898762 0
899341 12910592
899342 0
899601 12910592
899602 0
917015 12910592
917016 0
917275 12910592
917276 0
917855 12910592
917856 0
918115 12910592
918116 0
934930 12910592
934931 0
935190 12910592
935191 0
935770 12910592
935771 0
936030 12910592
936031 0
952544 12910592
952545 0
952804 12910592
952805 0
953384 12910592
953385 0
953644 12910592
953645 0
972233 12910592
972234 0
972493 12910592
972494 0
973073 12910592
973074 0
973333 12910592
973334 0
992794 12910592
992795 0
993054 12910592
993055 0
993634 12910592
993635 0
993894 12910592
993895 0
1007194 12910592
1007195 0
1007454 12910592
1007455 0
1008034 12910592
1008035 0
1008294 12910592
1008295 0
1026802 12910592
1026803 0
1027062 12910592
1027063 0
1027642 12910592
1027643 0
1027902 12910592
1027903 0
1044991 12910592
1044992 0
1045251 12910592
1045252 0
1045831 12910592
1045832 0
1046091 12910592
1046092 0
1063181 12910592
1063182 0
1063441 12910592
1063442 0
1064021 12910592
1064022 0
1064281 12910592
1064282 0
1081370 12910592
1081371 0
1081600 12910592
1081601 0
1082140 12910592
1082141 0
1082370 12910592
1082371 0
1099560 12910592
1099561 0
1099820 12910592
1099821 0
1100400 12910592
1100401 0
1100660 12910592
1100661 0
1117749 12910592
1117750 0
1118009 12910592
1118010 0
1118589 12910592
1118590 0
1118849 12910592
1118850 0
1135939 12910592
1135940 0
1136199 12910592
1136200 0
1136779 12910592
1136780 0
1137039 12910592
1137040 0
1154128 12910592
1154129 0
1154388 12910592
1154389 0
1154968 12910592
1154969 0
1155228 12910592
1155229 0
1172318 12910592
1172319 0
1172578 12910592
1172579 0
1173158 12910592
1173159 0
1173418 12910592
1173419 0
1190507 12910592
1190508 0
1190767 12910592
1190768 0
1191347 12910592
1191348 0
1191607 12910592
1191608 0
1208697 12910592
1208698 0
1208957 12910592
1208958 0
1209537 12910592
1209538 0
1209797 12910592
1209798 0
1226886 12910592
1226887 0
1227146 12910592
1227147 0
1227726 12910592
1227727 0
1227986 12910592
1227987 0
1245076 12910592
1245077 0
1245336 12910592
1245337 0
1245916 12910592
1245917 0
1246176 12910592
1246177 0
1263265 12910592
1263266 0
1263525 12910592
1263526 0
1264105 12910592
1264106 0
1264365 12910592
1264366 0
1280855 12910592
1280856 0
1281115 12910592
1281116 0
1281695 12910592
1281696 0
1281955 12910592
1281956 0
1298144 12910592
1298145 0
1298404 12910592
1298405 0
1298984 12910592
1298985 0
1299244 12910592
1299245 0
1317044 12910592
1317045 0
1317274 12910592
1317275 0
1317814 12910592
1317815 0
1318044 12910592
1318045 0
1336673 12910592
1336674 0
1336933 12910592
1336934 0
1337513 12910592
1337514 0
1337773 12910592
1337774 0
1355187 12910592
1355188 0
1355447 12910592
1355448 0
1356027 12910592
1356028 0
1356287 12910592
1356288 0
1373701 12910592
1373702 0
1373961 12910592
1373962 0
1374541 12910592
1374542 0
1374801 12910592
1374802 0
1392215 12910592
1392216 0
1392475 12910592
1392476 0
1393055 12910592
1393056 0
1393315 12910592
1393316 0
1410730 12910592
1410731 0
1410990 12910592
1410991 0
1411570 12910592
1411571 0
1411830 12910592
1411831 0
1429244 12910592
1429245 0
1429504 12910592
1429505 0
1430084 12910592
1430085 0
1430344 12910592
1430345 0
1447758 12910592
1447759 0
1448018 12910592
1448019 0
1448598 12910592
1448599 0
1448858 12910592
1448859 0
1466273 12910592
1466274 0
1466533 12910592
1466534 0
1467113 12910592
1467114 0
1467373 12910592
1467374 0
1484787 12910592
1484788 0
1485047 12910592
1485048 0
1485627 12910592
1485628 0
1485887 12910592
1485888 0
1503301 12910592
1503302 0
1503561 12910592
1503562 0
1504141 12910592
1504142 0
1504401 12910592
1504402 0
1521815 12910592
1521816 0
1522075 12910592
1522076 0
1522655 12910592
1522656 0
1522915 12910592
1522916 0
1539730 12910592
1539731 0
1539990 12910592
1539991 0
1540570 12910592
1540571 0
1540830 12910592
1540831 0
1557344 12910592
1557345 0
1557604 12910592
1557605 0
1558184 12910592
1558185 0
1558444 12910592
1558445 0
1576244 12910592
1576245 0
1576504 12910592
1576505 0
1577084 12910592
1577085 0
1577344 12910592
1577345 0
1595223 12910592
1595224 0
1595483 12910592
1595484 0
1596063 12910592
1596064 0
1596323 12910592
1596324 0
1613412 12910592
1613413 0
1613672 12910592
1613673 0
1614252 12910592
1614253 0
1614512 12910592
1614513 0
1631602 12910592
1631603 0
1631862 12910592
1631863 0
1632442 12910592
1632443 0
1632702 12910592
1632703 0
1649791 12910592
1649792 0
1650051 12910592
1650052 0
1650631 12910592
1650632 0
1650891 12910592
1650892 0
1667981 12910592
1667982 0
1668241 12910592
1668242 0
1668821 12910592
1668822 0
1669081 12910592
1669082 0
1686170 12910592
1686171 0
1686400 12910592
1686401 0
1686940 12910592
1686941 0
1687170 12910592
1687171 0
1773344 12910592
1773345 0
1773604 12910592
1773605 0
1774184 12910592
1774185 0
1774444 12910592
1774445 0
1795307 12910592
1795308 0
1795567 12910592
1795568 0
1796147 12910592
1796148 0
1796407 12910592
1796408 0
1813497 12910592
1813498 0
1813757 12910592
1813758 0
1814337 12910592
1814338 0
1814597 12910592
1814598 0
1831686 12910592
1831687 0
1831946 12910592
1831947 0
1832526 12910592
1832527 0
1832786 12910592
1832787 0
1849876 12910592
1849877 0
1850136 12910592
1850137 0
1850716 12910592
1850717 0
1850976 12910592
1850977 0
1868065 12910592
1868066 0
1868325 12910592
1868326 0
1868905 12910592
1868906 0
1869165 12910592
1869166 0
1885655 12910592
1885656 0
1885915 12910592
1885916 0
1886495 12910592
1886496 0
1886755 12910592
1886756 0
1902944 12910592
1902945 0
1903204 12910592
1903205 0
1903784 12910592
1903785 0
1904044 12910592
1904045 0
1921844 12910592
1921845 0
1922074 12910592
1922075 0
1922614 12910592
1922615 0
1922844 12910592
1922845 0
1941473 12910592
1941474 0
1941733 12910592
1941734 0
1942313 12910592
1942314 0
1942573 12910592
1942574 0
1959987 12910592
1959988 0
1960247 12910592
1960248 0
1960827 12910592
1960828 0
1961087 12910592
1961088 0
1978501 12910592
1978502 0
1978761 12910592
1978762 0
1979341 12910592
1979342 0
1979601 12910592
1979602 0
1997015 12910592
1997016 0
1997275 12910592
1997276 0
1997855 12910592
1997856 0
1998115 12910592
1998116 0
2015530 12910592
2015531 0
2015790 12910592
2015791 0
2016370 12910592
2016371 0
2016630 12910592
2016631 0
2034044 12910592
2034045 0
2034304 12910592
2034305 0
2034884 12910592
2034885 0
2035144 12910592
2035145 0
2052558 12910592
2052559 0
2052818 12910592
2052819 0
2053398 12910592
2053399 0
2053658 12910592
2053659 0
2071073 12910592
2071074 0
2071333 12910592
2071334 0
2071913 12910592
2071914 0
2072173 12910592
2072174 0
2089587 12910592
2089588 0
2089847 12910592
2089848 0
2090427 12910592
2090428 0
2090687 12910592
2090688 0
2108101 12910592
2108102 0
2108361 12910592
2108362 0
2108941 12910592
2108942 0
2109201 12910592
2109202 0
2126615 12910592
2126616 0
2126875 12910592
2126876 0
2127455 12910592
2127456 0
2127715 12910592
2127716 0
2144530 12910592
2144531 0
2144790 12910592
2144791 0
2145370 12910592
2145371 0
2145630 12910592
2145631 0
2162144 12910592
2162145 0
2162404 12910592
2162405 0
2162984 12910592
2162985 0
2163244 12910592
2163245 0
2181044 12910592
2181045 0
2181304 12910592
2181305 0
2181884 12910592
2181885 0
2182144 12910592
2182145 0
2200023 12910592
2200024 0
2200283 12910592
2200284 0
2200863 12910592
2200864 0
2201123 12910592
2201124 0
2218212 12910592
2218213 0
2218472 12910592
2218473 0
2219052 12910592
2219053 0
2219312 12910592
2219313 0
2236402 12910592
2236403 0
2236662 12910592
2236663 0
2237242 12910592
2237243 0
2237502 12910592
2237503 0
2254591 12910592
2254592 0
2254851 12910592
2254852 0
2255431 12910592
2255432 0
2255691 12910592
2255692 0
2272781 12910592
2272782 0
2273041 12910592
2273042 0
2273621 12910592
2273622 0
2273881 12910592
2273882 0
2290970 12910592
2290971 0
2291200 12910592
2291201 0
2291740 12910592
2291741 0
2291970 12910592
2291971 0
2309160 12910592
2309161 0
2309420 12910592
2309421 0
2310000 12910592
2310001 0
2310260 12910592
2310261 0
2327349 12910592
2327350 0
2327609 12910592
2327610 0
2328189 12910592
2328190 0
2328449 12910592
2328450 0
2345539 12910592
2345540 0
2345799 12910592
2345800 0
2346379 12910592
2346380 0
2346639 12910592
2346640 0
2363728 12910592
2363729 0
2363988 12910592
2363989 0
2364568 12910592
2364569 0
2364828 12910592
2364829 0
2381918 12910592
2381919 0
2382178 12910592
2382179 0
2382758 12910592
2382759 0
2383018 12910592
2383019 0
2400107 12910592
2400108 0
2400367 12910592
2400368 0
2400947 12910592
2400948 0
2401207 12910592
2401208 0
2418297 12910592
2418298 0
2418557 12910592
2418558 0
2419137 12910592
2419138 0
2419397 12910592
2419398 0
2436486 12910592
2436487 0
2436746 12910592
2436747 0
2437326 12910592
2437327 0
2437586 12910592
2437587 0
2454676 12910592
2454677 0
2454936 12910592
2454937 0
2455516 12910592
2455517 0
2455776 12910592
2455777 0
2472865 12910592
2472866 0
2473125 12910592
2473126 0
2473705 12910592
2473706 0
2473965 12910592
2473966 0
2490455 12910592
2490456 0
2490715 12910592
2490716 0
2491295 12910592
2491296 0
2491555 12910592
2491556 0
2507744 12910592
2507745 0
2508004 12910592
2508005 0
2508584 12910592
2508585 0
2508844 12910592
2508845 0
2527758 12910592
2527759 0
2527988 12910592
2527989 0
2528528 12910592
2528529 0
2528758 12910592
2528759 0
2546273 12910592
2546274 0
2546533 12910592
2546534 0
2547113 12910592
2547114 0
2547373 12910592
2547374 0
2564787 12910592
2564788 0
2565047 12910592
2565048 0
2565627 12910592
2565628 0
2565887 12910592
2565888 0
2583301 12910592
2583302 0
2583561 12910592
2583562 0
2584141 12910592
2584142 0
2584401 12910592
2584402 0
2601815 12910592
2601816 0
2602075 12910592
2602076 0
2602655 12910592
2602656 0
2602915 12910592
2602916 0
2620330 12910592
2620331 0
2620590 12910592
2620591 0
2621170 12910592
2621171 0
2621430 12910592
2621431 0
2638844 12910592
2638845 0
2639104 12910592
2639105 0
2639684 12910592
2639685 0
2639944 12910592
2639945 0
2657358 12910592
2657359 0
2657618 12910592
2657619 0
2658198 12910592
2658199 0
2658458 12910592
2658459 0
2675873 12910592
2675874 0
2676133 12910592
2676134 0
2676713 12910592
2676714 0
2676973 12910592
2676974 0
2694387 12910592
2694388 0
2694647 12910592
2694648 0
2695227 12910592
2695228 0
2695487 12910592
2695488 0
2712901 12910592
2712902 0
2713161 12910592
2713162 0
2713741 12910592
2713742 0
2714001 12910592
2714002 0
2731415 12910592
2731416 0
2731675 12910592
2731676 0
2732255 12910592
2732256 0
2732515 12910592
2732516 0
2749330 12910592
2749331 0
2749590 12910592
2749591 0
2750170 12910592
2750171 0
2750430 12910592
2750431 0
2766944 12910592
2766945 0
2767204 12910592
2767205 0
2767784 12910592
2767785 0
2768044 12910592
2768045 0
2786633 12910592
2786634 0
2786893 12910592
2786894 0
2787473 12910592
2787474 0
2787733 12910592
2787734 0
2804823 12910592
2804824 0
2805083 12910592
2805084 0
2805663 12910592
2805664 0
2805923 12910592
2805924 0
2823012 12910592
2823013 0
2823272 12910592
2823273 0
2823852 12910592
2823853 0
2824112 12910592
2824113 0
2841202 12910592
2841203 0
2841462 12910592
2841463 0
2842042 12910592
2842043 0
2842302 12910592
2842303 0
123 events for C
17791 873
46591 0
98349 1365
98529 0
100329 1365
100869 3481
120069 0
201635 873
230435 0
275692 873
304492 0
363549 1365
364269 3481
383469 0
443826 3276
458826 0
693849 1979
695049 0
696849 1979
710049 0
879418 8
879419 0
880492 1365
880672 0
882472 1365
883012 1979
897412 1365
897592 1979
911992 1365
912712 1979
927112 1365
927292 1979
941692 1365
942412 1979
956812 1365
956992 1979
971392 0
1009792 3754
1010512 0
1012312 3754
1015912 0
1049349 3754
1050069 0
1051869 3754
1055469 0
1084449 3754
1085169 0
1086969 3754
1090569 0
1125849 3754
1126569 0
1128369 3754
1131969 0
1169049 3754
1169769 0
1171569 3754
1175169 0
1361649 3754
1362369 0
1364169 3754
1367769 0
1390449 3754
1391169 0
1392969 3754
1396569 0
1432749 3754
1433469 0
1435269 3754
1438869 0
1507449 3754
1508169 0
1509969 3754
1513569 0
1593849 1365
1594029 0
1595829 1365
1596369 1979
1610769 1365
1610949 1979
1625349 1365
1626069 1979
1640469 1365
1640649 1979
1655049 1365
1655769 1979
1670169 1365
1670349 1979
1684749 0
1730649 665
1763049 0
2092689 3276
2107689 0
2122149 3754
2122869 0
2124669 3754
2128269 0
2140149 3754
2140869 0
2142669 3754
2146269 0
2210349 3754
2211069 0
2212869 3754
2216469 0
2231949 1365
2232129 0
2233929 1365
2234469 2935
2248869 1365
2249049 2935
2263449 1365
2264169 2935
2278569 1365
2278749 2935
2293149 1365
2293869 2935
2308269 1365
2308449 2935
2322849 0
2679832 3276
2694832 0
2805328 665
2805329 0
36 events for D
563583 26968906
563588 0
585183 134824032
585188 0
588109 20221556
588114 0
779523 83191028
779528 0
973923 38234987
973928 0
995523 107957608
995528 0
1017123 350862225
1017128 0
1017129 4498234
1017134 0
1038723 38234987
1038728 0
1362783 42873674
1362788 0
1384383 60808152
1384388 0
1470783 123650191
1470788 0
1492383 112353360
1492388 0
1513983 191051956
1513988 0
1535583 148359728
1535588 0
2196423 92231261
2196428 0
2226783 67412016
2226788 0
2535470 67429102
2535475 0
97 events for E
14036 706
18236 1285
50415 706
107208 2414
109048 706
135814 1285
141394 706
155525 1285
157505 706
395194 1285
418752 706
422952 1285
436941 706
439161 1772
454831 706
459451 1772
475220 2414
477580 1772
491210 706
546194 2414
555954 706
588037 1285
618814 706
623036 1285
632494 706
691894 0
691895 487
712008 2414
713848 487
786265 2414
802465 487
806880 2414
839708 487
843908 2414
876737 487
1080020 2414
1081860 487
1108294 2414
1132688 487
1136889 2414
1169067 487
1173268 2414
1176868 487
1194868 2414
1198468 487
1208147 2414
1210294 487
1221694 2414
1260015 487
1315694 2414
1333423 487
1337623 2414
1345594 487
1391134 2414
1406919 487
1596173 2414
1603594 487
1632597 2414
1664637 487
1684820 2414
1686660 487
1842694 2414
1864815 487
1869018 2414
1890994 487
1920494 2414
1938218 487
1942425 2414
1950094 487
2036794 2414
2049248 487
2053508 2414
2086337 487
2253441 2414
2269531 487
2273731 2414
2305790 487
2310170 2414
2339194 487
2380768 2414
2396796 487
2401057 2414
2425594 1285
2526408 2414
2528248 1285
2533301 2414
2543023 1285
2547223 2414
2555023 1285
2663194 2414
2691137 1285
2695337 2414
2706394 1285
2732365 2414
2763694 1285
2776894 2414
2787283 1285
36 events for F
562211 26968906
562216 0
583811 134824032
583816 0
586737 20221556
586742 0
778151 83191028
778156 0
972551 38234987
972556 0
994151 107957608
994156 0
1015751 350862225
1015756 0
1015757 4498234
1015762 0
1037351 38234987
1037356 0
1361411 42873674
1361416 0
1383011 60808152
1383016 0
1469411 123650191
1469416 0
1491011 112353360
1491016 0
1512611 191051956
1512616 0
1534211 148359728
1534216 0
2195051 92231261
2195056 0
2225411 67412016
2225416 0
2534098 67429102
2534103 0
2 events for G
694572 0
694573 2650
32 events for H
86948 0
98349 1300
346148 0
363549 1300
691748 0
703629 600
703809 1300
950429 700
950474 0
962649 600
962829 1300
1209569 700
1209614 0
1221729 600
1221909 1300
1295969 700
1296014 0
1314129 600
1314309 1300
1554389 700
1554434 0
1573329 600
1573449 1300
1900949 700
1900994 0
1918749 1300
2160548 0
2177949 1300
2506148 0
2517549 1950
2765348 0
2776749 1950
0 events for I

94 events for J
732179 1000
733179 0
777887 1000
778887 0
823786 1000
824786 0
869909 1000
870909 0
916357 1000
917357 0
963164 1000
964164 0
1027972 1000
1028972 0
1073591 1000
1074591 0
1118466 1000
1119466 0
1158838 1000
1158902 0
1171449 1000
1172449 0
1208056 1000
1209056 0
1252457 1000
1253457 0
1296789 1000
1297789 0
1358642 1000
1359642 0
1420652 1000
1421652 0
1472320 1000
1473320 0
1516152 1000
1517152 0
1559701 1000
1560701 0
1603044 1000
1604044 0
1646154 1000
1647154 0
1688914 1000
1689914 0
1731463 1000
1732463 0
1774075 1000
1775075 0
1817007 1000
1818007 0
1860377 1000
1861377 0
1904024 1000
1905024 0
1947700 1000
1948700 0
1991431 1000
1992431 0
2035159 1000
2036159 0
2079311 1000
2080311 0
2118350 1000
2119350 0
2171844 1000
2172844 0
2212216 1000
2213216 0
2258417 1000
2259417 0
2306208 1000
2307208 0
2355716 1000
2356716 0
2404047 1000
2405047 0
2450734 1000
2451734 0
2496897 1000
2497897 0
2541895 1000
2542895 0
2586600 1000
2587600 0
2631517 1000
2632517 0
2676701 1000
2677701 0
2722455 1000
2723455 0
2767790 1000
2768790 0
2811902 1000
2812902 0
20 events for K
86439 0
87039 224
691239 0
1041279 20
1041459 0
1043619 20
1043799 0
1043859 28
1209999 0
1222299 20
1222479 0
1224639 20
1224819 0
1224879 126
1296399 0
1296639 305
1900839 0
1901439 305
2505639 0
2506239 330
32 events for L
90472 0
101873 1300
349672 0
367073 1300
695272 0
707153 600
707333 1300
953953 700
953998 0
966173 600
966353 1300
1213093 700
1213138 0
1225253 600
1225433 1300
1299493 700
1299538 0
1317653 600
1317833 1300
1557913 700
1557958 0
1576853 600
1576973 1300
1904473 700
1904518 0
1922273 1300
2164072 0
2181473 1300
2509672 0
2521073 1950
2768872 0
2780273 1950
