12 instruments
A 10 100 0 974485132.8010211
B 10 100 54084010.43300014 1720684275.4783733
C 10 100 8192 3200000000
D 10 100 157159.98672976866 607777468.940395
E 10 100 20412.132877845776 869835207.86274612
F 10 100 728287279.5071317 6713663885.8674479
G 10 100 0 276873309.16802311
H 10 100 0 320000000
I 10 100 22090 160000000
J 10 100 40786.332763907049 54547276.407707497
K 10 100 22528 960000000
L 10 100 0.000155227 800000000
60 downlinks
0 862 44901 9462.077765
1 44902 60235 8739.387213
2 100749 115653 27177.101999999999
3 131202 155311 28867.988366000001
4 156252 178780 8757.0573490000006
5 217503 259751 30482.278361000001
6 259752 296645 9337.789702
7 296646 325107 8515.7706749999998
8 365949 380832 8900.7025030000004
9 383042 408831 8778.3355150000007
10 408842 437214 29886.497736000001
11 439739 466980 29243.536622
12 467699 471912 26517.245249
13 476408 490680 8834.4018649999998
14 509939 521314 9457.9623840000004
15 533335 553231 28164.872808
16 562710 604939 30503.298975000002
17 604940 627355 8691.2845450000004
18 627831 637826 8525.9525360000007
19 640491 644244 28086.786929000002
20 705549 733493 9305.8530659999997
21 735317 739831 9003.7058219999999
22 765228 780989 29720.859928999998
23 813982 817639 28196.056719
24 821621 838334 8724.7512220000008
25 839924 867259 9238.0711549999996
26 868180 907924 29465.914934
27 907925 915901 8736.7051790000005
28 938920 952934 8623.2506759999997
29 964749 986998 8421.9856619999991
30 991239 1011098 27549.328343000001
31 1022916 1040175 29572.320551000001
32 1042472 1072611 29086.290951999999
33 1072712 1101387 8813.8421070000004
34 1109612 1126578 29493.047434
35 1134508 1157999 27435.630709000001
36 1158890 1170418 29792.428981000001
37 1173508 1183391 8997.6095590000004
38 1186408 1209595 26654.011493000002
39 1223949 1247074 8664.3956859999998
40 1247304 1273163 8910.3347130000002
41 1316349 1336346 9263.3037550000008
42 1339455 1345687 8194.1372179999998
43 1357400 1370063 8812.3468479999992
44 1388896 1390727 28513.272391999999
45 1417571 1421732 29797.943813000002
46 1425763 1460595 9287.2106050000002
47 1460596 1471348 9493.8769009999996
48 1474752 1510832 29841.66733
49 1512071 1516749 9031.5484039999992
50 1575549 1587179 27058.173078
51 1589288 1592845 27764.822221999999
52 1596788 1613390 8866.3210920000001
53 1625275 1637435 30200.423556999998
54 1640547 1645391 9259.4321029999992
55 1649583 1673654 9457.3783449999992
56 1675383 1679211 29542.407908000001
57 1684689 1699532 8564.5545529999999
58 1708683 1731352 9335.3412189999999
59 1733879 1762605 27874.981927000001
0 opportunities for A
0 opportunities for B
0 opportunities for C
0 opportunities for D
0 opportunities for E
0 opportunities for F
0 opportunities for G
0 opportunities for H
0 opportunities for I
0 opportunities for J
0 opportunities for K
0 opportunities for L
46 events for A
732504 1000
733504 0
778212 1000
779212 0
824111 1000
825111 0
870234 1000
871234 0
916682 1000
917682 0
963489 1000
964489 0
1028297 1000
1029297 0
1073916 1000
1074916 0
1118791 1000
1119791 0
1159163 1000
1159227 0
1171774 1000
1172774 0
1208381 1000
1209381 0
1252782 1000
1253782 0
1297114 1000
1298114 0
1358967 1000
1359967 0
1420977 1000
1421977 0
1472645 1000
1473645 0
1516477 1000
1517477 0
1560026 1000
1561026 0
1603369 1000
1604369 0
1646479 1000
1647479 0
1689239 1000
1690239 0
1731788 1000
1732788 0
61 events for B
14036 706
18236 1285
50415 706
107208 2414
109048 706
135814 1285
141394 706
155525 1285
157505 706
395194 1285
418752 706
422952 1285
436941 706
439161 1772
454831 706
459451 1772
475220 2414
477580 1772
491210 706
546194 2414
555954 706
588037 1285
618814 706
623036 1285
632494 706
691894 0
691895 487
712008 2414
713848 487
786265 2414
802465 487
806880 2414
839708 487
843908 2414
876737 487
1080020 2414
1081860 487
1108294 2414
1132688 487
1136889 2414
1169067 487
1173268 2414
1176868 487
1194868 2414
1198468 487
1208147 2414
1210294 487
1221694 2414
1260015 487
1315694 2414
1333423 487
1337623 2414
1345594 487
1391134 2414
1406919 487
1596173 2414
1603594 487
1632597 2414
1664637 487
1684820 2414
1686660 487
740 events for C
14490 12910592
14491 0
14750 12910592
14751 0
15330 12910592
15331 0
15590 12910592
15591 0
32680 12910592
32681 0
32940 12910592
32941 0
33520 12910592
33521 0
33780 12910592
33781 0
50869 12910592
50870 0
51129 12910592
51130 0
51709 12910592
51710 0
51969 12910592
51970 0
68459 12910592
68460 0
68719 12910592
68720 0
69299 12910592
69300 0
69559 12910592
69560 0
85748 12910592
85749 0
86008 12910592
86009 0
86588 12910592
86589 0
86848 12910592
86849 0
105762 12910592
105763 0
105992 12910592
105993 0
106532 12910592
106533 0
106762 12910592
106763 0
124277 12910592
124278 0
124537 12910592
124538 0
125117 12910592
125118 0
125377 12910592
125378 0
142791 12910592
142792 0
143051 12910592
143052 0
143631 12910592
143632 0
143891 12910592
143892 0
161305 12910592
161306 0
161565 12910592
161566 0
162145 12910592
162146 0
162405 12910592
162406 0
179819 12910592
179820 0
180079 12910592
180080 0
180659 12910592
180660 0
180919 12910592
180920 0
198334 12910592
198335 0
198594 12910592
198595 0
199174 12910592
199175 0
199434 12910592
199435 0
216848 12910592
216849 0
217108 12910592
217109 0
217688 12910592
217689 0
217948 12910592
217949 0
235362 12910592
235363 0
235622 12910592
235623 0
236202 12910592
236203 0
236462 12910592
236463 0
253877 12910592
253878 0
254137 12910592
254138 0
254717 12910592
254718 0
254977 12910592
254978 0
272391 12910592
272392 0
272651 12910592
272652 0
273231 12910592
273232 0
273491 12910592
273492 0
290905 12910592
290906 0
291165 12910592
291166 0
291745 12910592
291746 0
292005 12910592
292006 0
309419 12910592
309420 0
309679 12910592
309680 0
310259 12910592
310260 0
310519 12910592
310520 0
327334 12910592
327335 0
327594 12910592
327595 0
328174 12910592
328175 0
328434 12910592
328435 0
344948 12910592
344949 0
345208 12910592
345209 0
345788 12910592
345789 0
346048 12910592
346049 0
363848 12910592
363849 0
364108 12910592
364109 0
364688 12910592
364689 0
364948 12910592
364949 0
382827 12910592
382828 0
383087 12910592
383088 0
383667 12910592
383668 0
383927 12910592
383928 0
401016 12910592
401017 0
401276 12910592
401277 0
401856 12910592
401857 0
402116 12910592
402117 0
419206 12910592
419207 0
419466 12910592
419467 0
420046 12910592
420047 0
420306 12910592
420307 0
437395 12910592
437396 0
437655 12910592
437656 0
438235 12910592
438236 0
438495 12910592
438496 0
455585 12910592
455586 0
455845 12910592
455846 0
456425 12910592
456426 0
456685 12910592
456686 0
473774 12910592
473775 0
474004 12910592
474005 0
474544 12910592
474545 0
474774 12910592
474775 0
491964 12910592
491965 0
492224 12910592
492225 0
492804 12910592
492805 0
493064 12910592
493065 0
510153 12910592
510154 0
510413 12910592
510414 0
510993 12910592
510994 0
511253 12910592
511254 0
528343 12910592
528344 0
528603 12910592
528604 0
529183 12910592
529184 0
529443 12910592
529444 0
544748 12910592
544749 0
544978 12910592
544979 0
545518 12910592
545519 0
545748 12910592
545749 0
564722 12910592
564723 0
564982 12910592
564983 0
565562 12910592
565563 0
565822 12910592
565823 0
582911 12910592
582912 0
583171 12910592
583172 0
583751 12910592
583752 0
584011 12910592
584012 0
601101 12910592
601102 0
601361 12910592
601362 0
601941 12910592
601942 0
602201 12910592
602202 0
619290 12910592
619291 0
619550 12910592
619551 0
620130 12910592
620131 0
620390 12910592
620391 0
637480 12910592
637481 0
637740 12910592
637741 0
638320 12910592
638321 0
638580 12910592
638581 0
655669 12910592
655670 0
655929 12910592
655930 0
656509 12910592
656510 0
656769 12910592
656770 0
673259 12910592
673260 0
673519 12910592
673520 0
674099 12910592
674100 0
674359 12910592
674360 0
690548 12910592
690549 0
690808 12910592
690809 0
691388 12910592
691389 0
691648 12910592
691649 0
710562 12910592
710563 0
710792 12910592
710793 0
711332 12910592
711333 0
711562 12910592
711563 0
729077 12910592
729078 0
729337 12910592
729338 0
729917 12910592
729918 0
730177 12910592
730178 0
747591 12910592
747592 0
747851 12910592
747852 0
748431 12910592
748432 0
748691 12910592
748692 0
766105 12910592
766106 0
766365 12910592
766366 0
766945 12910592
766946 0
767205 12910592
767206 0
784619 12910592
784620 0
784879 12910592
784880 0
785459 12910592
785460 0
785719 12910592
785720 0
803134 12910592
803135 0
803394 12910592
803395 0
803974 12910592
803975 0
804234 12910592
804235 0
821648 12910592
821649 0
821908 12910592
821909 0
822488 12910592
822489 0
822748 12910592
822749 0
840162 12910592
840163 0
840422 12910592
840423 0
841002 12910592
841003 0
841262 12910592
841263 0
858677 12910592
858678 0
858937 12910592
858938 0
859517 12910592
859518 0
859777 12910592
859778 0
877191 12910592
877192 0
877451 12910592
877452 0
878031 12910592
878032 0
878291 12910592
878292 0
895705 12910592
895706 0
895965 12910592
895966 0
896545 12910592
896546 0
896805 12910592
896806 0
914219 12910592
914220 0
914479 12910592
914480 0
915059 12910592
915060 0
915319 12910592
915320 0
932134 12910592
932135 0
932394 12910592
932395 0
932974 12910592
932975 0
933234 12910592
933235 0
949748 12910592
949749 0
950008 12910592
950009 0
950588 12910592
950589 0
950848 12910592
950849 0
969437 12910592
969438 0
969697 12910592
969698 0
970277 12910592
970278 0
970537 12910592
970538 0
989998 12910592
989999 0
990258 12910592
990259 0
990838 12910592
990839 0
991098 12910592
991099 0
1004398 12910592
1004399 0
1004658 12910592
1004659 0
1005238 12910592
1005239 0
1005498 12910592
1005499 0
1024006 12910592
1024007 0
1024266 12910592
1024267 0
1024846 12910592
1024847 0
1025106 12910592
1025107 0
1042195 12910592
1042196 0
1042455 12910592
1042456 0
1043035 12910592
1043036 0
1043295 12910592
1043296 0
1060385 12910592
1060386 0
1060645 12910592
1060646 0
1061225 12910592
1061226 0
1061485 12910592
1061486 0
1078574 12910592
1078575 0
1078804 12910592
1078805 0
1079344 12910592
1079345 0
1079574 12910592
1079575 0
1096764 12910592
1096765 0
1097024 12910592
1097025 0
1097604 12910592
1097605 0
1097864 12910592
1097865 0
1114953 12910592
1114954 0
1115213 12910592
1115214 0
1115793 12910592
1115794 0
1116053 12910592
1116054 0
1133143 12910592
1133144 0
1133403 12910592
1133404 0
1133983 12910592
1133984 0
1134243 12910592
1134244 0
1151332 12910592
1151333 0
1151592 12910592
1151593 0
1152172 12910592
1152173 0
1152432 12910592
1152433 0
1169522 12910592
1169523 0
1169782 12910592
1169783 0
1170362 12910592
1170363 0
1170622 12910592
1170623 0
1187711 12910592
1187712 0
1187971 12910592
1187972 0
1188551 12910592
1188552 0
1188811 12910592
1188812 0
1205901 12910592
1205902 0
1206161 12910592
1206162 0
1206741 12910592
1206742 0
1207001 12910592
1207002 0
1224090 12910592
1224091 0
1224350 12910592
1224351 0
1224930 12910592
1224931 0
1225190 12910592
1225191 0
1242280 12910592
1242281 0
1242540 12910592
1242541 0
1243120 12910592
1243121 0
1243380 12910592
1243381 0
1260469 12910592
1260470 0
1260729 12910592
1260730 0
1261309 12910592
1261310 0
1261569 12910592
1261570 0
1278059 12910592
1278060 0
1278319 12910592
1278320 0
1278899 12910592
1278900 0
1279159 12910592
1279160 0
1295348 12910592
1295349 0
1295608 12910592
1295609 0
1296188 12910592
1296189 0
1296448 12910592
1296449 0
1314248 12910592
1314249 0
1314478 12910592
1314479 0
1315018 12910592
1315019 0
1315248 12910592
1315249 0
1333877 12910592
1333878 0
1334137 12910592
1334138 0
1334717 12910592
1334718 0
1334977 12910592
1334978 0
1352391 12910592
1352392 0
1352651 12910592
1352652 0
1353231 12910592
1353232 0
1353491 12910592
1353492 0
1370905 12910592
1370906 0
1371165 12910592
1371166 0
1371745 12910592
1371746 0
1372005 12910592
1372006 0
1389419 12910592
1389420 0
1389679 12910592
1389680 0
1390259 12910592
1390260 0
1390519 12910592
1390520 0
1407934 12910592
1407935 0
1408194 12910592
1408195 0
1408774 12910592
1408775 0
1409034 12910592
1409035 0
1426448 12910592
1426449 0
1426708 12910592
1426709 0
1427288 12910592
1427289 0
1427548 12910592
1427549 0
1444962 12910592
1444963 0
1445222 12910592
1445223 0
1445802 12910592
1445803 0
1446062 12910592
1446063 0
1463477 12910592
1463478 0
1463737 12910592
1463738 0
1464317 12910592
1464318 0
1464577 12910592
1464578 0
1481991 12910592
1481992 0
1482251 12910592
1482252 0
1482831 12910592
1482832 0
1483091 12910592
1483092 0
1500505 12910592
1500506 0
1500765 12910592
1500766 0
1501345 12910592
1501346 0
1501605 12910592
1501606 0
1519019 12910592
1519020 0
1519279 12910592
1519280 0
1519859 12910592
1519860 0
1520119 12910592
1520120 0
1536934 12910592
1536935 0
1537194 12910592
1537195 0
1537774 12910592
1537775 0
1538034 12910592
1538035 0
1554548 12910592
1554549 0
1554808 12910592
1554809 0
1555388 12910592
1555389 0
1555648 12910592
1555649 0
1573448 12910592
1573449 0
1573708 12910592
1573709 0
1574288 12910592
1574289 0
1574548 12910592
1574549 0
1592427 12910592
1592428 0
1592687 12910592
1592688 0
1593267 12910592
1593268 0
1593527 12910592
1593528 0
1610616 12910592
1610617 0
1610876 12910592
1610877 0
1611456 12910592
1611457 0
1611716 12910592
1611717 0
1628806 12910592
1628807 0
1629066 12910592
1629067 0
1629646 12910592
1629647 0
1629906 12910592
1629907 0
1646995 12910592
1646996 0
1647255 12910592
1647256 0
1647835 12910592
1647836 0
1648095 12910592
1648096 0
1665185 12910592
1665186 0
1665445 12910592
1665446 0
1666025 12910592
1666026 0
1666285 12910592
1666286 0
1683374 12910592
1683375 0
1683604 12910592
1683605 0
1684144 12910592
1684145 0
1684374 12910592
1684375 0
1770548 12910592
1770549 0
1770808 12910592
1770809 0
2 events for D
694830 0
694831 74
42 events for E
110357 4214960
110361 0
110787 4214960
110791 0
111527 4214960
111531 0
111957 4214960
111961 0
478369 4214960
478373 0
478799 4214960
478803 0
479539 4214960
479543 0
479969 4214960
479973 0
549343 4214960
549347 0
549773 4214960
549777 0
550513 4214960
550517 0
550943 4214960
550947 0
715157 4214960
715161 0
715587 4214960
715591 0
716327 4214960
716331 0
716757 4214960
716761 0
1083169 4214960
1083173 0
1083599 4214960
1083603 0
1084339 4214960
1084343 0
1084769 4214960
1084773 0
1688495 67463256
1688500 0
30 events for F
563871 26968906
563876 0
585471 134824032
585476 0
588397 20221556
588402 0
779811 83191028
779816 0
974211 38234987
974216 0
995811 107957608
995816 0
1017411 350862225
1017416 0
1017417 4498234
1017422 0
1039011 38234987
1039016 0
1363071 42873674
1363076 0
1384671 60808152
1384676 0
1471071 123650191
1471076 0
1492671 112353360
1492676 0
1514271 191051956
1514276 0
1535871 148359728
1535876 0
0 events for G

0 events for H

137 events for I
5769 0
56270 1714
67680 0
69220 906
69960 1714
84969 0
102249 1714
104983 0
105163 215
116639 0
120463 1714
123498 0
146669 1500
152684 0
166859 1500
172869 0
204909 906
205659 0
314820 906
326555 0
328095 906
344169 0
365649 906
382048 0
388228 906
395189 0
439016 906
454506 0
461769 906
468089 0
556488 906
563943 0
565483 906
582132 0
588372 906
600322 0
638241 906
654890 0
661070 906
672480 0
713444 906
728298 0
734478 906
746812 0
757492 1500
763604 0
771566 1500
777678 0
822409 906
839383 0
845563 906
857838 0
860178 906
868055 0
910149 906
910915 0
964449 1714
968058 0
971529 1714
988823 0
995399 1714
1003899 0
1009809 906
1010549 1714
1022627 0
1029407 1714
1041416 0
1043696 1714
1059606 0
1065786 1714
1077795 0
1081778 906
1082518 1714
1095985 0
1102165 1714
1107669 0
1138544 215
1149964 0
1255749 906
1256489 0
1265870 906
1277280 0
1279560 906
1294569 0
1317876 906
1333098 0
1340235 906
1351612 0
1353152 906
1369912 0
1376906 906
1388426 0
1391594 906
1406594 0
1413335 906
1425669 0
1427209 906
1444183 0
1450363 906
1453269 0
1453749 906
1462698 0
1464978 906
1480912 0
1487392 906
1496469 0
1496649 1087
1499359 0
1502306 906
1518240 0
1524394 593
1530061 0
1532080 906
1535040 0
1539515 593
1553076 0
1575249 906
1581969 0
1583049 906
1591631 0
1597828 906
1609809 0
1611405 906
1626069 0
1626549 906
1628009 0
1634207 906
1646151 0
1648560 906
1664312 0
1670586 1714
1682454 0
1686634 906
1687374 1714
1723269 0
1736049 1714
1766469 0
2 events for J
693049 0
693050 18
42 events for K
107273 4214960
107277 0
107703 4214960
107707 0
108443 4214960
108447 0
108873 4214960
108877 0
475285 4214960
475289 0
475715 4214960
475719 0
476455 4214960
476459 0
476885 4214960
476889 0
546259 4214960
546263 0
546689 4214960
546693 0
547429 4214960
547433 0
547859 4214960
547863 0
712073 4214960
712077 0
712503 4214960
712507 0
713243 4214960
713247 0
713673 4214960
713677 0
1080085 4214960
1080089 0
1080515 4214960
1080519 0
1081255 4214960
1081259 0
1081685 4214960
1081689 0
1685411 67463256
1685416 0
318 events for L
3249 12910592
3250 0
5709 12910592
5710 0
56649 12910592
56650 0
61920 12910592
61921 0
67260 12910592
67261 0
70560 12910592
70561 0
77554 12910592
77555 0
84554 12910592
84555 0
102854 12910592
102855 0
104649 12910592
104650 0
120849 12910592
120850 0
123134 12910592
123135 0
315125 12910592
315126 0
318120 12910592
318121 0
320627 12910592
320628 0
323135 12910592
323136 0
326135 12910592
326136 0
329435 12910592
329436 0
332435 12910592
332436 0
336597 12910592
336598 0
340749 12910592
340750 0
343749 12910592
343750 0
366254 12910592
366255 0
368049 12910592
368050 0
369849 12910592
369850 0
373449 12910592
373450 0
377049 12910592
377050 0
381249 12910592
381250 0
388454 12910592
388455 0
390849 12910592
390850 0
393849 12910592
393850 0
439616 12910592
439617 0
441314 12910592
441315 0
446851 12910592
446852 0
451086 12910592
451087 0
454086 12910592
454087 0
462549 12910592
462550 0
465854 12910592
465855 0
557049 12910592
557050 0
563349 12910592
563350 0
566949 12910592
566950 0
570549 12910592
570550 0
574149 12910592
574150 0
577808 12910592
577809 0
581703 12910592
581704 0
588849 12910592
588850 0
599594 12910592
599595 0
639586 12910592
639587 0
643449 12910592
643450 0
647049 12910592
647050 0
650649 12910592
650650 0
654470 12910592
654471 0
661375 12910592
661376 0
666849 12910592
666850 0
671649 12910592
671650 0
714784 12910592
714785 0
717787 12910592
717788 0
721331 12910592
721332 0
724878 12910592
724879 0
727878 12910592
727879 0
734778 12910592
734779 0
737778 12910592
737779 0
740588 12910592
740589 0
743392 12910592
743393 0
746392 12910592
746393 0
823992 12910592
823993 0
828849 12910592
828850 0
833649 12910592
833650 0
838569 12910592
838570 0
845892 12910592
845893 0
849429 12910592
849430 0
852969 12910592
852970 0
857349 12910592
857350 0
860829 12910592
860830 0
864849 12910592
864850 0
867312 12910592
867313 0
966193 12910592
966194 0
972129 12910592
972130 0
980169 12910592
980170 0
988212 12910592
988213 0
1011371 12910592
1011372 0
1016678 12910592
1016679 0
1022207 12910592
1022208 0
1029549 12910592
1029550 0
1034049 12910592
1034050 0
1038849 12910592
1038850 0
1044296 12910592
1044297 0
1051741 12910592
1051742 0
1059069 12910592
1059070 0
1066086 12910592
1066087 0
1071730 12910592
1071731 0
1077375 12910592
1077376 0
1083121 12910592
1083122 0
1089341 12910592
1089342 0
1095565 12910592
1095566 0
1104860 12910592
1104861 0
1266170 12910592
1266171 0
1269170 12910592
1269171 0
1271518 12910592
1271519 0
1273860 12910592
1273861 0
1276860 12910592
1276861 0
1280160 12910592
1280161 0
1283160 12910592
1283161 0
1287154 12910592
1287155 0
1291149 12910592
1291150 0
1294152 12910592
1294153 0
1318484 12910592
1318485 0
1325349 12910592
1325350 0
1332509 12910592
1332510 0
1341849 12910592
1341850 0
1351192 12910592
1351193 0
1354495 12910592
1354496 0
1361992 12910592
1361993 0
1369492 12910592
1369493 0
1377372 12910592
1377373 0
1384448 12910592
1384449 0
1392194 12910592
1392195 0
1399184 12910592
1399185 0
1405929 12910592
1405930 0
1413849 12910592
1413850 0
1424649 12910592
1424650 0
1428852 12910592
1428853 0
1442649 12910592
1442650 0
1451759 12910592
1451760 0
1458313 12910592
1458314 0
1468213 12910592
1468214 0
1475049 12910592
1475050 0
1478649 12910592
1478650 0
1487692 12910592
1487693 0
1491849 12910592
1491850 0
1495932 12910592
1495933 0
1503849 12910592
1503850 0
1507329 12910592
1507330 0
1512249 12910592
1512250 0
1517351 12910592
1517352 0
1534209 12910592
1534210 0
1578549 12910592
1578550 0
1583649 12910592
1583650 0
1590849 12910592
1590850 0
1598650 12910592
1598651 0
1608969 12910592
1608970 0
1612689 12910592
1612690 0
1619198 12910592
1619199 0
1627369 12910592
1627370 0
1637049 12910592
1637050 0
1643589 12910592
1643590 0
1649649 12910592
1649650 0
1656527 12910592
1656528 0
1662849 12910592
1662850 0
1671186 12910592
1671187 0
1676611 12910592
1676612 0
1688229 12910592
1688230 0
1694611 12910592
1694612 0
1701249 12910592
1701250 0
1716999 12910592
1717000 0
1722849 12910592
1722850 0
1737849 12910592
1737850 0
1750449 12910592
1750450 0
1765749 12910592
1765750 0
