12 instruments
A 10 100 0 276873309.16802311
B 10 100 47192398.279190399 1501427445.7644184
C 10 100 2419.0747377101388 662193255.831689
D 10 100 0 888000000
E 10 100 20412.132877845776 869835207.86274612
F 10 100 24955.266722182481 180753403.14844713
G 10 100 0.00018444817663405244 950598422.35720563
H 10 100 0 275897579.9041419
I 10 100 8192 3200000000
J 10 100 2665037.1650940888 921958803.05957663
K 10 100 815344000 7516190000
L 10 100 199466000 880000000
100 downlinks
0 230 26089 8910.3347130000002
1 69275 89272 9263.3037550000008
2 92381 98613 8194.1372179999998
3 110326 122989 8812.3468479999992
4 141822 143653 28513.272391999999
5 170497 174658 29797.943813000002
6 178689 213521 9287.2106050000002
7 213522 224274 9493.8769009999996
8 227678 263758 29841.66733
9 264997 269675 9031.5484039999992
10 328475 340105 27058.173078
11 342214 345771 27764.822221999999
12 349714 366316 8866.3210920000001
13 378201 390361 30200.423556999998
14 393473 398317 9259.4321029999992
15 402509 426580 9457.3783449999992
16 428309 432137 29542.407908000001
17 437615 452458 8564.5545529999999
18 461609 484278 9335.3412189999999
19 486805 515531 27874.981927000001
20 523925 566080 30587.746092000001
21 566081 610233 9231.3874039999992
22 610234 626452 8609.2624169999999
23 627801 644033 8689.6108280000008
24 652386 654433 26609.79682
25 674075 693680 8915.2263710000007
26 696545 726495 9094.9622560000007
27 726496 744210 8333.9255690000009
28 744792 751133 27500.430241999999
29 765210 781563 8601.7316499999997
30 782856 817769 9100.8958739999998
31 831487 844776 9427.4328960000003
32 847747 858159 27243.904355999999
33 860587 882307 8431.3051790000009
34 911303 913625 27636.251289
35 933275 952563 8831.2619180000002
36 953671 970270 8966.6639699999996
37 977882 983633 54396.705881000002
38 987425 1001453 58970.262822999997
39 1004038 1033077 57826.355975999999
40 1033078 1043822 17374.699861000001
41 1059178 1085969 57611.601310999999
42 1086178 1118258 59023.283414999998
43 1119000 1124750 55193.106121999997
44 1128106 1170223 25530.421285
45 1170224 1214419 29269.697155999998
46 1214420 1218510 16830.732371999999
47 1231668 1246335 28226.256141999998
48 1248665 1251216 60093.408818999997
49 1291663 1321362 58272.632834999997
50 1321363 1328637 61499.660580999996
51 1342840 1364137 28538.149495000001
52 1377685 1383507 18090.695755000001
53 1387050 1402262 23661.293665000001
54 1404159 1432113 28757.617953000001
55 1432114 1474410 56137.919716999997
56 1475554 1492448 23437.772314999998
57 1507654 1520294 55980.942202999999
58 1533509 1547361 60635.164006999999
59 1550249 1581176 23619.145155999999
60 1601769 1610035 53049.165158000003
61 1612644 1635803 23042.764167000001
62 1635804 1640256 53421.323553000002
63 1643692 1648372 23396.302264000002
64 1651944 1664848 22759.633384000001
65 1688080 1692679 53785.922146999997
66 1703839 1720293 23595.771228000001
67 1722600 1729257 17076.713232999999
68 1732315 1767438 24932.393585000002
69 1767439 1777662 29494.590024000001
70 1780694 1786566 55821.075068999999
71 1789934 1807223 22968.383259999999
72 1808294 1812475 57490.653299999998
73 1830667 1835727 25500.801521000001
74 1877675 1901061 24904.219582000002
75 1904951 1909019 26817.789122999999
76 1921329 1951392 30236.225505999999
77 1954623 1975014 64968.303881
78 1981285 1987614 18980.648960999999
79 1991269 2032235 26276.326033000001
80 2033328 2075612 30209.873796
81 2077589 2081851 26595.764298999999
82 2112418 2119398 25812.000550000001
83 2138813 2150072 26242.243616
84 2153573 2157292 60521.572561000001
85 2165213 2182006 25759.527445
86 2196713 2208971 62910.21802
87 2212368 2246154 62402.514213000002
88 2250231 2262896 26087.487331
89 2278908 2296389 30312.554313000001
90 2303803 2315435 61079.659066
91 2326303 2338193 18673.221132999999
92 2341063 2343968 64240.288658999998
93 2348705 2358281 31143.729536999999
94 2362745 2373172 31955.262932000001
95 2378585 2417619 32548.652656999999
96 2422874 2433113 26591.031461999999
97 2438797 2448637 31032.775088999999
98 2482475 2503414 26518.557602000001
99 2509196 2513748 27135.491309000001
0 opportunities for A
0 opportunities for B
0 opportunities for C
0 opportunities for D
0 opportunities for E
0 opportunities for F
0 opportunities for G
0 opportunities for H
0 opportunities for I
0 opportunities for J
0 opportunities for K
0 opportunities for L
0 events for A

60 events for B
14741 487
70420 2414
88149 487
92349 2414
100320 487
145860 2414
161645 487
350899 2414
358320 487
387323 2414
419363 487
439546 2414
441386 487
597420 2414
619541 487
623744 2414
645720 487
675220 2414
692944 487
697151 2414
704820 487
791520 2414
803974 487
808234 2414
841063 487
1008167 2414
1024257 487
1028457 2414
1060516 487
1064896 2414
1093920 487
1135494 2414
1151522 487
1155783 2414
1180320 1285
1281134 2414
1282974 1285
1288027 2414
1297749 1285
1301949 2414
1309749 1285
1417920 2414
1445863 1285
1450063 2414
1461120 1285
1487091 2414
1518420 1285
1531620 2414
1542009 1285
1649146 2414
1650986 1285
1655520 2414
1665294 1285
1669657 2414
1698720 2057
1865820 0
1865821 2414
2470620 1772
2490627 2414
2492467 1772
92 events for C
117370 3754
118090 0
119890 3754
123490 0
146170 3754
146890 0
148690 3754
152290 0
188470 3754
189190 0
190990 3754
194590 0
263170 3754
263890 0
265690 3754
269290 0
349570 1365
349750 0
351550 1365
352090 1979
366490 1365
366670 1979
381070 1365
381790 1979
396190 1365
396370 1979
410770 1365
411490 1979
425890 1365
426070 1979
440470 0
486370 665
518770 0
848410 3276
863410 0
877870 3754
878590 0
880390 3754
883990 0
895870 3754
896590 0
898390 3754
901990 0
966070 3754
966790 0
968590 3754
972190 0
987670 1365
987850 0
989650 1365
990190 2935
1004590 1365
1004770 2935
1019170 1365
1019890 2935
1034290 1365
1034470 2935
1048870 1365
1049590 2935
1063990 1365
1064170 2935
1078570 0
1435553 3276
1450553 0
1561049 665
1561050 0
1633807 665
1633808 0
1707705 3276
1722705 0
1878370 1979
1879570 0
1881370 1979
1884970 1365
1885690 1979
1900090 1365
1900270 1979
1929070 1365
1929790 1979
1944190 1365
1944370 1979
1977970 1365
1978690 1979
1993090 1365
1993270 1979
2012470 0
2054341 4096
2062541 0
2346796 665
2375956 0
2511884 665
2541404 0
82 events for D
5138 1000
6138 0
49470 1000
50470 0
111323 1000
112323 0
173333 1000
174333 0
225001 1000
226001 0
268833 1000
269833 0
312382 1000
313382 0
355725 1000
356725 0
398835 1000
399835 0
441595 1000
442595 0
484144 1000
485144 0
526756 1000
527756 0
569688 1000
570688 0
613058 1000
614058 0
656705 1000
657705 0
700381 1000
701381 0
744112 1000
745112 0
787840 1000
788840 0
831992 1000
832992 0
871031 1000
872031 0
924525 1000
925525 0
964897 1000
965897 0
1011098 1000
1012098 0
1058889 1000
1059889 0
1108397 1000
1109397 0
1156728 1000
1157728 0
1203415 1000
1204415 0
1249578 1000
1250578 0
1294576 1000
1295576 0
1339281 1000
1340281 0
1384198 1000
1385198 0
1429382 1000
1430382 0
1475136 1000
1476136 0
1520471 1000
1521471 0
1564583 1000
1565583 0
1608442 1000
1609442 0
1652020 1000
1653020 0
1695256 1000
1696256 0
1738179 1000
1739179 0
1781007 1000
1782007 0
1824304 1000
1825304 0
28 events for E
441421 67463256
441426 0
1046221 47210957
1046226 0
1887176 4214960
1887180 0
1887606 4214960
1887610 0
1888346 4214960
1888350 0
1888776 4214960
1888780 0
2254743 4214960
2254747 0
2255173 4214960
2255177 0
2255913 4214960
2255917 0
2256343 4214960
2256347 0
2491976 4214960
2491980 0
2492406 4214960
2492410 0
2493146 4214960
2493150 0
2493576 4214960
2493580 0
287 events for F
9617 906
10357 0
19738 906
31148 0
33428 906
48437 0
71744 906
86966 0
94103 906
105480 0
107020 906
123780 0
130774 906
142294 0
145462 906
160462 0
167203 906
179537 0
181077 906
198051 0
204231 906
207137 0
207617 906
216566 0
218846 906
234780 0
241260 906
250337 0
250517 1087
253227 0
256174 906
272108 0
278262 593
283929 0
285948 906
288908 0
293383 593
306944 0
329117 906
335837 0
336917 906
345499 0
351696 906
363677 0
365273 906
379937 0
380417 906
381877 0
388075 906
400019 0
402428 906
418180 0
424454 1714
436322 0
440502 906
441242 1714
477137 0
489917 1714
520337 0
529817 1714
545479 0
547255 906
547995 1714
563709 0
566447 1714
581923 0
588159 1714
595937 0
596417 906
600157 0
601726 906
618358 0
624538 906
635948 0
638228 906
644537 0
645317 906
653237 0
676648 906
691761 0
697946 906
710280 0
711820 906
728794 0
734974 906
747308 0
751088 906
764323 0
772003 906
784337 0
785877 906
790037 0
832003 906
839880 0
846060 906
853901 0
859977 906
876137 0
883088 1600
893229 0
898327 1500
904585 0
905647 1500
907989 0
933917 906
950316 0
956496 906
961716 0
962196 906
964937 0
972295 906
973052 1500
978327 0
979652 1500
984937 0
992875 906
1004884 0
1007164 906
1023074 0
1029254 906
1041263 0
1045023 906
1059333 0
1065633 906
1077640 0
1079922 906
1092737 0
1093217 906
1095832 0
1102012 906
1114021 0
1116301 906
1132211 0
1133751 906
1150339 0
1156580 906
1168530 0
1170870 906
1186779 0
1192959 906
1204969 0
1206509 906
1223158 0
1229338 906
1240748 0
1245424 1500
1249439 0
1251124 1500
1255149 0
1273517 906
1276637 0
1283717 215
1295237 0
1317660 906
1333380 0
1339774 906
1352108 0
1354388 906
1370623 0
1376803 906
1389137 0
1390677 906
1407651 0
1413831 906
1426166 0
1428446 906
1444680 0
1450860 906
1463194 0
1464734 906
1481708 0
1487888 906
1499623 0
1501903 906
1517237 0
1532717 906
1536917 0
1539206 906
1555116 0
1561296 906
1573305 0
1574845 906
1591495 0
1597675 906
1609684 0
1611964 906
1627874 0
1634054 906
1646063 0
1649846 906
1664111 0
1670433 906
1682418 0
1684744 906
1700632 0
1706812 906
1718821 0
1721101 906
1737011 0
1738551 906
1755200 0
1761380 906
1773390 0
1775670 906
1789337 0
1797759 906
1808079 0
1811609 906
1827769 0
1834138 906
1845548 0
1847828 906
1862837 0
1878017 1087
1880727 0
1887247 906
1901151 0
1907331 215
1918751 0
1958653 906
1974780 0
1980960 906
1993367 0
1995467 906
2011288 0
2017774 906
2029636 0
2031544 906
2042357 0
2043317 906
2048405 0
2054588 906
2066815 0
2069096 906
2085223 0
2091403 906
2103082 0
2105639 906
2121492 0
2137517 906
2141237 0
2143928 906
2159758 0
2165938 906
2172737 0
2173217 906
2177537 0
2179650 906
2186075 0
2187077 906
2195731 0
2202159 906
2213899 0
2216717 1714
2232017 0
2238560 1714
2250260 0
2254863 1714
2258357 0
2258522 906
2268377 0
2274601 906
2286528 0
2288815 906
2302337 0
2302817 1714
2303853 0
2310822 1714
2312202 0
2313317 1714
2314316 0
2315117 1714
2315597 0
2315987 1714
2316587 0
2317957 1714
2320484 0
2324517 906
2325257 1714
2340437 0
2433856 906
2434776 593
2448697 0
2455766 593
2466807 0
2525937 906
2542637 0
466 events for G
19791 12910592
19792 0
22791 12910592
22792 0
25139 12910592
25140 0
27481 12910592
27482 0
30481 12910592
30482 0
33781 12910592
33782 0
36781 12910592
36782 0
40775 12910592
40776 0
44770 12910592
44771 0
47773 12910592
47774 0
72105 12910592
72106 0
78970 12910592
78971 0
86130 12910592
86131 0
95470 12910592
95471 0
104813 12910592
104814 0
108116 12910592
108117 0
115613 12910592
115614 0
123113 12910592
123114 0
130993 12910592
130994 0
138069 12910592
138070 0
145815 12910592
145816 0
152805 12910592
152806 0
159550 12910592
159551 0
167470 12910592
167471 0
178270 12910592
178271 0
182473 12910592
182474 0
196270 12910592
196271 0
205380 12910592
205381 0
211934 12910592
211935 0
221834 12910592
221835 0
228670 12910592
228671 0
232270 12910592
232271 0
241313 12910592
241314 0
245470 12910592
245471 0
249553 12910592
249554 0
257470 12910592
257471 0
260950 12910592
260951 0
265870 12910592
265871 0
270972 12910592
270973 0
287830 12910592
287831 0
332170 12910592
332171 0
337270 12910592
337271 0
344470 12910592
344471 0
352271 12910592
352272 0
362590 12910592
362591 0
366310 12910592
366311 0
372819 12910592
372820 0
380990 12910592
380991 0
390670 12910592
390671 0
397210 12910592
397211 0
403270 12910592
403271 0
410148 12910592
410149 0
416470 12910592
416471 0
424807 12910592
424808 0
430232 12910592
430233 0
441850 12910592
441851 0
448232 12910592
448233 0
454870 12910592
454871 0
470620 12910592
470621 0
476470 12910592
476471 0
491470 12910592
491471 0
504070 12910592
504071 0
519370 12910592
519371 0
530170 12910592
530171 0
537492 12910592
537493 0
544812 12910592
544813 0
548348 12910592
548349 0
555696 12910592
555697 0
563042 12910592
563043 0
570069 12910592
570070 0
576071 12910592
576072 0
580870 12910592
580871 0
592270 12910592
592271 0
598271 12910592
598272 0
606310 12910592
606311 0
617170 12910592
617171 0
629936 12910592
629937 0
641225 12910592
641226 0
647470 12910592
647471 0
652570 12910592
652571 0
679870 12910592
679871 0
687670 12910592
687671 0
698472 12910592
698473 0
704470 12910592
704471 0
709613 12910592
709614 0
712913 12910592
712914 0
720522 12910592
720523 0
728127 12910592
728128 0
735670 12910592
735671 0
739870 12910592
739871 0
744071 12910592
744072 0
746470 12910592
746471 0
751443 12910592
751444 0
755470 12910592
755471 0
759670 12910592
759671 0
763656 12910592
763657 0
772058 12910592
772059 0
777863 12910592
777864 0
783670 12910592
783671 0
788170 12910592
788171 0
832450 12910592
832451 0
835390 12910592
835391 0
839170 12910592
839171 0
846115 12910592
846116 0
849673 12910592
849674 0
853234 12910592
853235 0
861070 12910592
861071 0
865872 12910592
865873 0
870670 12910592
870671 0
875470 12910592
875471 0
933970 12910592
933971 0
939672 12910592
939673 0
945070 12910592
945071 0
949270 12910592
949271 0
956549 12910592
956550 0
961051 12910592
961052 0
964690 12910592
964691 0
993070 12910592
993071 0
997498 12910592
997499 0
1002069 12910592
1002070 0
1007652 12910592
1007653 0
1014850 12910592
1014851 0
1022050 12910592
1022051 0
1030332 12910592
1030333 0
1039990 12910592
1039991 0
1049470 12910592
1049471 0
1056670 12910592
1056671 0
1069270 12910592
1069271 0
1074670 12910592
1074671 0
1083070 12910592
1083071 0
1090870 12910592
1090871 0
1094470 12910592
1094471 0
1105270 12910592
1105271 0
1110670 12910592
1110671 0
1121470 12910592
1121471 0
1128670 12910592
1128671 0
1137852 12910592
1137853 0
1146610 12910592
1146611 0
1158582 12910592
1158583 0
1164970 12910592
1164971 0
1177270 12910592
1177271 0
1182670 12910592
1182671 0
1193014 12910592
1193015 0
1198657 12910592
1198658 0
1204302 12910592
1204303 0
1207870 12910592
1207871 0
1215048 12910592
1215049 0
1222491 12910592
1222492 0
1232470 12910592
1232471 0
1237870 12910592
1237871 0
1274770 12910592
1274771 0
1317670 12910592
1317671 0
1325215 12910592
1325216 0
1332713 12910592
1332714 0
1342870 12910592
1342871 0
1347671 12910592
1347672 0
1354741 12910592
1354742 0
1362348 12910592
1362349 0
1369872 12910592
1369873 0
1378870 12910592
1378871 0
1387270 12910592
1387271 0
1393272 12910592
1393273 0
1402270 12910592
1402271 0
1413670 12910592
1413671 0
1421470 12910592
1421471 0
1431370 12910592
1431371 0
1440550 12910592
1440551 0
1453810 12910592
1453811 0
1461670 12910592
1461671 0
1467072 12910592
1467073 0
1474270 12910592
1474271 0
1490232 12910592
1490233 0
1496170 12910592
1496171 0
1503550 12910592
1503551 0
1509250 12910592
1509251 0
1516090 12910592
1516091 0
1534510 12910592
1534511 0
1539559 12910592
1539560 0
1544470 12910592
1544471 0
1549992 12910592
1549993 0
1562470 12910592
1562471 0
1570872 12910592
1570873 0
1582270 12910592
1582271 0
1589470 12910592
1589471 0
1600270 12910592
1600271 0
1606570 12910592
1606571 0
1612317 12910592
1612318 0
1619762 12910592
1619763 0
1626670 12910592
1626671 0
1636271 12910592
1636272 0
1643470 12910592
1643471 0
1657871 12910592
1657872 0
1672270 12910592
1672271 0
1679470 12910592
1679471 0
1686670 12910592
1686671 0
1693270 12910592
1693271 0
1699270 12910592
1699271 0
1706865 12910592
1706866 0
1712509 12910592
1712510 0
1724471 12910592
1724472 0
1733470 12910592
1733471 0
1744271 12910592
1744272 0
1751470 12910592
1751471 0
1764070 12910592
1764071 0
1769470 12910592
1769471 0
1777870 12910592
1777871 0
1781772 12910592
1781773 0
1785370 12910592
1785371 0
1800430 12910592
1800431 0
1804152 12910592
1804153 0
1816630 12910592
1816631 0
1820230 12910592
1820231 0
1836070 12910592
1836071 0
1843270 12910592
1843271 0
1852270 12910592
1852271 0
1859470 12910592
1859471 0
1888272 26897
1888752 0
1899072 26897
1899552 0
1996271 26897
1996751 0
2007072 26897
2007552 0
2028672 26897
2029152 0
2045706 26897
2046186 0
2055071 26897
2055551 0
2066150 26897
2066630 0
2083871 26897
2084351 0
2140271 26897
2140751 0
2152272 26897
2152752 0
2175120 26897
2175600 0
2217072 26897
2217552 0
2238672 26897
2239152 0
2319372 26897
2319852 0
2339472 26897
2339952 0
2529072 26897
2529552 0
0 events for H

1080 events for I
13395 12910592
13396 0
13655 12910592
13656 0
14235 12910592
14236 0
14495 12910592
14496 0
30985 12910592
30986 0
31245 12910592
31246 0
31825 12910592
31826 0
32085 12910592
32086 0
48274 12910592
48275 0
48534 12910592
48535 0
49114 12910592
49115 0
49374 12910592
49375 0
67174 12910592
67175 0
67404 12910592
67405 0
67944 12910592
67945 0
68174 12910592
68175 0
86803 12910592
86804 0
87063 12910592
87064 0
87643 12910592
87644 0
87903 12910592
87904 0
105317 12910592
105318 0
105577 12910592
105578 0
106157 12910592
106158 0
106417 12910592
106418 0
123831 12910592
123832 0
124091 12910592
124092 0
124671 12910592
124672 0
124931 12910592
124932 0
142345 12910592
142346 0
142605 12910592
142606 0
143185 12910592
143186 0
143445 12910592
143446 0
160860 12910592
160861 0
161120 12910592
161121 0
161700 12910592
161701 0
161960 12910592
161961 0
179374 12910592
179375 0
179634 12910592
179635 0
180214 12910592
180215 0
180474 12910592
180475 0
197888 12910592
197889 0
198148 12910592
198149 0
198728 12910592
198729 0
198988 12910592
198989 0
216403 12910592
216404 0
216663 12910592
216664 0
217243 12910592
217244 0
217503 12910592
217504 0
234917 12910592
234918 0
235177 12910592
235178 0
235757 12910592
235758 0
236017 12910592
236018 0
253431 12910592
253432 0
253691 12910592
253692 0
254271 12910592
254272 0
254531 12910592
254532 0
271945 12910592
271946 0
272205 12910592
272206 0
272785 12910592
272786 0
273045 12910592
273046 0
289860 12910592
289861 0
290120 12910592
290121 0
290700 12910592
290701 0
290960 12910592
290961 0
307474 12910592
307475 0
307734 12910592
307735 0
308314 12910592
308315 0
308574 12910592
308575 0
326374 12910592
326375 0
326634 12910592
326635 0
327214 12910592
327215 0
327474 12910592
327475 0
345353 12910592
345354 0
345613 12910592
345614 0
346193 12910592
346194 0
346453 12910592
346454 0
363542 12910592
363543 0
363802 12910592
363803 0
364382 12910592
364383 0
364642 12910592
364643 0
381732 12910592
381733 0
381992 12910592
381993 0
382572 12910592
382573 0
382832 12910592
382833 0
399921 12910592
399922 0
400181 12910592
400182 0
400761 12910592
400762 0
401021 12910592
401022 0
418111 12910592
418112 0
418371 12910592
418372 0
418951 12910592
418952 0
419211 12910592
419212 0
436300 12910592
436301 0
436530 12910592
436531 0
437070 12910592
437071 0
437300 12910592
437301 0
523474 12910592
523475 0
523734 12910592
523735 0
524314 12910592
524315 0
524574 12910592
524575 0
545437 12910592
545438 0
545697 12910592
545698 0
546277 12910592
546278 0
546537 12910592
546538 0
563627 12910592
563628 0
563887 12910592
563888 0
564467 12910592
564468 0
564727 12910592
564728 0
581816 12910592
581817 0
582076 12910592
582077 0
582656 12910592
582657 0
582916 12910592
582917 0
600006 12910592
600007 0
600266 12910592
600267 0
600846 12910592
600847 0
601106 12910592
601107 0
618195 12910592
618196 0
618455 12910592
618456 0
619035 12910592
619036 0
619295 12910592
619296 0
635785 12910592
635786 0
636045 12910592
636046 0
636625 12910592
636626 0
636885 12910592
636886 0
653074 12910592
653075 0
653334 12910592
653335 0
653914 12910592
653915 0
654174 12910592
654175 0
671974 12910592
671975 0
672204 12910592
672205 0
672744 12910592
672745 0
672974 12910592
672975 0
691603 12910592
691604 0
691863 12910592
691864 0
692443 12910592
692444 0
692703 12910592
692704 0
710117 12910592
710118 0
710377 12910592
710378 0
710957 12910592
710958 0
711217 12910592
711218 0
728631 12910592
728632 0
728891 12910592
728892 0
729471 12910592
729472 0
729731 12910592
729732 0
747145 12910592
747146 0
747405 12910592
747406 0
747985 12910592
747986 0
748245 12910592
748246 0
765660 12910592
765661 0
765920 12910592
765921 0
766500 12910592
766501 0
766760 12910592
766761 0
784174 12910592
784175 0
784434 12910592
784435 0
785014 12910592
785015 0
785274 12910592
785275 0
802688 12910592
802689 0
802948 12910592
802949 0
803528 12910592
803529 0
803788 12910592
803789 0
821203 12910592
821204 0
821463 12910592
821464 0
822043 12910592
822044 0
822303 12910592
822304 0
839717 12910592
839718 0
839977 12910592
839978 0
840557 12910592
840558 0
840817 12910592
840818 0
858231 12910592
858232 0
858491 12910592
858492 0
859071 12910592
859072 0
859331 12910592
859332 0
876745 12910592
876746 0
877005 12910592
877006 0
877585 12910592
877586 0
877845 12910592
877846 0
894660 12910592
894661 0
894920 12910592
894921 0
895500 12910592
895501 0
895760 12910592
895761 0
912274 12910592
912275 0
912534 12910592
912535 0
913114 12910592
913115 0
913374 12910592
913375 0
931174 12910592
931175 0
931434 12910592
931435 0
932014 12910592
932015 0
932274 12910592
932275 0
950153 12910592
950154 0
950413 12910592
950414 0
950993 12910592
950994 0
951253 12910592
951254 0
968342 12910592
968343 0
968602 12910592
968603 0
969182 12910592
969183 0
969442 12910592
969443 0
986532 12910592
986533 0
986792 12910592
986793 0
987372 12910592
987373 0
987632 12910592
987633 0
1004721 12910592
1004722 0
1004981 12910592
1004982 0
1005561 12910592
1005562 0
1005821 12910592
1005822 0
1022911 12910592
1022912 0
1023171 12910592
1023172 0
1023751 12910592
1023752 0
1024011 12910592
1024012 0
1041100 12910592
1041101 0
1041330 12910592
1041331 0
1041870 12910592
1041871 0
1042100 12910592
1042101 0
1059290 12910592
1059291 0
1059550 12910592
1059551 0
1060130 12910592
1060131 0
1060390 12910592
1060391 0
1077479 12910592
1077480 0
1077739 12910592
1077740 0
1078319 12910592
1078320 0
1078579 12910592
1078580 0
1095669 12910592
1095670 0
1095929 12910592
1095930 0
1096509 12910592
1096510 0
1096769 12910592
1096770 0
1113858 12910592
1113859 0
1114118 12910592
1114119 0
1114698 12910592
1114699 0
1114958 12910592
1114959 0
1132048 12910592
1132049 0
1132308 12910592
1132309 0
1132888 12910592
1132889 0
1133148 12910592
1133149 0
1150237 12910592
1150238 0
1150497 12910592
1150498 0
1151077 12910592
1151078 0
1151337 12910592
1151338 0
1168427 12910592
1168428 0
1168687 12910592
1168688 0
1169267 12910592
1169268 0
1169527 12910592
1169528 0
1186616 12910592
1186617 0
1186876 12910592
1186877 0
1187456 12910592
1187457 0
1187716 12910592
1187717 0
1204806 12910592
1204807 0
1205066 12910592
1205067 0
1205646 12910592
1205647 0
1205906 12910592
1205907 0
1222995 12910592
1222996 0
1223255 12910592
1223256 0
1223835 12910592
1223836 0
1224095 12910592
1224096 0
1240585 12910592
1240586 0
1240845 12910592
1240846 0
1241425 12910592
1241426 0
1241685 12910592
1241686 0
1257874 12910592
1257875 0
1258134 12910592
1258135 0
1258714 12910592
1258715 0
1258974 12910592
1258975 0
1277888 12910592
1277889 0
1278118 12910592
1278119 0
1278658 12910592
1278659 0
1278888 12910592
1278889 0
1296403 12910592
1296404 0
1296663 12910592
1296664 0
1297243 12910592
1297244 0
1297503 12910592
1297504 0
1314917 12910592
1314918 0
1315177 12910592
1315178 0
1315757 12910592
1315758 0
1316017 12910592
1316018 0
1333431 12910592
1333432 0
1333691 12910592
1333692 0
1334271 12910592
1334272 0
1334531 12910592
1334532 0
1351945 12910592
1351946 0
1352205 12910592
1352206 0
1352785 12910592
1352786 0
1353045 12910592
1353046 0
1370460 12910592
1370461 0
1370720 12910592
1370721 0
1371300 12910592
1371301 0
1371560 12910592
1371561 0
1388974 12910592
1388975 0
1389234 12910592
1389235 0
1389814 12910592
1389815 0
1390074 12910592
1390075 0
1407488 12910592
1407489 0
1407748 12910592
1407749 0
1408328 12910592
1408329 0
1408588 12910592
1408589 0
1426003 12910592
1426004 0
1426263 12910592
1426264 0
1426843 12910592
1426844 0
1427103 12910592
1427104 0
1444517 12910592
1444518 0
1444777 12910592
1444778 0
1445357 12910592
1445358 0
1445617 12910592
1445618 0
1463031 12910592
1463032 0
1463291 12910592
1463292 0
1463871 12910592
1463872 0
1464131 12910592
1464132 0
1481545 12910592
1481546 0
1481805 12910592
1481806 0
1482385 12910592
1482386 0
1482645 12910592
1482646 0
1499460 12910592
1499461 0
1499720 12910592
1499721 0
1500300 12910592
1500301 0
1500560 12910592
1500561 0
1517074 12910592
1517075 0
1517334 12910592
1517335 0
1517914 12910592
1517915 0
1518174 12910592
1518175 0
1536763 12910592
1536764 0
1537023 12910592
1537024 0
1537603 12910592
1537604 0
1537863 12910592
1537864 0
1554953 12910592
1554954 0
1555213 12910592
1555214 0
1555793 12910592
1555794 0
1556053 12910592
1556054 0
1573142 12910592
1573143 0
1573402 12910592
1573403 0
1573982 12910592
1573983 0
1574242 12910592
1574243 0
1591332 12910592
1591333 0
1591592 12910592
1591593 0
1592172 12910592
1592173 0
1592432 12910592
1592433 0
1609521 12910592
1609522 0
1609781 12910592
1609782 0
1610361 12910592
1610362 0
1610621 12910592
1610622 0
1627711 12910592
1627712 0
1627971 12910592
1627972 0
1628551 12910592
1628552 0
1628811 12910592
1628812 0
1645900 12910592
1645901 0
1646130 12910592
1646131 0
1646670 12910592
1646671 0
1646900 12910592
1646901 0
1664090 12910592
1664091 0
1664350 12910592
1664351 0
1664930 12910592
1664931 0
1665190 12910592
1665191 0
1682279 12910592
1682280 0
1682539 12910592
1682540 0
1683119 12910592
1683120 0
1683379 12910592
1683380 0
1700469 12910592
1700470 0
1700729 12910592
1700730 0
1701309 12910592
1701310 0
1701569 12910592
1701570 0
1718658 12910592
1718659 0
1718918 12910592
1718919 0
1719498 12910592
1719499 0
1719758 12910592
1719759 0
1736848 12910592
1736849 0
1737108 12910592
1737109 0
1737688 12910592
1737689 0
1737948 12910592
1737949 0
1755037 12910592
1755038 0
1755297 12910592
1755298 0
1755877 12910592
1755878 0
1756137 12910592
1756138 0
1773227 12910592
1773228 0
1773487 12910592
1773488 0
1774067 12910592
1774068 0
1774327 12910592
1774328 0
1791416 12910592
1791417 0
1791676 12910592
1791677 0
1792256 12910592
1792257 0
1792516 12910592
1792517 0
1809606 12910592
1809607 0
1809866 12910592
1809867 0
1810446 12910592
1810447 0
1810706 12910592
1810707 0
1827795 12910592
1827796 0
1828055 12910592
1828056 0
1828635 12910592
1828636 0
1828895 12910592
1828896 0
1845385 12910592
1845386 0
1845645 12910592
1845646 0
1846225 12910592
1846226 0
1846485 12910592
1846486 0
1862674 12910592
1862675 0
1862934 12910592
1862935 0
1863514 12910592
1863515 0
1863774 12910592
1863775 0
1882522 215177
1882582 0
1882752 215177
1882812 0
1883292 215177
1883352 0
1883522 215177
1883582 0
1900929 215177
1900989 0
1901189 215177
1901249 0
1901769 215177
1901829 0
1902029 215177
1902089 0
1919336 215177
1919396 0
1919596 215177
1919656 0
1920176 215177
1920236 0
1920436 215177
1920496 0
1937744 215177
1937804 0
1938004 215177
1938064 0
1938584 215177
1938644 0
1938844 215177
1938904 0
1956151 215177
1956211 0
1956411 215177
1956471 0
1956991 215177
1957051 0
1957251 215177
1957311 0
1974558 215177
1974618 0
1974818 215177
1974878 0
1975398 215177
1975458 0
1975658 215177
1975718 0
1992965 215177
1993025 0
1993225 215177
1993285 0
1993805 215177
1993865 0
1994065 215177
1994125 0
2011372 215177
2011432 0
2011632 215177
2011692 0
2012212 215177
2012272 0
2012472 215177
2012532 0
2029779 215177
2029839 0
2030039 215177
2030099 0
2030619 215177
2030679 0
2030879 215177
2030939 0
2048186 215177
2048246 0
2048446 215177
2048506 0
2049026 215177
2049086 0
2049286 215177
2049346 0
2066594 215177
2066654 0
2066854 215177
2066914 0
2067434 215177
2067494 0
2067694 215177
2067754 0
2085001 215177
2085061 0
2085261 215177
2085321 0
2085841 215177
2085901 0
2086101 215177
2086161 0
2103408 215177
2103468 0
2103668 215177
2103728 0
2104248 215177
2104308 0
2104508 215177
2104568 0
2121815 215177
2121875 0
2122075 215177
2122135 0
2122655 215177
2122715 0
2122915 215177
2122975 0
2141426 215177
2141486 0
2141686 215177
2141746 0
2142266 215177
2142326 0
2142526 215177
2142586 0
2159536 215177
2159596 0
2159796 215177
2159856 0
2160376 215177
2160436 0
2160636 215177
2160696 0
2177647 215177
2177707 0
2177907 215177
2177967 0
2178487 215177
2178547 0
2178747 215177
2178807 0
2195757 215177
2195817 0
2196017 215177
2196077 0
2196597 215177
2196657 0
2196857 215177
2196917 0
2213868 215177
2213928 0
2214128 215177
2214188 0
2214708 215177
2214768 0
2214968 215177
2215028 0
2231978 215177
2232038 0
2232238 215177
2232298 0
2232818 215177
2232878 0
2233078 215177
2233138 0
2250089 215177
2250149 0
2250319 215177
2250379 0
2250859 215177
2250919 0
2251089 215177
2251149 0
2268199 215177
2268259 0
2268459 215177
2268519 0
2269039 215177
2269099 0
2269299 215177
2269359 0
2286310 215177
2286370 0
2286570 215177
2286630 0
2287150 215177
2287210 0
2287410 215177
2287470 0
2304420 215177
2304480 0
2304680 215177
2304740 0
2305260 215177
2305320 0
2305520 215177
2305580 0
2322531 215177
2322591 0
2322791 215177
2322851 0
2323371 215177
2323431 0
2323631 215177
2323691 0
2340641 215177
2340701 0
2340901 215177
2340961 0
2341481 215177
2341541 0
2341741 215177
2341801 0
2358752 215177
2358812 0
2359012 215177
2359072 0
2359592 215177
2359652 0
2359852 215177
2359912 0
2376862 215177
2376922 0
2377122 215177
2377182 0
2377702 215177
2377762 0
2377962 215177
2378022 0
2394973 215177
2395033 0
2395233 215177
2395293 0
2395813 215177
2395873 0
2396073 215177
2396133 0
2413083 215177
2413143 0
2413343 215177
2413403 0
2413923 215177
2413983 0
2414183 215177
2414243 0
2431194 215177
2431254 0
2431454 215177
2431514 0
2432034 215177
2432094 0
2432294 215177
2432354 0
2449304 215177
2449364 0
2449564 215177
2449624 0
2450144 215177
2450204 0
2450404 215177
2450464 0
2467415 215177
2467475 0
2467675 215177
2467735 0
2468255 215177
2468315 0
2468515 215177
2468575 0
2487322 215177
2487382 0
2487552 215177
2487612 0
2488092 215177
2488152 0
2488322 215177
2488382 0
2505729 215177
2505789 0
2505989 215177
2506049 0
2506569 215177
2506629 0
2506829 215177
2506889 0
2524136 215177
2524196 0
2524396 215177
2524456 0
2524976 215177
2525036 0
2525236 215177
2525296 0
2542544 215177
2542604 0
2542804 215177
2542864 0
2543384 215177
2543444 0
2543644 215177
2543704 0
20 events for J
52033 700
52078 0
70193 600
70373 1300
310453 700
310498 0
329393 600
329513 1300
657013 700
657058 0
674813 1300
916612 0
934013 1300
1262212 0
1273613 1950
1521412 0
1532813 1950
1867012 0
1867014 1944
2483213 1300
52 events for K
114337 42873674
114342 0
135937 60808152
135942 0
222337 123650191
222342 0
243937 112353360
243942 0
265537 191051956
265542 0
287137 148359728
287142 0
947977 92231261
947982 0
978337 67412016
978342 0
1287024 67429102
1287029 0
1632624 42866846
1632629 0
1654224 36098616
1654229 0
1783824 15230225
1783829 0
1805424 42774218
1805429 0
1827024 51729687
1827029 0
1846930 67442760
1846935 0
1907077 51185344
1907082 0
1971877 36088368
1971882 0
2015077 46317017
2015082 0
2079877 62132584
2079882 0
2166277 55765577
2166282 0
2231077 60879901
2231082 0
2317477 79077832
2317482 0
2339077 48576383
2339082 0
2403877 294648376
2403882 0
2425477 296678458
2425482 0
2447077 98892820
2447082 0
199 events for L
11998 240
19197 344
47998 240
51587 444
69597 548
83998 444
91197 548
98397 1471
120030 2754
121798 1727
127197 1830
132287 1626
138848 1564
139148 3817
141630 2534
159598 2431
166797 2534
195598 2431
202797 2534
203948 344
224387 548
231598 444
238797 548
271198 444
278397 548
307198 444
310787 240
313088 178
313388 240
328797 344
343198 240
350397 344
357597 1267
379198 240
389997 344
416998 240
422397 344
422419 594
422430 1877
443987 2081
443997 3004
465587 2800
465597 1877
465630 594
478198 491
483619 240
484568 178
484868 240
487197 344
521398 240
530397 344
578998 240
586197 344
601497 1267
615898 240
623997 1267
652798 240
656408 2431
674397 2534
690598 2431
695997 2534
724830 3817
726598 3713
731997 3817
739208 1626
764398 1523
768030 240
771597 1267
793197 344
800398 240
807597 344
811187 548
829187 344
836398 240
843597 344
874198 240
883197 344
911998 240
933597 344
983998 240
991197 344
1019998 240
1027197 344
1055998 240
1064997 344
1093798 240
1099197 344
1124397 1267
1131587 1471
1145998 444
1156797 548
1163997 1471
1174808 1409
1175108 1471
1178408 3662
1178430 4944
1185598 3917
1192797 4944
1221598 3917
1221608 1727
1228797 2754
1243230 1471
1258798 444
1261208 2635
1271997 3662
1293598 2635
1300797 3662
1307987 3458
1329598 2431
1338597 2534
1369198 2431
1376397 2534
1405198 2431
1412397 3458
1433987 3662
1441198 2635
1448397 3662
1478998 2635
1487997 3662
1517998 2635
1520387 2431
1531197 2534
1554598 2431
1559997 2534
1588798 2431
1595997 2534
1624798 2431
1631997 2534
1662598 2431
1669797 2534
1671608 344
1700398 240
1707597 344
1750798 240
1761597 344
1788598 240
1797597 344
1824598 240
1833597 344
1863598 240
1863875 0
1863876 240
1865987 444
1866968 382
1867268 444
1876797 548
1898398 444
1905597 548
1936198 444
1943397 548
1952419 798
1972198 695
1979397 1722
1999230 3004
2009998 1977
2015397 3004
2038819 2754
2045998 1727
2053197 2754
2083798 1727
2088848 1664
2089148 3917
2089197 4944
2122498 3917
2125148 1727
2139597 2754
2158498 1727
2164797 2754
2172030 1471
2193598 444
2200797 548
2231398 444
2236797 1471
2247248 1409
2247548 3662
2258430 4944
2265598 3917
2272797 4944
2297948 2754
2301598 1727
2308797 2754
2337598 1727
2344797 2754
2373598 1727
2380797 2754
2385968 2691
2386268 2754
2388030 1471
2395197 548
2411398 444
2418597 548
2447398 444
2452797 548
2468098 444
2481597 548
2503198 444
2510397 548
2540998 444
2546397 1471
