12 instruments
A 10 100 40530.039409419333 54204511.969197564
B 10 100 192158478.34180248 847760826.1096437
C 10 100 54084010.43300014 1720684275.4783733
D 10 100 177168740.44080633 781629408.46013641
E 10 100 0.00018444817663405244 950598422.35720563
F 10 100 20805.899747385713 886615046.05336845
G 10 100 815344000 7516190000
H 10 100 23264.147255000564 168504461.78361657
I 10 100 128045.25187067324 495183416.02819836
J 10 100 1538660356.7547786 4054547831.9712734
K 10 100 45126217.813212499 1435691857.5629289
L 10 100 0.00018113117344584602 933503441.77673233
140 downlinks
0 862 44901 9462.077765
1 44902 60235 8739.387213
2 100749 115653 27177.101999999999
3 131202 155311 28867.988366000001
4 156252 178780 8757.0573490000006
5 217503 259751 30482.278361000001
6 259752 296645 9337.789702
7 296646 325107 8515.7706749999998
8 365949 380832 8900.7025030000004
9 383042 408831 8778.3355150000007
10 408842 437214 29886.497736000001
11 439739 466980 29243.536622
12 467699 471912 26517.245249
13 476408 490680 8834.4018649999998
14 509939 521314 9457.9623840000004
15 533335 553231 28164.872808
16 562710 604939 30503.298975000002
17 604940 627355 8691.2845450000004
18 627831 637826 8525.9525360000007
19 640491 644244 28086.786929000002
20 705549 733493 9305.8530659999997
21 735317 739831 9003.7058219999999
22 765228 780989 29720.859928999998
23 813982 817639 28196.056719
24 821621 838334 8724.7512220000008
25 839924 867259 9238.0711549999996
26 868180 907924 29465.914934
27 907925 915901 8736.7051790000005
28 938920 952934 8623.2506759999997
29 964749 986998 8421.9856619999991
30 991239 1011098 27549.328343000001
31 1022916 1040175 29572.320551000001
32 1042472 1072611 29086.290951999999
33 1072712 1101387 8813.8421070000004
34 1109612 1126578 29493.047434
35 1134508 1157999 27435.630709000001
36 1158890 1170418 29792.428981000001
37 1173508 1183391 8997.6095590000004
38 1186408 1209595 26654.011493000002
39 1223949 1247074 8664.3956859999998
40 1247304 1273163 8910.3347130000002
41 1316349 1336346 9263.3037550000008
42 1339455 1345687 8194.1372179999998
43 1357400 1370063 8812.3468479999992
44 1388896 1390727 28513.272391999999
45 1417571 1421732 29797.943813000002
46 1425763 1460595 9287.2106050000002
47 1460596 1471348 9493.8769009999996
48 1474752 1510832 29841.66733
49 1512071 1516749 9031.5484039999992
50 1575549 1587179 27058.173078
51 1589288 1592845 27764.822221999999
52 1596788 1613390 8866.3210920000001
53 1625275 1637435 30200.423556999998
54 1640547 1645391 9259.4321029999992
55 1649583 1673654 9457.3783449999992
56 1675383 1679211 29542.407908000001
57 1684689 1699532 8564.5545529999999
58 1708683 1731352 9335.3412189999999
59 1733879 1762605 27874.981927000001
60 1770999 1813154 30587.746092000001
61 1813155 1857307 9231.3874039999992
62 1857308 1873526 8609.2624169999999
63 1874875 1891107 8689.6108280000008
64 1899460 1901507 26609.79682
65 1921149 1940754 8915.2263710000007
66 1943619 1973569 9094.9622560000007
67 1973570 1991284 8333.9255690000009
68 1991866 1998207 27500.430241999999
69 2012284 2028637 8601.7316499999997
70 2029930 2064843 9100.8958739999998
71 2078561 2091850 9427.4328960000003
72 2094821 2105233 27243.904355999999
73 2107661 2129381 8431.3051790000009
74 2158377 2160699 27636.251289
75 2180349 2199637 8831.2619180000002
76 2200745 2217344 8966.6639699999996
77 2224956 2230707 54396.705881000002
78 2234499 2248527 58970.262822999997
79 2251112 2280151 57826.355975999999
80 2280152 2290896 17374.699861000001
81 2306252 2333043 57611.601310999999
82 2333252 2365332 59023.283414999998
83 2366074 2371824 55193.106121999997
84 2375180 2417297 25530.421285
85 2417298 2461493 29269.697155999998
86 2461494 2465584 16830.732371999999
87 2478742 2493409 28226.256141999998
88 2495739 2498290 60093.408818999997
89 2538737 2568436 58272.632834999997
90 2568437 2575711 61499.660580999996
91 2589914 2611211 28538.149495000001
92 2624759 2630581 18090.695755000001
93 2634124 2649336 23661.293665000001
94 2651233 2679187 28757.617953000001
95 2679188 2721484 56137.919716999997
96 2722628 2739522 23437.772314999998
97 2754728 2767368 55980.942202999999
98 2780583 2794435 60635.164006999999
99 2797323 2828250 23619.145155999999
100 2848843 2857109 53049.165158000003
101 2859718 2882877 23042.764167000001
102 2882878 2887330 53421.323553000002
103 2890766 2895446 23396.302264000002
104 2899018 2911922 22759.633384000001
105 2935154 2939753 53785.922146999997
106 2950913 2967367 23595.771228000001
107 2969674 2976331 17076.713232999999
108 2979389 3014512 24932.393585000002
109 3014513 3024736 29494.590024000001
110 3027768 3033640 55821.075068999999
111 3037008 3054297 22968.383259999999
112 3055368 3059549 57490.653299999998
113 3077741 3082801 25500.801521000001
114 3124749 3148135 24904.219582000002
115 3152025 3156093 26817.789122999999
116 3168403 3198466 30236.225505999999
117 3201697 3222088 64968.303881
118 3228359 3234688 18980.648960999999
119 3238343 3279309 26276.326033000001
120 3280402 3322686 30209.873796
121 3324663 3328925 26595.764298999999
122 3359492 3366472 25812.000550000001
123 3385887 3397146 26242.243616
124 3400647 3404366 60521.572561000001
125 3412287 3429080 25759.527445
126 3443787 3456045 62910.21802
127 3459442 3493228 62402.514213000002
128 3497305 3509970 26087.487331
129 3525982 3543463 30312.554313000001
130 3550877 3562509 61079.659066
131 3573377 3585267 18673.221132999999
132 3588137 3591042 64240.288658999998
133 3595779 3605355 31143.729536999999
134 3609819 3620246 31955.262932000001
135 3625659 3664693 32548.652656999999
136 3669948 3680187 26591.031461999999
137 3685871 3695711 31032.775088999999
138 3729549 3750488 26518.557602000001
139 3756270 3760822 27135.491309000001
0 opportunities for A
0 opportunities for B
0 opportunities for C
0 opportunities for D
0 opportunities for E
0 opportunities for F
0 opportunities for G
0 opportunities for H
0 opportunities for I
0 opportunities for J
0 opportunities for K
0 opportunities for L
4 events for A
694117 0
694118 18
3113317 0
3113318 18
281 events for B
3693 2738
12683 2635
21682 2738
23493 548
50483 444
57682 548
87683 444
90072 240
100882 344
104493 2534
122483 2431
122493 240
129682 344
160283 240
169282 344
198083 240
205282 344
234083 240
244882 344
270083 240
279082 344
307883 240
315082 344
346883 240
367282 344
381683 240
388882 344
417683 240
424882 344
453683 240
464482 344
491483 240
496882 344
527483 240
532882 344
581483 240
590482 344
608793 281
609093 344
619283 240
626482 344
655283 240
662482 344
692483 240
692760 0
692761 240
695793 178
696093 240
709282 344
729083 240
738082 344
765083 240
774082 344
802883 240
810082 344
838883 240
846082 344
868593 281
868893 344
874883 240
882082 344
912683 240
921682 344
950483 240
964882 344
968553 281
968853 344
1022483 240
1033282 344
1058483 240
1065682 344
1084593 281
1084893 344
1096283 240
1101682 344
1134083 240
1141282 344
1168283 240
1177282 344
1207883 240
1214193 178
1214493 240
1224082 344
1260083 240
1267282 344
1296083 240
1299672 444
1317682 548
1332083 444
1339282 548
1346482 1471
1368115 2754
1369883 1727
1375282 1830
1380372 1626
1386933 1564
1387233 3817
1389715 2534
1407683 2431
1414882 2534
1443683 2431
1450882 2534
1452033 344
1472472 548
1479683 444
1486882 548
1519283 444
1526482 548
1555283 444
1558872 240
1561173 178
1561473 240
1576882 344
1591283 240
1598482 344
1605682 1267
1627283 240
1638082 344
1665083 240
1670482 344
1670504 594
1670515 1877
1692072 2081
1692082 3004
1713672 2800
1713682 1877
1713715 594
1726283 491
1731704 240
1732653 178
1732953 240
1735282 344
1769483 240
1778482 344
1827083 240
1834282 344
1849582 1267
1863983 240
1872082 1267
1900883 240
1904493 2431
1922482 2534
1938683 2431
1944082 2534
1972915 3817
1974683 3713
1980082 3817
1987293 1626
2012483 1523
2016115 240
2019682 1267
2041282 344
2048483 240
2055682 344
2059272 548
2077272 344
2084483 240
2091682 344
2122283 240
2131282 344
2160083 240
2181682 344
2232083 240
2239282 344
2268083 240
2275282 344
2304083 240
2313082 344
2341883 240
2347282 344
2372482 1267
2379672 1471
2394083 444
2404882 548
2412082 1471
2422893 1409
2423193 1471
2426493 3662
2426515 4944
2433683 3917
2440882 4944
2469683 3917
2469693 1727
2476882 2754
2491315 1471
2506883 444
2509293 2635
2520082 3662
2541683 2635
2548882 3662
2556072 3458
2577683 2431
2586682 2534
2617283 2431
2624482 2534
2653283 2431
2660482 3458
2682072 3662
2689283 2635
2696482 3662
2727083 2635
2736082 3662
2766083 2635
2768472 2431
2779282 2534
2802683 2431
2808082 2534
2836883 2431
2844082 2534
2872883 2431
2880082 2534
2910683 2431
2917882 2534
2919693 344
2948483 240
2955682 344
2998883 240
3009682 344
3036683 240
3045682 344
3072683 240
3081682 344
3111683 240
3111960 0
3111961 240
3114072 444
3115053 382
3115353 444
3124882 548
3146483 444
3153682 548
3184283 444
3191482 548
3200504 798
3220283 695
3227482 1722
3247315 3004
3258083 1977
3263482 3004
3286904 2754
3294083 1727
3301282 2754
3331883 1727
3336933 1664
3337233 3917
3337282 4944
3370583 3917
3373233 1727
3387682 2754
3406583 1727
3412882 2754
3420115 1471
3441683 444
3448882 548
3479483 444
3484882 1471
3495333 1409
3495633 3662
3506515 4944
3513683 3917
3520882 4944
3546033 2754
3549683 1727
3556882 2754
3585683 1727
3592882 2754
3621683 1727
3628882 2754
3634053 2691
3634353 2754
3636115 1471
3643282 548
3659483 444
3666682 548
3695483 444
3700882 548
3716183 444
3729682 548
3751283 444
3758482 548
3789083 444
108 events for C
14036 706
18236 1285
50415 706
107208 2414
109048 706
135814 1285
141394 706
155525 1285
157505 706
395194 1285
418752 706
422952 1285
436941 706
439161 1772
454831 706
459451 1772
475220 2414
477580 1772
491210 706
546194 2414
555954 706
588037 1285
618814 706
623036 1285
632494 706
691894 0
691895 487
712008 2414
713848 487
786265 2414
802465 487
806880 2414
839708 487
843908 2414
876737 487
1080020 2414
1081860 487
1108294 2414
1132688 487
1136889 2414
1169067 487
1173268 2414
1176868 487
1194868 2414
1198468 487
1208147 2414
1210294 487
1221694 2414
1260015 487
1315694 2414
1333423 487
1337623 2414
1345594 487
1391134 2414
1406919 487
1596173 2414
1603594 487
1632597 2414
1664637 487
1684820 2414
1686660 487
1842694 2414
1864815 487
1869018 2414
1890994 487
1920494 2414
1938218 487
1942425 2414
1950094 487
2036794 2414
2049248 487
2053508 2414
2086337 487
2253441 2414
2269531 487
2273731 2414
2305790 487
2310170 2414
2339194 487
2380768 2414
2396796 487
2401057 2414
2425594 1285
2526408 2414
2528248 1285
2533301 2414
2543023 1285
2547223 2414
2555023 1285
2663194 2414
2691137 1285
2695337 2414
2706394 1285
2732365 2414
2763694 1285
2776894 2414
2787283 1285
2894420 2414
2896260 1285
2900794 2414
2910568 1285
2914931 2414
2943994 2057
3111094 0
3111095 2414
3715894 1772
3735901 2414
3737741 1772
282 events for D
2752 2738
11742 2635
20741 2738
22552 548
49542 444
56741 548
86742 444
89131 240
99941 344
103552 2534
121542 2431
121552 240
128741 344
159342 240
168341 344
197142 240
204341 344
233142 240
243941 344
269142 240
278141 344
306942 240
314141 344
345942 240
366341 344
380742 240
387941 344
416742 240
423941 344
452742 240
463541 344
490542 240
495941 344
526542 240
531941 344
580542 240
589541 344
607852 281
608152 344
618342 240
625541 344
654342 240
661541 344
691542 240
691819 0
691820 240
694852 178
695152 240
708341 344
728142 240
737141 344
764142 240
773141 344
801942 240
809141 344
837942 240
845141 344
867652 281
867952 344
873942 240
881141 344
911742 240
920741 344
949542 240
963941 344
967612 281
967912 344
1021542 240
1032341 344
1057542 240
1064741 344
1083652 281
1083952 344
1095342 240
1100741 344
1133142 240
1140341 344
1167342 240
1176341 344
1206942 240
1213252 178
1213552 240
1223141 344
1259142 240
1266341 344
1295142 240
1298731 444
1316741 548
1331142 444
1338341 548
1345541 1471
1367174 2754
1368942 1727
1374341 1830
1379431 1626
1385992 1564
1386292 3817
1388774 2534
1406742 2431
1413941 2534
1442742 2431
1449941 2534
1451092 344
1471531 548
1478742 444
1485941 548
1518342 444
1525541 548
1554342 444
1557931 240
1560232 178
1560532 240
1575941 344
1590342 240
1597541 344
1604741 1267
1626342 240
1637141 344
1664142 240
1669541 344
1669563 594
1669574 1877
1691131 2081
1691141 3004
1712731 2800
1712741 1877
1712774 594
1725342 491
1730763 240
1731712 178
1732012 240
1734341 344
1768542 240
1777541 344
1826142 240
1833341 344
1848641 1267
1863042 240
1871141 1267
1899942 240
1903552 2431
1921541 2534
1937742 2431
1943141 2534
1971974 3817
1973742 3713
1979141 3817
1986352 1626
2011542 1523
2015174 240
2018741 1267
2040341 344
2047542 240
2054741 344
2058331 548
2076331 344
2083542 240
2090741 344
2121342 240
2130341 344
2159142 240
2180741 344
2231142 240
2238341 344
2267142 240
2274341 344
2303142 240
2312141 344
2340942 240
2346341 344
2371541 1267
2378731 1471
2393142 444
2403941 548
2411141 1471
2421952 1409
2422252 1471
2425552 3662
2425574 4944
2432742 3917
2439941 4944
2468742 3917
2468752 1727
2475941 2754
2490374 1471
2505942 444
2508352 2635
2519141 3662
2540742 2635
2547941 3662
2555131 3458
2576742 2431
2585741 2534
2616342 2431
2623541 2534
2652342 2431
2659541 3458
2681131 3662
2688342 2635
2695541 3662
2726142 2635
2735141 3662
2765142 2635
2767531 2431
2778341 2534
2801742 2431
2807141 2534
2835942 2431
2843141 2534
2871942 2431
2879141 2534
2909742 2431
2916941 2534
2918752 344
2947542 240
2954741 344
2997942 240
3008741 344
3035742 240
3044741 344
3071742 240
3080741 344
3110742 240
3111019 0
3111020 240
3113131 444
3114112 382
3114412 444
3123941 548
3145542 444
3152741 548
3183342 444
3190541 548
3199563 798
3219342 695
3226541 1722
3246374 3004
3257142 1977
3262541 3004
3285963 2754
3293142 1727
3300341 2754
3330942 1727
3335992 1664
3336292 3917
3336341 4944
3369642 3917
3372292 1727
3386741 2754
3405642 1727
3411941 2754
3419174 1471
3440742 444
3447941 548
3478542 444
3483941 1471
3494392 1409
3494692 3662
3505574 4944
3512742 3917
3519941 4944
3545092 2754
3548742 1727
3555941 2754
3584742 1727
3591941 2754
3620742 1727
3627941 2754
3633112 2691
3633412 2754
3635174 1471
3642341 548
3658542 444
3665741 548
3694542 444
3699941 548
3715242 444
3728741 548
3750342 444
3757541 548
3788142 444
3793541 1471
658 events for E
3944 12910592
3945 0
6404 12910592
6405 0
57344 12910592
57345 0
62615 12910592
62616 0
67955 12910592
67956 0
71255 12910592
71256 0
78249 12910592
78250 0
85249 12910592
85250 0
103549 12910592
103550 0
105344 12910592
105345 0
121544 12910592
121545 0
123829 12910592
123830 0
315820 12910592
315821 0
318815 12910592
318816 0
321322 12910592
321323 0
323830 12910592
323831 0
326830 12910592
326831 0
330130 12910592
330131 0
333130 12910592
333131 0
337292 12910592
337293 0
341444 12910592
341445 0
344444 12910592
344445 0
366949 12910592
366950 0
368744 12910592
368745 0
370544 12910592
370545 0
374144 12910592
374145 0
377744 12910592
377745 0
381944 12910592
381945 0
389149 12910592
389150 0
391544 12910592
391545 0
394544 12910592
394545 0
440311 12910592
440312 0
442009 12910592
442010 0
447546 12910592
447547 0
451781 12910592
451782 0
454781 12910592
454782 0
463244 12910592
463245 0
466549 12910592
466550 0
557744 12910592
557745 0
564044 12910592
564045 0
567644 12910592
567645 0
571244 12910592
571245 0
574844 12910592
574845 0
578503 12910592
578504 0
582398 12910592
582399 0
589544 12910592
589545 0
600289 12910592
600290 0
640281 12910592
640282 0
644144 12910592
644145 0
647744 12910592
647745 0
651344 12910592
651345 0
655165 12910592
655166 0
662070 12910592
662071 0
667544 12910592
667545 0
672344 12910592
672345 0
715479 12910592
715480 0
718482 12910592
718483 0
722026 12910592
722027 0
725573 12910592
725574 0
728573 12910592
728574 0
735473 12910592
735474 0
738473 12910592
738474 0
741283 12910592
741284 0
744087 12910592
744088 0
747087 12910592
747088 0
824687 12910592
824688 0
829544 12910592
829545 0
834344 12910592
834345 0
839264 12910592
839265 0
846587 12910592
846588 0
850124 12910592
850125 0
853664 12910592
853665 0
858044 12910592
858045 0
861524 12910592
861525 0
865544 12910592
865545 0
868007 12910592
868008 0
966888 12910592
966889 0
972824 12910592
972825 0
980864 12910592
980865 0
988907 12910592
988908 0
1012066 12910592
1012067 0
1017373 12910592
1017374 0
1022902 12910592
1022903 0
1030244 12910592
1030245 0
1034744 12910592
1034745 0
1039544 12910592
1039545 0
1044991 12910592
1044992 0
1052436 12910592
1052437 0
1059764 12910592
1059765 0
1066781 12910592
1066782 0
1072425 12910592
1072426 0
1078070 12910592
1078071 0
1083816 12910592
1083817 0
1090036 12910592
1090037 0
1096260 12910592
1096261 0
1105555 12910592
1105556 0
1266865 12910592
1266866 0
1269865 12910592
1269866 0
1272213 12910592
1272214 0
1274555 12910592
1274556 0
1277555 12910592
1277556 0
1280855 12910592
1280856 0
1283855 12910592
1283856 0
1287849 12910592
1287850 0
1291844 12910592
1291845 0
1294847 12910592
1294848 0
1319179 12910592
1319180 0
1326044 12910592
1326045 0
1333204 12910592
1333205 0
1342544 12910592
1342545 0
1351887 12910592
1351888 0
1355190 12910592
1355191 0
1362687 12910592
1362688 0
1370187 12910592
1370188 0
1378067 12910592
1378068 0
1385143 12910592
1385144 0
1392889 12910592
1392890 0
1399879 12910592
1399880 0
1406624 12910592
1406625 0
1414544 12910592
1414545 0
1425344 12910592
1425345 0
1429547 12910592
1429548 0
1443344 12910592
1443345 0
1452454 12910592
1452455 0
1459008 12910592
1459009 0
1468908 12910592
1468909 0
1475744 12910592
1475745 0
1479344 12910592
1479345 0
1488387 12910592
1488388 0
1492544 12910592
1492545 0
1496627 12910592
1496628 0
1504544 12910592
1504545 0
1508024 12910592
1508025 0
1512944 12910592
1512945 0
1518046 12910592
1518047 0
1534904 12910592
1534905 0
1579244 12910592
1579245 0
1584344 12910592
1584345 0
1591544 12910592
1591545 0
1599345 12910592
1599346 0
1609664 12910592
1609665 0
1613384 12910592
1613385 0
1619893 12910592
1619894 0
1628064 12910592
1628065 0
1637744 12910592
1637745 0
1644284 12910592
1644285 0
1650344 12910592
1650345 0
1657222 12910592
1657223 0
1663544 12910592
1663545 0
1671881 12910592
1671882 0
1677306 12910592
1677307 0
1688924 12910592
1688925 0
1695306 12910592
1695307 0
1701944 12910592
1701945 0
1717694 12910592
1717695 0
1723544 12910592
1723545 0
1738544 12910592
1738545 0
1751144 12910592
1751145 0
1766444 12910592
1766445 0
1777244 12910592
1777245 0
1784566 12910592
1784567 0
1791886 12910592
1791887 0
1795422 12910592
1795423 0
1802770 12910592
1802771 0
1810116 12910592
1810117 0
1817143 12910592
1817144 0
1823145 12910592
1823146 0
1827944 12910592
1827945 0
1839344 12910592
1839345 0
1845345 12910592
1845346 0
1853384 12910592
1853385 0
1864244 12910592
1864245 0
1877010 12910592
1877011 0
1888299 12910592
1888300 0
1894544 12910592
1894545 0
1899644 12910592
1899645 0
1926944 12910592
1926945 0
1934744 12910592
1934745 0
1945546 12910592
1945547 0
1951544 12910592
1951545 0
1956687 12910592
1956688 0
1959987 12910592
1959988 0
1967596 12910592
1967597 0
1975201 12910592
1975202 0
1982744 12910592
1982745 0
1986944 12910592
1986945 0
1991145 12910592
1991146 0
1993544 12910592
1993545 0
1998517 12910592
1998518 0
2002544 12910592
2002545 0
2006744 12910592
2006745 0
2010730 12910592
2010731 0
2019132 12910592
2019133 0
2024937 12910592
2024938 0
2030744 12910592
2030745 0
2035244 12910592
2035245 0
2079524 12910592
2079525 0
2082464 12910592
2082465 0
2086244 12910592
2086245 0
2093189 12910592
2093190 0
2096747 12910592
2096748 0
2100308 12910592
2100309 0
2108144 12910592
2108145 0
2112946 12910592
2112947 0
2117744 12910592
2117745 0
2122544 12910592
2122545 0
2181044 12910592
2181045 0
2186746 12910592
2186747 0
2192144 12910592
2192145 0
2196344 12910592
2196345 0
2203623 12910592
2203624 0
2208125 12910592
2208126 0
2211764 12910592
2211765 0
2240144 12910592
2240145 0
2244572 12910592
2244573 0
2249143 12910592
2249144 0
2254726 12910592
2254727 0
2261924 12910592
2261925 0
2269124 12910592
2269125 0
2277406 12910592
2277407 0
2287064 12910592
2287065 0
2296544 12910592
2296545 0
2303744 12910592
2303745 0
2316344 12910592
2316345 0
2321744 12910592
2321745 0
2330144 12910592
2330145 0
2337944 12910592
2337945 0
2341544 12910592
2341545 0
2352344 12910592
2352345 0
2357744 12910592
2357745 0
2368544 12910592
2368545 0
2375744 12910592
2375745 0
2384926 12910592
2384927 0
2393684 12910592
2393685 0
2405656 12910592
2405657 0
2412044 12910592
2412045 0
2424344 12910592
2424345 0
2429744 12910592
2429745 0
2440088 12910592
2440089 0
2445731 12910592
2445732 0
2451376 12910592
2451377 0
2454944 12910592
2454945 0
2462122 12910592
2462123 0
2469565 12910592
2469566 0
2479544 12910592
2479545 0
2484944 12910592
2484945 0
2521844 12910592
2521845 0
2564744 12910592
2564745 0
2572289 12910592
2572290 0
2579787 12910592
2579788 0
2589944 12910592
2589945 0
2594745 12910592
2594746 0
2601815 12910592
2601816 0
2609422 12910592
2609423 0
2616946 12910592
2616947 0
2625944 12910592
2625945 0
2634344 12910592
2634345 0
2640346 12910592
2640347 0
2649344 12910592
2649345 0
2660744 12910592
2660745 0
2668544 12910592
2668545 0
2678444 12910592
2678445 0
2687624 12910592
2687625 0
2700884 12910592
2700885 0
2708744 12910592
2708745 0
2714146 12910592
2714147 0
2721344 12910592
2721345 0
2737306 12910592
2737307 0
2743244 12910592
2743245 0
2750624 12910592
2750625 0
2756324 12910592
2756325 0
2763164 12910592
2763165 0
2781584 12910592
2781585 0
2786633 12910592
2786634 0
2791544 12910592
2791545 0
2797066 12910592
2797067 0
2809544 12910592
2809545 0
2817946 12910592
2817947 0
2829344 12910592
2829345 0
2836544 12910592
2836545 0
2847344 12910592
2847345 0
2853644 12910592
2853645 0
2859391 12910592
2859392 0
2866836 12910592
2866837 0
2873744 12910592
2873745 0
2883345 12910592
2883346 0
2890544 12910592
2890545 0
2904945 12910592
2904946 0
2919344 12910592
2919345 0
2926544 12910592
2926545 0
2933744 12910592
2933745 0
2940344 12910592
2940345 0
2946344 12910592
2946345 0
2953939 12910592
2953940 0
2959583 12910592
2959584 0
2971545 12910592
2971546 0
2980544 12910592
2980545 0
2991345 12910592
2991346 0
2998544 12910592
2998545 0
3011144 12910592
3011145 0
3016544 12910592
3016545 0
3024944 12910592
3024945 0
3028846 12910592
3028847 0
3032444 12910592
3032445 0
3047504 12910592
3047505 0
3051226 12910592
3051227 0
3063704 12910592
3063705 0
3067304 12910592
3067305 0
3083144 12910592
3083145 0
3090344 12910592
3090345 0
3099344 12910592
3099345 0
3106544 12910592
3106545 0
3135346 26897
3135826 0
3146146 26897
3146626 0
3243345 26897
3243825 0
3254146 26897
3254626 0
3275746 26897
3276226 0
3292780 26897
3293260 0
3302145 26897
3302625 0
3313224 26897
3313704 0
3330945 26897
3331425 0
3387345 26897
3387825 0
3399346 26897
3399826 0
3422194 26897
3422674 0
3464146 26897
3464626 0
3485746 26897
3486226 0
3566446 26897
3566926 0
3586546 26897
3587026 0
3776146 26897
3776626 0
68 events for F
108546 4214960
108550 0
108976 4214960
108980 0
109716 4214960
109720 0
110146 4214960
110150 0
476558 4214960
476562 0
476988 4214960
476992 0
477728 4214960
477732 0
478158 4214960
478162 0
547532 4214960
547536 0
547962 4214960
547966 0
548702 4214960
548706 0
549132 4214960
549136 0
713346 4214960
713350 0
713776 4214960
713780 0
714516 4214960
714520 0
714946 4214960
714950 0
1081358 4214960
1081362 0
1081788 4214960
1081792 0
1082528 4214960
1082532 0
1082958 4214960
1082962 0
1686684 67463256
1686689 0
2291484 47210957
2291489 0
3132439 4214960
3132443 0
3132869 4214960
3132873 0
3133609 4214960
3133613 0
3134039 4214960
3134043 0
3500006 4214960
3500010 0
3500436 4214960
3500440 0
3501176 4214960
3501180 0
3501606 4214960
3501610 0
3737239 4214960
3737243 0
3737669 4214960
3737673 0
3738409 4214960
3738413 0
3738839 4214960
3738843 0
70 events for G
562211 26968906
562216 0
583811 134824032
583816 0
586737 20221556
586742 0
778151 83191028
778156 0
972551 38234987
972556 0
994151 107957608
994156 0
1015751 350862225
1015756 0
1015757 4498234
1015762 0
1037351 38234987
1037356 0
1361411 42873674
1361416 0
1383011 60808152
1383016 0
1469411 123650191
1469416 0
1491011 112353360
1491016 0
1512611 191051956
1512616 0
1534211 148359728
1534216 0
2195051 92231261
2195056 0
2225411 67412016
2225416 0
2534098 67429102
2534103 0
2879698 42866846
2879703 0
2901298 36098616
2901303 0
3030898 15230225
3030903 0
3052498 42774218
3052503 0
3074098 51729687
3074103 0
3094004 67442760
3094009 0
3154151 51185344
3154156 0
3218951 36088368
3218956 0
3262151 46317017
3262156 0
3326951 62132584
3326956 0
3413351 55765577
3413356 0
3478151 60879901
3478156 0
3564551 79077832
3564556 0
3586151 48576383
3586156 0
3650951 294648376
3650956 0
3672551 296678458
3672556 0
3694151 98892820
3694156 0
366 events for H
815 906
8662 0
59163 1714
70573 0
72113 906
72853 1714
87862 0
105142 1714
107876 0
108056 215
119532 0
123356 1714
126391 0
149562 1500
155577 0
169752 1500
175762 0
207802 906
208552 0
317713 906
329448 0
330988 906
347062 0
368542 906
384941 0
391121 906
398082 0
441909 906
457399 0
464662 906
470982 0
559381 906
566836 0
568376 906
585025 0
591265 906
603215 0
641134 906
657783 0
663963 906
675373 0
716337 906
731191 0
737371 906
749705 0
760385 1500
766497 0
774459 1500
780571 0
825302 906
842276 0
848456 906
860731 0
863071 906
870948 0
913042 906
913808 0
967342 1714
970951 0
974422 1714
991716 0
998292 1714
1006792 0
1012702 906
1013442 1714
1025520 0
1032300 1714
1044309 0
1046589 1714
1062499 0
1068679 1714
1080688 0
1084671 906
1085411 1714
1098878 0
1105058 1714
1110562 0
1141437 215
1152857 0
1258642 906
1259382 0
1268763 906
1280173 0
1282453 906
1297462 0
1320769 906
1335991 0
1343128 906
1354505 0
1356045 906
1372805 0
1379799 906
1391319 0
1394487 906
1409487 0
1416228 906
1428562 0
1430102 906
1447076 0
1453256 906
1456162 0
1456642 906
1465591 0
1467871 906
1483805 0
1490285 906
1499362 0
1499542 1087
1502252 0
1505199 906
1521133 0
1527287 593
1532954 0
1534973 906
1537933 0
1542408 593
1555969 0
1578142 906
1584862 0
1585942 906
1594524 0
1600721 906
1612702 0
1614298 906
1628962 0
1629442 906
1630902 0
1637100 906
1649044 0
1651453 906
1667205 0
1673479 1714
1685347 0
1689527 906
1690267 1714
1726162 0
1738942 1714
1769362 0
1778842 1714
1794504 0
1796280 906
1797020 1714
1812734 0
1815472 1714
1830948 0
1837184 1714
1844962 0
1845442 906
1849182 0
1850751 906
1867383 0
1873563 906
1884973 0
1887253 906
1893562 0
1894342 906
1902262 0
1925673 906
1940786 0
1946971 906
1959305 0
1960845 906
1977819 0
1983999 906
1996333 0
2000113 906
2013348 0
2021028 906
2033362 0
2034902 906
2039062 0
2081028 906
2088905 0
2095085 906
2102926 0
2109002 906
2125162 0
2132113 1600
2142254 0
2147352 1500
2153610 0
2154672 1500
2157014 0
2182942 906
2199341 0
2205521 906
2210741 0
2211221 906
2213962 0
2221320 906
2222077 1500
2227352 0
2228677 1500
2233962 0
2241900 906
2253909 0
2256189 906
2272099 0
2278279 906
2290288 0
2294048 906
2308358 0
2314658 906
2326665 0
2328947 906
2341762 0
2342242 906
2344857 0
2351037 906
2363046 0
2365326 906
2381236 0
2382776 906
2399364 0
2405605 906
2417555 0
2419895 906
2435804 0
2441984 906
2453994 0
2455534 906
2472183 0
2478363 906
2489773 0
2494449 1500
2498464 0
2500149 1500
2504174 0
2522542 906
2525662 0
2532742 215
2544262 0
2566685 906
2582405 0
2588799 906
2601133 0
2603413 906
2619648 0
2625828 906
2638162 0
2639702 906
2656676 0
2662856 906
2675191 0
2677471 906
2693705 0
2699885 906
2712219 0
2713759 906
2730733 0
2736913 906
2748648 0
2750928 906
2766262 0
2781742 906
2785942 0
2788231 906
2804141 0
2810321 906
2822330 0
2823870 906
2840520 0
2846700 906
2858709 0
2860989 906
2876899 0
2883079 906
2895088 0
2898871 906
2913136 0
2919458 906
2931443 0
2933769 906
2949657 0
2955837 906
2967846 0
2970126 906
2986036 0
2987576 906
3004225 0
3010405 906
3022415 0
3024695 906
3038362 0
3046784 906
3057104 0
3060634 906
3076794 0
3083163 906
3094573 0
3096853 906
3111862 0
3127042 1087
3129752 0
3136272 906
3150176 0
3156356 215
3167776 0
3207678 906
3223805 0
3229985 906
3242392 0
3244492 906
3260313 0
3266799 906
3278661 0
3280569 906
3291382 0
3292342 906
3297430 0
3303613 906
3315840 0
3318121 906
3334248 0
3340428 906
3352107 0
3354664 906
3370517 0
3386542 906
3390262 0
3392953 906
3408783 0
3414963 906
3421762 0
3422242 906
3426562 0
3428675 906
3435100 0
3436102 906
3444756 0
3451184 906
3462924 0
3465742 1714
3481042 0
3487585 1714
3499285 0
3503888 1714
3507382 0
3507547 906
3517402 0
3523626 906
3535553 0
3537840 906
3551362 0
3551842 1714
3552878 0
3559847 1714
3561227 0
3562342 1714
3563341 0
3564142 1714
3564622 0
3565012 1714
3565612 0
3566982 1714
3569509 0
3573542 906
3574282 1714
3589462 0
3682881 906
3683801 593
3697722 0
3704791 593
3715832 0
3774962 906
3791662 0
4 events for I
693992 0
693993 74
3113192 0
3113193 74
377 events for J
111185 117965
111275 124709
112136 6744
113045 124709
113936 6744
114845 124709
115736 6744
116645 124709
117536 6744
118445 124709
119336 6744
120245 124709
121136 6744
122036 0
129700 117965
129790 124709
130651 6744
131560 124709
132451 6744
133360 124709
134251 6744
135160 124709
136051 6744
136951 0
314932 7514
328573 0
330747 7514
346188 0
634471 58982
634561 66496
635842 6744
636331 66496
637702 6744
638122 0
640803 58982
640893 66496
642174 6744
642663 66496
644034 6744
644463 66496
645834 6744
655254 0
661092 58982
661182 66496
662463 6744
662952 66496
664323 6744
664752 66496
666123 6744
671943 0
1012371 235930
1012461 242674
1014222 6744
1014411 242674
1016262 6744
1016451 242674
1018302 6744
1018551 242674
1020402 6744
1021422 0
1029429 235930
1029519 242674
1030135 6744
1030140 0
1044922 169032
1046722 45609
1048527 0
1582291 117965
1582381 125479
1583662 7514
1584022 0
1719961 3372
1725142 0
1745161 3372
1753522 0
1762561 3372
1767922 0
1790161 3372
1793122 0
1796039 3372
1811840 0
1952071 117965
1952161 121337
1953682 3372
1953931 121337
1955482 3372
1955722 0
1960514 117965
1960604 121337
1961945 3372
1967774 121337
1969145 3372
1971365 0
1981128 117965
1981218 121337
1982739 3372
1986588 121337
1988139 3372
1988379 0
2187961 3372
2188831 121337
2191582 3372
2192431 121337
2195122 3372
2196022 0
2202650 117965
2202740 121337
2204201 3372
2204510 121337
2206061 3372
2209901 0
2557111 19661
2557201 25951
2558962 6290
2559751 25951
2561602 6290
2562142 0
2565451 19661
2565541 25951
2567302 6290
2568091 25951
2569942 6290
2570911 25951
2572762 6290
2573491 25951
2575342 6290
2576311 25951
2578162 6290
2578891 25951
2580742 6290
2581282 0
2586031 19661
2586121 25951
2587882 6290
2588011 25951
2589862 6290
2590231 25951
2592082 6290
2592211 25951
2594062 6290
2594431 25951
2596282 6290
2596411 25951
2598257 6290
2598262 0
2602342 117965
2602432 124709
2603893 6744
2618593 0
2622957 117965
2623047 124709
2624508 6744
2637288 0
2639371 117965
2639461 124709
2640922 6744
2653702 0
2789371 19661
2789461 25951
2791222 6290
2791351 25951
2793202 6290
2793571 25951
2795422 6290
2795551 25951
2797402 6290
2797771 25951
2799622 6290
2799751 25951
2801597 6290
2801602 0
2807551 19661
2807641 25951
2808502 6290
2808631 25951
2809582 6290
2809951 25951
2810902 6290
2811151 25951
2812102 6290
2812351 25951
2813302 6290
2813431 25951
2814382 6290
2814387 0
2816071 117965
2816161 124709
2817682 6744
2819687 0
2819731 117965
2821342 6744
2821402 0
2823539 117965
2823629 124709
2825150 6744
2828955 0
2828999 117965
2830610 6744
2836070 0
2843829 117965
2843919 124709
2845440 6744
2847445 0
2847489 117965
2849100 6744
2854260 0
2860008 6290
2870769 0
2880298 6290
2891059 0
2898630 6290
2902191 0
3140071 58982
3142822 7514
3146336 0
3153485 58982
3153575 66496
3154916 7514
3155225 66496
3156656 7514
3156905 66496
3158336 7514
3158585 66496
3160016 7514
3160265 66496
3161696 7514
3161706 0
3206607 58982
3206697 66496
3208038 7514
3208467 66496
3209898 7514
3210267 66496
3211698 7514
3212067 66496
3213498 7514
3213867 66496
3215298 7514
3215667 66496
3217098 7514
3217467 66496
3218898 7514
3219267 66496
3220698 7514
3221067 66496
3222498 7514
3222928 0
3227114 58982
3227204 66496
3228545 7514
3228974 66496
3230405 7514
3230774 66496
3232205 7514
3232574 66496
3234005 7514
3234374 66496
3235805 7514
3236174 66496
3237605 7514
3237974 66496
3239405 7514
3239774 66496
3241205 7514
3241335 0
3243421 58982
3243511 66496
3244972 7514
3245041 66496
3246592 7514
3246661 66496
3248092 7514
3248097 0
3291361 7514
3296542 0
3302332 7514
3314953 0
3317140 7514
3333361 0
3412111 58982
3412201 66496
3413542 7514
3413971 66496
3415402 7514
3415762 0
3416071 58982
3416161 66496
3417502 7514
3417751 66496
3419182 7514
3419491 66496
3420922 7514
3420927 0
3507271 58982
3507361 66496
3508702 7514
3508771 66496
3510202 7514
3510271 66496
3511702 7514
3511771 66496
3513202 7514
3513271 66496
3514702 7514
3514771 66496
3516202 7514
3516562 0
3520756 58982
3520846 66496
3522187 7514
3522616 66496
3524047 7514
3524416 66496
3525847 7514
3526216 58982
3527647 7514
3528016 66496
3529447 7514
3529816 58982
3531247 7514
3531616 66496
3533047 7514
3533236 66496
3534667 7514
3534672 0
3536769 58982
3536859 66496
3538200 7514
3538449 66496
3539880 7514
3540129 66496
3541560 7514
3541809 66496
3543240 7514
3543489 66496
3544920 7514
3545169 66496
3546600 7514
3546849 66496
3548280 7514
3548529 66496
3549960 7514
3550505 0
3740221 7514
3751187 0
3758431 58982
3758521 66496
3759242 7514
3759331 66496
3760142 7514
3760471 66496
3761282 7514
3761371 66496
3762182 7514
3762511 66496
3763322 7514
3763411 66496
3764222 7514
3764731 66496
3765542 7514
3765631 66496
3766442 7514
3766771 66496
3767582 7514
3767671 66496
3768482 7514
3768811 66496
3769622 7514
3769711 66496
3770522 7514
3770527 0
3774631 58982
3774721 65726
3779842 6744
3785491 65726
3790702 6744
3790822 0
108 events for K
14295 706
18495 1285
50674 706
107467 2414
109307 706
136073 1285
141653 706
155784 1285
157764 706
395453 1285
419011 706
423211 1285
437200 706
439420 1772
455090 706
459710 1772
475479 2414
477839 1772
491469 706
546453 2414
556213 706
588296 1285
619073 706
623295 1285
632753 706
692153 0
692154 487
712267 2414
714107 487
786524 2414
802724 487
807139 2414
839967 487
844167 2414
876996 487
1080279 2414
1082119 487
1108553 2414
1132947 487
1137148 2414
1169326 487
1173527 2414
1177127 487
1195127 2414
1198727 487
1208406 2414
1210553 487
1221953 2414
1260274 487
1315953 2414
1333682 487
1337882 2414
1345853 487
1391393 2414
1407178 487
1596432 2414
1603853 487
1632856 2414
1664896 487
1685079 2414
1686919 487
1842953 2414
1865074 487
1869277 2414
1891253 487
1920753 2414
1938477 487
1942684 2414
1950353 487
2037053 2414
2049507 487
2053767 2414
2086596 487
2253700 2414
2269790 487
2273990 2414
2306049 487
2310429 2414
2339453 487
2381027 2414
2397055 487
2401316 2414
2425853 1285
2526667 2414
2528507 1285
2533560 2414
2543282 1285
2547482 2414
2555282 1285
2663453 2414
2691396 1285
2695596 2414
2706653 1285
2732624 2414
2763953 1285
2777153 2414
2787542 1285
2894679 2414
2896519 1285
2901053 2414
2910827 1285
2915190 2414
2944253 2057
3111353 0
3111354 2414
3716153 1772
3736160 2414
3738000 1772
660 events for L
1038 12910592
1039 0
5118 12910592
5119 0
7578 12910592
7579 0
58518 12910592
58519 0
63789 12910592
63790 0
69129 12910592
69130 0
72429 12910592
72430 0
79423 12910592
79424 0
86423 12910592
86424 0
104723 12910592
104724 0
106518 12910592
106519 0
122718 12910592
122719 0
125003 12910592
125004 0
316994 12910592
316995 0
319989 12910592
319990 0
322496 12910592
322497 0
325004 12910592
325005 0
328004 12910592
328005 0
331304 12910592
331305 0
334304 12910592
334305 0
338466 12910592
338467 0
342618 12910592
342619 0
345618 12910592
345619 0
368123 12910592
368124 0
369918 12910592
369919 0
371718 12910592
371719 0
375318 12910592
375319 0
378918 12910592
378919 0
383118 12910592
383119 0
390323 12910592
390324 0
392718 12910592
392719 0
395718 12910592
395719 0
441485 12910592
441486 0
443183 12910592
443184 0
448720 12910592
448721 0
452955 12910592
452956 0
455955 12910592
455956 0
464418 12910592
464419 0
467723 12910592
467724 0
558918 12910592
558919 0
565218 12910592
565219 0
568818 12910592
568819 0
572418 12910592
572419 0
576018 12910592
576019 0
579677 12910592
579678 0
583572 12910592
583573 0
590718 12910592
590719 0
601463 12910592
601464 0
641455 12910592
641456 0
645318 12910592
645319 0
648918 12910592
648919 0
652518 12910592
652519 0
656339 12910592
656340 0
663244 12910592
663245 0
668718 12910592
668719 0
673518 12910592
673519 0
716653 12910592
716654 0
719656 12910592
719657 0
723200 12910592
723201 0
726747 12910592
726748 0
729747 12910592
729748 0
736647 12910592
736648 0
739647 12910592
739648 0
742457 12910592
742458 0
745261 12910592
745262 0
748261 12910592
748262 0
825861 12910592
825862 0
830718 12910592
830719 0
835518 12910592
835519 0
840438 12910592
840439 0
847761 12910592
847762 0
851298 12910592
851299 0
854838 12910592
854839 0
859218 12910592
859219 0
862698 12910592
862699 0
866718 12910592
866719 0
869181 12910592
869182 0
968062 12910592
968063 0
973998 12910592
973999 0
982038 12910592
982039 0
990081 12910592
990082 0
1013240 12910592
1013241 0
1018547 12910592
1018548 0
1024076 12910592
1024077 0
1031418 12910592
1031419 0
1035918 12910592
1035919 0
1040718 12910592
1040719 0
1046165 12910592
1046166 0
1053610 12910592
1053611 0
1060938 12910592
1060939 0
1067955 12910592
1067956 0
1073599 12910592
1073600 0
1079244 12910592
1079245 0
1084990 12910592
1084991 0
1091210 12910592
1091211 0
1097434 12910592
1097435 0
1106729 12910592
1106730 0
1268039 12910592
1268040 0
1271039 12910592
1271040 0
1273387 12910592
1273388 0
1275729 12910592
1275730 0
1278729 12910592
1278730 0
1282029 12910592
1282030 0
1285029 12910592
1285030 0
1289023 12910592
1289024 0
1293018 12910592
1293019 0
1296021 12910592
1296022 0
1320353 12910592
1320354 0
1327218 12910592
1327219 0
1334378 12910592
1334379 0
1343718 12910592
1343719 0
1353061 12910592
1353062 0
1356364 12910592
1356365 0
1363861 12910592
1363862 0
1371361 12910592
1371362 0
1379241 12910592
1379242 0
1386317 12910592
1386318 0
1394063 12910592
1394064 0
1401053 12910592
1401054 0
1407798 12910592
1407799 0
1415718 12910592
1415719 0
1426518 12910592
1426519 0
1430721 12910592
1430722 0
1444518 12910592
1444519 0
1453628 12910592
1453629 0
1460182 12910592
1460183 0
1470082 12910592
1470083 0
1476918 12910592
1476919 0
1480518 12910592
1480519 0
1489561 12910592
1489562 0
1493718 12910592
1493719 0
1497801 12910592
1497802 0
1505718 12910592
1505719 0
1509198 12910592
1509199 0
1514118 12910592
1514119 0
1519220 12910592
1519221 0
1536078 12910592
1536079 0
1580418 12910592
1580419 0
1585518 12910592
1585519 0
1592718 12910592
1592719 0
1600519 12910592
1600520 0
1610838 12910592
1610839 0
1614558 12910592
1614559 0
1621067 12910592
1621068 0
1629238 12910592
1629239 0
1638918 12910592
1638919 0
1645458 12910592
1645459 0
1651518 12910592
1651519 0
1658396 12910592
1658397 0
1664718 12910592
1664719 0
1673055 12910592
1673056 0
1678480 12910592
1678481 0
1690098 12910592
1690099 0
1696480 12910592
1696481 0
1703118 12910592
1703119 0
1718868 12910592
1718869 0
1724718 12910592
1724719 0
1739718 12910592
1739719 0
1752318 12910592
1752319 0
1767618 12910592
1767619 0
1778418 12910592
1778419 0
1785740 12910592
1785741 0
1793060 12910592
1793061 0
1796596 12910592
1796597 0
1803944 12910592
1803945 0
1811290 12910592
1811291 0
1818317 12910592
1818318 0
1824319 12910592
1824320 0
1829118 12910592
1829119 0
1840518 12910592
1840519 0
1846519 12910592
1846520 0
1854558 12910592
1854559 0
1865418 12910592
1865419 0
1878184 12910592
1878185 0
1889473 12910592
1889474 0
1895718 12910592
1895719 0
1900818 12910592
1900819 0
1928118 12910592
1928119 0
1935918 12910592
1935919 0
1946720 12910592
1946721 0
1952718 12910592
1952719 0
1957861 12910592
1957862 0
1961161 12910592
1961162 0
1968770 12910592
1968771 0
1976375 12910592
1976376 0
1983918 12910592
1983919 0
1988118 12910592
1988119 0
1992319 12910592
1992320 0
1994718 12910592
1994719 0
1999691 12910592
1999692 0
2003718 12910592
2003719 0
2007918 12910592
2007919 0
2011904 12910592
2011905 0
2020306 12910592
2020307 0
2026111 12910592
2026112 0
2031918 12910592
2031919 0
2036418 12910592
2036419 0
2080698 12910592
2080699 0
2083638 12910592
2083639 0
2087418 12910592
2087419 0
2094363 12910592
2094364 0
2097921 12910592
2097922 0
2101482 12910592
2101483 0
2109318 12910592
2109319 0
2114120 12910592
2114121 0
2118918 12910592
2118919 0
2123718 12910592
2123719 0
2182218 12910592
2182219 0
2187920 12910592
2187921 0
2193318 12910592
2193319 0
2197518 12910592
2197519 0
2204797 12910592
2204798 0
2209299 12910592
2209300 0
2212938 12910592
2212939 0
2241318 12910592
2241319 0
2245746 12910592
2245747 0
2250317 12910592
2250318 0
2255900 12910592
2255901 0
2263098 12910592
2263099 0
2270298 12910592
2270299 0
2278580 12910592
2278581 0
2288238 12910592
2288239 0
2297718 12910592
2297719 0
2304918 12910592
2304919 0
2317518 12910592
2317519 0
2322918 12910592
2322919 0
2331318 12910592
2331319 0
2339118 12910592
2339119 0
2342718 12910592
2342719 0
2353518 12910592
2353519 0
2358918 12910592
2358919 0
2369718 12910592
2369719 0
2376918 12910592
2376919 0
2386100 12910592
2386101 0
2394858 12910592
2394859 0
2406830 12910592
2406831 0
2413218 12910592
2413219 0
2425518 12910592
2425519 0
2430918 12910592
2430919 0
2441262 12910592
2441263 0
2446905 12910592
2446906 0
2452550 12910592
2452551 0
2456118 12910592
2456119 0
2463296 12910592
2463297 0
2470739 12910592
2470740 0
2480718 12910592
2480719 0
2486118 12910592
2486119 0
2523018 12910592
2523019 0
2565918 12910592
2565919 0
2573463 12910592
2573464 0
2580961 12910592
2580962 0
2591118 12910592
2591119 0
2595919 12910592
2595920 0
2602989 12910592
2602990 0
2610596 12910592
2610597 0
2618120 12910592
2618121 0
2627118 12910592
2627119 0
2635518 12910592
2635519 0
2641520 12910592
2641521 0
2650518 12910592
2650519 0
2661918 12910592
2661919 0
2669718 12910592
2669719 0
2679618 12910592
2679619 0
2688798 12910592
2688799 0
2702058 12910592
2702059 0
2709918 12910592
2709919 0
2715320 12910592
2715321 0
2722518 12910592
2722519 0
2738480 12910592
2738481 0
2744418 12910592
2744419 0
2751798 12910592
2751799 0
2757498 12910592
2757499 0
2764338 12910592
2764339 0
2782758 12910592
2782759 0
2787807 12910592
2787808 0
2792718 12910592
2792719 0
2798240 12910592
2798241 0
2810718 12910592
2810719 0
2819120 12910592
2819121 0
2830518 12910592
2830519 0
2837718 12910592
2837719 0
2848518 12910592
2848519 0
2854818 12910592
2854819 0
2860565 12910592
2860566 0
2868010 12910592
2868011 0
2874918 12910592
2874919 0
2884519 12910592
2884520 0
2891718 12910592
2891719 0
2906119 12910592
2906120 0
2920518 12910592
2920519 0
2927718 12910592
2927719 0
2934918 12910592
2934919 0
2941518 12910592
2941519 0
2947518 12910592
2947519 0
2955113 12910592
2955114 0
2960757 12910592
2960758 0
2972719 12910592
2972720 0
2981718 12910592
2981719 0
2992519 12910592
2992520 0
2999718 12910592
2999719 0
3012318 12910592
3012319 0
3017718 12910592
3017719 0
3026118 12910592
3026119 0
3030020 12910592
3030021 0
3033618 12910592
3033619 0
3048678 12910592
3048679 0
3052400 12910592
3052401 0
3064878 12910592
3064879 0
3068478 12910592
3068479 0
3084318 12910592
3084319 0
3091518 12910592
3091519 0
3100518 12910592
3100519 0
3107718 12910592
3107719 0
3136520 26897
3137000 0
3147320 26897
3147800 0
3244519 26897
3244999 0
3255320 26897
3255800 0
3276920 26897
3277400 0
3293954 26897
3294434 0
3303319 26897
3303799 0
3314398 26897
3314878 0
3332119 26897
3332599 0
3388519 26897
3388999 0
3400520 26897
3401000 0
3423368 26897
3423848 0
3465320 26897
3465800 0
3486920 26897
3487400 0
3567620 26897
3568100 0
3587720 26897
3588200 0
3777320 26897
3777800 0
