12 instruments
A 10 100 0 320000000
B 10 100 2238.0782914523293 612647607.58318675
C 10 100 22018.298358889329 159480658.09969637
D 10 100 0 974485132.8010211
E 10 100 8192 3200000000
F 10 100 0 275897579.9041419
G 10 100 183507440.74517861 809594356.20986629
H 10 100 1801610371.8348846 4747451505.5334387
I 10 100 728287279.5071317 6713663885.8674479
J 10 100 2665037.1650940888 921958803.05957663
K 10 100 47192398.279190399 1501427445.7644184
L 10 100 309096.09667920991 262843801.48639998
140 downlinks
0 230 26089 8910.3347130000002
1 69275 89272 9263.3037550000008
2 92381 98613 8194.1372179999998
3 110326 122989 8812.3468479999992
4 141822 143653 28513.272391999999
5 170497 174658 29797.943813000002
6 178689 213521 9287.2106050000002
7 213522 224274 9493.8769009999996
8 227678 263758 29841.66733
9 264997 269675 9031.5484039999992
10 328475 340105 27058.173078
11 342214 345771 27764.822221999999
12 349714 366316 8866.3210920000001
13 378201 390361 30200.423556999998
14 393473 398317 9259.4321029999992
15 402509 426580 9457.3783449999992
16 428309 432137 29542.407908000001
17 437615 452458 8564.5545529999999
18 461609 484278 9335.3412189999999
19 486805 515531 27874.981927000001
20 523925 566080 30587.746092000001
21 566081 610233 9231.3874039999992
22 610234 626452 8609.2624169999999
23 627801 644033 8689.6108280000008
24 652386 654433 26609.79682
25 674075 693680 8915.2263710000007
26 696545 726495 9094.9622560000007
27 726496 744210 8333.9255690000009
28 744792 751133 27500.430241999999
29 765210 781563 8601.7316499999997
30 782856 817769 9100.8958739999998
31 831487 844776 9427.4328960000003
32 847747 858159 27243.904355999999
33 860587 882307 8431.3051790000009
34 911303 913625 27636.251289
35 933275 952563 8831.2619180000002
36 953671 970270 8966.6639699999996
37 977882 983633 54396.705881000002
38 987425 1001453 58970.262822999997
39 1004038 1033077 57826.355975999999
40 1033078 1043822 17374.699861000001
41 1059178 1085969 57611.601310999999
42 1086178 1118258 59023.283414999998
43 1119000 1124750 55193.106121999997
44 1128106 1170223 25530.421285
45 1170224 1214419 29269.697155999998
46 1214420 1218510 16830.732371999999
47 1231668 1246335 28226.256141999998
48 1248665 1251216 60093.408818999997
49 1291663 1321362 58272.632834999997
50 1321363 1328637 61499.660580999996
51 1342840 1364137 28538.149495000001
52 1377685 1383507 18090.695755000001
53 1387050 1402262 23661.293665000001
54 1404159 1432113 28757.617953000001
55 1432114 1474410 56137.919716999997
56 1475554 1492448 23437.772314999998
57 1507654 1520294 55980.942202999999
58 1533509 1547361 60635.164006999999
59 1550249 1581176 23619.145155999999
60 1601769 1610035 53049.165158000003
61 1612644 1635803 23042.764167000001
62 1635804 1640256 53421.323553000002
63 1643692 1648372 23396.302264000002
64 1651944 1664848 22759.633384000001
65 1688080 1692679 53785.922146999997
66 1703839 1720293 23595.771228000001
67 1722600 1729257 17076.713232999999
68 1732315 1767438 24932.393585000002
69 1767439 1777662 29494.590024000001
70 1780694 1786566 55821.075068999999
71 1789934 1807223 22968.383259999999
72 1808294 1812475 57490.653299999998
73 1830667 1835727 25500.801521000001
74 1877675 1901061 24904.219582000002
75 1904951 1909019 26817.789122999999
76 1921329 1951392 30236.225505999999
77 1954623 1975014 64968.303881
78 1981285 1987614 18980.648960999999
79 1991269 2032235 26276.326033000001
80 2033328 2075612 30209.873796
81 2077589 2081851 26595.764298999999
82 2112418 2119398 25812.000550000001
83 2138813 2150072 26242.243616
84 2153573 2157292 60521.572561000001
85 2165213 2182006 25759.527445
86 2196713 2208971 62910.21802
87 2212368 2246154 62402.514213000002
88 2250231 2262896 26087.487331
89 2278908 2296389 30312.554313000001
90 2303803 2315435 61079.659066
91 2326303 2338193 18673.221132999999
92 2341063 2343968 64240.288658999998
93 2348705 2358281 31143.729536999999
94 2362745 2373172 31955.262932000001
95 2378585 2417619 32548.652656999999
96 2422874 2433113 26591.031461999999
97 2438797 2448637 31032.775088999999
98 2482475 2503414 26518.557602000001
99 2509196 2513748 27135.491309000001
100 2546492 2554449 30548.763144
101 2584895 2599227 61173.218094999997
102 2601986 2613197 25727.776897
103 2616459 2634963 60685.825332
104 2637534 2669078 31943.127114999999
105 2671281 2688734 26854.269729
106 2693359 2699369 60653.754335999998
107 2741675 2762686 25877.051024
108 2768169 2772987 26858.741764999999
109 2783776 2804097 30730.334417999999
110 2810170 2849164 64710.467042999997
111 2854493 2867280 26821.553663999999
112 2870770 2890002 30352.900559999998
113 2898763 2902619 62069.510897
114 2929865 2950755 24941.171042000002
115 2952425 2979426 64615.886477
116 2982808 3024989 29824.478802000001
117 3027146 3032386 25807.814231
118 3053459 3065205 30500.246913999999
119 3069127 3073478 63784.759174999999
120 3087275 3106929 26887.570243999999
121 3113473 3118589 26801.861517000001
122 3141669 3151371 30816.996993000001
123 3188748 3196245 30054.646581000001
124 3199802 3241768 25083.168038
125 3241769 3272974 31964.981436999999
126 3275142 3299827 26020.402946999999
127 3328091 3332595 65210.357319000002
128 3346475 3357999 26020.533994000001
129 3361237 3371654 25744.512599999998
130 3375545 3390392 62740.845427
131 3414414 3417800 59751.354583
132 3422285 3435015 26793.545150000002
133 3442565 3451727 25803.846627999999
134 3458789 3469977 25578.956714
135 3473731 3501295 37319.959895
136 3533725 3559855 26914.434292999998
137 3562585 3584304 37696.254029999996
138 3587061 3591813 40703.395508000001
139 3605675 3625544 25449.31221
0 opportunities for A
0 opportunities for B
0 opportunities for C
0 opportunities for D
0 opportunities for E
0 opportunities for F
0 opportunities for G
0 opportunities for H
0 opportunities for I
0 opportunities for J
0 opportunities for K
0 opportunities for L
0 events for A

132 events for B
114917 3754
115637 0
117437 3754
121037 0
143717 3754
144437 0
146237 3754
149837 0
186017 3754
186737 0
188537 3754
192137 0
260717 3754
261437 0
263237 3754
266837 0
347117 1365
347297 0
349097 1365
349637 1979
364037 1365
364217 1979
378617 1365
379337 1979
393737 1365
393917 1979
408317 1365
409037 1979
423437 1365
423617 1979
438017 0
483917 665
516317 0
845957 3276
860957 0
875417 3754
876137 0
877937 3754
881537 0
893417 3754
894137 0
895937 3754
899537 0
963617 3754
964337 0
966137 3754
969737 0
985217 1365
985397 0
987197 1365
987737 2935
1002137 1365
1002317 2935
1016717 1365
1017437 2935
1031837 1365
1032017 2935
1046417 1365
1047137 2935
1061537 1365
1061717 2935
1076117 0
1433100 3276
1448100 0
1558596 665
1558597 0
1631354 665
1631355 0
1705252 3276
1720252 0
1875917 1979
1877117 0
1878917 1979
1882517 1365
1883237 1979
1897637 1365
1897817 1979
1926617 1365
1927337 1979
1941737 1365
1941917 1979
1975517 1365
1976237 1979
1990637 1365
1990817 1979
2010017 0
2051888 4096
2060088 0
2344343 665
2373503 0
2509431 665
2538951 0
2583060 4096
2591260 0
2656688 4096
2664888 0
2739617 4096
2747817 0
2840480 4096
2848680 0
2912922 4096
2921122 0
3021585 4096
3029785 0
3357797 3754
3358517 0
3360317 3754
3363917 0
3371117 3754
3371837 0
3373637 3754
3377237 0
3392837 3754
3393557 0
3395357 3754
3398957 0
3407357 3754
3408077 0
3409877 3754
3413477 0
3471197 3754
3471917 0
3473717 3754
3477317 0
3516917 3754
3517637 0
3519437 3754
3523037 0
3563717 3754
3564437 0
3566237 3754
3569837 0
362 events for C
10622 906
11362 0
20743 906
32153 0
34433 906
49442 0
72749 906
87971 0
95108 906
106485 0
108025 906
124785 0
131779 906
143299 0
146467 906
161467 0
168208 906
180542 0
182082 906
199056 0
205236 906
208142 0
208622 906
217571 0
219851 906
235785 0
242265 906
251342 0
251522 1087
254232 0
257179 906
273113 0
279267 593
284934 0
286953 906
289913 0
294388 593
307949 0
330122 906
336842 0
337922 906
346504 0
352701 906
364682 0
366278 906
380942 0
381422 906
382882 0
389080 906
401024 0
403433 906
419185 0
425459 1714
437327 0
441507 906
442247 1714
478142 0
490922 1714
521342 0
530822 1714
546484 0
548260 906
549000 1714
564714 0
567452 1714
582928 0
589164 1714
596942 0
597422 906
601162 0
602731 906
619363 0
625543 906
636953 0
639233 906
645542 0
646322 906
654242 0
677653 906
692766 0
698951 906
711285 0
712825 906
729799 0
735979 906
748313 0
752093 906
765328 0
773008 906
785342 0
786882 906
791042 0
833008 906
840885 0
847065 906
854906 0
860982 906
877142 0
884093 1600
894234 0
899332 1500
905590 0
906652 1500
908994 0
934922 906
951321 0
957501 906
962721 0
963201 906
965942 0
973300 906
974057 1500
979332 0
980657 1500
985942 0
993880 906
1005889 0
1008169 906
1024079 0
1030259 906
1042268 0
1046028 906
1060338 0
1066638 906
1078645 0
1080927 906
1093742 0
1094222 906
1096837 0
1103017 906
1115026 0
1117306 906
1133216 0
1134756 906
1151344 0
1157585 906
1169535 0
1171875 906
1187784 0
1193964 906
1205974 0
1207514 906
1224163 0
1230343 906
1241753 0
1246429 1500
1250444 0
1252129 1500
1256154 0
1274522 906
1277642 0
1284722 215
1296242 0
1318665 906
1334385 0
1340779 906
1353113 0
1355393 906
1371628 0
1377808 906
1390142 0
1391682 906
1408656 0
1414836 906
1427171 0
1429451 906
1445685 0
1451865 906
1464199 0
1465739 906
1482713 0
1488893 906
1500628 0
1502908 906
1518242 0
1533722 906
1537922 0
1540211 906
1556121 0
1562301 906
1574310 0
1575850 906
1592500 0
1598680 906
1610689 0
1612969 906
1628879 0
1635059 906
1647068 0
1650851 906
1665116 0
1671438 906
1683423 0
1685749 906
1701637 0
1707817 906
1719826 0
1722106 906
1738016 0
1739556 906
1756205 0
1762385 906
1774395 0
1776675 906
1790342 0
1798764 906
1809084 0
1812614 906
1828774 0
1835143 906
1846553 0
1848833 906
1863842 0
1879022 1087
1881732 0
1888252 906
1902156 0
1908336 215
1919756 0
1959658 906
1975785 0
1981965 906
1994372 0
1996472 906
2012293 0
2018779 906
2030641 0
2032549 906
2043362 0
2044322 906
2049410 0
2055593 906
2067820 0
2070101 906
2086228 0
2092408 906
2104087 0
2106644 906
2122497 0
2138522 906
2142242 0
2144933 906
2160763 0
2166943 906
2173742 0
2174222 906
2178542 0
2180655 906
2187080 0
2188082 906
2196736 0
2203164 906
2214904 0
2217722 1714
2233022 0
2239565 1714
2251265 0
2255868 1714
2259362 0
2259527 906
2269382 0
2275606 906
2287533 0
2289820 906
2303342 0
2303822 1714
2304858 0
2311827 1714
2313207 0
2314322 1714
2315321 0
2316122 1714
2316602 0
2316992 1714
2317592 0
2318962 1714
2321489 0
2325522 906
2326262 1714
2341442 0
2434861 906
2435781 593
2449702 0
2456771 593
2467812 0
2526942 906
2543642 0
2549951 906
2562178 0
2586765 906
2587515 0
2660393 906
2670713 0
2674161 906
2690621 0
2712869 1500
2718684 0
2720332 1500
2725977 0
2785214 906
2801784 0
2807964 906
2819895 0
2886962 906
2892226 0
2893877 906
2908837 0
2916627 906
2928618 0
2931182 906
2946542 0
2952848 906
2964542 0
2966382 906
2982889 0
2989069 906
3000782 0
3003422 906
3019082 0
3025290 906
3037526 0
3131703 906
3146942 0
3154751 906
3166978 0
3171422 215
3182842 0
3210722 906
3221942 0
3228379 906
3240302 0
3243122 906
3253742 0
3302008 906
3314235 0
3315775 906
3332642 0
3361922 906
3370493 0
3377143 906
3383222 0
3390282 906
3395226 0
3398272 906
3406442 0
3412764 906
3424455 0
3426975 906
3439505 0
3448985 906
3460916 0
3464604 906
3479026 0
3485206 906
3497137 0
3499417 906
3515247 0
3537482 906
3538222 1500
3544227 0
3557835 1500
3563840 0
82 events for D
5708 1000
6708 0
50040 1000
51040 0
111893 1000
112893 0
173903 1000
174903 0
225571 1000
226571 0
269403 1000
270403 0
312952 1000
313952 0
356295 1000
357295 0
399405 1000
400405 0
442165 1000
443165 0
484714 1000
485714 0
527326 1000
528326 0
570258 1000
571258 0
613628 1000
614628 0
657275 1000
658275 0
700951 1000
701951 0
744682 1000
745682 0
788410 1000
789410 0
832562 1000
833562 0
871601 1000
872601 0
925095 1000
926095 0
965467 1000
966467 0
1011668 1000
1012668 0
1059459 1000
1060459 0
1108967 1000
1109967 0
1157298 1000
1158298 0
1203985 1000
1204985 0
1250148 1000
1251148 0
1295146 1000
1296146 0
1339851 1000
1340851 0
1384768 1000
1385768 0
1429952 1000
1430952 0
1475706 1000
1476706 0
1521041 1000
1522041 0
1565153 1000
1566153 0
1609012 1000
1610012 0
1652590 1000
1653590 0
1695826 1000
1696826 0
1738749 1000
1739749 0
1781577 1000
1782577 0
1824874 1000
1825874 0
1552 events for E
13395 12910592
13396 0
13655 12910592
13656 0
14235 12910592
14236 0
14495 12910592
14496 0
30985 12910592
30986 0
31245 12910592
31246 0
31825 12910592
31826 0
32085 12910592
32086 0
48274 12910592
48275 0
48534 12910592
48535 0
49114 12910592
49115 0
49374 12910592
49375 0
67174 12910592
67175 0
67404 12910592
67405 0
67944 12910592
67945 0
68174 12910592
68175 0
86803 12910592
86804 0
87063 12910592
87064 0
87643 12910592
87644 0
87903 12910592
87904 0
105317 12910592
105318 0
105577 12910592
105578 0
106157 12910592
106158 0
106417 12910592
106418 0
123831 12910592
123832 0
124091 12910592
124092 0
124671 12910592
124672 0
124931 12910592
124932 0
142345 12910592
142346 0
142605 12910592
142606 0
143185 12910592
143186 0
143445 12910592
143446 0
160860 12910592
160861 0
161120 12910592
161121 0
161700 12910592
161701 0
161960 12910592
161961 0
179374 12910592
179375 0
179634 12910592
179635 0
180214 12910592
180215 0
180474 12910592
180475 0
197888 12910592
197889 0
198148 12910592
198149 0
198728 12910592
198729 0
198988 12910592
198989 0
216403 12910592
216404 0
216663 12910592
216664 0
217243 12910592
217244 0
217503 12910592
217504 0
234917 12910592
234918 0
235177 12910592
235178 0
235757 12910592
235758 0
236017 12910592
236018 0
253431 12910592
253432 0
253691 12910592
253692 0
254271 12910592
254272 0
254531 12910592
254532 0
271945 12910592
271946 0
272205 12910592
272206 0
272785 12910592
272786 0
273045 12910592
273046 0
289860 12910592
289861 0
290120 12910592
290121 0
290700 12910592
290701 0
290960 12910592
290961 0
307474 12910592
307475 0
307734 12910592
307735 0
308314 12910592
308315 0
308574 12910592
308575 0
326374 12910592
326375 0
326634 12910592
326635 0
327214 12910592
327215 0
327474 12910592
327475 0
345353 12910592
345354 0
345613 12910592
345614 0
346193 12910592
346194 0
346453 12910592
346454 0
363542 12910592
363543 0
363802 12910592
363803 0
364382 12910592
364383 0
364642 12910592
364643 0
381732 12910592
381733 0
381992 12910592
381993 0
382572 12910592
382573 0
382832 12910592
382833 0
399921 12910592
399922 0
400181 12910592
400182 0
400761 12910592
400762 0
401021 12910592
401022 0
418111 12910592
418112 0
418371 12910592
418372 0
418951 12910592
418952 0
419211 12910592
419212 0
436300 12910592
436301 0
436530 12910592
436531 0
437070 12910592
437071 0
437300 12910592
437301 0
523474 12910592
523475 0
523734 12910592
523735 0
524314 12910592
524315 0
524574 12910592
524575 0
545437 12910592
545438 0
545697 12910592
545698 0
546277 12910592
546278 0
546537 12910592
546538 0
563627 12910592
563628 0
563887 12910592
563888 0
564467 12910592
564468 0
564727 12910592
564728 0
581816 12910592
581817 0
582076 12910592
582077 0
582656 12910592
582657 0
582916 12910592
582917 0
600006 12910592
600007 0
600266 12910592
600267 0
600846 12910592
600847 0
601106 12910592
601107 0
618195 12910592
618196 0
618455 12910592
618456 0
619035 12910592
619036 0
619295 12910592
619296 0
635785 12910592
635786 0
636045 12910592
636046 0
636625 12910592
636626 0
636885 12910592
636886 0
653074 12910592
653075 0
653334 12910592
653335 0
653914 12910592
653915 0
654174 12910592
654175 0
671974 12910592
671975 0
672204 12910592
672205 0
672744 12910592
672745 0
672974 12910592
672975 0
691603 12910592
691604 0
691863 12910592
691864 0
692443 12910592
692444 0
692703 12910592
692704 0
710117 12910592
710118 0
710377 12910592
710378 0
710957 12910592
710958 0
711217 12910592
711218 0
728631 12910592
728632 0
728891 12910592
728892 0
729471 12910592
729472 0
729731 12910592
729732 0
747145 12910592
747146 0
747405 12910592
747406 0
747985 12910592
747986 0
748245 12910592
748246 0
765660 12910592
765661 0
765920 12910592
765921 0
766500 12910592
766501 0
766760 12910592
766761 0
784174 12910592
784175 0
784434 12910592
784435 0
785014 12910592
785015 0
785274 12910592
785275 0
802688 12910592
802689 0
802948 12910592
802949 0
803528 12910592
803529 0
803788 12910592
803789 0
821203 12910592
821204 0
821463 12910592
821464 0
822043 12910592
822044 0
822303 12910592
822304 0
839717 12910592
839718 0
839977 12910592
839978 0
840557 12910592
840558 0
840817 12910592
840818 0
858231 12910592
858232 0
858491 12910592
858492 0
859071 12910592
859072 0
859331 12910592
859332 0
876745 12910592
876746 0
877005 12910592
877006 0
877585 12910592
877586 0
877845 12910592
877846 0
894660 12910592
894661 0
894920 12910592
894921 0
895500 12910592
895501 0
895760 12910592
895761 0
912274 12910592
912275 0
912534 12910592
912535 0
913114 12910592
913115 0
913374 12910592
913375 0
931174 12910592
931175 0
931434 12910592
931435 0
932014 12910592
932015 0
932274 12910592
932275 0
950153 12910592
950154 0
950413 12910592
950414 0
950993 12910592
950994 0
951253 12910592
951254 0
968342 12910592
968343 0
968602 12910592
968603 0
969182 12910592
969183 0
969442 12910592
969443 0
986532 12910592
986533 0
986792 12910592
986793 0
987372 12910592
987373 0
987632 12910592
987633 0
1004721 12910592
1004722 0
1004981 12910592
1004982 0
1005561 12910592
1005562 0
1005821 12910592
1005822 0
1022911 12910592
1022912 0
1023171 12910592
1023172 0
1023751 12910592
1023752 0
1024011 12910592
1024012 0
1041100 12910592
1041101 0
1041330 12910592
1041331 0
1041870 12910592
1041871 0
1042100 12910592
1042101 0
1059290 12910592
1059291 0
1059550 12910592
1059551 0
1060130 12910592
1060131 0
1060390 12910592
1060391 0
1077479 12910592
1077480 0
1077739 12910592
1077740 0
1078319 12910592
1078320 0
1078579 12910592
1078580 0
1095669 12910592
1095670 0
1095929 12910592
1095930 0
1096509 12910592
1096510 0
1096769 12910592
1096770 0
1113858 12910592
1113859 0
1114118 12910592
1114119 0
1114698 12910592
1114699 0
1114958 12910592
1114959 0
1132048 12910592
1132049 0
1132308 12910592
1132309 0
1132888 12910592
1132889 0
1133148 12910592
1133149 0
1150237 12910592
1150238 0
1150497 12910592
1150498 0
1151077 12910592
1151078 0
1151337 12910592
1151338 0
1168427 12910592
1168428 0
1168687 12910592
1168688 0
1169267 12910592
1169268 0
1169527 12910592
1169528 0
1186616 12910592
1186617 0
1186876 12910592
1186877 0
1187456 12910592
1187457 0
1187716 12910592
1187717 0
1204806 12910592
1204807 0
1205066 12910592
1205067 0
1205646 12910592
1205647 0
1205906 12910592
1205907 0
1222995 12910592
1222996 0
1223255 12910592
1223256 0
1223835 12910592
1223836 0
1224095 12910592
1224096 0
1240585 12910592
1240586 0
1240845 12910592
1240846 0
1241425 12910592
1241426 0
1241685 12910592
1241686 0
1257874 12910592
1257875 0
1258134 12910592
1258135 0
1258714 12910592
1258715 0
1258974 12910592
1258975 0
1277888 12910592
1277889 0
1278118 12910592
1278119 0
1278658 12910592
1278659 0
1278888 12910592
1278889 0
1296403 12910592
1296404 0
1296663 12910592
1296664 0
1297243 12910592
1297244 0
1297503 12910592
1297504 0
1314917 12910592
1314918 0
1315177 12910592
1315178 0
1315757 12910592
1315758 0
1316017 12910592
1316018 0
1333431 12910592
1333432 0
1333691 12910592
1333692 0
1334271 12910592
1334272 0
1334531 12910592
1334532 0
1351945 12910592
1351946 0
1352205 12910592
1352206 0
1352785 12910592
1352786 0
1353045 12910592
1353046 0
1370460 12910592
1370461 0
1370720 12910592
1370721 0
1371300 12910592
1371301 0
1371560 12910592
1371561 0
1388974 12910592
1388975 0
1389234 12910592
1389235 0
1389814 12910592
1389815 0
1390074 12910592
1390075 0
1407488 12910592
1407489 0
1407748 12910592
1407749 0
1408328 12910592
1408329 0
1408588 12910592
1408589 0
1426003 12910592
1426004 0
1426263 12910592
1426264 0
1426843 12910592
1426844 0
1427103 12910592
1427104 0
1444517 12910592
1444518 0
1444777 12910592
1444778 0
1445357 12910592
1445358 0
1445617 12910592
1445618 0
1463031 12910592
1463032 0
1463291 12910592
1463292 0
1463871 12910592
1463872 0
1464131 12910592
1464132 0
1481545 12910592
1481546 0
1481805 12910592
1481806 0
1482385 12910592
1482386 0
1482645 12910592
1482646 0
1499460 12910592
1499461 0
1499720 12910592
1499721 0
1500300 12910592
1500301 0
1500560 12910592
1500561 0
1517074 12910592
1517075 0
1517334 12910592
1517335 0
1517914 12910592
1517915 0
1518174 12910592
1518175 0
1536763 12910592
1536764 0
1537023 12910592
1537024 0
1537603 12910592
1537604 0
1537863 12910592
1537864 0
1554953 12910592
1554954 0
1555213 12910592
1555214 0
1555793 12910592
1555794 0
1556053 12910592
1556054 0
1573142 12910592
1573143 0
1573402 12910592
1573403 0
1573982 12910592
1573983 0
1574242 12910592
1574243 0
1591332 12910592
1591333 0
1591592 12910592
1591593 0
1592172 12910592
1592173 0
1592432 12910592
1592433 0
1609521 12910592
1609522 0
1609781 12910592
1609782 0
1610361 12910592
1610362 0
1610621 12910592
1610622 0
1627711 12910592
1627712 0
1627971 12910592
1627972 0
1628551 12910592
1628552 0
1628811 12910592
1628812 0
1645900 12910592
1645901 0
1646130 12910592
1646131 0
1646670 12910592
1646671 0
1646900 12910592
1646901 0
1664090 12910592
1664091 0
1664350 12910592
1664351 0
1664930 12910592
1664931 0
1665190 12910592
1665191 0
1682279 12910592
1682280 0
1682539 12910592
1682540 0
1683119 12910592
1683120 0
1683379 12910592
1683380 0
1700469 12910592
1700470 0
1700729 12910592
1700730 0
1701309 12910592
1701310 0
1701569 12910592
1701570 0
1718658 12910592
1718659 0
1718918 12910592
1718919 0
1719498 12910592
1719499 0
1719758 12910592
1719759 0
1736848 12910592
1736849 0
1737108 12910592
1737109 0
1737688 12910592
1737689 0
1737948 12910592
1737949 0
1755037 12910592
1755038 0
1755297 12910592
1755298 0
1755877 12910592
1755878 0
1756137 12910592
1756138 0
1773227 12910592
1773228 0
1773487 12910592
1773488 0
1774067 12910592
1774068 0
1774327 12910592
1774328 0
1791416 12910592
1791417 0
1791676 12910592
1791677 0
1792256 12910592
1792257 0
1792516 12910592
1792517 0
1809606 12910592
1809607 0
1809866 12910592
1809867 0
1810446 12910592
1810447 0
1810706 12910592
1810707 0
1827795 12910592
1827796 0
1828055 12910592
1828056 0
1828635 12910592
1828636 0
1828895 12910592
1828896 0
1845385 12910592
1845386 0
1845645 12910592
1845646 0
1846225 12910592
1846226 0
1846485 12910592
1846486 0
1862674 12910592
1862675 0
1862934 12910592
1862935 0
1863514 12910592
1863515 0
1863774 12910592
1863775 0
1882522 215177
1882582 0
1882752 215177
1882812 0
1883292 215177
1883352 0
1883522 215177
1883582 0
1900929 215177
1900989 0
1901189 215177
1901249 0
1901769 215177
1901829 0
1902029 215177
1902089 0
1919336 215177
1919396 0
1919596 215177
1919656 0
1920176 215177
1920236 0
1920436 215177
1920496 0
1937744 215177
1937804 0
1938004 215177
1938064 0
1938584 215177
1938644 0
1938844 215177
1938904 0
1956151 215177
1956211 0
1956411 215177
1956471 0
1956991 215177
1957051 0
1957251 215177
1957311 0
1974558 215177
1974618 0
1974818 215177
1974878 0
1975398 215177
1975458 0
1975658 215177
1975718 0
1992965 215177
1993025 0
1993225 215177
1993285 0
1993805 215177
1993865 0
1994065 215177
1994125 0
2011372 215177
2011432 0
2011632 215177
2011692 0
2012212 215177
2012272 0
2012472 215177
2012532 0
2029779 215177
2029839 0
2030039 215177
2030099 0
2030619 215177
2030679 0
2030879 215177
2030939 0
2048186 215177
2048246 0
2048446 215177
2048506 0
2049026 215177
2049086 0
2049286 215177
2049346 0
2066594 215177
2066654 0
2066854 215177
2066914 0
2067434 215177
2067494 0
2067694 215177
2067754 0
2085001 215177
2085061 0
2085261 215177
2085321 0
2085841 215177
2085901 0
2086101 215177
2086161 0
2103408 215177
2103468 0
2103668 215177
2103728 0
2104248 215177
2104308 0
2104508 215177
2104568 0
2121815 215177
2121875 0
2122075 215177
2122135 0
2122655 215177
2122715 0
2122915 215177
2122975 0
2141426 215177
2141486 0
2141686 215177
2141746 0
2142266 215177
2142326 0
2142526 215177
2142586 0
2159536 215177
2159596 0
2159796 215177
2159856 0
2160376 215177
2160436 0
2160636 215177
2160696 0
2177647 215177
2177707 0
2177907 215177
2177967 0
2178487 215177
2178547 0
2178747 215177
2178807 0
2195757 215177
2195817 0
2196017 215177
2196077 0
2196597 215177
2196657 0
2196857 215177
2196917 0
2213868 215177
2213928 0
2214128 215177
2214188 0
2214708 215177
2214768 0
2214968 215177
2215028 0
2231978 215177
2232038 0
2232238 215177
2232298 0
2232818 215177
2232878 0
2233078 215177
2233138 0
2250089 215177
2250149 0
2250319 215177
2250379 0
2250859 215177
2250919 0
2251089 215177
2251149 0
2268199 215177
2268259 0
2268459 215177
2268519 0
2269039 215177
2269099 0
2269299 215177
2269359 0
2286310 215177
2286370 0
2286570 215177
2286630 0
2287150 215177
2287210 0
2287410 215177
2287470 0
2304420 215177
2304480 0
2304680 215177
2304740 0
2305260 215177
2305320 0
2305520 215177
2305580 0
2322531 215177
2322591 0
2322791 215177
2322851 0
2323371 215177
2323431 0
2323631 215177
2323691 0
2340641 215177
2340701 0
2340901 215177
2340961 0
2341481 215177
2341541 0
2341741 215177
2341801 0
2358752 215177
2358812 0
2359012 215177
2359072 0
2359592 215177
2359652 0
2359852 215177
2359912 0
2376862 215177
2376922 0
2377122 215177
2377182 0
2377702 215177
2377762 0
2377962 215177
2378022 0
2394973 215177
2395033 0
2395233 215177
2395293 0
2395813 215177
2395873 0
2396073 215177
2396133 0
2413083 215177
2413143 0
2413343 215177
2413403 0
2413923 215177
2413983 0
2414183 215177
2414243 0
2431194 215177
2431254 0
2431454 215177
2431514 0
2432034 215177
2432094 0
2432294 215177
2432354 0
2449304 215177
2449364 0
2449564 215177
2449624 0
2450144 215177
2450204 0
2450404 215177
2450464 0
2467415 215177
2467475 0
2467675 215177
2467735 0
2468255 215177
2468315 0
2468515 215177
2468575 0
2487322 215177
2487382 0
2487552 215177
2487612 0
2488092 215177
2488152 0
2488322 215177
2488382 0
2505729 215177
2505789 0
2505989 215177
2506049 0
2506569 215177
2506629 0
2506829 215177
2506889 0
2524136 215177
2524196 0
2524396 215177
2524456 0
2524976 215177
2525036 0
2525236 215177
2525296 0
2542544 215177
2542604 0
2542804 215177
2542864 0
2543384 215177
2543444 0
2543644 215177
2543704 0
2560951 215177
2561011 0
2561211 215177
2561271 0
2561791 215177
2561851 0
2562051 215177
2562111 0
2579358 215177
2579418 0
2579618 215177
2579678 0
2580198 215177
2580258 0
2580458 215177
2580518 0
2597765 215177
2597825 0
2598025 215177
2598085 0
2598605 215177
2598665 0
2598865 215177
2598925 0
2616172 215177
2616232 0
2616432 215177
2616492 0
2617012 215177
2617072 0
2617272 215177
2617332 0
2634579 215177
2634639 0
2634839 215177
2634899 0
2635419 215177
2635479 0
2635679 215177
2635739 0
2652986 215177
2653046 0
2653246 215177
2653306 0
2653826 215177
2653886 0
2654086 215177
2654146 0
2671394 215177
2671454 0
2671654 215177
2671714 0
2672234 215177
2672294 0
2672494 215177
2672554 0
2689801 215177
2689861 0
2690061 215177
2690121 0
2690641 215177
2690701 0
2690901 215177
2690961 0
2708208 215177
2708268 0
2708468 215177
2708528 0
2709048 215177
2709108 0
2709308 215177
2709368 0
2726615 215177
2726675 0
2726875 215177
2726935 0
2727455 215177
2727515 0
2727715 215177
2727775 0
2746226 215177
2746286 0
2746486 215177
2746546 0
2747066 215177
2747126 0
2747326 215177
2747386 0
2764336 215177
2764396 0
2764596 215177
2764656 0
2765176 215177
2765236 0
2765436 215177
2765496 0
2782447 215177
2782507 0
2782707 215177
2782767 0
2783287 215177
2783347 0
2783547 215177
2783607 0
2800557 215177
2800617 0
2800817 215177
2800877 0
2801397 215177
2801457 0
2801657 215177
2801717 0
2818668 215177
2818728 0
2818928 215177
2818988 0
2819508 215177
2819568 0
2819768 215177
2819828 0
2836778 215177
2836838 0
2837038 215177
2837098 0
2837618 215177
2837678 0
2837878 215177
2837938 0
2854889 215177
2854949 0
2855119 215177
2855179 0
2855659 215177
2855719 0
2855889 215177
2855949 0
2872999 215177
2873059 0
2873259 215177
2873319 0
2873839 215177
2873899 0
2874099 215177
2874159 0
2891110 215177
2891170 0
2891370 215177
2891430 0
2891950 215177
2892010 0
2892210 215177
2892270 0
2909220 215177
2909280 0
2909480 215177
2909540 0
2910060 215177
2910120 0
2910320 215177
2910380 0
2927331 215177
2927391 0
2927591 215177
2927651 0
2928171 215177
2928231 0
2928431 215177
2928491 0
2945441 215177
2945501 0
2945701 215177
2945761 0
2946281 215177
2946341 0
2946541 215177
2946601 0
2963552 215177
2963612 0
2963812 215177
2963872 0
2964392 215177
2964452 0
2964652 215177
2964712 0
2981662 215177
2981722 0
2981922 215177
2981982 0
2982502 215177
2982562 0
2982762 215177
2982822 0
2999773 215177
2999833 0
3000033 215177
3000093 0
3000613 215177
3000673 0
3000873 215177
3000933 0
3017883 215177
3017943 0
3018143 215177
3018203 0
3018723 215177
3018783 0
3018983 215177
3019043 0
3035994 215177
3036054 0
3036254 215177
3036314 0
3036834 215177
3036894 0
3037094 215177
3037154 0
3054104 215177
3054164 0
3054364 215177
3054424 0
3054944 215177
3055004 0
3055204 215177
3055264 0
3072215 215177
3072275 0
3072475 215177
3072535 0
3073055 215177
3073115 0
3073315 215177
3073375 0
3092122 215177
3092182 0
3092352 215177
3092412 0
3092892 215177
3092952 0
3093122 215177
3093182 0
3110529 215177
3110589 0
3110789 215177
3110849 0
3111369 215177
3111429 0
3111629 215177
3111689 0
3128936 215177
3128996 0
3129196 215177
3129256 0
3129776 215177
3129836 0
3130036 215177
3130096 0
3147344 215177
3147404 0
3147604 215177
3147664 0
3148184 215177
3148244 0
3148444 215177
3148504 0
3165751 215177
3165811 0
3166011 215177
3166071 0
3166591 215177
3166651 0
3166851 215177
3166911 0
3184158 215177
3184218 0
3184418 215177
3184478 0
3184998 215177
3185058 0
3185258 215177
3185318 0
3202565 215177
3202625 0
3202825 215177
3202885 0
3203405 215177
3203465 0
3203665 215177
3203725 0
3220972 215177
3221032 0
3221232 215177
3221292 0
3221812 215177
3221872 0
3222072 215177
3222132 0
3239379 215177
3239439 0
3239639 215177
3239699 0
3240219 215177
3240279 0
3240479 215177
3240539 0
3257786 215177
3257846 0
3258046 215177
3258106 0
3258626 215177
3258686 0
3258886 215177
3258946 0
3276194 215177
3276254 0
3276454 215177
3276514 0
3277034 215177
3277094 0
3277294 215177
3277354 0
3294601 215177
3294661 0
3294861 215177
3294921 0
3295441 215177
3295501 0
3295701 215177
3295761 0
3313008 215177
3313068 0
3313268 215177
3313328 0
3313848 215177
3313908 0
3314108 215177
3314168 0
3331415 215177
3331475 0
3331675 215177
3331735 0
3332255 215177
3332315 0
3332515 215177
3332575 0
3351026 215177
3351086 0
3351286 215177
3351346 0
3351866 215177
3351926 0
3352126 215177
3352186 0
3369136 215177
3369196 0
3369396 215177
3369456 0
3369976 215177
3370036 0
3370236 215177
3370296 0
3387247 215177
3387307 0
3387507 215177
3387567 0
3388087 215177
3388147 0
3388347 215177
3388407 0
3405357 215177
3405417 0
3405617 215177
3405677 0
3406197 215177
3406257 0
3406457 215177
3406517 0
3423468 215177
3423528 0
3423728 215177
3423788 0
3424308 215177
3424368 0
3424568 215177
3424628 0
3441578 215177
3441638 0
3441838 215177
3441898 0
3442418 215177
3442478 0
3442678 215177
3442738 0
3459689 215177
3459749 0
3459919 215177
3459979 0
3460459 215177
3460519 0
3460689 215177
3460749 0
3477799 215177
3477859 0
3478059 215177
3478119 0
3478639 215177
3478699 0
3478899 215177
3478959 0
3495910 215177
3495970 0
3496170 215177
3496230 0
3496750 215177
3496810 0
3497010 215177
3497070 0
3514020 215177
3514080 0
3514280 215177
3514340 0
3514860 215177
3514920 0
3515120 215177
3515180 0
3532131 215177
3532191 0
3532391 215177
3532451 0
3532971 215177
3533031 0
3533231 215177
3533291 0
3550241 215177
3550301 0
3550501 215177
3550561 0
3551081 215177
3551141 0
3551341 215177
3551401 0
3568352 215177
3568412 0
3568612 215177
3568672 0
3569192 215177
3569252 0
3569452 215177
3569512 0
3586462 215177
3586522 0
3586722 215177
3586782 0
3587302 215177
3587362 0
3587562 215177
3587622 0
3603515 215177
3603575 0
3603775 215177
3603835 0
3604355 215177
3604415 0
3604615 215177
3604675 0
3622683 215177
3622743 0
3622943 215177
3623003 0
3623523 215177
3623583 0
3623783 215177
3623843 0
0 events for F

291 events for G
12248 240
19447 344
48248 240
51837 444
69847 548
84248 444
91447 548
98647 1471
120280 2754
122048 1727
127447 1830
132537 1626
139098 1564
139398 3817
141880 2534
159848 2431
167047 2534
195848 2431
203047 2534
204198 344
224637 548
231848 444
239047 548
271448 444
278647 548
307448 444
311037 240
313338 178
313638 240
329047 344
343448 240
350647 344
357847 1267
379448 240
390247 344
417248 240
422647 344
422669 594
422680 1877
444237 2081
444247 3004
465837 2800
465847 1877
465880 594
478448 491
483869 240
484818 178
485118 240
487447 344
521648 240
530647 344
579248 240
586447 344
601747 1267
616148 240
624247 1267
653048 240
656658 2431
674647 2534
690848 2431
696247 2534
725080 3817
726848 3713
732247 3817
739458 1626
764648 1523
768280 240
771847 1267
793447 344
800648 240
807847 344
811437 548
829437 344
836648 240
843847 344
874448 240
883447 344
912248 240
933847 344
984248 240
991447 344
1020248 240
1027447 344
1056248 240
1065247 344
1094048 240
1099447 344
1124647 1267
1131837 1471
1146248 444
1157047 548
1164247 1471
1175058 1409
1175358 1471
1178658 3662
1178680 4944
1185848 3917
1193047 4944
1221848 3917
1221858 1727
1229047 2754
1243480 1471
1259048 444
1261458 2635
1272247 3662
1293848 2635
1301047 3662
1308237 3458
1329848 2431
1338847 2534
1369448 2431
1376647 2534
1405448 2431
1412647 3458
1434237 3662
1441448 2635
1448647 3662
1479248 2635
1488247 3662
1518248 2635
1520637 2431
1531447 2534
1554848 2431
1560247 2534
1589048 2431
1596247 2534
1625048 2431
1632247 2534
1662848 2431
1670047 2534
1671858 344
1700648 240
1707847 344
1751048 240
1761847 344
1788848 240
1797847 344
1824848 240
1833847 344
1863848 240
1864125 0
1864126 240
1866237 444
1867218 382
1867518 444
1877047 548
1898648 444
1905847 548
1936448 444
1943647 548
1952669 798
1972448 695
1979647 1722
1999480 3004
2010248 1977
2015647 3004
2039069 2754
2046248 1727
2053447 2754
2084048 1727
2089098 1664
2089398 3917
2089447 4944
2122748 3917
2125398 1727
2139847 2754
2158748 1727
2165047 2754
2172280 1471
2193848 444
2201047 548
2231648 444
2237047 1471
2247498 1409
2247798 3662
2258680 4944
2265848 3917
2273047 4944
2298198 2754
2301848 1727
2309047 2754
2337848 1727
2345047 2754
2373848 1727
2381047 2754
2386218 2691
2386518 2754
2388280 1471
2395447 548
2411648 444
2418847 548
2447648 444
2453047 548
2468348 444
2481847 548
2503448 444
2510647 548
2541248 444
2546647 1471
2557437 1267
2557458 1205
2557758 3458
2561080 4740
2579048 3713
2584447 3817
2615048 3713
2616858 1523
2624047 1626
2643837 1830
2652848 1727
2658247 1830
2665469 2081
2669080 798
2687048 695
2690680 1977
2694247 3004
2712247 2081
2712280 798
2727548 695
2730258 632
2730269 382
2730558 444
2742847 548
2762648 444
2769847 548
2798648 444
2805847 548
2834648 444
2841847 548
2870648 444
2877847 548
2903058 485
2903358 548
2908448 444
2913847 548
2942648 444
2951647 548
2980448 444
2987647 548
3016448 444
3021847 548
3052448 444
3057880 1727
3059647 2754
3072248 1727
3075858 1664
3076158 1727
3079480 444
3086647 1471
3108248 444
3115447 1471
3146048 444
3151447 1471
3182048 444
3189247 1471
3219848 444
3225247 1471
3257648 444
3263047 1471
3291848 444
3299047 548
3332348 444
3334698 382
3334998 2635
3335069 2885
3338680 4168
3345847 5195
3367448 4168
3374647 5195
3403448 4168
3410647 5195
3421469 4944
3441248 3917
3446647 4944
3477248 3917
3482647 4944
3486318 2754
3513248 1727
3518647 2754
3529469 3004
3549248 1977
3554647 3004
3590648 1977
3594198 1915
3594269 1664
3594498 3917
3600198 1727
3605047 2754
3619480 1471
3622148 444
3626647 1471
448 events for H
334783 117965
334873 125479
336154 7514
336514 0
472453 3372
477634 0
497653 3372
506014 0
515053 3372
520414 0
542653 3372
545614 0
548531 3372
564332 0
704563 117965
704653 121337
706174 3372
706423 121337
707974 3372
708214 0
713006 117965
713096 121337
714437 3372
720266 121337
721637 3372
723857 0
733620 117965
733710 121337
735231 3372
739080 121337
740631 3372
740871 0
940453 3372
941323 121337
944074 3372
944923 121337
947614 3372
948514 0
955142 117965
955232 121337
956693 3372
957002 121337
958553 3372
962393 0
1309603 19661
1309693 25951
1311454 6290
1312243 25951
1314094 6290
1314634 0
1317943 19661
1318033 25951
1319794 6290
1320583 25951
1322434 6290
1323403 25951
1325254 6290
1325983 25951
1327834 6290
1328803 25951
1330654 6290
1331383 25951
1333234 6290
1333774 0
1338523 19661
1338613 25951
1340374 6290
1340503 25951
1342354 6290
1342723 25951
1344574 6290
1344703 25951
1346554 6290
1346923 25951
1348774 6290
1348903 25951
1350749 6290
1350754 0
1354834 117965
1354924 124709
1356385 6744
1371085 0
1375449 117965
1375539 124709
1377000 6744
1389780 0
1391863 117965
1391953 124709
1393414 6744
1406194 0
1541863 19661
1541953 25951
1543714 6290
1543843 25951
1545694 6290
1546063 25951
1547914 6290
1548043 25951
1549894 6290
1550263 25951
1552114 6290
1552243 25951
1554089 6290
1554094 0
1560043 19661
1560133 25951
1560994 6290
1561123 25951
1562074 6290
1562443 25951
1563394 6290
1563643 25951
1564594 6290
1564843 25951
1565794 6290
1565923 25951
1566874 6290
1566879 0
1568563 117965
1568653 124709
1570174 6744
1572179 0
1572223 117965
1573834 6744
1573894 0
1576031 117965
1576121 124709
1577642 6744
1581447 0
1581491 117965
1583102 6744
1588562 0
1596321 117965
1596411 124709
1597932 6744
1599937 0
1599981 117965
1601592 6744
1606752 0
1612500 6290
1623261 0
1632790 6290
1643551 0
1651122 6290
1654683 0
1892563 58982
1895314 7514
1898828 0
1905977 58982
1906067 66496
1907408 7514
1907717 66496
1909148 7514
1909397 66496
1910828 7514
1911077 66496
1912508 7514
1912757 66496
1914188 7514
1914198 0
1959099 58982
1959189 66496
1960530 7514
1960959 66496
1962390 7514
1962759 66496
1964190 7514
1964559 66496
1965990 7514
1966359 66496
1967790 7514
1968159 66496
1969590 7514
1969959 66496
1971390 7514
1971759 66496
1973190 7514
1973559 66496
1974990 7514
1975420 0
1979606 58982
1979696 66496
1981037 7514
1981466 66496
1982897 7514
1983266 66496
1984697 7514
1985066 66496
1986497 7514
1986866 66496
1988297 7514
1988666 66496
1990097 7514
1990466 66496
1991897 7514
1992266 66496
1993697 7514
1993827 0
1995913 58982
1996003 66496
1997464 7514
1997533 66496
1999084 7514
1999153 66496
2000584 7514
2000589 0
2043853 7514
2049034 0
2054824 7514
2067445 0
2069632 7514
2085853 0
2164603 58982
2164693 66496
2166034 7514
2166463 66496
2167894 7514
2168254 0
2168563 58982
2168653 66496
2169994 7514
2170243 66496
2171674 7514
2171983 66496
2173414 7514
2173419 0
2259763 58982
2259853 66496
2261194 7514
2261263 66496
2262694 7514
2262763 66496
2264194 7514
2264263 66496
2265694 7514
2265763 66496
2267194 7514
2267263 66496
2268694 7514
2269054 0
2273248 58982
2273338 66496
2274679 7514
2275108 66496
2276539 7514
2276908 66496
2278339 7514
2278708 58982
2280139 7514
2280508 66496
2281939 7514
2282308 58982
2283739 7514
2284108 66496
2285539 7514
2285728 66496
2287159 7514
2287164 0
2289261 58982
2289351 66496
2290692 7514
2290941 66496
2292372 7514
2292621 66496
2294052 7514
2294301 66496
2295732 7514
2295981 66496
2297412 7514
2297661 66496
2299092 7514
2299341 66496
2300772 7514
2301021 66496
2302452 7514
2302997 0
2492713 7514
2503679 0
2510923 58982
2511013 66496
2511734 7514
2511823 66496
2512634 7514
2512963 66496
2513774 7514
2513863 66496
2514674 7514
2515003 66496
2515814 7514
2515903 66496
2516714 7514
2517223 66496
2518034 7514
2518123 66496
2518934 7514
2519263 66496
2520074 7514
2520163 66496
2520974 7514
2521303 66496
2522114 7514
2522203 66496
2523014 7514
2523019 0
2527123 58982
2527213 65726
2532334 6744
2537983 65726
2543194 6744
2543314 0
2547592 58982
2547682 65726
2552803 6744
2554852 65726
2560063 6744
2560234 0
2562214 169032
2563534 45609
2564199 0
2749174 58982
2749264 66496
2750605 7514
2752834 66496
2754265 7514
2756434 66496
2757865 7514
2760034 66496
2761465 7514
2761834 66496
2763265 7514
2763625 0
2769384 58982
2769474 66496
2770815 7514
2771244 66496
2772675 7514
2773044 66496
2774475 7514
2774844 66496
2776275 7514
2776635 0
2778163 58982
2778253 65726
2780794 6744
2780863 65726
2783314 6744
2783319 0
2785395 58982
2785485 62354
2788026 3372
2789055 62354
2791686 3372
2792655 62354
2795286 3372
2796255 62354
2798886 3372
2801406 0
2805605 58982
2805695 62354
2808236 3372
2809265 62354
2811896 3372
2812865 62354
2815496 3372
2816465 62354
2819096 3372
2819516 0
2886447 58982
2886537 66496
2887878 7514
2888263 0
2888307 58982
2889738 7514
2890107 66496
2891538 7514
2891898 0
2894058 58982
2894148 66496
2895489 7514
2897718 66496
2899149 7514
2899518 66496
2900949 7514
2901318 66496
2902749 7514
2903118 66496
2904549 7514
2906718 66496
2908149 7514
2908509 0
2914268 58982
2914358 66496
2915699 7514
2917928 66496
2919359 7514
2919728 66496
2921159 7514
2921528 66496
2922959 7514
2925128 66496
2926559 7514
2926919 0
3097242 58982
3097332 65726
3098673 6744
3100902 65726
3102333 6744
3102702 65726
3104133 6744
3106302 65726
3107733 6744
3109902 65726
3111333 6744
3111428 0
3115577 58982
3115667 65726
3116948 6744
3117137 65726
3118508 6744
3118697 65726
3120068 6744
3120257 65726
3121628 6744
3121817 65726
3123188 6744
3123514 0
3152392 58982
3152481 248143
3152683 58982
3152842 65726
3153763 6744
3157132 65726
3158503 6744
3161812 65726
3163183 6744
3166243 0
3361363 235930
3361453 7514
3368494 6744
3370035 0
3374184 235930
3374274 242674
3381315 6744
3382856 0
3426506 7514
3426763 243444
3430414 7514
3442477 0
87 events for I
115997 42873674
116002 0
137597 60808152
137602 0
223997 123650191
224002 0
245597 112353360
245602 0
267197 191051956
267202 0
288797 148359728
288802 0
949637 92231261
949642 0
979997 67412016
980002 0
1288684 67429102
1288689 0
1634284 42866846
1634289 0
1655884 36098616
1655889 0
1785484 15230225
1785489 0
1807084 42774218
1807089 0
1828684 51729687
1828689 0
1848590 67442760
1848595 0
1908737 51185344
1908742 0
1973537 36088368
1973542 0
2016737 46317017
2016742 0
2081537 62132584
2081542 0
2167937 55765577
2167942 0
2232737 60879901
2232742 0
2319137 79077832
2319142 0
2340737 48576383
2340742 0
2405537 294648376
2405542 0
2427137 296678458
2427142 0
2448737 98892820
2448742 0
2578397 164236787
2578402 0
2664797 62903535
2664802 0
2686397 107834631
2686402 0
2945597 75634496
2945602 0
2967197 54224800
2967202 0
2988797 63262266
2988802 0
3010397 64391949
3010402 0
3070039 30501450
3070044 0
3161597 48936228
3161602 0
3355997 299009561
3356002 0
3356107 4498234
3356109 3748528
3356112 0
3356132 4815876
3356146 0
3377597 74179864
3377602 0
3399197 283378476
3399202 0
3465197 384982799
3465202 0
3550397 110156519
3550402 0
3593597 113081558
3593602 0
28 events for J
52033 700
52078 0
70193 600
70373 1300
310453 700
310498 0
329393 600
329513 1300
657013 700
657058 0
674813 1300
916612 0
934013 1300
1262212 0
1273613 1950
1521412 0
1532813 1950
1867012 0
1867014 1944
2483213 1300
2731012 0
2742413 1300
3076612 0
3088013 1300
3335812 0
3347213 1300
3595012 0
3606413 1300
65 events for K
14741 487
70420 2414
88149 487
92349 2414
100320 487
145860 2414
161645 487
350899 2414
358320 487
387323 2414
419363 487
439546 2414
441386 487
597420 2414
619541 487
623744 2414
645720 487
675220 2414
692944 487
697151 2414
704820 487
791520 2414
803974 487
808234 2414
841063 487
1008167 2414
1024257 487
1028457 2414
1060516 487
1064896 2414
1093920 487
1135494 2414
1151522 487
1155783 2414
1180320 1285
1281134 2414
1282974 1285
1288027 2414
1297749 1285
1301949 2414
1309749 1285
1417920 2414
1445863 1285
1450063 2414
1461120 1285
1487091 2414
1518420 1285
1531620 2414
1542009 1285
1649146 2414
1650986 1285
1655520 2414
1665294 1285
1669657 2414
1698720 2057
1865820 0
1865821 2414
2470620 1772
2490627 2414
2492467 1772
2584963 2414
2648021 1772
2822173 2414
2886704 1772
3075420 2414
63 events for L
49325 0
49565 305
653765 0
654365 305
1258565 0
1259165 330
1863365 0
1878245 20
1878425 0
1880585 20
1880765 0
1880825 126
1906745 0
1907405 20
1907585 0
1909745 20
1909925 0
1909985 218
1925045 0
1925705 20
1925885 0
1928045 20
1928225 0
1928285 32
2065805 28
2066105 0
2066765 20
2066945 0
2069105 20
2069285 0
2069345 201
2096285 28
2096585 0
2096645 20
2096825 203
2122865 0
2135225 20
2135405 0
2137565 20
2137745 0
2137805 36
2156885 0
2157545 20
2157725 0
2159885 20
2160065 0
2160125 36
2179205 0
2179865 20
2180045 0
2182205 20
2182385 0
2182445 36
2211665 0
2407625 20
2407805 0
2409965 20
2410145 0
2410205 12
2468465 0
2468765 330
3072965 0
3073565 330
