12 instruments
A 10 100 1801610371.8348846 4747451505.5334387
B 10 100 0.00017956089109901502 925410610.77784157
C 10 100 0 895660078.44187188
D 10 100 763800535.41096985 7041040280.2382517
E 10 100 183507440.74517861 809594356.20986629
F 10 100 2238.0782914523293 612647607.58318675
G 10 100 2338 640000000
H 10 100 4367744.2331614867 2240000119.5770016
I 10 100 45126217.813212499 1435691857.5629289
J 10 100 20412.132877845776 869835207.86274612
K 10 100 728287279.5071317 6713663885.8674479
L 10 100 154000 595557000
60 downlinks
0 230 26089 8910.3347130000002
1 69275 89272 9263.3037550000008
2 92381 98613 8194.1372179999998
3 110326 122989 8812.3468479999992
4 141822 143653 28513.272391999999
5 170497 174658 29797.943813000002
6 178689 213521 9287.2106050000002
7 213522 224274 9493.8769009999996
8 227678 263758 29841.66733
9 264997 269675 9031.5484039999992
10 328475 340105 27058.173078
11 342214 345771 27764.822221999999
12 349714 366316 8866.3210920000001
13 378201 390361 30200.423556999998
14 393473 398317 9259.4321029999992
15 402509 426580 9457.3783449999992
16 428309 432137 29542.407908000001
17 437615 452458 8564.5545529999999
18 461609 484278 9335.3412189999999
19 486805 515531 27874.981927000001
20 523925 566080 30587.746092000001
21 566081 610233 9231.3874039999992
22 610234 626452 8609.2624169999999
23 627801 644033 8689.6108280000008
24 652386 654433 26609.79682
25 674075 693680 8915.2263710000007
26 696545 726495 9094.9622560000007
27 726496 744210 8333.9255690000009
28 744792 751133 27500.430241999999
29 765210 781563 8601.7316499999997
30 782856 817769 9100.8958739999998
31 831487 844776 9427.4328960000003
32 847747 858159 27243.904355999999
33 860587 882307 8431.3051790000009
34 911303 913625 27636.251289
35 933275 952563 8831.2619180000002
36 953671 970270 8966.6639699999996
37 977882 983633 54396.705881000002
38 987425 1001453 58970.262822999997
39 1004038 1033077 57826.355975999999
40 1033078 1043822 17374.699861000001
41 1059178 1085969 57611.601310999999
42 1086178 1118258 59023.283414999998
43 1119000 1124750 55193.106121999997
44 1128106 1170223 25530.421285
45 1170224 1214419 29269.697155999998
46 1214420 1218510 16830.732371999999
47 1231668 1246335 28226.256141999998
48 1248665 1251216 60093.408818999997
49 1291663 1321362 58272.632834999997
50 1321363 1328637 61499.660580999996
51 1342840 1364137 28538.149495000001
52 1377685 1383507 18090.695755000001
53 1387050 1402262 23661.293665000001
54 1404159 1432113 28757.617953000001
55 1432114 1474410 56137.919716999997
56 1475554 1492448 23437.772314999998
57 1507654 1520294 55980.942202999999
58 1533509 1547361 60635.164006999999
59 1550249 1581176 23619.145155999999
0 opportunities for A
0 opportunities for B
0 opportunities for C
0 opportunities for D
0 opportunities for E
0 opportunities for F
0 opportunities for G
0 opportunities for H
0 opportunities for I
0 opportunities for J
0 opportunities for K
0 opportunities for L
138 events for A
334783 117965
334873 125479
336154 7514
336514 0
472453 3372
477634 0
497653 3372
506014 0
515053 3372
520414 0
542653 3372
545614 0
548531 3372
564332 0
704563 117965
704653 121337
706174 3372
706423 121337
707974 3372
708214 0
713006 117965
713096 121337
714437 3372
720266 121337
721637 3372
723857 0
733620 117965
733710 121337
735231 3372
739080 121337
740631 3372
740871 0
940453 3372
941323 121337
944074 3372
944923 121337
947614 3372
948514 0
955142 117965
955232 121337
956693 3372
957002 121337
958553 3372
962393 0
1309603 19661
1309693 25951
1311454 6290
1312243 25951
1314094 6290
1314634 0
1317943 19661
1318033 25951
1319794 6290
1320583 25951
1322434 6290
1323403 25951
1325254 6290
1325983 25951
1327834 6290
1328803 25951
1330654 6290
1331383 25951
1333234 6290
1333774 0
1338523 19661
1338613 25951
1340374 6290
1340503 25951
1342354 6290
1342723 25951
1344574 6290
1344703 25951
1346554 6290
1346923 25951
1348774 6290
1348903 25951
1350749 6290
1350754 0
1354834 117965
1354924 124709
1356385 6744
1371085 0
1375449 117965
1375539 124709
1377000 6744
1389780 0
1391863 117965
1391953 124709
1393414 6744
1406194 0
1541863 19661
1541953 25951
1543714 6290
1543843 25951
1545694 6290
1546063 25951
1547914 6290
1548043 25951
1549894 6290
1550263 25951
1552114 6290
1552243 25951
1554089 6290
1554094 0
1560043 19661
1560133 25951
1560994 6290
1561123 25951
1562074 6290
1562443 25951
1563394 6290
1563643 25951
1564594 6290
1564843 25951
1565794 6290
1565923 25951
1566874 6290
1566879 0
1568563 117965
1568653 124709
1570174 6744
1572179 0
1572223 117965
1573834 6744
1573894 0
1576031 117965
1576121 124709
1577642 6744
1581447 0
1581491 117965
1583102 6744
1588562 0
1596321 117965
1596411 124709
1597932 6744
1599937 0
1599981 117965
1601592 6744
368 events for B
22262 12910592
22263 0
25262 12910592
25263 0
27610 12910592
27611 0
29952 12910592
29953 0
32952 12910592
32953 0
36252 12910592
36253 0
39252 12910592
39253 0
43246 12910592
43247 0
47241 12910592
47242 0
50244 12910592
50245 0
74576 12910592
74577 0
81441 12910592
81442 0
88601 12910592
88602 0
97941 12910592
97942 0
107284 12910592
107285 0
110587 12910592
110588 0
118084 12910592
118085 0
125584 12910592
125585 0
133464 12910592
133465 0
140540 12910592
140541 0
148286 12910592
148287 0
155276 12910592
155277 0
162021 12910592
162022 0
169941 12910592
169942 0
180741 12910592
180742 0
184944 12910592
184945 0
198741 12910592
198742 0
207851 12910592
207852 0
214405 12910592
214406 0
224305 12910592
224306 0
231141 12910592
231142 0
234741 12910592
234742 0
243784 12910592
243785 0
247941 12910592
247942 0
252024 12910592
252025 0
259941 12910592
259942 0
263421 12910592
263422 0
268341 12910592
268342 0
273443 12910592
273444 0
290301 12910592
290302 0
334641 12910592
334642 0
339741 12910592
339742 0
346941 12910592
346942 0
354742 12910592
354743 0
365061 12910592
365062 0
368781 12910592
368782 0
375290 12910592
375291 0
383461 12910592
383462 0
393141 12910592
393142 0
399681 12910592
399682 0
405741 12910592
405742 0
412619 12910592
412620 0
418941 12910592
418942 0
427278 12910592
427279 0
432703 12910592
432704 0
444321 12910592
444322 0
450703 12910592
450704 0
457341 12910592
457342 0
473091 12910592
473092 0
478941 12910592
478942 0
493941 12910592
493942 0
506541 12910592
506542 0
521841 12910592
521842 0
532641 12910592
532642 0
539963 12910592
539964 0
547283 12910592
547284 0
550819 12910592
550820 0
558167 12910592
558168 0
565513 12910592
565514 0
572540 12910592
572541 0
578542 12910592
578543 0
583341 12910592
583342 0
594741 12910592
594742 0
600742 12910592
600743 0
608781 12910592
608782 0
619641 12910592
619642 0
632407 12910592
632408 0
643696 12910592
643697 0
649941 12910592
649942 0
655041 12910592
655042 0
682341 12910592
682342 0
690141 12910592
690142 0
700943 12910592
700944 0
706941 12910592
706942 0
712084 12910592
712085 0
715384 12910592
715385 0
722993 12910592
722994 0
730598 12910592
730599 0
738141 12910592
738142 0
742341 12910592
742342 0
746542 12910592
746543 0
748941 12910592
748942 0
753914 12910592
753915 0
757941 12910592
757942 0
762141 12910592
762142 0
766127 12910592
766128 0
774529 12910592
774530 0
780334 12910592
780335 0
786141 12910592
786142 0
790641 12910592
790642 0
834921 12910592
834922 0
837861 12910592
837862 0
841641 12910592
841642 0
848586 12910592
848587 0
852144 12910592
852145 0
855705 12910592
855706 0
863541 12910592
863542 0
868343 12910592
868344 0
873141 12910592
873142 0
877941 12910592
877942 0
936441 12910592
936442 0
942143 12910592
942144 0
947541 12910592
947542 0
951741 12910592
951742 0
959020 12910592
959021 0
963522 12910592
963523 0
967161 12910592
967162 0
995541 12910592
995542 0
999969 12910592
999970 0
1004540 12910592
1004541 0
1010123 12910592
1010124 0
1017321 12910592
1017322 0
1024521 12910592
1024522 0
1032803 12910592
1032804 0
1042461 12910592
1042462 0
1051941 12910592
1051942 0
1059141 12910592
1059142 0
1071741 12910592
1071742 0
1077141 12910592
1077142 0
1085541 12910592
1085542 0
1093341 12910592
1093342 0
1096941 12910592
1096942 0
1107741 12910592
1107742 0
1113141 12910592
1113142 0
1123941 12910592
1123942 0
1131141 12910592
1131142 0
1140323 12910592
1140324 0
1149081 12910592
1149082 0
1161053 12910592
1161054 0
1167441 12910592
1167442 0
1179741 12910592
1179742 0
1185141 12910592
1185142 0
1195485 12910592
1195486 0
1201128 12910592
1201129 0
1206773 12910592
1206774 0
1210341 12910592
1210342 0
1217519 12910592
1217520 0
1224962 12910592
1224963 0
1234941 12910592
1234942 0
1240341 12910592
1240342 0
1277241 12910592
1277242 0
1320141 12910592
1320142 0
1327686 12910592
1327687 0
1335184 12910592
1335185 0
1345341 12910592
1345342 0
1350142 12910592
1350143 0
1357212 12910592
1357213 0
1364819 12910592
1364820 0
1372343 12910592
1372344 0
1381341 12910592
1381342 0
1389741 12910592
1389742 0
1395743 12910592
1395744 0
1404741 12910592
1404742 0
1416141 12910592
1416142 0
1423941 12910592
1423942 0
1433841 12910592
1433842 0
1443021 12910592
1443022 0
1456281 12910592
1456282 0
1464141 12910592
1464142 0
1469543 12910592
1469544 0
1476741 12910592
1476742 0
1492703 12910592
1492704 0
1498641 12910592
1498642 0
1506021 12910592
1506022 0
1511721 12910592
1511722 0
1518561 12910592
1518562 0
1536981 12910592
1536982 0
1542030 12910592
1542031 0
1546941 12910592
1546942 0
1552463 12910592
1552464 0
1564941 12910592
1564942 0
1573343 12910592
1573344 0
1584741 12910592
1584742 0
1591941 12910592
1591942 0
70 events for C
5383 1000
6383 0
49715 1000
50715 0
111568 1000
112568 0
173578 1000
174578 0
225246 1000
226246 0
269078 1000
270078 0
312627 1000
313627 0
355970 1000
356970 0
399080 1000
400080 0
441840 1000
442840 0
484389 1000
485389 0
527001 1000
528001 0
569933 1000
570933 0
613303 1000
614303 0
656950 1000
657950 0
700626 1000
701626 0
744357 1000
745357 0
788085 1000
789085 0
832237 1000
833237 0
871276 1000
872276 0
924770 1000
925770 0
965142 1000
966142 0
1011343 1000
1012343 0
1059134 1000
1060134 0
1108642 1000
1109642 0
1156973 1000
1157973 0
1203660 1000
1204660 0
1249823 1000
1250823 0
1294821 1000
1295821 0
1339526 1000
1340526 0
1384443 1000
1385443 0
1429627 1000
1430627 0
1475381 1000
1476381 0
1520716 1000
1521716 0
1564828 1000
1565828 0
18 events for D
117473 42873674
117478 0
139073 60808152
139078 0
225473 123650191
225478 0
247073 112353360
247078 0
268673 191051956
268678 0
290273 148359728
290278 0
951113 92231261
951118 0
981473 67412016
981478 0
1290160 67429102
1290165 0
126 events for E
12248 240
19447 344
48248 240
51837 444
69847 548
84248 444
91447 548
98647 1471
120280 2754
122048 1727
127447 1830
132537 1626
139098 1564
139398 3817
141880 2534
159848 2431
167047 2534
195848 2431
203047 2534
204198 344
224637 548
231848 444
239047 548
271448 444
278647 548
307448 444
311037 240
313338 178
313638 240
329047 344
343448 240
350647 344
357847 1267
379448 240
390247 344
417248 240
422647 344
422669 594
422680 1877
444237 2081
444247 3004
465837 2800
465847 1877
465880 594
478448 491
483869 240
484818 178
485118 240
487447 344
521648 240
530647 344
579248 240
586447 344
601747 1267
616148 240
624247 1267
653048 240
656658 2431
674647 2534
690848 2431
696247 2534
725080 3817
726848 3713
732247 3817
739458 1626
764648 1523
768280 240
771847 1267
793447 344
800648 240
807847 344
811437 548
829437 344
836648 240
843847 344
874448 240
883447 344
912248 240
933847 344
984248 240
991447 344
1020248 240
1027447 344
1056248 240
1065247 344
1094048 240
1099447 344
1124647 1267
1131837 1471
1146248 444
1157047 548
1164247 1471
1175058 1409
1175358 1471
1178658 3662
1178680 4944
1185848 3917
1193047 4944
1221848 3917
1221858 1727
1229047 2754
1243480 1471
1259048 444
1261458 2635
1272247 3662
1293848 2635
1301047 3662
1308237 3458
1329848 2431
1338847 2534
1369448 2431
1376647 2534
1405448 2431
1412647 3458
1434237 3662
1441448 2635
1448647 3662
1479248 2635
1488247 3662
1518248 2635
1520637 2431
1531447 2534
1554848 2431
1560247 2534
1589048 2431
1596247 2534
66 events for F
114917 3754
115637 0
117437 3754
121037 0
143717 3754
144437 0
146237 3754
149837 0
186017 3754
186737 0
188537 3754
192137 0
260717 3754
261437 0
263237 3754
266837 0
347117 1365
347297 0
349097 1365
349637 1979
364037 1365
364217 1979
378617 1365
379337 1979
393737 1365
393917 1979
408317 1365
409037 1979
423437 1365
423617 1979
438017 0
483917 665
516317 0
845957 3276
860957 0
875417 3754
876137 0
877937 3754
881537 0
893417 3754
894137 0
895937 3754
899537 0
963617 3754
964337 0
966137 3754
969737 0
985217 1365
985397 0
987197 1365
987737 2935
1002137 1365
1002317 2935
1016717 1365
1017437 2935
1031837 1365
1032017 2935
1046417 1365
1047137 2935
1061537 1365
1061717 2935
1076117 0
1433100 3276
1448100 0
1558596 665
1558597 0
66 events for G
114575 3754
115295 0
117095 3754
120695 0
143375 3754
144095 0
145895 3754
149495 0
185675 3754
186395 0
188195 3754
191795 0
260375 3754
261095 0
262895 3754
266495 0
346775 1365
346955 0
348755 1365
349295 1979
363695 1365
363875 1979
378275 1365
378995 1979
393395 1365
393575 1979
407975 1365
408695 1979
423095 1365
423275 1979
437675 0
483575 665
515975 0
845615 3276
860615 0
875075 3754
875795 0
877595 3754
881195 0
893075 3754
893795 0
895595 3754
899195 0
963275 3754
963995 0
965795 3754
969395 0
984875 1365
985055 0
986855 1365
987395 2935
1001795 1365
1001975 2935
1016375 1365
1017095 2935
1031495 1365
1031675 2935
1046075 1365
1046795 2935
1061195 1365
1061375 2935
1075775 0
1432758 3276
1447758 0
1558254 665
1558255 0
0 events for H

49 events for I
13200 487
68879 2414
86608 487
90808 2414
98779 487
144319 2414
160104 487
349358 2414
356779 487
385782 2414
417822 487
438005 2414
439845 487
595879 2414
618000 487
622203 2414
644179 487
673679 2414
691403 487
695610 2414
703279 487
789979 2414
802433 487
806693 2414
839522 487
1006626 2414
1022716 487
1026916 2414
1058975 487
1063355 2414
1092379 487
1133953 2414
1149981 487
1154242 2414
1178779 1285
1279593 2414
1281433 1285
1286486 2414
1296208 1285
1300408 2414
1308208 1285
1416379 2414
1444322 1285
1448522 2414
1459579 1285
1485550 2414
1516879 1285
1530079 2414
1540468 1285
4 events for J
441421 67463256
441426 0
1046221 47210957
1046226 0
18 events for K
115997 42873674
116002 0
137597 60808152
137602 0
223997 123650191
224002 0
245597 112353360
245602 0
267197 191051956
267202 0
288797 148359728
288802 0
949637 92231261
949642 0
979997 67412016
980002 0
1288684 67429102
1288689 0
0 events for L

