12 instruments
A 10 100 0.00018444817663405244 950598422.35720563
B 10 100 50290700 1600000000
C 10 100 2312500 800000000
D 10 100 431759.25152321503 367151977.05994737
E 10 100 728287279.5071317 6713663885.8674479
F 10 100 376310 320000000
G 10 100 1801610371.8348846 4747451505.5334387
H 10 100 45126217.813212499 1435691857.5629289
I 10 100 6553.6061313363007 2560002395.0532427
J 10 100 1991925.5289842244 689098561.3783263
K 10 100 47192398.279190399 1501427445.7644184
L 10 100 154000 595557000
60 downlinks
0 1093 43377 30209.873796
1 45354 49616 26595.764298999999
2 80183 87163 25812.000550000001
3 106578 117837 26242.243616
4 121338 125057 60521.572561000001
5 132978 149771 25759.527445
6 164478 176736 62910.21802
7 180133 213919 62402.514213000002
8 217996 230661 26087.487331
9 246673 264154 30312.554313000001
10 271568 283200 61079.659066
11 294068 305958 18673.221132999999
12 308828 311733 64240.288658999998
13 316470 326046 31143.729536999999
14 330510 340937 31955.262932000001
15 346350 385384 32548.652656999999
16 390639 400878 26591.031461999999
17 406562 416402 31032.775088999999
18 450240 471179 26518.557602000001
19 476961 481513 27135.491309000001
20 514257 522214 30548.763144
21 552660 566992 61173.218094999997
22 569751 580962 25727.776897
23 584224 602728 60685.825332
24 605299 636843 31943.127114999999
25 639046 656499 26854.269729
26 661124 667134 60653.754335999998
27 709440 730451 25877.051024
28 735934 740752 26858.741764999999
29 751541 771862 30730.334417999999
30 777935 816929 64710.467042999997
31 822258 835045 26821.553663999999
32 838535 857767 30352.900559999998
33 866528 870384 62069.510897
34 897630 918520 24941.171042000002
35 920190 947191 64615.886477
36 950573 992754 29824.478802000001
37 994911 1000151 25807.814231
38 1021224 1032970 30500.246913999999
39 1036892 1041243 63784.759174999999
40 1055040 1074694 26887.570243999999
41 1081238 1086354 26801.861517000001
42 1109434 1119136 30816.996993000001
43 1156513 1164010 30054.646581000001
44 1167567 1209533 25083.168038
45 1209534 1240739 31964.981436999999
46 1242907 1267592 26020.402946999999
47 1295856 1300360 65210.357319000002
48 1314240 1325764 26020.533994000001
49 1329002 1339419 25744.512599999998
50 1343310 1358157 62740.845427
51 1382179 1385565 59751.354583
52 1390050 1402780 26793.545150000002
53 1410330 1419492 25803.846627999999
54 1426554 1437742 25578.956714
55 1441496 1469060 37319.959895
56 1501490 1527620 26914.434292999998
57 1530350 1552069 37696.254029999996
58 1554826 1559578 40703.395508000001
59 1573440 1593309 25449.31221
0 opportunities for A
0 opportunities for B
0 opportunities for C
0 opportunities for D
0 opportunities for E
0 opportunities for F
0 opportunities for G
0 opportunities for H
0 opportunities for I
0 opportunities for J
0 opportunities for K
0 opportunities for L
126 events for A
13471 26897
13951 0
22836 26897
23316 0
33915 26897
34395 0
51636 26897
52116 0
108036 26897
108516 0
120037 26897
120517 0
142885 26897
143365 0
184837 26897
185317 0
206437 26897
206917 0
287137 26897
287617 0
307237 26897
307717 0
496837 26897
497317 0
518437 26897
518917 0
630637 26897
631117 0
651637 26897
652117 0
757237 26897
757717 0
775237 26897
775717 0
870337 26897
870817 0
898297 26897
898777 0
919663 26897
920143 0
985178 26897
985658 0
1099559 26897
1100039 0
1102236 26897
1102716 0
1107636 26897
1108116 0
1111236 26897
1111716 0
1121567 26897
1122047 0
1125700 26897
1126180 0
1129300 26897
1129780 0
1132536 26897
1133016 0
1177838 26897
1178318 0
1182636 26897
1183116 0
1187796 26897
1188276 0
1195836 26897
1196316 0
1200518 26897
1200998 0
1205174 26897
1205654 0
1210806 26897
1211286 0
1216235 26897
1216715 0
1219236 26897
1219716 0
1268824 26897
1269304 0
1274436 26897
1274916 0
1280329 26897
1280809 0
1285236 26897
1285716 0
1291184 26897
1291664 0
1298736 26897
1299216 0
1329036 26897
1329516 0
1336237 26897
1336717 0
1344636 26897
1345116 0
1349436 26897
1349916 0
1358437 26897
1358917 0
1369356 26897
1369836 0
1384236 26897
1384716 0
1389035 26897
1389515 0
1394089 26897
1394569 0
1423958 26897
1424438 0
1426836 26897
1427316 0
1432849 26897
1433329 0
1438249 26897
1438729 0
1443651 26897
1444131 0
1454445 26897
1454925 0
1463231 26897
1463711 0
1470983 26897
1471463 0
1477238 26897
1477718 0
1481343 26897
1481823 0
8 events for B
436440 1772
456447 2414
458287 1772
550783 2414
613841 1772
787993 2414
852524 1772
1041240 2414
9 events for C
447840 1300
695639 0
707040 1300
1041239 0
1052640 1300
1300439 0
1311840 1300
1559639 0
1571040 1300
39 events for D
36020 28
36320 0
36980 20
37160 0
39320 20
39500 0
39560 201
66500 28
66800 0
66860 20
67040 203
93080 0
105440 20
105620 0
107780 20
107960 0
108020 36
127100 0
127760 20
127940 0
130100 20
130280 0
130340 36
149420 0
150080 20
150260 0
152420 20
152600 0
152660 36
181880 0
377840 20
378020 0
380180 20
380360 0
380420 12
438680 0
438980 330
1043180 0
1043780 330
51 events for E
49302 62132584
49307 0
135702 55765577
135707 0
200502 60879901
200507 0
286902 79077832
286907 0
308502 48576383
308507 0
373302 294648376
373307 0
394902 296678458
394907 0
416502 98892820
416507 0
546162 164236787
546167 0
632562 62903535
632567 0
654162 107834631
654167 0
913362 75634496
913367 0
934962 54224800
934967 0
956562 63262266
956567 0
978162 64391949
978167 0
1037804 30501450
1037809 0
1129362 48936228
1129367 0
1323762 299009561
1323767 0
1323872 4498234
1323874 3748528
1323877 0
1323897 4815876
1323911 0
1345362 74179864
1345367 0
1366962 283378476
1366967 0
1432962 384982799
1432967 0
1518162 110156519
1518167 0
1561362 113081558
1561367 0
39 events for F
33480 28
33780 0
34440 20
34620 0
36780 20
36960 0
37020 201
63960 28
64260 0
64320 20
64500 203
90540 0
102900 20
103080 0
105240 20
105420 0
105480 36
124560 0
125220 20
125400 0
127560 20
127740 0
127800 36
146880 0
147540 20
147720 0
149880 20
150060 0
150120 36
179340 0
375300 20
375480 0
377640 20
377820 0
377880 12
436140 0
436440 330
1040640 0
1041240 330
242 events for G
11618 7514
16799 0
22589 7514
35210 0
37397 7514
53618 0
132368 58982
132458 66496
133799 7514
134228 66496
135659 7514
136019 0
136328 58982
136418 66496
137759 7514
138008 66496
139439 7514
139748 66496
141179 7514
141184 0
227528 58982
227618 66496
228959 7514
229028 66496
230459 7514
230528 66496
231959 7514
232028 66496
233459 7514
233528 66496
234959 7514
235028 66496
236459 7514
236819 0
241013 58982
241103 66496
242444 7514
242873 66496
244304 7514
244673 66496
246104 7514
246473 58982
247904 7514
248273 66496
249704 7514
250073 58982
251504 7514
251873 66496
253304 7514
253493 66496
254924 7514
254929 0
257026 58982
257116 66496
258457 7514
258706 66496
260137 7514
260386 66496
261817 7514
262066 66496
263497 7514
263746 66496
265177 7514
265426 66496
266857 7514
267106 66496
268537 7514
268786 66496
270217 7514
270762 0
460478 7514
471444 0
478688 58982
478778 66496
479499 7514
479588 66496
480399 7514
480728 66496
481539 7514
481628 66496
482439 7514
482768 66496
483579 7514
483668 66496
484479 7514
484988 66496
485799 7514
485888 66496
486699 7514
487028 66496
487839 7514
487928 66496
488739 7514
489068 66496
489879 7514
489968 66496
490779 7514
490784 0
494888 58982
494978 65726
500099 6744
505748 65726
510959 6744
511079 0
515357 58982
515447 65726
520568 6744
522617 65726
527828 6744
527999 0
529979 169032
531299 45609
531964 0
716939 58982
717029 66496
718370 7514
720599 66496
722030 7514
724199 66496
725630 7514
727799 66496
729230 7514
729599 66496
731030 7514
731390 0
737149 58982
737239 66496
738580 7514
739009 66496
740440 7514
740809 66496
742240 7514
742609 66496
744040 7514
744400 0
745928 58982
746018 65726
748559 6744
748628 65726
751079 6744
751084 0
753160 58982
753250 62354
755791 3372
756820 62354
759451 3372
760420 62354
763051 3372
764020 62354
766651 3372
769171 0
773370 58982
773460 62354
776001 3372
777030 62354
779661 3372
780630 62354
783261 3372
784230 62354
786861 3372
787281 0
854212 58982
854302 66496
855643 7514
856028 0
856072 58982
857503 7514
857872 66496
859303 7514
859663 0
861823 58982
861913 66496
863254 7514
865483 66496
866914 7514
867283 66496
868714 7514
869083 66496
870514 7514
870883 66496
872314 7514
874483 66496
875914 7514
876274 0
882033 58982
882123 66496
883464 7514
885693 66496
887124 7514
887493 66496
888924 7514
889293 66496
890724 7514
892893 66496
894324 7514
894684 0
1065007 58982
1065097 65726
1066438 6744
1068667 65726
1070098 6744
1070467 65726
1071898 6744
1074067 65726
1075498 6744
1077667 65726
1079098 6744
1079193 0
1083342 58982
1083432 65726
1084713 6744
1084902 65726
1086273 6744
1086462 65726
1087833 6744
1088022 65726
1089393 6744
1089582 65726
1090953 6744
1091279 0
1120157 58982
1120246 248143
1120448 58982
1120607 65726
1121528 6744
1124897 65726
1126268 6744
1129577 65726
1130948 6744
1134008 0
1329128 235930
1329218 7514
1336259 6744
1337800 0
1341949 235930
1342039 242674
1349080 6744
1350621 0
1394271 7514
1394528 243444
1398179 7514
1410242 0
8 events for H
436844 1772
456851 2414
458691 1772
551187 2414
614245 1772
788397 2414
852928 1772
1041644 2414
704 events for I
340 215177
400 0
600 215177
660 0
1180 215177
1240 0
1440 215177
1500 0
18747 215177
18807 0
19007 215177
19067 0
19587 215177
19647 0
19847 215177
19907 0
37155 215177
37215 0
37415 215177
37475 0
37995 215177
38055 0
38255 215177
38315 0
55562 215177
55622 0
55822 215177
55882 0
56402 215177
56462 0
56662 215177
56722 0
73969 215177
74029 0
74229 215177
74289 0
74809 215177
74869 0
75069 215177
75129 0
92376 215177
92436 0
92636 215177
92696 0
93216 215177
93276 0
93476 215177
93536 0
111987 215177
112047 0
112247 215177
112307 0
112827 215177
112887 0
113087 215177
113147 0
130097 215177
130157 0
130357 215177
130417 0
130937 215177
130997 0
131197 215177
131257 0
148208 215177
148268 0
148468 215177
148528 0
149048 215177
149108 0
149308 215177
149368 0
166318 215177
166378 0
166578 215177
166638 0
167158 215177
167218 0
167418 215177
167478 0
184429 215177
184489 0
184689 215177
184749 0
185269 215177
185329 0
185529 215177
185589 0
202539 215177
202599 0
202799 215177
202859 0
203379 215177
203439 0
203639 215177
203699 0
220650 215177
220710 0
220880 215177
220940 0
221420 215177
221480 0
221650 215177
221710 0
238760 215177
238820 0
239020 215177
239080 0
239600 215177
239660 0
239860 215177
239920 0
256871 215177
256931 0
257131 215177
257191 0
257711 215177
257771 0
257971 215177
258031 0
274981 215177
275041 0
275241 215177
275301 0
275821 215177
275881 0
276081 215177
276141 0
293092 215177
293152 0
293352 215177
293412 0
293932 215177
293992 0
294192 215177
294252 0
311202 215177
311262 0
311462 215177
311522 0
312042 215177
312102 0
312302 215177
312362 0
329313 215177
329373 0
329573 215177
329633 0
330153 215177
330213 0
330413 215177
330473 0
347423 215177
347483 0
347683 215177
347743 0
348263 215177
348323 0
348523 215177
348583 0
365534 215177
365594 0
365794 215177
365854 0
366374 215177
366434 0
366634 215177
366694 0
383644 215177
383704 0
383904 215177
383964 0
384484 215177
384544 0
384744 215177
384804 0
401755 215177
401815 0
402015 215177
402075 0
402595 215177
402655 0
402855 215177
402915 0
419865 215177
419925 0
420125 215177
420185 0
420705 215177
420765 0
420965 215177
421025 0
437976 215177
438036 0
438236 215177
438296 0
438816 215177
438876 0
439076 215177
439136 0
457883 215177
457943 0
458113 215177
458173 0
458653 215177
458713 0
458883 215177
458943 0
476290 215177
476350 0
476550 215177
476610 0
477130 215177
477190 0
477390 215177
477450 0
494697 215177
494757 0
494957 215177
495017 0
495537 215177
495597 0
495797 215177
495857 0
513105 215177
513165 0
513365 215177
513425 0
513945 215177
514005 0
514205 215177
514265 0
531512 215177
531572 0
531772 215177
531832 0
532352 215177
532412 0
532612 215177
532672 0
549919 215177
549979 0
550179 215177
550239 0
550759 215177
550819 0
551019 215177
551079 0
568326 215177
568386 0
568586 215177
568646 0
569166 215177
569226 0
569426 215177
569486 0
586733 215177
586793 0
586993 215177
587053 0
587573 215177
587633 0
587833 215177
587893 0
605140 215177
605200 0
605400 215177
605460 0
605980 215177
606040 0
606240 215177
606300 0
623547 215177
623607 0
623807 215177
623867 0
624387 215177
624447 0
624647 215177
624707 0
641955 215177
642015 0
642215 215177
642275 0
642795 215177
642855 0
643055 215177
643115 0
660362 215177
660422 0
660622 215177
660682 0
661202 215177
661262 0
661462 215177
661522 0
678769 215177
678829 0
679029 215177
679089 0
679609 215177
679669 0
679869 215177
679929 0
697176 215177
697236 0
697436 215177
697496 0
698016 215177
698076 0
698276 215177
698336 0
716787 215177
716847 0
717047 215177
717107 0
717627 215177
717687 0
717887 215177
717947 0
734897 215177
734957 0
735157 215177
735217 0
735737 215177
735797 0
735997 215177
736057 0
753008 215177
753068 0
753268 215177
753328 0
753848 215177
753908 0
754108 215177
754168 0
771118 215177
771178 0
771378 215177
771438 0
771958 215177
772018 0
772218 215177
772278 0
789229 215177
789289 0
789489 215177
789549 0
790069 215177
790129 0
790329 215177
790389 0
807339 215177
807399 0
807599 215177
807659 0
808179 215177
808239 0
808439 215177
808499 0
825450 215177
825510 0
825680 215177
825740 0
826220 215177
826280 0
826450 215177
826510 0
843560 215177
843620 0
843820 215177
843880 0
844400 215177
844460 0
844660 215177
844720 0
861671 215177
861731 0
861931 215177
861991 0
862511 215177
862571 0
862771 215177
862831 0
879781 215177
879841 0
880041 215177
880101 0
880621 215177
880681 0
880881 215177
880941 0
897892 215177
897952 0
898152 215177
898212 0
898732 215177
898792 0
898992 215177
899052 0
916002 215177
916062 0
916262 215177
916322 0
916842 215177
916902 0
917102 215177
917162 0
934113 215177
934173 0
934373 215177
934433 0
934953 215177
935013 0
935213 215177
935273 0
952223 215177
952283 0
952483 215177
952543 0
953063 215177
953123 0
953323 215177
953383 0
970334 215177
970394 0
970594 215177
970654 0
971174 215177
971234 0
971434 215177
971494 0
988444 215177
988504 0
988704 215177
988764 0
989284 215177
989344 0
989544 215177
989604 0
1006555 215177
1006615 0
1006815 215177
1006875 0
1007395 215177
1007455 0
1007655 215177
1007715 0
1024665 215177
1024725 0
1024925 215177
1024985 0
1025505 215177
1025565 0
1025765 215177
1025825 0
1042776 215177
1042836 0
1043036 215177
1043096 0
1043616 215177
1043676 0
1043876 215177
1043936 0
1062683 215177
1062743 0
1062913 215177
1062973 0
1063453 215177
1063513 0
1063683 215177
1063743 0
1081090 215177
1081150 0
1081350 215177
1081410 0
1081930 215177
1081990 0
1082190 215177
1082250 0
1099497 215177
1099557 0
1099757 215177
1099817 0
1100337 215177
1100397 0
1100597 215177
1100657 0
1117905 215177
1117965 0
1118165 215177
1118225 0
1118745 215177
1118805 0
1119005 215177
1119065 0
1136312 215177
1136372 0
1136572 215177
1136632 0
1137152 215177
1137212 0
1137412 215177
1137472 0
1154719 215177
1154779 0
1154979 215177
1155039 0
1155559 215177
1155619 0
1155819 215177
1155879 0
1173126 215177
1173186 0
1173386 215177
1173446 0
1173966 215177
1174026 0
1174226 215177
1174286 0
1191533 215177
1191593 0
1191793 215177
1191853 0
1192373 215177
1192433 0
1192633 215177
1192693 0
1209940 215177
1210000 0
1210200 215177
1210260 0
1210780 215177
1210840 0
1211040 215177
1211100 0
1228347 215177
1228407 0
1228607 215177
1228667 0
1229187 215177
1229247 0
1229447 215177
1229507 0
1246755 215177
1246815 0
1247015 215177
1247075 0
1247595 215177
1247655 0
1247855 215177
1247915 0
1265162 215177
1265222 0
1265422 215177
1265482 0
1266002 215177
1266062 0
1266262 215177
1266322 0
1283569 215177
1283629 0
1283829 215177
1283889 0
1284409 215177
1284469 0
1284669 215177
1284729 0
1301976 215177
1302036 0
1302236 215177
1302296 0
1302816 215177
1302876 0
1303076 215177
1303136 0
1321587 215177
1321647 0
1321847 215177
1321907 0
1322427 215177
1322487 0
1322687 215177
1322747 0
1339697 215177
1339757 0
1339957 215177
1340017 0
1340537 215177
1340597 0
1340797 215177
1340857 0
1357808 215177
1357868 0
1358068 215177
1358128 0
1358648 215177
1358708 0
1358908 215177
1358968 0
1375918 215177
1375978 0
1376178 215177
1376238 0
1376758 215177
1376818 0
1377018 215177
1377078 0
1394029 215177
1394089 0
1394289 215177
1394349 0
1394869 215177
1394929 0
1395129 215177
1395189 0
1412139 215177
1412199 0
1412399 215177
1412459 0
1412979 215177
1413039 0
1413239 215177
1413299 0
1430250 215177
1430310 0
1430480 215177
1430540 0
1431020 215177
1431080 0
1431250 215177
1431310 0
1448360 215177
1448420 0
1448620 215177
1448680 0
1449200 215177
1449260 0
1449460 215177
1449520 0
1466471 215177
1466531 0
1466731 215177
1466791 0
1467311 215177
1467371 0
1467571 215177
1467631 0
1484581 215177
1484641 0
1484841 215177
1484901 0
1485421 215177
1485481 0
1485681 215177
1485741 0
1502692 215177
1502752 0
1502952 215177
1503012 0
1503532 215177
1503592 0
1503792 215177
1503852 0
1520802 215177
1520862 0
1521062 215177
1521122 0
1521642 215177
1521702 0
1521902 215177
1521962 0
1538913 215177
1538973 0
1539173 215177
1539233 0
1539753 215177
1539813 0
1540013 215177
1540073 0
1557023 215177
1557083 0
1557283 215177
1557343 0
1557863 215177
1557923 0
1558123 215177
1558183 0
1574076 215177
1574136 0
1574336 215177
1574396 0
1574916 215177
1574976 0
1575176 215177
1575236 0
1593244 215177
1593304 0
1593504 215177
1593564 0
1594084 215177
1594144 0
1594344 215177
1594404 0
9 events for J
451364 1300
699163 0
710564 1300
1044763 0
1056164 1300
1303963 0
1315364 1300
1563163 0
1574564 1300
8 events for K
438385 1772
458392 2414
460232 1772
552728 2414
615786 1772
789938 2414
854469 1772
1043185 2414
0 events for L

