12 instruments
A 10 100 0 938631764.34521866
B 10 100 40786.332763907049 54547276.407707497
C 10 100 804865230.11019051 7419592213.7182751
D 10 100 0 275897579.9041419
E 10 100 5910082.7758317869 3030989320.3134623
F 10 100 154000 595557000
G 10 100 20927.686835728317 891804836.74978614
H 10 100 45126217.813212499 1435691857.5629289
I 10 100 37632 50328700
J 10 100 2238.0782914523293 612647607.58318675
K 10 100 199466000 880000000
L 10 100 0 296462475.07613176
100 downlinks
0 1 10745 17374.699861000001
1 26101 52892 57611.601310999999
2 53101 85181 59023.283414999998
3 85923 91673 55193.106121999997
4 95029 137146 25530.421285
5 137147 181342 29269.697155999998
6 181343 185433 16830.732371999999
7 198591 213258 28226.256141999998
8 215588 218139 60093.408818999997
9 258586 288285 58272.632834999997
10 288286 295560 61499.660580999996
11 309763 331060 28538.149495000001
12 344608 350430 18090.695755000001
13 353973 369185 23661.293665000001
14 371082 399036 28757.617953000001
15 399037 441333 56137.919716999997
16 442477 459371 23437.772314999998
17 474577 487217 55980.942202999999
18 500432 514284 60635.164006999999
19 517172 548099 23619.145155999999
20 568692 576958 53049.165158000003
21 579567 602726 23042.764167000001
22 602727 607179 53421.323553000002
23 610615 615295 23396.302264000002
24 618867 631771 22759.633384000001
25 655003 659602 53785.922146999997
26 670762 687216 23595.771228000001
27 689523 696180 17076.713232999999
28 699238 734361 24932.393585000002
29 734362 744585 29494.590024000001
30 747617 753489 55821.075068999999
31 756857 774146 22968.383259999999
32 775217 779398 57490.653299999998
33 797590 802650 25500.801521000001
34 844598 867984 24904.219582000002
35 871874 875942 26817.789122999999
36 888252 918315 30236.225505999999
37 921546 941937 64968.303881
38 948208 954537 18980.648960999999
39 958192 999158 26276.326033000001
40 1000251 1042535 30209.873796
41 1044512 1048774 26595.764298999999
42 1079341 1086321 25812.000550000001
43 1105736 1116995 26242.243616
44 1120496 1124215 60521.572561000001
45 1132136 1148929 25759.527445
46 1163636 1175894 62910.21802
47 1179291 1213077 62402.514213000002
48 1217154 1229819 26087.487331
49 1245831 1263312 30312.554313000001
50 1270726 1282358 61079.659066
51 1293226 1305116 18673.221132999999
52 1307986 1310891 64240.288658999998
53 1315628 1325204 31143.729536999999
54 1329668 1340095 31955.262932000001
55 1345508 1384542 32548.652656999999
56 1389797 1400036 26591.031461999999
57 1405720 1415560 31032.775088999999
58 1449398 1470337 26518.557602000001
59 1476119 1480671 27135.491309000001
60 1513415 1521372 30548.763144
61 1551818 1566150 61173.218094999997
62 1568909 1580120 25727.776897
63 1583382 1601886 60685.825332
64 1604457 1636001 31943.127114999999
65 1638204 1655657 26854.269729
66 1660282 1666292 60653.754335999998
67 1708598 1729609 25877.051024
68 1735092 1739910 26858.741764999999
69 1750699 1771020 30730.334417999999
70 1777093 1816087 64710.467042999997
71 1821416 1834203 26821.553663999999
72 1837693 1856925 30352.900559999998
73 1865686 1869542 62069.510897
74 1896788 1917678 24941.171042000002
75 1919348 1946349 64615.886477
76 1949731 1991912 29824.478802000001
77 1994069 1999309 25807.814231
78 2020382 2032128 30500.246913999999
79 2036050 2040401 63784.759174999999
80 2054198 2073852 26887.570243999999
81 2080396 2085512 26801.861517000001
82 2108592 2118294 30816.996993000001
83 2155671 2163168 30054.646581000001
84 2166725 2208691 25083.168038
85 2208692 2239897 31964.981436999999
86 2242065 2266750 26020.402946999999
87 2295014 2299518 65210.357319000002
88 2313398 2324922 26020.533994000001
89 2328160 2338577 25744.512599999998
90 2342468 2357315 62740.845427
91 2381337 2384723 59751.354583
92 2389208 2401938 26793.545150000002
93 2409488 2418650 25803.846627999999
94 2425712 2436900 25578.956714
95 2440654 2468218 37319.959895
96 2500648 2526778 26914.434292999998
97 2529508 2551227 37696.254029999996
98 2553984 2558736 40703.395508000001
99 2572598 2592467 25449.31221
0 opportunities for A
0 opportunities for B
0 opportunities for C
0 opportunities for D
0 opportunities for E
0 opportunities for F
0 opportunities for G
0 opportunities for H
0 opportunities for I
0 opportunities for J
0 opportunities for K
0 opportunities for L
36 events for A
27493 1000
28493 0
77001 1000
78001 0
125332 1000
126332 0
172019 1000
173019 0
218182 1000
219182 0
263180 1000
264180 0
307885 1000
308885 0
352802 1000
353802 0
397986 1000
398986 0
443740 1000
444740 0
489075 1000
490075 0
533187 1000
534187 0
577046 1000
578046 0
620624 1000
621624 0
663860 1000
664860 0
706783 1000
707783 0
749611 1000
750611 0
792908 1000
793908 0
2 events for B
832098 0
832099 18
71 events for C
255319 67429102
255324 0
600919 42866846
600924 0
622519 36098616
622524 0
752119 15230225
752124 0
773719 42774218
773724 0
795319 51729687
795324 0
815225 67442760
815230 0
875372 51185344
875377 0
940172 36088368
940177 0
983372 46317017
983377 0
1048172 62132584
1048177 0
1134572 55765577
1134577 0
1199372 60879901
1199377 0
1285772 79077832
1285777 0
1307372 48576383
1307377 0
1372172 294648376
1372177 0
1393772 296678458
1393777 0
1415372 98892820
1415377 0
1545032 164236787
1545037 0
1631432 62903535
1631437 0
1653032 107834631
1653037 0
1912232 75634496
1912237 0
1933832 54224800
1933837 0
1955432 63262266
1955437 0
1977032 64391949
1977037 0
2036674 30501450
2036679 0
2128232 48936228
2128237 0
2322632 299009561
2322637 0
2322742 4498234
2322744 3748528
2322747 0
2322767 4815876
2322781 0
2344232 74179864
2344237 0
2365832 283378476
2365837 0
2431832 384982799
2431837 0
2517032 110156519
2517037 0
2560232 113081558
2560237 0
0 events for D

2 events for E
832435 0
832436 2650
2 events for F
830798 0
830799 74
50 events for G
11762 47210957
11767 0
852717 4214960
852721 0
853147 4214960
853151 0
853887 4214960
853891 0
854317 4214960
854321 0
1220284 4214960
1220288 0
1220714 4214960
1220718 0
1221454 4214960
1221458 0
1221884 4214960
1221888 0
1457517 4214960
1457521 0
1457947 4214960
1457951 0
1458687 4214960
1458691 0
1459117 4214960
1459121 0
1825084 4214960
1825088 0
1825514 4214960
1825518 0
1826254 4214960
1826258 0
1826684 4214960
1826688 0
2062317 4214960
2062321 0
2062747 4214960
2062751 0
2063487 4214960
2063491 0
2063917 4214960
2063921 0
2429884 4214960
2429888 0
2430314 4214960
2430318 0
2431054 4214960
2431058 0
2431484 4214960
2431488 0
37 events for H
25898 487
30278 2414
59302 487
100876 2414
116904 487
121165 2414
145702 1285
246516 2414
248356 1285
253409 2414
263131 1285
267331 2414
275131 1285
383302 2414
411245 1285
415445 2414
426502 1285
452473 2414
483802 1285
497002 2414
507391 1285
614528 2414
616368 1285
620902 2414
630676 1285
635039 2414
664102 2057
831202 0
831203 2414
1436002 1772
1456009 2414
1457849 1772
1550345 2414
1613403 1772
1787555 2414
1852086 1772
2040802 2414
2 events for I
830798 0
830799 18
75 events for J
13340 1365
14060 2935
28460 1365
28640 2935
43040 0
400023 3276
415023 0
525519 665
525520 0
598277 665
598278 0
672175 3276
687175 0
842840 1979
844040 0
845840 1979
849440 1365
850160 1979
864560 1365
864740 1979
893540 1365
894260 1979
908660 1365
908840 1979
942440 1365
943160 1979
957560 1365
957740 1979
976940 0
1018811 4096
1027011 0
1311266 665
1340426 0
1476354 665
1505874 0
1549983 4096
1558183 0
1623611 4096
1631811 0
1706540 4096
1714740 0
1807403 4096
1815603 0
1879845 4096
1888045 0
1988508 4096
1996708 0
2324720 3754
2325440 0
2327240 3754
2330840 0
2338040 3754
2338760 0
2340560 3754
2344160 0
2359760 3754
2360480 0
2362280 3754
2365880 0
2374280 3754
2375000 0
2376800 3754
2380400 0
2438120 3754
2438840 0
2440640 3754
2444240 0
2483840 3754
2484560 0
2486360 3754
2489960 0
2530640 3754
2531360 0
2533160 3754
2536760 0
208 events for K
22921 240
31920 344
60721 240
66120 344
91320 1267
98510 1471
112921 444
123720 548
130920 1471
141731 1409
142031 1471
145331 3662
145353 4944
152521 3917
159720 4944
188521 3917
188531 1727
195720 2754
210153 1471
225721 444
228131 2635
238920 3662
260521 2635
267720 3662
274910 3458
296521 2431
305520 2534
336121 2431
343320 2534
372121 2431
379320 3458
400910 3662
408121 2635
415320 3662
445921 2635
454920 3662
484921 2635
487310 2431
498120 2534
521521 2431
526920 2534
555721 2431
562920 2534
591721 2431
598920 2534
629521 2431
636720 2534
638531 344
667321 240
674520 344
717721 240
728520 344
755521 240
764520 344
791521 240
800520 344
830521 240
830798 0
830799 240
832910 444
833891 382
834191 444
843720 548
865321 444
872520 548
903121 444
910320 548
919342 798
939121 695
946320 1722
966153 3004
976921 1977
982320 3004
1005742 2754
1012921 1727
1020120 2754
1050721 1727
1055771 1664
1056071 3917
1056120 4944
1089421 3917
1092071 1727
1106520 2754
1125421 1727
1131720 2754
1138953 1471
1160521 444
1167720 548
1198321 444
1203720 1471
1214171 1409
1214471 3662
1225353 4944
1232521 3917
1239720 4944
1264871 2754
1268521 1727
1275720 2754
1304521 1727
1311720 2754
1340521 1727
1347720 2754
1352891 2691
1353191 2754
1354953 1471
1362120 548
1378321 444
1385520 548
1414321 444
1419720 548
1435021 444
1448520 548
1470121 444
1477320 548
1507921 444
1513320 1471
1524110 1267
1524131 1205
1524431 3458
1527753 4740
1545721 3713
1551120 3817
1581721 3713
1583531 1523
1590720 1626
1610510 1830
1619521 1727
1624920 1830
1632142 2081
1635753 798
1653721 695
1657353 1977
1660920 3004
1678920 2081
1678953 798
1694221 695
1696931 632
1696942 382
1697231 444
1709520 548
1729321 444
1736520 548
1765321 444
1772520 548
1801321 444
1808520 548
1837321 444
1844520 548
1869731 485
1870031 548
1875121 444
1880520 548
1909321 444
1918320 548
1947121 444
1954320 548
1983121 444
1988520 548
2019121 444
2024553 1727
2026320 2754
2038921 1727
2042531 1664
2042831 1727
2046153 444
2053320 1471
2074921 444
2082120 1471
2112721 444
2118120 1471
2148721 444
2155920 1471
2186521 444
2191920 1471
2224321 444
2229720 1471
2258521 444
2265720 548
2299021 444
2301371 382
2301671 2635
2301742 2885
2305353 4168
2312520 5195
2334121 4168
2341320 5195
2370121 4168
2377320 5195
2388142 4944
2407921 3917
2413320 4944
2443921 3917
2449320 4944
2452991 2754
2479921 1727
2485320 2754
2496142 3004
2515921 1977
2521320 3004
2557321 1977
2560871 1915
2560942 1664
2561171 3917
2566871 1727
2571720 2754
2586153 1471
2588821 444
2593320 1471
0 events for L

