12 instruments
A 10 100 1538660356.7547786 4054547831.9712734
B 10 100 5459680 2800000000
C 10 100 154000 595557000
D 10 100 1991925.5289842244 689098561.3783263
E 10 100 0.00018444817663405244 950598422.35720563
F 10 100 376310 320000000
G 10 100 0 888000000
H 10 100 4367744.2331614867 2240000119.5770016
I 10 100 6499613.0472409306 3333330256.035996
J 10 100 0.000155227 800000000
K 10 100 763800535.41096985 7041040280.2382517
L 10 100 1517960000 4000000000
60 downlinks
0 1 10745 17374.699861000001
1 26101 52892 57611.601310999999
2 53101 85181 59023.283414999998
3 85923 91673 55193.106121999997
4 95029 137146 25530.421285
5 137147 181342 29269.697155999998
6 181343 185433 16830.732371999999
7 198591 213258 28226.256141999998
8 215588 218139 60093.408818999997
9 258586 288285 58272.632834999997
10 288286 295560 61499.660580999996
11 309763 331060 28538.149495000001
12 344608 350430 18090.695755000001
13 353973 369185 23661.293665000001
14 371082 399036 28757.617953000001
15 399037 441333 56137.919716999997
16 442477 459371 23437.772314999998
17 474577 487217 55980.942202999999
18 500432 514284 60635.164006999999
19 517172 548099 23619.145155999999
20 568692 576958 53049.165158000003
21 579567 602726 23042.764167000001
22 602727 607179 53421.323553000002
23 610615 615295 23396.302264000002
24 618867 631771 22759.633384000001
25 655003 659602 53785.922146999997
26 670762 687216 23595.771228000001
27 689523 696180 17076.713232999999
28 699238 734361 24932.393585000002
29 734362 744585 29494.590024000001
30 747617 753489 55821.075068999999
31 756857 774146 22968.383259999999
32 775217 779398 57490.653299999998
33 797590 802650 25500.801521000001
34 844598 867984 24904.219582000002
35 871874 875942 26817.789122999999
36 888252 918315 30236.225505999999
37 921546 941937 64968.303881
38 948208 954537 18980.648960999999
39 958192 999158 26276.326033000001
40 1000251 1042535 30209.873796
41 1044512 1048774 26595.764298999999
42 1079341 1086321 25812.000550000001
43 1105736 1116995 26242.243616
44 1120496 1124215 60521.572561000001
45 1132136 1148929 25759.527445
46 1163636 1175894 62910.21802
47 1179291 1213077 62402.514213000002
48 1217154 1229819 26087.487331
49 1245831 1263312 30312.554313000001
50 1270726 1282358 61079.659066
51 1293226 1305116 18673.221132999999
52 1307986 1310891 64240.288658999998
53 1315628 1325204 31143.729536999999
54 1329668 1340095 31955.262932000001
55 1345508 1384542 32548.652656999999
56 1389797 1400036 26591.031461999999
57 1405720 1415560 31032.775088999999
58 1449398 1470337 26518.557602000001
59 1476119 1480671 27135.491309000001
0 opportunities for A
0 opportunities for B
0 opportunities for C
0 opportunities for D
0 opportunities for E
0 opportunities for F
0 opportunities for G
0 opportunities for H
0 opportunities for I
0 opportunities for J
0 opportunities for K
0 opportunities for L
266 events for A
276960 19661
277050 25951
278811 6290
279600 25951
281451 6290
281991 0
285300 19661
285390 25951
287151 6290
287940 25951
289791 6290
290760 25951
292611 6290
293340 25951
295191 6290
296160 25951
298011 6290
298740 25951
300591 6290
301131 0
305880 19661
305970 25951
307731 6290
307860 25951
309711 6290
310080 25951
311931 6290
312060 25951
313911 6290
314280 25951
316131 6290
316260 25951
318106 6290
318111 0
322191 117965
322281 124709
323742 6744
338442 0
342806 117965
342896 124709
344357 6744
357137 0
359220 117965
359310 124709
360771 6744
373551 0
509220 19661
509310 25951
511071 6290
511200 25951
513051 6290
513420 25951
515271 6290
515400 25951
517251 6290
517620 25951
519471 6290
519600 25951
521446 6290
521451 0
527400 19661
527490 25951
528351 6290
528480 25951
529431 6290
529800 25951
530751 6290
531000 25951
531951 6290
532200 25951
533151 6290
533280 25951
534231 6290
534236 0
535920 117965
536010 124709
537531 6744
539536 0
539580 117965
541191 6744
541251 0
543388 117965
543478 124709
544999 6744
548804 0
548848 117965
550459 6744
555919 0
563678 117965
563768 124709
565289 6744
567294 0
567338 117965
568949 6744
574109 0
579857 6290
590618 0
600147 6290
610908 0
618479 6290
622040 0
859920 58982
862671 7514
866185 0
873334 58982
873424 66496
874765 7514
875074 66496
876505 7514
876754 66496
878185 7514
878434 66496
879865 7514
880114 66496
881545 7514
881555 0
926456 58982
926546 66496
927887 7514
928316 66496
929747 7514
930116 66496
931547 7514
931916 66496
933347 7514
933716 66496
935147 7514
935516 66496
936947 7514
937316 66496
938747 7514
939116 66496
940547 7514
940916 66496
942347 7514
942777 0
946963 58982
947053 66496
948394 7514
948823 66496
950254 7514
950623 66496
952054 7514
952423 66496
953854 7514
954223 66496
955654 7514
956023 66496
957454 7514
957823 66496
959254 7514
959623 66496
961054 7514
961184 0
963270 58982
963360 66496
964821 7514
964890 66496
966441 7514
966510 66496
967941 7514
967946 0
1011210 7514
1016391 0
1022181 7514
1034802 0
1036989 7514
1053210 0
1131960 58982
1132050 66496
1133391 7514
1133820 66496
1135251 7514
1135611 0
1135920 58982
1136010 66496
1137351 7514
1137600 66496
1139031 7514
1139340 66496
1140771 7514
1140776 0
1227120 58982
1227210 66496
1228551 7514
1228620 66496
1230051 7514
1230120 66496
1231551 7514
1231620 66496
1233051 7514
1233120 66496
1234551 7514
1234620 66496
1236051 7514
1236411 0
1240605 58982
1240695 66496
1242036 7514
1242465 66496
1243896 7514
1244265 66496
1245696 7514
1246065 58982
1247496 7514
1247865 66496
1249296 7514
1249665 58982
1251096 7514
1251465 66496
1252896 7514
1253085 66496
1254516 7514
1254521 0
1256618 58982
1256708 66496
1258049 7514
1258298 66496
1259729 7514
1259978 66496
1261409 7514
1261658 66496
1263089 7514
1263338 66496
1264769 7514
1265018 66496
1266449 7514
1266698 66496
1268129 7514
1268378 66496
1269809 7514
1270354 0
1460070 7514
1471036 0
1478280 58982
1478370 66496
1479091 7514
1479180 66496
1479991 7514
1480320 66496
1481131 7514
1481220 66496
1482031 7514
1482360 66496
1483171 7514
1483260 66496
1484071 7514
1484580 66496
1485391 7514
1485480 66496
1486291 7514
1486620 66496
1487431 7514
1487520 66496
1488331 7514
1488660 66496
1489471 7514
1489560 66496
1490371 7514
1490376 0
1494480 58982
1494570 65726
1499691 6744
1505340 65726
1510551 6744
1510671 0
2 events for B
830798 0
830799 2650
2 events for C
830798 0
830799 74
7 events for D
229521 0
240922 1950
488721 0
500122 1950
834321 0
834323 1944
1450522 1300
218 events for E
6913 12910592
6914 0
16393 12910592
16394 0
23593 12910592
23594 0
36193 12910592
36194 0
41593 12910592
41594 0
49993 12910592
49994 0
57793 12910592
57794 0
61393 12910592
61394 0
72193 12910592
72194 0
77593 12910592
77594 0
88393 12910592
88394 0
95593 12910592
95594 0
104775 12910592
104776 0
113533 12910592
113534 0
125505 12910592
125506 0
131893 12910592
131894 0
144193 12910592
144194 0
149593 12910592
149594 0
159937 12910592
159938 0
165580 12910592
165581 0
171225 12910592
171226 0
174793 12910592
174794 0
181971 12910592
181972 0
189414 12910592
189415 0
199393 12910592
199394 0
204793 12910592
204794 0
241693 12910592
241694 0
284593 12910592
284594 0
292138 12910592
292139 0
299636 12910592
299637 0
309793 12910592
309794 0
314594 12910592
314595 0
321664 12910592
321665 0
329271 12910592
329272 0
336795 12910592
336796 0
345793 12910592
345794 0
354193 12910592
354194 0
360195 12910592
360196 0
369193 12910592
369194 0
380593 12910592
380594 0
388393 12910592
388394 0
398293 12910592
398294 0
407473 12910592
407474 0
420733 12910592
420734 0
428593 12910592
428594 0
433995 12910592
433996 0
441193 12910592
441194 0
457155 12910592
457156 0
463093 12910592
463094 0
470473 12910592
470474 0
476173 12910592
476174 0
483013 12910592
483014 0
501433 12910592
501434 0
506482 12910592
506483 0
511393 12910592
511394 0
516915 12910592
516916 0
529393 12910592
529394 0
537795 12910592
537796 0
549193 12910592
549194 0
556393 12910592
556394 0
567193 12910592
567194 0
573493 12910592
573494 0
579240 12910592
579241 0
586685 12910592
586686 0
593593 12910592
593594 0
603194 12910592
603195 0
610393 12910592
610394 0
624794 12910592
624795 0
639193 12910592
639194 0
646393 12910592
646394 0
653593 12910592
653594 0
660193 12910592
660194 0
666193 12910592
666194 0
673788 12910592
673789 0
679432 12910592
679433 0
691394 12910592
691395 0
700393 12910592
700394 0
711194 12910592
711195 0
718393 12910592
718394 0
730993 12910592
730994 0
736393 12910592
736394 0
744793 12910592
744794 0
748695 12910592
748696 0
752293 12910592
752294 0
767353 12910592
767354 0
771075 12910592
771076 0
783553 12910592
783554 0
787153 12910592
787154 0
802993 12910592
802994 0
810193 12910592
810194 0
819193 12910592
819194 0
826393 12910592
826394 0
855195 26897
855675 0
865995 26897
866475 0
963194 26897
963674 0
973995 26897
974475 0
995595 26897
996075 0
1012629 26897
1013109 0
1021994 26897
1022474 0
1033073 26897
1033553 0
1050794 26897
1051274 0
1107194 26897
1107674 0
1119195 26897
1119675 0
1142043 26897
1142523 0
1183995 26897
1184475 0
1205595 26897
1206075 0
1286295 26897
1286775 0
1306395 26897
1306875 0
1495995 26897
1496475 0
57 events for F
225398 0
225998 330
830198 0
845078 20
845258 0
847418 20
847598 0
847658 126
873578 0
874238 20
874418 0
876578 20
876758 0
876818 218
891878 0
892538 20
892718 0
894878 20
895058 0
895118 32
1032638 28
1032938 0
1033598 20
1033778 0
1035938 20
1036118 0
1036178 201
1063118 28
1063418 0
1063478 20
1063658 203
1089698 0
1102058 20
1102238 0
1104398 20
1104578 0
1104638 36
1123718 0
1124378 20
1124558 0
1126718 20
1126898 0
1126958 36
1146038 0
1146698 20
1146878 0
1149038 20
1149218 0
1149278 36
1178498 0
1374458 20
1374638 0
1376798 20
1376978 0
1377038 12
1435298 0
1435598 330
36 events for G
25812 1000
26812 0
75320 1000
76320 0
123651 1000
124651 0
170338 1000
171338 0
216501 1000
217501 0
261499 1000
262499 0
306204 1000
307204 0
351121 1000
352121 0
396305 1000
397305 0
442059 1000
443059 0
487394 1000
488394 0
531506 1000
532506 0
575365 1000
576365 0
618943 1000
619943 0
662179 1000
663179 0
705102 1000
706102 0
747930 1000
748930 0
791227 1000
792227 0
2 events for H
833621 0
833622 2650
2 events for I
832658 0
832659 2650
218 events for J
6218 12910592
6219 0
15698 12910592
15699 0
22898 12910592
22899 0
35498 12910592
35499 0
40898 12910592
40899 0
49298 12910592
49299 0
57098 12910592
57099 0
60698 12910592
60699 0
71498 12910592
71499 0
76898 12910592
76899 0
87698 12910592
87699 0
94898 12910592
94899 0
104080 12910592
104081 0
112838 12910592
112839 0
124810 12910592
124811 0
131198 12910592
131199 0
143498 12910592
143499 0
148898 12910592
148899 0
159242 12910592
159243 0
164885 12910592
164886 0
170530 12910592
170531 0
174098 12910592
174099 0
181276 12910592
181277 0
188719 12910592
188720 0
198698 12910592
198699 0
204098 12910592
204099 0
240998 12910592
240999 0
283898 12910592
283899 0
291443 12910592
291444 0
298941 12910592
298942 0
309098 12910592
309099 0
313899 12910592
313900 0
320969 12910592
320970 0
328576 12910592
328577 0
336100 12910592
336101 0
345098 12910592
345099 0
353498 12910592
353499 0
359500 12910592
359501 0
368498 12910592
368499 0
379898 12910592
379899 0
387698 12910592
387699 0
397598 12910592
397599 0
406778 12910592
406779 0
420038 12910592
420039 0
427898 12910592
427899 0
433300 12910592
433301 0
440498 12910592
440499 0
456460 12910592
456461 0
462398 12910592
462399 0
469778 12910592
469779 0
475478 12910592
475479 0
482318 12910592
482319 0
500738 12910592
500739 0
505787 12910592
505788 0
510698 12910592
510699 0
516220 12910592
516221 0
528698 12910592
528699 0
537100 12910592
537101 0
548498 12910592
548499 0
555698 12910592
555699 0
566498 12910592
566499 0
572798 12910592
572799 0
578545 12910592
578546 0
585990 12910592
585991 0
592898 12910592
592899 0
602499 12910592
602500 0
609698 12910592
609699 0
624099 12910592
624100 0
638498 12910592
638499 0
645698 12910592
645699 0
652898 12910592
652899 0
659498 12910592
659499 0
665498 12910592
665499 0
673093 12910592
673094 0
678737 12910592
678738 0
690699 12910592
690700 0
699698 12910592
699699 0
710499 12910592
710500 0
717698 12910592
717699 0
730298 12910592
730299 0
735698 12910592
735699 0
744098 12910592
744099 0
748000 12910592
748001 0
751598 12910592
751599 0
766658 12910592
766659 0
770380 12910592
770381 0
782858 12910592
782859 0
786458 12910592
786459 0
802298 12910592
802299 0
809498 12910592
809499 0
818498 12910592
818499 0
825698 12910592
825699 0
854500 26897
854980 0
865300 26897
865780 0
962499 26897
962979 0
973300 26897
973780 0
994900 26897
995380 0
1011934 26897
1012414 0
1021299 26897
1021779 0
1032378 26897
1032858 0
1050099 26897
1050579 0
1106499 26897
1106979 0
1118500 26897
1118980 0
1141348 26897
1141828 0
1183300 26897
1183780 0
1204900 26897
1205380 0
1285600 26897
1286080 0
1305700 26897
1306180 0
1495300 26897
1495780 0
36 events for K
257083 67429102
257088 0
602683 42866846
602688 0
624283 36098616
624288 0
753883 15230225
753888 0
775483 42774218
775488 0
797083 51729687
797088 0
816989 67442760
816994 0
877136 51185344
877141 0
941936 36088368
941941 0
985136 46317017
985141 0
1049936 62132584
1049941 0
1136336 55765577
1136341 0
1201136 60879901
1201141 0
1287536 79077832
1287541 0
1309136 48576383
1309141 0
1373936 294648376
1373941 0
1395536 296678458
1395541 0
1417136 98892820
1417141 0
268 events for L
275087 19661
275177 25951
276938 6290
277727 25951
279578 6290
280118 0
283427 19661
283517 25951
285278 6290
286067 25951
287918 6290
288887 25951
290738 6290
291467 25951
293318 6290
294287 25951
296138 6290
296867 25951
298718 6290
299258 0
304007 19661
304097 25951
305858 6290
305987 25951
307838 6290
308207 25951
310058 6290
310187 25951
312038 6290
312407 25951
314258 6290
314387 25951
316233 6290
316238 0
320318 117965
320408 124709
321869 6744
336569 0
340933 117965
341023 124709
342484 6744
355264 0
357347 117965
357437 124709
358898 6744
371678 0
507347 19661
507437 25951
509198 6290
509327 25951
511178 6290
511547 25951
513398 6290
513527 25951
515378 6290
515747 25951
517598 6290
517727 25951
519573 6290
519578 0
525527 19661
525617 25951
526478 6290
526607 25951
527558 6290
527927 25951
528878 6290
529127 25951
530078 6290
530327 25951
531278 6290
531407 25951
532358 6290
532363 0
534047 117965
534137 124709
535658 6744
537663 0
537707 117965
539318 6744
539378 0
541515 117965
541605 124709
543126 6744
546931 0
546975 117965
548586 6744
554046 0
561805 117965
561895 124709
563416 6744
565421 0
565465 117965
567076 6744
572236 0
577984 6290
588745 0
598274 6290
609035 0
616606 6290
620167 0
858047 58982
860798 7514
864312 0
871461 58982
871551 66496
872892 7514
873201 66496
874632 7514
874881 66496
876312 7514
876561 66496
877992 7514
878241 66496
879672 7514
879682 0
924583 58982
924673 66496
926014 7514
926443 66496
927874 7514
928243 66496
929674 7514
930043 66496
931474 7514
931843 66496
933274 7514
933643 66496
935074 7514
935443 66496
936874 7514
937243 66496
938674 7514
939043 66496
940474 7514
940904 0
945090 58982
945180 66496
946521 7514
946950 66496
948381 7514
948750 66496
950181 7514
950550 66496
951981 7514
952350 66496
953781 7514
954150 66496
955581 7514
955950 66496
957381 7514
957750 66496
959181 7514
959311 0
961397 58982
961487 66496
962948 7514
963017 66496
964568 7514
964637 66496
966068 7514
966073 0
1009337 7514
1014518 0
1020308 7514
1032929 0
1035116 7514
1051337 0
1130087 58982
1130177 66496
1131518 7514
1131947 66496
1133378 7514
1133738 0
1134047 58982
1134137 66496
1135478 7514
1135727 66496
1137158 7514
1137467 66496
1138898 7514
1138903 0
1225247 58982
1225337 66496
1226678 7514
1226747 66496
1228178 7514
1228247 66496
1229678 7514
1229747 66496
1231178 7514
1231247 66496
1232678 7514
1232747 66496
1234178 7514
1234538 0
1238732 58982
1238822 66496
1240163 7514
1240592 66496
1242023 7514
1242392 66496
1243823 7514
1244192 58982
1245623 7514
1245992 66496
1247423 7514
1247792 58982
1249223 7514
1249592 66496
1251023 7514
1251212 66496
1252643 7514
1252648 0
1254745 58982
1254835 66496
1256176 7514
1256425 66496
1257856 7514
1258105 66496
1259536 7514
1259785 66496
1261216 7514
1261465 66496
1262896 7514
1263145 66496
1264576 7514
1264825 66496
1266256 7514
1266505 66496
1267936 7514
1268481 0
1458197 7514
1469163 0
1476407 58982
1476497 66496
1477218 7514
1477307 66496
1478118 7514
1478447 66496
1479258 7514
1479347 66496
1480158 7514
1480487 66496
1481298 7514
1481387 66496
1482198 7514
1482707 66496
1483518 7514
1483607 66496
1484418 7514
1484747 66496
1485558 7514
1485647 66496
1486458 7514
1486787 66496
1487598 7514
1487687 66496
1488498 7514
1488503 0
1492607 58982
1492697 65726
1497818 6744
1503467 65726
1508678 6744
1508798 0
1513076 58982
1513166 65726
