12 instruments
A 10 100 0.00018444817663405244 950598422.35720563
B 10 100 1538660356.7547786 4054547831.9712734
C 10 100 24955.266722182481 180753403.14844713
D 10 100 0 888000000
E 10 100 1935.2198577632046 529743673.63920057
F 10 100 20412.132877845776 869835207.86274612
G 10 100 22528 960000000
H 10 100 0 275897579.9041419
I 10 100 0.00018113117344584602 933503441.77673233
J 10 100 6499613.0472409306 3333330256.035996
K 10 100 0.000155227 800000000
L 10 100 2419.0747377101388 662193255.831689
100 downlinks
0 4798 53082 56661.696495999997
1 53083 65378 56748.807657999998
2 69583 81788 58852.465277000003
3 101982 128282 17334.486729
4 134983 177358 60764.045818999999
5 177359 224775 24005.080918
6 232481 236678 18969.341575999999
7 242081 263441 18036.499982000001
8 286480 298552 52719.905522000001
9 307554 338163 54389.954824
10 362078 373852 17991.02982
11 393839 435558 61717.871531999997
12 436206 481755 24930.695499000001
13 500677 524316 22398.438724
14 539312 567759 17244.778962
15 570575 582913 18220.925300999999
16 599675 611235 58678.576760000004
17 614434 654273 58555.537063999996
18 654274 669159 18992.23504
19 686974 723495 13796.402593000001
20 738990 777271 59962.626314000001
21 777272 783181 23204.996364999999
22 800612 823747 60314.874481999999
23 826171 842579 18020.649063000001
24 884912 912352 17416.188300000002
25 938369 958655 17116.766715000002
26 959367 965865 60234.572946
27 969867 989960 16963.427941999998
28 997858 1040196 60809.052052999999
29 1040197 1065276 23716.228502000002
30 1065865 1073367 18029.108412000001
31 1077025 1080105 60100.563959999999
32 1144112 1170537 17729.224104000001
33 1203863 1215945 17589.138943000002
34 1218621 1250960 58302.529763999999
35 1250961 1268405 18080.346756999999
36 1276761 1304397 55874.873438000002
37 1310359 1333585 60291.091052000003
38 1343024 1385346 60832.041154999999
39 1385347 1423456 24945.773354000001
40 1423457 1447270 18650.039686
41 1489712 1515327 17801.393711000001
42 1515760 1518903 18241.361444999999
43 1535354 1558187 24067.369501000001
44 1559352 1583335 56712.888793999999
45 1609452 1618307 58370.132263
46 1621823 1642663 58005.525035999999
47 1644214 1682049 24930.123806
48 1682050 1703223 16739.689300999999
49 1748912 1773479 18181.419744999999
50 1795447 1821063 18610.315675999998
51 1822505 1860893 59847.283359000001
52 1862345 1878420 18063.419893999999
53 1883045 1907850 18186.627066000001
54 1908902 1924749 56843.492619999997
55 1947082 1980541 9175.5815739999998
56 1980542 1992031 9288.5908459999991
57 1995299 2033298 29976.478185
58 2035439 2052476 8340.6453669999992
59 2061839 2072142 28164.287346000001
60 2094512 2117095 9615.6592349999992
61 2139237 2167733 8936.4976299999998
62 2167734 2171557 29078.912095
63 2187234 2194681 8738.7729049999998
64 2212862 2248251 9283.3064869999998
65 2248252 2294030 9136.56639
66 2294031 2310438 8867.2325060000003
67 2325865 2330271 30843.021497000002
68 2353712 2370481 8651.5363890000008
69 2372028 2394935 8598.6086899999991
70 2397828 2426324 28620.571626000001
71 2426325 2437245 29488.2804
72 2440485 2462885 29574.456625999999
73 2468925 2482262 8990.2936559999998
74 2484825 2513707 27889.095755999999
75 2515722 2525851 27279.489213000001
76 2528702 2531927 29339.122920000002
77 2538222 2547048 30467.823106
78 2556522 2568072 9273.8508989999991
79 2571327 2592563 28091.132868000001
80 2593425 2637464 9462.077765
81 2637465 2652798 8739.387213
82 2693312 2708216 27177.101999999999
83 2723765 2747874 28867.988366000001
84 2748815 2771343 8757.0573490000006
85 2810066 2852314 30482.278361000001
86 2852315 2889208 9337.789702
87 2889209 2917670 8515.7706749999998
88 2958512 2973395 8900.7025030000004
89 2975605 3001394 8778.3355150000007
90 3001405 3029777 29886.497736000001
91 3032302 3059543 29243.536622
92 3060262 3064475 26517.245249
93 3068971 3083243 8834.4018649999998
94 3102502 3113877 9457.9623840000004
95 3125898 3145794 28164.872808
96 3155273 3197502 30503.298975000002
97 3197503 3219918 8691.2845450000004
98 3220394 3230389 8525.9525360000007
99 3233054 3236807 28086.786929000002
0 opportunities for A
0 opportunities for B
0 opportunities for C
0 opportunities for D
0 opportunities for E
0 opportunities for F
0 opportunities for G
0 opportunities for H
0 opportunities for I
0 opportunities for J
0 opportunities for K
0 opportunities for L
470 events for A
4207 12910592
4208 0
16447 1089536
16448 0
25512 12910592
25513 0
35707 12910592
35708 0
45312 12910592
45313 0
54307 12910592
54308 0
63307 1089536
63308 0
72607 12910592
72608 0
81007 1089536
81008 0
88507 12910592
88508 0
92412 12910592
92413 0
231432 12910592
231433 0
234307 1089536
234308 0
237907 12910592
237908 0
241687 12910592
241688 0
248707 1089536
248708 0
252012 12910592
252013 0
255307 12910592
255308 0
282907 12910592
282908 0
289987 1089536
289988 0
297127 12910592
297128 0
304032 12910592
304033 0
309307 1089536
309308 0
315607 12910592
315608 0
318907 12910592
318908 0
324312 12910592
324313 0
329707 1089536
329708 0
334147 12910592
334148 0
378067 12910592
378068 0
381907 1089536
381908 0
385512 12910592
385513 0
389707 1089536
389708 0
393007 12910592
393008 0
395707 12910592
395708 0
401707 1089536
401708 0
404532 12910592
404533 0
467352 12910592
467353 0
471907 12910592
471908 0
477007 1089536
477008 0
481507 12910592
481508 0
489732 12910592
489733 0
504067 12910592
504068 0
507907 1089536
507908 0
511507 12910592
511508 0
515107 1089536
515108 0
517807 12910592
517808 0
577147 12910592
577148 0
581112 12910592
581113 0
584707 1089536
584708 0
588307 12910592
588308 0
592027 1089536
592028 0
598927 12910592
598928 0
602532 12910592
602533 0
606127 1089536
606128 0
610207 12910592
610208 0
708067 12910592
708068 0
711672 12910592
711673 0
715267 1089536
715268 0
719347 12910592
719348 0
722647 1089536
722648 0
726247 12910592
726248 0
729847 1089536
729848 0
733452 12910592
733453 0
737527 12910592
737528 0
888612 12910592
888613 0
893257 12910592
893258 0
900907 12910592
900908 0
908841 12910592
908842 0
920300 12910592
920301 0
938964 12910592
938965 0
945864 12910592
945865 0
948345 12910592
948346 0
952507 12910592
952508 0
956108 12910592
956109 0
960783 12910592
960784 0
968385 12910592
968386 0
975993 12910592
975994 0
983125 12910592
983126 0
990307 12910592
990308 0
1000507 12910592
1000508 0
1144807 12910592
1144808 0
1152646 12910592
1152647 0
1167386 12910592
1167387 0
1173012 12910592
1173013 0
1182275 12910592
1182276 0
1189570 12910592
1189571 0
1195212 12910592
1195213 0
1206307 12910592
1206308 0
1214108 12910592
1214109 0
1218354 12910592
1218355 0
1222079 12910592
1222080 0
1225679 12910592
1225680 0
1233004 12910592
1233005 0
1240569 12910592
1240570 0
1249513 12910592
1249514 0
1257013 12910592
1257014 0
1263192 12910592
1263193 0
1269203 12910592
1269204 0
1493137 12910592
1493138 0
1505107 12910592
1505108 0
1513636 12910592
1513637 0
1518586 12910592
1518587 0
1520712 12910592
1520713 0
1528850 12910592
1528851 0
1536907 12910592
1536908 0
1542192 12910592
1542193 0
1551907 12910592
1551908 0
1558506 12910592
1558507 0
1559708 12910592
1559709 0
1565883 12910592
1565884 0
1572607 12910592
1572608 0
1580793 12910592
1580794 0
1587698 12910592
1587699 0
1593350 12910592
1593351 0
1599007 12910592
1599008 0
1610214 12910592
1610215 0
1617521 12910592
1617522 0
1749612 12910592
1749613 0
1761046 12910592
1761047 0
1772191 12910592
1772192 0
1783475 12910592
1783476 0
1786775 12910592
1786776 0
1794220 12910592
1794221 0
1801665 12910592
1801666 0
1808707 12910592
1808708 0
1814707 12910592
1814708 0
1819812 12910592
1819813 0
2097307 12910592
2097308 0
2108107 12910592
2108108 0
2118441 12910592
2118442 0
2123107 12910592
2123108 0
2133667 12910592
2133668 0
2139912 12910592
2139913 0
2147107 12910592
2147108 0
2156107 12910592
2156108 0
2163306 12910592
2163307 0
2165793 12910592
2165794 0
2174707 12910592
2174708 0
2185507 12910592
2185508 0
2192707 12910592
2192708 0
2202607 12910592
2202608 0
2229312 12910592
2229313 0
2241136 12910592
2241137 0
2249711 12910592
2249712 0
2254872 12910592
2254873 0
2266550 12910592
2266551 0
2272357 12910592
2272358 0
2281464 12910592
2281465 0
2289071 12910592
2289072 0
2309090 12910592
2309091 0
2314593 12910592
2314594 0
2322350 12910592
2322351 0
2332212 12910592
2332213 0
2354407 12910592
2354408 0
2362807 12910592
2362808 0
2376986 12910592
2376987 0
2387827 12910592
2387828 0
2391580 12910592
2391581 0
2406215 12910592
2406216 0
2414340 12910592
2414341 0
2422506 12910592
2422507 0
2427907 12910592
2427908 0
2438107 12910592
2438108 0
2455393 12910592
2455394 0
2466948 12910592
2466949 0
2477112 12910592
2477113 0
2486707 12910592
2486708 0
2495107 12910592
2495108 0
2502349 12910592
2502350 0
2505907 12910592
2505908 0
2512808 12910592
2512809 0
2526907 12910592
2526908 0
2533259 12910592
2533260 0
2538326 12910592
2538327 0
2545507 12910592
2545508 0
2550326 12910592
2550327 0
2566392 12910592
2566393 0
2577487 12910592
2577488 0
2587572 12910592
2587573 0
2592427 12910592
2592428 0
2596507 12910592
2596508 0
2598967 12910592
2598968 0
2649907 12910592
2649908 0
2655178 12910592
2655179 0
2660518 12910592
2660519 0
2663818 12910592
2663819 0
2670812 12910592
2670813 0
2677812 12910592
2677813 0
2696112 12910592
2696113 0
2697907 12910592
2697908 0
2714107 12910592
2714108 0
2716392 12910592
2716393 0
2908383 12910592
2908384 0
2911378 12910592
2911379 0
2913885 12910592
2913886 0
2916393 12910592
2916394 0
2919393 12910592
2919394 0
2922693 12910592
2922694 0
2925693 12910592
2925694 0
2929855 12910592
2929856 0
2934007 12910592
2934008 0
2937007 12910592
2937008 0
2959512 12910592
2959513 0
2961307 12910592
2961308 0
2963107 12910592
2963108 0
2966707 12910592
2966708 0
2970307 12910592
2970308 0
2974507 12910592
2974508 0
2981712 12910592
2981713 0
2984107 12910592
2984108 0
2987107 12910592
2987108 0
3032874 12910592
3032875 0
3034572 12910592
3034573 0
3040109 12910592
3040110 0
3044344 12910592
3044345 0
3047344 12910592
3047345 0
3055807 12910592
3055808 0
3059112 12910592
3059113 0
3150307 12910592
3150308 0
3156607 12910592
3156608 0
3160207 12910592
3160208 0
3163807 12910592
3163808 0
3167407 12910592
3167408 0
3171066 12910592
3171067 0
3174961 12910592
3174962 0
3182107 12910592
3182108 0
3192852 12910592
3192853 0
3232844 12910592
3232845 0
3236707 12910592
3236708 0
3240307 12910592
3240308 0
3243907 12910592
3243908 0
3247728 12910592
3247729 0
3254633 12910592
3254634 0
3260107 12910592
3260108 0
3264907 12910592
3264908 0
426 events for B
1690 0
8934 117965
9024 125479
9765 7514
10794 125479
11565 7514
12585 0
16999 117965
17089 119538
17830 1573
18859 119538
19630 1573
20659 119538
21430 1573
22459 119538
23230 1573
24259 119538
25030 1573
30250 0
34787 117965
34877 119538
35618 1573
36647 119538
37418 1573
38447 119538
39218 1573
40247 119538
41018 7514
42047 119538
42818 1573
48038 0
50475 117965
50565 125479
51306 7514
51726 0
289674 117965
289824 125479
290445 7514
290874 125479
291645 7514
292074 125479
292845 7514
293454 125479
294225 7514
298485 0
303063 117965
303153 125479
303894 7514
304323 125479
305094 7514
305523 125479
306294 7514
306723 125479
307494 7514
310314 0
311334 117965
311424 124709
312165 6744
312594 124709
313365 6744
313794 124709
314565 6744
314994 124709
315765 6744
316785 0
319477 117965
319567 124709
320308 6744
320737 124709
321508 6744
321937 124709
322708 6744
323137 124709
323908 6744
324937 124709
325708 6744
326737 124709
327508 6744
328537 124709
329308 6744
335728 0
340091 117965
340181 124709
340922 6744
341351 124709
342122 6744
342551 124709
343322 6744
343751 124709
344522 6744
345551 124709
346322 6744
353942 0
356505 117965
356595 124709
357336 7514
357341 6744
357765 124709
358536 6744
358965 124709
359736 6744
360165 124709
360936 6744
361965 124709
362736 6744
363765 124709
364536 6744
372756 0
377120 117965
377210 124709
377951 6744
378380 124709
379151 6744
379580 124709
380351 6744
380780 124709
381551 6744
381980 124709
382751 6744
384380 124709
385151 6744
390971 0
393534 117965
393624 124709
394365 6744
394794 124709
395565 6744
395994 124709
396765 6744
397185 0
546774 117965
546924 119538
546945 1573
547974 119538
548745 1573
549174 119538
549945 1573
550554 119538
551325 1573
551754 119538
552525 1573
553014 119538
553785 1573
554214 119538
554985 1573
556185 0
561613 117965
561703 119538
562444 1573
562873 119538
563644 1573
564073 119538
564844 1573
565273 119538
566044 1573
566473 119538
567244 1573
570064 0
892584 14189
893265 58982
893364 7514
893650 0
893694 73171
895065 7514
900414 66496
901785 7514
902685 0
907863 58982
907953 66496
909294 7514
911523 66496
912894 7514
913323 66496
914694 7514
915114 0
915834 58982
915924 66496
917265 7514
917650 0
917694 58982
919065 7514
922185 0
924277 58982
924367 66496
925708 7514
926093 0
926137 58982
927508 7514
930928 0
931211 58982
931301 66496
932642 7514
933027 0
933071 58982
934442 7514
940742 0
944891 58982
944981 66496
946322 7514
950642 0
950934 58982
951024 66496
952365 7514
956685 0
1152624 7514
1162245 0
1166503 7514
1169644 0
1170024 7514
1175085 0
1283124 7514
1289565 0
1291728 179338
1291830 0
1293419 7514
1307770 0
1312019 7514
1325960 0
1496634 19661
1496724 27175
1497405 7514
1498074 27175
1498845 7514
1499094 27175
1499865 7514
1500534 27175
1501305 7514
1501554 27175
1502325 7514
1502994 27175
1503765 7514
1504014 27175
1504785 7514
1505454 27175
1506225 7514
1506474 27175
1507245 7514
1507485 0
1512774 19661
1512864 27175
1513425 7514
1513554 27175
1514205 7514
1514754 27175
1515345 7514
1515534 27175
1516185 7514
1516734 27175
1517385 7514
1517514 27175
1518165 7514
1518714 27175
1519365 7514
1519494 27175
1520145 7514
1520694 27175
1521345 7514
1521474 27175
1522125 7514
1522674 27175
1523325 7514
1523454 27175
1524105 7514
1524225 0
1755924 7514
1757994 66496
1759365 7514
1762554 66496
1763925 7514
1767045 0
1771213 58982
1771303 66496
1772584 7514
1775833 66496
1777204 7514
1777444 0
1777734 58982
1777824 66496
1779105 7514
1782354 66496
1783725 7514
1785225 0
1787302 58982
1787392 66496
1788673 7514
1791922 66496
1793293 7514
1797253 0
1797534 58982
1797624 66496
1798905 7514
1801854 66496
1803225 7514
1803405 0
1807592 58982
1807682 66496
1808963 7514
1810352 66496
1811723 7514
1812263 0
1812534 58982
1812624 66496
1813905 7514
1818894 66496
1820265 7514
1821585 0
1823681 117965
1823771 124709
1824632 6744
1825541 124709
1826432 6744
1827341 124709
1828232 6744
1829141 124709
1830032 6744
1830941 124709
1831832 6744
1832741 124709
1833632 6744
1834541 124709
1835432 6744
1839812 0
1843971 117965
1844061 124709
1844922 6744
1845831 124709
1846722 6744
1847631 124709
1848522 6744
1849431 124709
1850322 6744
1851231 124709
1852122 6744
1853031 124709
1853922 6744
1854831 124709
1855722 6744
1856631 124709
1857522 6744
1858002 0
1862160 117965
1862250 124709
1863111 6744
1864020 124709
1864911 6744
1865811 0
1880685 169032
1882005 45609
1883330 0
2059635 7514
2066796 0
2360454 117965
2360544 124709
2361345 6744
2361474 124709
2362180 6744
2362185 0
2363034 58982
2363124 66496
2364405 7514
2371845 0
2376013 58982
2376103 7514
2384644 0
2384934 117965
2385024 124709
2385885 6744
2389605 0
2392102 117965
2392192 124709
2393053 6744
2402953 0
2412392 117965
2412482 124709
2413343 6744
2423243 0
2703748 117965
2703838 124709
2704699 6744
2705608 124709
2706499 6744
2707408 124709
2708299 6744
2709208 124709
2710099 6744
2711008 124709
2711899 6744
2712808 124709
2713699 6744
2714599 0
2722263 117965
2722353 124709
2723214 6744
2724123 124709
2725014 6744
2725923 124709
2726814 6744
2727723 124709
2728614 6744
2729514 0
2907495 7514
2921136 0
2923310 7514
2938751 0
3227034 58982
3227124 66496
3228405 6744
3228894 66496
3230265 6744
3230685 0
3233366 58982
3233456 66496
3234737 6744
3235226 66496
3236597 6744
3237026 66496
3238397 6744
3247817 0
3253655 58982
3253745 66496
3255026 6744
3255515 66496
3256886 6744
3257315 66496
3258686 6744
3264506 0
242 events for C
130 906
11739 0
16119 906
29527 0
35707 906
47315 0
50474 906
65103 0
71283 906
82892 0
85172 906
93674 0
95054 593
99684 0
106560 593
110404 0
112094 593
117984 0
121694 593
125644 0
127454 593
133935 0
139244 1500
145264 0
146564 1500
152584 0
162854 215
174274 0
231378 906
242386 0
247574 906
255974 0
282854 906
297803 0
303983 906
316317 0
317817 906
334831 0
378040 906
390374 0
391874 906
408588 0
467011 906
482774 0
489425 906
496574 0
498314 906
500860 0
502960 906
518474 0
569654 906
570434 0
577122 906
592732 0
598912 906
610921 0
656054 906
656834 0
708049 906
720058 0
722338 906
739193 0
818054 906
818834 0
887654 906
901574 0
908783 906
939631 0
945811 906
957974 0
960425 906
976660 0
982840 906
995174 0
996674 906
1001174 0
1047254 906
1048304 0
1144754 906
1161153 0
1167333 906
1173974 0
1174994 906
1179014 0
1181494 906
1197494 0
1203712 906
1215421 0
1218001 906
1233671 0
1240091 906
1251740 0
1255700 906
1269870 0
1320640 906
1321670 0
1404475 906
1405215 0
1440165 1500
1445344 0
1450844 479
1452084 0
1453564 479
1455674 1500
1461654 0
1467314 479
1469374 0
1491414 906
1506556 0
1513874 906
1523304 0
1528497 906
1544131 0
1550611 906
1562645 0
1565525 906
1581460 0
1587640 906
1599674 0
1602554 906
1618188 0
1624154 1087
1626864 0
1627368 215
1638788 0
1698714 1600
1708899 0
1713854 906
1714754 1500
1721237 0
1722304 1500
1725204 0
1749554 906
1765953 0
1772133 906
1784142 0
1785642 906
1802332 0
1808512 906
1820521 0
1846201 906
1846941 0
1927201 906
1927951 0
2045135 593
2055824 0
2058664 906
2059414 593
2072254 0
2096214 906
2111174 0
2118383 906
2130717 0
2132997 906
2149231 0
2155411 906
2167745 0
2170025 906
2186260 0
2192440 906
2204774 0
2207814 906
2223453 0
2229468 906
2241803 0
2244083 906
2259503 0
2266497 906
2278831 0
2280371 906
2297345 0
2303525 906
2315260 0
2317840 906
2332874 0
2354354 906
2370753 0
2376933 906
2388494 0
2390482 906
2406882 0
2413312 906
2425192 0
2427601 906
2443511 0
2449691 906
2461700 0
2465340 906
2479890 0
2486070 906
2498079 0
2500359 906
2513774 0
2527154 906
2534458 0
2536738 906
2552228 0
2554308 906
2570657 0
2577017 906
2588907 0
2591427 906
2599274 0
2649775 1714
2661185 0
2662725 906
2663465 1714
2678474 0
2695754 1714
2698488 0
2698668 215
2710144 0
2713968 1714
2717003 0
2740174 1500
2746189 0
2760364 1500
2766374 0
2798414 906
2799164 0
2908325 906
2920060 0
2921600 906
2937674 0
2959154 906
2975553 0
2981733 906
2988694 0
3032521 906
3048011 0
3055274 906
3061594 0
3149993 906
3157448 0
3158988 906
3175637 0
3181877 906
3193827 0
3231746 906
3248395 0
3254575 906
3265985 0
32 events for D
208634 10000000
208635 0
250563 10000000
250564 0
293211 10000000
293212 0
336129 10000000
336130 0
379107 10000000
379108 0
421964 10000000
421965 0
464494 10000000
464495 0
506479 10000000
506480 0
547972 10000000
547973 0
589622 10000000
589623 0
632079 10000000
632080 0
675380 10000000
675381 0
719295 10000000
719296 0
763651 10000000
763652 0
808388 10000000
808389 0
853610 10000000
853611 0
103 events for E
27419 0
54712 3276
69712 0
69772 873
98572 0
143654 3276
158654 0
158714 873
187514 0
214807 3276
229807 0
229867 873
258667 0
398497 3276
413497 0
413557 873
442357 0
561022 873
589822 0
633780 873
662580 0
782425 3276
797425 0
797485 873
826285 0
884043 4096
892243 0
981329 4096
989529 0
1055386 4096
1063586 0
1143243 4096
1151443 0
1165822 665
1194982 0
1238580 4096
1246780 0
1311338 4096
1319538 0
1402285 4096
1410485 0
1488843 4096
1497043 0
1586129 4096
1594329 0
1660186 4096
1668386 0
1748043 4096
1756243 0
1770622 665
1799782 0
1843380 4096
1851580 0
1916138 4096
1924338 0
2007085 4096
2015285 0
2093643 1365
2093823 0
2095623 1365
2096163 3481
2115363 1365
2116083 3481
2135283 1365
2136003 3481
2154929 0
2190929 873
2219729 0
2264986 873
2293786 0
2352843 873
2381643 0
2448180 3481
2462580 0
2462595 2252
2466195 0
2466210 2252
2469810 0
2469825 2252
2473425 0
2473440 2252
2477040 0
2510583 3276
2525583 0
2611885 873
2640685 0
2692443 1365
2692623 0
2694423 1365
2694963 3481
2714163 0
2795729 873
2824529 0
2869786 873
2898586 0
2957643 1365
2958363 3481
2977563 0
3037920 3276
3052920 0
3287943 1979
3289143 0
3290943 1979
104 events for F
16171 4214960
16175 0
16601 4214960
16605 0
17341 4214960
17345 0
17771 4214960
17775 0
282606 4214960
282610 0
283036 4214960
283040 0
283776 4214960
283780 0
284206 4214960
284210 0
651732 4214960
651736 0
652162 4214960
652166 0
652902 4214960
652906 0
653332 4214960
653336 0
887406 4214960
887410 0
887836 4214960
887840 0
888576 4214960
888580 0
889006 4214960
889010 0
1256532 4214960
1256536 0
1256962 4214960
1256966 0
1257702 4214960
1257706 0
1258132 4214960
1258136 0
1492206 4214960
1492210 0
1492636 4214960
1492640 0
1493376 4214960
1493380 0
1493806 4214960
1493810 0
1861332 4214960
1861336 0
1861762 4214960
1861766 0
1862502 4214960
1862506 0
1862932 4214960
1862936 0
2097006 4214960
2097010 0
2097436 4214960
2097440 0
2098176 4214960
2098180 0
2098606 4214960
2098610 0
2466132 4214960
2466136 0
2466562 4214960
2466566 0
2467302 4214960
2467306 0
2467732 4214960
2467736 0
2518206 4214960
2518210 0
2518636 4214960
2518640 0
2519376 4214960
2519380 0
2519806 4214960
2519810 0
2702920 4214960
2702924 0
2703350 4214960
2703354 0
2704090 4214960
2704094 0
2704520 4214960
2704524 0
3070932 4214960
3070936 0
3071362 4214960
3071366 0
3072102 4214960
3072106 0
3072532 4214960
3072536 0
3141906 4214960
3141910 0
3142336 4214960
3142340 0
3143076 4214960
3143080 0
3143506 4214960
3143510 0
104 events for G
13087 4214960
13091 0
13517 4214960
13521 0
14257 4214960
14261 0
14687 4214960
14691 0
279522 4214960
279526 0
279952 4214960
279956 0
280692 4214960
280696 0
281122 4214960
281126 0
648648 4214960
648652 0
649078 4214960
649082 0
649818 4214960
649822 0
650248 4214960
650252 0
884322 4214960
884326 0
884752 4214960
884756 0
885492 4214960
885496 0
885922 4214960
885926 0
1253448 4214960
1253452 0
1253878 4214960
1253882 0
1254618 4214960
1254622 0
1255048 4214960
1255052 0
1489122 4214960
1489126 0
1489552 4214960
1489556 0
1490292 4214960
1490296 0
1490722 4214960
1490726 0
1858248 4214960
1858252 0
1858678 4214960
1858682 0
1859418 4214960
1859422 0
1859848 4214960
1859852 0
2093922 4214960
2093926 0
2094352 4214960
2094356 0
2095092 4214960
2095096 0
2095522 4214960
2095526 0
2463048 4214960
2463052 0
2463478 4214960
2463482 0
2464218 4214960
2464222 0
2464648 4214960
2464652 0
2515122 4214960
2515126 0
2515552 4214960
2515556 0
2516292 4214960
2516296 0
2516722 4214960
2516726 0
2699836 4214960
2699840 0
2700266 4214960
2700270 0
2701006 4214960
2701010 0
2701436 4214960
2701440 0
3067848 4214960
3067852 0
3068278 4214960
3068282 0
3069018 4214960
3069022 0
3069448 4214960
3069452 0
3138822 4214960
3138826 0
3139252 4214960
3139256 0
3139992 4214960
3139996 0
3140422 4214960
3140426 0
3 events for H
771763 90
782683 3500
806743 0
470 events for I
5381 12910592
5382 0
17621 1089536
17622 0
26686 12910592
26687 0
36881 12910592
36882 0
46486 12910592
46487 0
55481 12910592
55482 0
64481 1089536
64482 0
73781 12910592
73782 0
82181 1089536
82182 0
89681 12910592
89682 0
93586 12910592
93587 0
232606 12910592
232607 0
235481 1089536
235482 0
239081 12910592
239082 0
242861 12910592
242862 0
249881 1089536
249882 0
253186 12910592
253187 0
256481 12910592
256482 0
284081 12910592
284082 0
291161 1089536
291162 0
298301 12910592
298302 0
305206 12910592
305207 0
310481 1089536
310482 0
316781 12910592
316782 0
320081 12910592
320082 0
325486 12910592
325487 0
330881 1089536
330882 0
335321 12910592
335322 0
379241 12910592
379242 0
383081 1089536
383082 0
386686 12910592
386687 0
390881 1089536
390882 0
394181 12910592
394182 0
396881 12910592
396882 0
402881 1089536
402882 0
405706 12910592
405707 0
468526 12910592
468527 0
473081 12910592
473082 0
478181 1089536
478182 0
482681 12910592
482682 0
490906 12910592
490907 0
505241 12910592
505242 0
509081 1089536
509082 0
512681 12910592
512682 0
516281 1089536
516282 0
518981 12910592
518982 0
578321 12910592
578322 0
582286 12910592
582287 0
585881 1089536
585882 0
589481 12910592
589482 0
593201 1089536
593202 0
600101 12910592
600102 0
603706 12910592
603707 0
607301 1089536
607302 0
611381 12910592
611382 0
709241 12910592
709242 0
712846 12910592
712847 0
716441 1089536
716442 0
720521 12910592
720522 0
723821 1089536
723822 0
727421 12910592
727422 0
731021 1089536
731022 0
734626 12910592
734627 0
738701 12910592
738702 0
889786 12910592
889787 0
894431 12910592
894432 0
902081 12910592
902082 0
910015 12910592
910016 0
921474 12910592
921475 0
940138 12910592
940139 0
947038 12910592
947039 0
949519 12910592
949520 0
953681 12910592
953682 0
957282 12910592
957283 0
961957 12910592
961958 0
969559 12910592
969560 0
977167 12910592
977168 0
984299 12910592
984300 0
991481 12910592
991482 0
1001681 12910592
1001682 0
1145981 12910592
1145982 0
1153820 12910592
1153821 0
1168560 12910592
1168561 0
1174186 12910592
1174187 0
1183449 12910592
1183450 0
1190744 12910592
1190745 0
1196386 12910592
1196387 0
1207481 12910592
1207482 0
1215282 12910592
1215283 0
1219528 12910592
1219529 0
1223253 12910592
1223254 0
1226853 12910592
1226854 0
1234178 12910592
1234179 0
1241743 12910592
1241744 0
1250687 12910592
1250688 0
1258187 12910592
1258188 0
1264366 12910592
1264367 0
1270377 12910592
1270378 0
1494311 12910592
1494312 0
1506281 12910592
1506282 0
1514810 12910592
1514811 0
1519760 12910592
1519761 0
1521886 12910592
1521887 0
1530024 12910592
1530025 0
1538081 12910592
1538082 0
1543366 12910592
1543367 0
1553081 12910592
1553082 0
1559680 12910592
1559681 0
1560882 12910592
1560883 0
1567057 12910592
1567058 0
1573781 12910592
1573782 0
1581967 12910592
1581968 0
1588872 12910592
1588873 0
1594524 12910592
1594525 0
1600181 12910592
1600182 0
1611388 12910592
1611389 0
1618695 12910592
1618696 0
1750786 12910592
1750787 0
1762220 12910592
1762221 0
1773365 12910592
1773366 0
1784649 12910592
1784650 0
1787949 12910592
1787950 0
1795394 12910592
1795395 0
1802839 12910592
1802840 0
1809881 12910592
1809882 0
1815881 12910592
1815882 0
1820986 12910592
1820987 0
2098481 12910592
2098482 0
2109281 12910592
2109282 0
2119615 12910592
2119616 0
2124281 12910592
2124282 0
2134841 12910592
2134842 0
2141086 12910592
2141087 0
2148281 12910592
2148282 0
2157281 12910592
2157282 0
2164480 12910592
2164481 0
2166967 12910592
2166968 0
2175881 12910592
2175882 0
2186681 12910592
2186682 0
2193881 12910592
2193882 0
2203781 12910592
2203782 0
2230486 12910592
2230487 0
2242310 12910592
2242311 0
2250885 12910592
2250886 0
2256046 12910592
2256047 0
2267724 12910592
2267725 0
2273531 12910592
2273532 0
2282638 12910592
2282639 0
2290245 12910592
2290246 0
2310264 12910592
2310265 0
2315767 12910592
2315768 0
2323524 12910592
2323525 0
2333386 12910592
2333387 0
2355581 12910592
2355582 0
2363981 12910592
2363982 0
2378160 12910592
2378161 0
2389001 12910592
2389002 0
2392754 12910592
2392755 0
2407389 12910592
2407390 0
2415514 12910592
2415515 0
2423680 12910592
2423681 0
2429081 12910592
2429082 0
2439281 12910592
2439282 0
2456567 12910592
2456568 0
2468122 12910592
2468123 0
2478286 12910592
2478287 0
2487881 12910592
2487882 0
2496281 12910592
2496282 0
2503523 12910592
2503524 0
2507081 12910592
2507082 0
2513982 12910592
2513983 0
2528081 12910592
2528082 0
2534433 12910592
2534434 0
2539500 12910592
2539501 0
2546681 12910592
2546682 0
2551500 12910592
2551501 0
2567566 12910592
2567567 0
2578661 12910592
2578662 0
2588746 12910592
2588747 0
2593601 12910592
2593602 0
2597681 12910592
2597682 0
2600141 12910592
2600142 0
2651081 12910592
2651082 0
2656352 12910592
2656353 0
2661692 12910592
2661693 0
2664992 12910592
2664993 0
2671986 12910592
2671987 0
2678986 12910592
2678987 0
2697286 12910592
2697287 0
2699081 12910592
2699082 0
2715281 12910592
2715282 0
2717566 12910592
2717567 0
2909557 12910592
2909558 0
2912552 12910592
2912553 0
2915059 12910592
2915060 0
2917567 12910592
2917568 0
2920567 12910592
2920568 0
2923867 12910592
2923868 0
2926867 12910592
2926868 0
2931029 12910592
2931030 0
2935181 12910592
2935182 0
2938181 12910592
2938182 0
2960686 12910592
2960687 0
2962481 12910592
2962482 0
2964281 12910592
2964282 0
2967881 12910592
2967882 0
2971481 12910592
2971482 0
2975681 12910592
2975682 0
2982886 12910592
2982887 0
2985281 12910592
2985282 0
2988281 12910592
2988282 0
3034048 12910592
3034049 0
3035746 12910592
3035747 0
3041283 12910592
3041284 0
3045518 12910592
3045519 0
3048518 12910592
3048519 0
3056981 12910592
3056982 0
3060286 12910592
3060287 0
3151481 12910592
3151482 0
3157781 12910592
3157782 0
3161381 12910592
3161382 0
3164981 12910592
3164982 0
3168581 12910592
3168582 0
3172240 12910592
3172241 0
3176135 12910592
3176136 0
3183281 12910592
3183282 0
3194026 12910592
3194027 0
3234018 12910592
3234019 0
3237881 12910592
3237882 0
3241481 12910592
3241482 0
3245081 12910592
3245082 0
3248902 12910592
3248903 0
3255807 12910592
3255808 0
3261281 12910592
3261282 0
3266081 12910592
3266082 0
4 events for J
866972 0
866973 2650
3286172 0
3286173 2650
470 events for K
3512 12910592
3513 0
15752 1089536
15753 0
24817 12910592
24818 0
35012 12910592
35013 0
44617 12910592
44618 0
53612 12910592
53613 0
62612 1089536
62613 0
71912 12910592
71913 0
80312 1089536
80313 0
87812 12910592
87813 0
91717 12910592
91718 0
230737 12910592
230738 0
233612 1089536
233613 0
237212 12910592
237213 0
240992 12910592
240993 0
248012 1089536
248013 0
251317 12910592
251318 0
254612 12910592
254613 0
282212 12910592
282213 0
289292 1089536
289293 0
296432 12910592
296433 0
303337 12910592
303338 0
308612 1089536
308613 0
314912 12910592
314913 0
318212 12910592
318213 0
323617 12910592
323618 0
329012 1089536
329013 0
333452 12910592
333453 0
377372 12910592
377373 0
381212 1089536
381213 0
384817 12910592
384818 0
389012 1089536
389013 0
392312 12910592
392313 0
395012 12910592
395013 0
401012 1089536
401013 0
403837 12910592
403838 0
466657 12910592
466658 0
471212 12910592
471213 0
476312 1089536
476313 0
480812 12910592
480813 0
489037 12910592
489038 0
503372 12910592
503373 0
507212 1089536
507213 0
510812 12910592
510813 0
514412 1089536
514413 0
517112 12910592
517113 0
576452 12910592
576453 0
580417 12910592
580418 0
584012 1089536
584013 0
587612 12910592
587613 0
591332 1089536
591333 0
598232 12910592
598233 0
601837 12910592
601838 0
605432 1089536
605433 0
609512 12910592
609513 0
707372 12910592
707373 0
710977 12910592
710978 0
714572 1089536
714573 0
718652 12910592
718653 0
721952 1089536
721953 0
725552 12910592
725553 0
729152 1089536
729153 0
732757 12910592
732758 0
736832 12910592
736833 0
887917 12910592
887918 0
892562 12910592
892563 0
900212 12910592
900213 0
908146 12910592
908147 0
919605 12910592
919606 0
938269 12910592
938270 0
945169 12910592
945170 0
947650 12910592
947651 0
951812 12910592
951813 0
955413 12910592
955414 0
960088 12910592
960089 0
967690 12910592
967691 0
975298 12910592
975299 0
982430 12910592
982431 0
989612 12910592
989613 0
999812 12910592
999813 0
1144112 12910592
1144113 0
1151951 12910592
1151952 0
1166691 12910592
1166692 0
1172317 12910592
1172318 0
1181580 12910592
1181581 0
1188875 12910592
1188876 0
1194517 12910592
1194518 0
1205612 12910592
1205613 0
1213413 12910592
1213414 0
1217659 12910592
1217660 0
1221384 12910592
1221385 0
1224984 12910592
1224985 0
1232309 12910592
1232310 0
1239874 12910592
1239875 0
1248818 12910592
1248819 0
1256318 12910592
1256319 0
1262497 12910592
1262498 0
1268508 12910592
1268509 0
1492442 12910592
1492443 0
1504412 12910592
1504413 0
1512941 12910592
1512942 0
1517891 12910592
1517892 0
1520017 12910592
1520018 0
1528155 12910592
1528156 0
1536212 12910592
1536213 0
1541497 12910592
1541498 0
1551212 12910592
1551213 0
1557811 12910592
1557812 0
1559013 12910592
1559014 0
1565188 12910592
1565189 0
1571912 12910592
1571913 0
1580098 12910592
1580099 0
1587003 12910592
1587004 0
1592655 12910592
1592656 0
1598312 12910592
1598313 0
1609519 12910592
1609520 0
1616826 12910592
1616827 0
1748917 12910592
1748918 0
1760351 12910592
1760352 0
1771496 12910592
1771497 0
1782780 12910592
1782781 0
1786080 12910592
1786081 0
1793525 12910592
1793526 0
1800970 12910592
1800971 0
1808012 12910592
1808013 0
1814012 12910592
1814013 0
1819117 12910592
1819118 0
2096612 12910592
2096613 0
2107412 12910592
2107413 0
2117746 12910592
2117747 0
2122412 12910592
2122413 0
2132972 12910592
2132973 0
2139217 12910592
2139218 0
2146412 12910592
2146413 0
2155412 12910592
2155413 0
2162611 12910592
2162612 0
2165098 12910592
2165099 0
2174012 12910592
2174013 0
2184812 12910592
2184813 0
2192012 12910592
2192013 0
2201912 12910592
2201913 0
2228617 12910592
2228618 0
2240441 12910592
2240442 0
2249016 12910592
2249017 0
2254177 12910592
2254178 0
2265855 12910592
2265856 0
2271662 12910592
2271663 0
2280769 12910592
2280770 0
2288376 12910592
2288377 0
2308395 12910592
2308396 0
2313898 12910592
2313899 0
2321655 12910592
2321656 0
2331517 12910592
2331518 0
2353712 12910592
2353713 0
2362112 12910592
2362113 0
2376291 12910592
2376292 0
2387132 12910592
2387133 0
2390885 12910592
2390886 0
2405520 12910592
2405521 0
2413645 12910592
2413646 0
2421811 12910592
2421812 0
2427212 12910592
2427213 0
2437412 12910592
2437413 0
2454698 12910592
2454699 0
2466253 12910592
2466254 0
2476417 12910592
2476418 0
2486012 12910592
2486013 0
2494412 12910592
2494413 0
2501654 12910592
2501655 0
2505212 12910592
2505213 0
2512113 12910592
2512114 0
2526212 12910592
2526213 0
2532564 12910592
2532565 0
2537631 12910592
2537632 0
2544812 12910592
2544813 0
2549631 12910592
2549632 0
2565697 12910592
2565698 0
2576792 12910592
2576793 0
2586877 12910592
2586878 0
2591732 12910592
2591733 0
2595812 12910592
2595813 0
2598272 12910592
2598273 0
2649212 12910592
2649213 0
2654483 12910592
2654484 0
2659823 12910592
2659824 0
2663123 12910592
2663124 0
2670117 12910592
2670118 0
2677117 12910592
2677118 0
2695417 12910592
2695418 0
2697212 12910592
2697213 0
2713412 12910592
2713413 0
2715697 12910592
2715698 0
2907688 12910592
2907689 0
2910683 12910592
2910684 0
2913190 12910592
2913191 0
2915698 12910592
2915699 0
2918698 12910592
2918699 0
2921998 12910592
2921999 0
2924998 12910592
2924999 0
2929160 12910592
2929161 0
2933312 12910592
2933313 0
2936312 12910592
2936313 0
2958817 12910592
2958818 0
2960612 12910592
2960613 0
2962412 12910592
2962413 0
2966012 12910592
2966013 0
2969612 12910592
2969613 0
2973812 12910592
2973813 0
2981017 12910592
2981018 0
2983412 12910592
2983413 0
2986412 12910592
2986413 0
3032179 12910592
3032180 0
3033877 12910592
3033878 0
3039414 12910592
3039415 0
3043649 12910592
3043650 0
3046649 12910592
3046650 0
3055112 12910592
3055113 0
3058417 12910592
3058418 0
3149612 12910592
3149613 0
3155912 12910592
3155913 0
3159512 12910592
3159513 0
3163112 12910592
3163113 0
3166712 12910592
3166713 0
3170371 12910592
3170372 0
3174266 12910592
3174267 0
3181412 12910592
3181413 0
3192157 12910592
3192158 0
3232149 12910592
3232150 0
3236012 12910592
3236013 0
3239612 12910592
3239613 0
3243212 12910592
3243213 0
3247033 12910592
3247034 0
3253938 12910592
3253939 0
3259412 12910592
3259413 0
3264212 12910592
3264213 0
103 events for L
28683 0
55976 3276
70976 0
71036 873
99836 0
144918 3276
159918 0
159978 873
188778 0
216071 3276
231071 0
231131 873
259931 0
399761 3276
414761 0
414821 873
443621 0
562286 873
591086 0
635044 873
663844 0
783689 3276
798689 0
798749 873
827549 0
885307 4096
893507 0
982593 4096
990793 0
1056650 4096
1064850 0
1144507 4096
1152707 0
1167086 665
1196246 0
1239844 4096
1248044 0
1312602 4096
1320802 0
1403549 4096
1411749 0
1490107 4096
1498307 0
1587393 4096
1595593 0
1661450 4096
1669650 0
1749307 4096
1757507 0
1771886 665
1801046 0
1844644 4096
1852844 0
1917402 4096
1925602 0
2008349 4096
2016549 0
2094907 1365
2095087 0
2096887 1365
2097427 3481
2116627 1365
2117347 3481
2136547 1365
2137267 3481
2156193 0
2192193 873
2220993 0
2266250 873
2295050 0
2354107 873
2382907 0
2449444 3481
2463844 0
2463859 2252
2467459 0
2467474 2252
2471074 0
2471089 2252
2474689 0
2474704 2252
2478304 0
2511847 3276
2526847 0
2613149 873
2641949 0
2693707 1365
2693887 0
2695687 1365
2696227 3481
2715427 0
2796993 873
2825793 0
2871050 873
2899850 0
2958907 1365
2959627 3481
2978827 0
3039184 3276
3054184 0
3289207 1979
3290407 0
3292207 1979
