12 instruments
A 10 100 2312500 800000000
B 10 100 309096.09667920991 262843801.48639998
C 10 100 0.00018444817663405244 950598422.35720563
D 10 100 0.00018113117344584602 933503441.77673233
E 10 100 38499.176269411204 51488453.781630412
F 10 100 0 888000000
G 10 100 2022727.6804039259 699754440.78838515
H 10 100 1538660356.7547786 4054547831.9712734
I 10 100 0 276873309.16802311
J 10 100 763800535.41096985 7041040280.2382517
K 10 100 40530.039409419333 54204511.969197564
L 10 100 7196.0339286610251 2810950753.383213
140 downlinks
0 4798 53082 56661.696495999997
1 53083 65378 56748.807657999998
2 69583 81788 58852.465277000003
3 101982 128282 17334.486729
4 134983 177358 60764.045818999999
5 177359 224775 24005.080918
6 232481 236678 18969.341575999999
7 242081 263441 18036.499982000001
8 286480 298552 52719.905522000001
9 307554 338163 54389.954824
10 362078 373852 17991.02982
11 393839 435558 61717.871531999997
12 436206 481755 24930.695499000001
13 500677 524316 22398.438724
14 539312 567759 17244.778962
15 570575 582913 18220.925300999999
16 599675 611235 58678.576760000004
17 614434 654273 58555.537063999996
18 654274 669159 18992.23504
19 686974 723495 13796.402593000001
20 738990 777271 59962.626314000001
21 777272 783181 23204.996364999999
22 800612 823747 60314.874481999999
23 826171 842579 18020.649063000001
24 884912 912352 17416.188300000002
25 938369 958655 17116.766715000002
26 959367 965865 60234.572946
27 969867 989960 16963.427941999998
28 997858 1040196 60809.052052999999
29 1040197 1065276 23716.228502000002
30 1065865 1073367 18029.108412000001
31 1077025 1080105 60100.563959999999
32 1144112 1170537 17729.224104000001
33 1203863 1215945 17589.138943000002
34 1218621 1250960 58302.529763999999
35 1250961 1268405 18080.346756999999
36 1276761 1304397 55874.873438000002
37 1310359 1333585 60291.091052000003
38 1343024 1385346 60832.041154999999
39 1385347 1423456 24945.773354000001
40 1423457 1447270 18650.039686
41 1489712 1515327 17801.393711000001
42 1515760 1518903 18241.361444999999
43 1535354 1558187 24067.369501000001
44 1559352 1583335 56712.888793999999
45 1609452 1618307 58370.132263
46 1621823 1642663 58005.525035999999
47 1644214 1682049 24930.123806
48 1682050 1703223 16739.689300999999
49 1748912 1773479 18181.419744999999
50 1795447 1821063 18610.315675999998
51 1822505 1860893 59847.283359000001
52 1862345 1878420 18063.419893999999
53 1883045 1907850 18186.627066000001
54 1908902 1924749 56843.492619999997
55 1947082 1980541 9175.5815739999998
56 1980542 1992031 9288.5908459999991
57 1995299 2033298 29976.478185
58 2035439 2052476 8340.6453669999992
59 2061839 2072142 28164.287346000001
60 2094512 2117095 9615.6592349999992
61 2139237 2167733 8936.4976299999998
62 2167734 2171557 29078.912095
63 2187234 2194681 8738.7729049999998
64 2212862 2248251 9283.3064869999998
65 2248252 2294030 9136.56639
66 2294031 2310438 8867.2325060000003
67 2325865 2330271 30843.021497000002
68 2353712 2370481 8651.5363890000008
69 2372028 2394935 8598.6086899999991
70 2397828 2426324 28620.571626000001
71 2426325 2437245 29488.2804
72 2440485 2462885 29574.456625999999
73 2468925 2482262 8990.2936559999998
74 2484825 2513707 27889.095755999999
75 2515722 2525851 27279.489213000001
76 2528702 2531927 29339.122920000002
77 2538222 2547048 30467.823106
78 2556522 2568072 9273.8508989999991
79 2571327 2592563 28091.132868000001
80 2593425 2637464 9462.077765
81 2637465 2652798 8739.387213
82 2693312 2708216 27177.101999999999
83 2723765 2747874 28867.988366000001
84 2748815 2771343 8757.0573490000006
85 2810066 2852314 30482.278361000001
86 2852315 2889208 9337.789702
87 2889209 2917670 8515.7706749999998
88 2958512 2973395 8900.7025030000004
89 2975605 3001394 8778.3355150000007
90 3001405 3029777 29886.497736000001
91 3032302 3059543 29243.536622
92 3060262 3064475 26517.245249
93 3068971 3083243 8834.4018649999998
94 3102502 3113877 9457.9623840000004
95 3125898 3145794 28164.872808
96 3155273 3197502 30503.298975000002
97 3197503 3219918 8691.2845450000004
98 3220394 3230389 8525.9525360000007
99 3233054 3236807 28086.786929000002
100 3298112 3326056 9305.8530659999997
101 3327880 3332394 9003.7058219999999
102 3357791 3373552 29720.859928999998
103 3406545 3410202 28196.056719
104 3414184 3430897 8724.7512220000008
105 3432487 3459822 9238.0711549999996
106 3460743 3500487 29465.914934
107 3500488 3508464 8736.7051790000005
108 3531483 3545497 8623.2506759999997
109 3557312 3579561 8421.9856619999991
110 3583802 3603661 27549.328343000001
111 3615479 3632738 29572.320551000001
112 3635035 3665174 29086.290951999999
113 3665275 3693950 8813.8421070000004
114 3702175 3719141 29493.047434
115 3727071 3750562 27435.630709000001
116 3751453 3762981 29792.428981000001
117 3766071 3775954 8997.6095590000004
118 3778971 3802158 26654.011493000002
119 3816512 3839637 8664.3956859999998
120 3839867 3865726 8910.3347130000002
121 3908912 3928909 9263.3037550000008
122 3932018 3938250 8194.1372179999998
123 3949963 3962626 8812.3468479999992
124 3981459 3983290 28513.272391999999
125 4010134 4014295 29797.943813000002
126 4018326 4053158 9287.2106050000002
127 4053159 4063911 9493.8769009999996
128 4067315 4103395 29841.66733
129 4104634 4109312 9031.5484039999992
130 4168112 4179742 27058.173078
131 4181851 4185408 27764.822221999999
132 4189351 4205953 8866.3210920000001
133 4217838 4229998 30200.423556999998
134 4233110 4237954 9259.4321029999992
135 4242146 4266217 9457.3783449999992
136 4267946 4271774 29542.407908000001
137 4277252 4292095 8564.5545529999999
138 4301246 4323915 9335.3412189999999
139 4326442 4355168 27874.981927000001
0 opportunities for A
0 opportunities for B
0 opportunities for C
0 opportunities for D
0 opportunities for E
0 opportunities for F
0 opportunities for G
0 opportunities for H
0 opportunities for I
0 opportunities for J
0 opportunities for K
0 opportunities for L
47 events for A
260192 0
277712 1370
519392 0
536912 1370
864992 0
882692 600
882872 1300
1122752 600
1122952 0
1141892 600
1142072 1300
1469236 700
1469281 0
1487492 600
1487732 1300
1728552 700
1728597 0
1746692 600
1746932 1300
2073892 700
2073937 0
2092112 1300
2333911 0
2351312 1300
2679511 0
2690912 1300
2938711 0
2956112 1300
3284311 0
3296192 600
3296372 1300
3542992 700
3543037 0
3555212 600
3555392 1300
3802132 700
3802177 0
3814292 600
3814472 1300
3888532 700
3888577 0
3906692 600
3906872 1300
4146952 700
4146997 0
4165892 600
4166012 1300
84 events for B
259802 0
260402 185
864602 0
883262 20
883442 0
885602 20
885782 0
885842 62
932282 0
932942 20
933122 0
935282 20
935462 0
935522 62
981962 0
982082 20
982262 289
995522 0
1014902 20
1029474 0
1030134 20
1030314 0
1032474 20
1032654 0
1032714 62
1079154 0
1079934 20
1228202 0
1228982 20
1229162 0
1231322 20
1231502 0
1231562 53
1285022 0
1285682 20
1285862 0
1288022 20
1288202 0
1288262 53
1341722 0
1342382 20
1342562 0
1344722 20
1344902 0
1344962 53
1398422 0
1399082 20
1399262 0
1401422 20
1401602 0
1401662 53
1455122 0
1455242 20
1455422 252
1469642 0
1747262 20
1747442 0
1749602 20
1749782 0
1749842 28
2003642 0
2004302 20
2004482 0
2006642 20
2006822 0
2006882 56
2074562 0
2074802 243
2679002 0
2679602 224
3283802 0
3633842 20
3634022 0
3636182 20
3636362 0
3636422 28
3802562 0
3814862 20
3815042 0
3817202 20
3817382 0
3817442 126
3888962 0
3889202 305
678 events for C
4207 12910592
4208 0
16447 1089536
16448 0
25512 12910592
25513 0
35707 12910592
35708 0
45312 12910592
45313 0
54307 12910592
54308 0
63307 1089536
63308 0
72607 12910592
72608 0
81007 1089536
81008 0
88507 12910592
88508 0
92412 12910592
92413 0
231432 12910592
231433 0
234307 1089536
234308 0
237907 12910592
237908 0
241687 12910592
241688 0
248707 1089536
248708 0
252012 12910592
252013 0
255307 12910592
255308 0
282907 12910592
282908 0
289987 1089536
289988 0
297127 12910592
297128 0
304032 12910592
304033 0
309307 1089536
309308 0
315607 12910592
315608 0
318907 12910592
318908 0
324312 12910592
324313 0
329707 1089536
329708 0
334147 12910592
334148 0
378067 12910592
378068 0
381907 1089536
381908 0
385512 12910592
385513 0
389707 1089536
389708 0
393007 12910592
393008 0
395707 12910592
395708 0
401707 1089536
401708 0
404532 12910592
404533 0
467352 12910592
467353 0
471907 12910592
471908 0
477007 1089536
477008 0
481507 12910592
481508 0
489732 12910592
489733 0
504067 12910592
504068 0
507907 1089536
507908 0
511507 12910592
511508 0
515107 1089536
515108 0
517807 12910592
517808 0
577147 12910592
577148 0
581112 12910592
581113 0
584707 1089536
584708 0
588307 12910592
588308 0
592027 1089536
592028 0
598927 12910592
598928 0
602532 12910592
602533 0
606127 1089536
606128 0
610207 12910592
610208 0
708067 12910592
708068 0
711672 12910592
711673 0
715267 1089536
715268 0
719347 12910592
719348 0
722647 1089536
722648 0
726247 12910592
726248 0
729847 1089536
729848 0
733452 12910592
733453 0
737527 12910592
737528 0
888612 12910592
888613 0
893257 12910592
893258 0
900907 12910592
900908 0
908841 12910592
908842 0
920300 12910592
920301 0
938964 12910592
938965 0
945864 12910592
945865 0
948345 12910592
948346 0
952507 12910592
952508 0
956108 12910592
956109 0
960783 12910592
960784 0
968385 12910592
968386 0
975993 12910592
975994 0
983125 12910592
983126 0
990307 12910592
990308 0
1000507 12910592
1000508 0
1144807 12910592
1144808 0
1152646 12910592
1152647 0
1167386 12910592
1167387 0
1173012 12910592
1173013 0
1182275 12910592
1182276 0
1189570 12910592
1189571 0
1195212 12910592
1195213 0
1206307 12910592
1206308 0
1214108 12910592
1214109 0
1218354 12910592
1218355 0
1222079 12910592
1222080 0
1225679 12910592
1225680 0
1233004 12910592
1233005 0
1240569 12910592
1240570 0
1249513 12910592
1249514 0
1257013 12910592
1257014 0
1263192 12910592
1263193 0
1269203 12910592
1269204 0
1493137 12910592
1493138 0
1505107 12910592
1505108 0
1513636 12910592
1513637 0
1518586 12910592
1518587 0
1520712 12910592
1520713 0
1528850 12910592
1528851 0
1536907 12910592
1536908 0
1542192 12910592
1542193 0
1551907 12910592
1551908 0
1558506 12910592
1558507 0
1559708 12910592
1559709 0
1565883 12910592
1565884 0
1572607 12910592
1572608 0
1580793 12910592
1580794 0
1587698 12910592
1587699 0
1593350 12910592
1593351 0
1599007 12910592
1599008 0
1610214 12910592
1610215 0
1617521 12910592
1617522 0
1749612 12910592
1749613 0
1761046 12910592
1761047 0
1772191 12910592
1772192 0
1783475 12910592
1783476 0
1786775 12910592
1786776 0
1794220 12910592
1794221 0
1801665 12910592
1801666 0
1808707 12910592
1808708 0
1814707 12910592
1814708 0
1819812 12910592
1819813 0
2097307 12910592
2097308 0
2108107 12910592
2108108 0
2118441 12910592
2118442 0
2123107 12910592
2123108 0
2133667 12910592
2133668 0
2139912 12910592
2139913 0
2147107 12910592
2147108 0
2156107 12910592
2156108 0
2163306 12910592
2163307 0
2165793 12910592
2165794 0
2174707 12910592
2174708 0
2185507 12910592
2185508 0
2192707 12910592
2192708 0
2202607 12910592
2202608 0
2229312 12910592
2229313 0
2241136 12910592
2241137 0
2249711 12910592
2249712 0
2254872 12910592
2254873 0
2266550 12910592
2266551 0
2272357 12910592
2272358 0
2281464 12910592
2281465 0
2289071 12910592
2289072 0
2309090 12910592
2309091 0
2314593 12910592
2314594 0
2322350 12910592
2322351 0
2332212 12910592
2332213 0
2354407 12910592
2354408 0
2362807 12910592
2362808 0
2376986 12910592
2376987 0
2387827 12910592
2387828 0
2391580 12910592
2391581 0
2406215 12910592
2406216 0
2414340 12910592
2414341 0
2422506 12910592
2422507 0
2427907 12910592
2427908 0
2438107 12910592
2438108 0
2455393 12910592
2455394 0
2466948 12910592
2466949 0
2477112 12910592
2477113 0
2486707 12910592
2486708 0
2495107 12910592
2495108 0
2502349 12910592
2502350 0
2505907 12910592
2505908 0
2512808 12910592
2512809 0
2526907 12910592
2526908 0
2533259 12910592
2533260 0
2538326 12910592
2538327 0
2545507 12910592
2545508 0
2550326 12910592
2550327 0
2566392 12910592
2566393 0
2577487 12910592
2577488 0
2587572 12910592
2587573 0
2592427 12910592
2592428 0
2596507 12910592
2596508 0
2598967 12910592
2598968 0
2649907 12910592
2649908 0
2655178 12910592
2655179 0
2660518 12910592
2660519 0
2663818 12910592
2663819 0
2670812 12910592
2670813 0
2677812 12910592
2677813 0
2696112 12910592
2696113 0
2697907 12910592
2697908 0
2714107 12910592
2714108 0
2716392 12910592
2716393 0
2908383 12910592
2908384 0
2911378 12910592
2911379 0
2913885 12910592
2913886 0
2916393 12910592
2916394 0
2919393 12910592
2919394 0
2922693 12910592
2922694 0
2925693 12910592
2925694 0
2929855 12910592
2929856 0
2934007 12910592
2934008 0
2937007 12910592
2937008 0
2959512 12910592
2959513 0
2961307 12910592
2961308 0
2963107 12910592
2963108 0
2966707 12910592
2966708 0
2970307 12910592
2970308 0
2974507 12910592
2974508 0
2981712 12910592
2981713 0
2984107 12910592
2984108 0
2987107 12910592
2987108 0
3032874 12910592
3032875 0
3034572 12910592
3034573 0
3040109 12910592
3040110 0
3044344 12910592
3044345 0
3047344 12910592
3047345 0
3055807 12910592
3055808 0
3059112 12910592
3059113 0
3150307 12910592
3150308 0
3156607 12910592
3156608 0
3160207 12910592
3160208 0
3163807 12910592
3163808 0
3167407 12910592
3167408 0
3171066 12910592
3171067 0
3174961 12910592
3174962 0
3182107 12910592
3182108 0
3192852 12910592
3192853 0
3232844 12910592
3232845 0
3236707 12910592
3236708 0
3240307 12910592
3240308 0
3243907 12910592
3243908 0
3247728 12910592
3247729 0
3254633 12910592
3254634 0
3260107 12910592
3260108 0
3264907 12910592
3264908 0
3308042 12910592
3308043 0
3311045 12910592
3311046 0
3314589 12910592
3314590 0
3318136 12910592
3318137 0
3321136 12910592
3321137 0
3328036 12910592
3328037 0
3331036 12910592
3331037 0
3333846 12910592
3333847 0
3336650 12910592
3336651 0
3339650 12910592
3339651 0
3417250 12910592
3417251 0
3422107 12910592
3422108 0
3426907 12910592
3426908 0
3431827 12910592
3431828 0
3439150 12910592
3439151 0
3442687 12910592
3442688 0
3446227 12910592
3446228 0
3450607 12910592
3450608 0
3454087 12910592
3454088 0
3458107 12910592
3458108 0
3460570 12910592
3460571 0
3559451 12910592
3559452 0
3565387 12910592
3565388 0
3573427 12910592
3573428 0
3581470 12910592
3581471 0
3604629 12910592
3604630 0
3609936 12910592
3609937 0
3615465 12910592
3615466 0
3622807 12910592
3622808 0
3627307 12910592
3627308 0
3632107 12910592
3632108 0
3637554 12910592
3637555 0
3644999 12910592
3645000 0
3652327 12910592
3652328 0
3659344 12910592
3659345 0
3664988 12910592
3664989 0
3670633 12910592
3670634 0
3676379 12910592
3676380 0
3682599 12910592
3682600 0
3688823 12910592
3688824 0
3698118 12910592
3698119 0
3859428 12910592
3859429 0
3862428 12910592
3862429 0
3864776 12910592
3864777 0
3867118 12910592
3867119 0
3870118 12910592
3870119 0
3873418 12910592
3873419 0
3876418 12910592
3876419 0
3880412 12910592
3880413 0
3884407 12910592
3884408 0
3887410 12910592
3887411 0
3911742 12910592
3911743 0
3918607 12910592
3918608 0
3925767 12910592
3925768 0
3935107 12910592
3935108 0
3944450 12910592
3944451 0
3947753 12910592
3947754 0
3955250 12910592
3955251 0
3962750 12910592
3962751 0
3970630 12910592
3970631 0
3977706 12910592
3977707 0
3985452 12910592
3985453 0
3992442 12910592
3992443 0
3999187 12910592
3999188 0
4007107 12910592
4007108 0
4017907 12910592
4017908 0
4022110 12910592
4022111 0
4035907 12910592
4035908 0
4045017 12910592
4045018 0
4051571 12910592
4051572 0
4061471 12910592
4061472 0
4068307 12910592
4068308 0
4071907 12910592
4071908 0
4080950 12910592
4080951 0
4085107 12910592
4085108 0
4089190 12910592
4089191 0
4097107 12910592
4097108 0
4100587 12910592
4100588 0
4105507 12910592
4105508 0
4110609 12910592
4110610 0
4127467 12910592
4127468 0
4171807 12910592
4171808 0
4176907 12910592
4176908 0
4184107 12910592
4184108 0
4191908 12910592
4191909 0
4202227 12910592
4202228 0
4205947 12910592
4205948 0
4212456 12910592
4212457 0
4220627 12910592
4220628 0
4230307 12910592
4230308 0
4236847 12910592
4236848 0
4242907 12910592
4242908 0
4249785 12910592
4249786 0
4256107 12910592
4256108 0
4264444 12910592
4264445 0
4269869 12910592
4269870 0
4281487 12910592
4281488 0
4287869 12910592
4287870 0
4294507 12910592
4294508 0
4310257 12910592
4310258 0
4316107 12910592
4316108 0
4331107 12910592
4331108 0
4343707 12910592
4343708 0
4359007 12910592
4359008 0
678 events for D
5381 12910592
5382 0
17621 1089536
17622 0
26686 12910592
26687 0
36881 12910592
36882 0
46486 12910592
46487 0
55481 12910592
55482 0
64481 1089536
64482 0
73781 12910592
73782 0
82181 1089536
82182 0
89681 12910592
89682 0
93586 12910592
93587 0
232606 12910592
232607 0
235481 1089536
235482 0
239081 12910592
239082 0
242861 12910592
242862 0
249881 1089536
249882 0
253186 12910592
253187 0
256481 12910592
256482 0
284081 12910592
284082 0
291161 1089536
291162 0
298301 12910592
298302 0
305206 12910592
305207 0
310481 1089536
310482 0
316781 12910592
316782 0
320081 12910592
320082 0
325486 12910592
325487 0
330881 1089536
330882 0
335321 12910592
335322 0
379241 12910592
379242 0
383081 1089536
383082 0
386686 12910592
386687 0
390881 1089536
390882 0
394181 12910592
394182 0
396881 12910592
396882 0
402881 1089536
402882 0
405706 12910592
405707 0
468526 12910592
468527 0
473081 12910592
473082 0
478181 1089536
478182 0
482681 12910592
482682 0
490906 12910592
490907 0
505241 12910592
505242 0
509081 1089536
509082 0
512681 12910592
512682 0
516281 1089536
516282 0
518981 12910592
518982 0
578321 12910592
578322 0
582286 12910592
582287 0
585881 1089536
585882 0
589481 12910592
589482 0
593201 1089536
593202 0
600101 12910592
600102 0
603706 12910592
603707 0
607301 1089536
607302 0
611381 12910592
611382 0
709241 12910592
709242 0
712846 12910592
712847 0
716441 1089536
716442 0
720521 12910592
720522 0
723821 1089536
723822 0
727421 12910592
727422 0
731021 1089536
731022 0
734626 12910592
734627 0
738701 12910592
738702 0
889786 12910592
889787 0
894431 12910592
894432 0
902081 12910592
902082 0
910015 12910592
910016 0
921474 12910592
921475 0
940138 12910592
940139 0
947038 12910592
947039 0
949519 12910592
949520 0
953681 12910592
953682 0
957282 12910592
957283 0
961957 12910592
961958 0
969559 12910592
969560 0
977167 12910592
977168 0
984299 12910592
984300 0
991481 12910592
991482 0
1001681 12910592
1001682 0
1145981 12910592
1145982 0
1153820 12910592
1153821 0
1168560 12910592
1168561 0
1174186 12910592
1174187 0
1183449 12910592
1183450 0
1190744 12910592
1190745 0
1196386 12910592
1196387 0
1207481 12910592
1207482 0
1215282 12910592
1215283 0
1219528 12910592
1219529 0
1223253 12910592
1223254 0
1226853 12910592
1226854 0
1234178 12910592
1234179 0
1241743 12910592
1241744 0
1250687 12910592
1250688 0
1258187 12910592
1258188 0
1264366 12910592
1264367 0
1270377 12910592
1270378 0
1494311 12910592
1494312 0
1506281 12910592
1506282 0
1514810 12910592
1514811 0
1519760 12910592
1519761 0
1521886 12910592
1521887 0
1530024 12910592
1530025 0
1538081 12910592
1538082 0
1543366 12910592
1543367 0
1553081 12910592
1553082 0
1559680 12910592
1559681 0
1560882 12910592
1560883 0
1567057 12910592
1567058 0
1573781 12910592
1573782 0
1581967 12910592
1581968 0
1588872 12910592
1588873 0
1594524 12910592
1594525 0
1600181 12910592
1600182 0
1611388 12910592
1611389 0
1618695 12910592
1618696 0
1750786 12910592
1750787 0
1762220 12910592
1762221 0
1773365 12910592
1773366 0
1784649 12910592
1784650 0
1787949 12910592
1787950 0
1795394 12910592
1795395 0
1802839 12910592
1802840 0
1809881 12910592
1809882 0
1815881 12910592
1815882 0
1820986 12910592
1820987 0
2098481 12910592
2098482 0
2109281 12910592
2109282 0
2119615 12910592
2119616 0
2124281 12910592
2124282 0
2134841 12910592
2134842 0
2141086 12910592
2141087 0
2148281 12910592
2148282 0
2157281 12910592
2157282 0
2164480 12910592
2164481 0
2166967 12910592
2166968 0
2175881 12910592
2175882 0
2186681 12910592
2186682 0
2193881 12910592
2193882 0
2203781 12910592
2203782 0
2230486 12910592
2230487 0
2242310 12910592
2242311 0
2250885 12910592
2250886 0
2256046 12910592
2256047 0
2267724 12910592
2267725 0
2273531 12910592
2273532 0
2282638 12910592
2282639 0
2290245 12910592
2290246 0
2310264 12910592
2310265 0
2315767 12910592
2315768 0
2323524 12910592
2323525 0
2333386 12910592
2333387 0
2355581 12910592
2355582 0
2363981 12910592
2363982 0
2378160 12910592
2378161 0
2389001 12910592
2389002 0
2392754 12910592
2392755 0
2407389 12910592
2407390 0
2415514 12910592
2415515 0
2423680 12910592
2423681 0
2429081 12910592
2429082 0
2439281 12910592
2439282 0
2456567 12910592
2456568 0
2468122 12910592
2468123 0
2478286 12910592
2478287 0
2487881 12910592
2487882 0
2496281 12910592
2496282 0
2503523 12910592
2503524 0
2507081 12910592
2507082 0
2513982 12910592
2513983 0
2528081 12910592
2528082 0
2534433 12910592
2534434 0
2539500 12910592
2539501 0
2546681 12910592
2546682 0
2551500 12910592
2551501 0
2567566 12910592
2567567 0
2578661 12910592
2578662 0
2588746 12910592
2588747 0
2593601 12910592
2593602 0
2597681 12910592
2597682 0
2600141 12910592
2600142 0
2651081 12910592
2651082 0
2656352 12910592
2656353 0
2661692 12910592
2661693 0
2664992 12910592
2664993 0
2671986 12910592
2671987 0
2678986 12910592
2678987 0
2697286 12910592
2697287 0
2699081 12910592
2699082 0
2715281 12910592
2715282 0
2717566 12910592
2717567 0
2909557 12910592
2909558 0
2912552 12910592
2912553 0
2915059 12910592
2915060 0
2917567 12910592
2917568 0
2920567 12910592
2920568 0
2923867 12910592
2923868 0
2926867 12910592
2926868 0
2931029 12910592
2931030 0
2935181 12910592
2935182 0
2938181 12910592
2938182 0
2960686 12910592
2960687 0
2962481 12910592
2962482 0
2964281 12910592
2964282 0
2967881 12910592
2967882 0
2971481 12910592
2971482 0
2975681 12910592
2975682 0
2982886 12910592
2982887 0
2985281 12910592
2985282 0
2988281 12910592
2988282 0
3034048 12910592
3034049 0
3035746 12910592
3035747 0
3041283 12910592
3041284 0
3045518 12910592
3045519 0
3048518 12910592
3048519 0
3056981 12910592
3056982 0
3060286 12910592
3060287 0
3151481 12910592
3151482 0
3157781 12910592
3157782 0
3161381 12910592
3161382 0
3164981 12910592
3164982 0
3168581 12910592
3168582 0
3172240 12910592
3172241 0
3176135 12910592
3176136 0
3183281 12910592
3183282 0
3194026 12910592
3194027 0
3234018 12910592
3234019 0
3237881 12910592
3237882 0
3241481 12910592
3241482 0
3245081 12910592
3245082 0
3248902 12910592
3248903 0
3255807 12910592
3255808 0
3261281 12910592
3261282 0
3266081 12910592
3266082 0
3309216 12910592
3309217 0
3312219 12910592
3312220 0
3315763 12910592
3315764 0
3319310 12910592
3319311 0
3322310 12910592
3322311 0
3329210 12910592
3329211 0
3332210 12910592
3332211 0
3335020 12910592
3335021 0
3337824 12910592
3337825 0
3340824 12910592
3340825 0
3418424 12910592
3418425 0
3423281 12910592
3423282 0
3428081 12910592
3428082 0
3433001 12910592
3433002 0
3440324 12910592
3440325 0
3443861 12910592
3443862 0
3447401 12910592
3447402 0
3451781 12910592
3451782 0
3455261 12910592
3455262 0
3459281 12910592
3459282 0
3461744 12910592
3461745 0
3560625 12910592
3560626 0
3566561 12910592
3566562 0
3574601 12910592
3574602 0
3582644 12910592
3582645 0
3605803 12910592
3605804 0
3611110 12910592
3611111 0
3616639 12910592
3616640 0
3623981 12910592
3623982 0
3628481 12910592
3628482 0
3633281 12910592
3633282 0
3638728 12910592
3638729 0
3646173 12910592
3646174 0
3653501 12910592
3653502 0
3660518 12910592
3660519 0
3666162 12910592
3666163 0
3671807 12910592
3671808 0
3677553 12910592
3677554 0
3683773 12910592
3683774 0
3689997 12910592
3689998 0
3699292 12910592
3699293 0
3860602 12910592
3860603 0
3863602 12910592
3863603 0
3865950 12910592
3865951 0
3868292 12910592
3868293 0
3871292 12910592
3871293 0
3874592 12910592
3874593 0
3877592 12910592
3877593 0
3881586 12910592
3881587 0
3885581 12910592
3885582 0
3888584 12910592
3888585 0
3912916 12910592
3912917 0
3919781 12910592
3919782 0
3926941 12910592
3926942 0
3936281 12910592
3936282 0
3945624 12910592
3945625 0
3948927 12910592
3948928 0
3956424 12910592
3956425 0
3963924 12910592
3963925 0
3971804 12910592
3971805 0
3978880 12910592
3978881 0
3986626 12910592
3986627 0
3993616 12910592
3993617 0
4000361 12910592
4000362 0
4008281 12910592
4008282 0
4019081 12910592
4019082 0
4023284 12910592
4023285 0
4037081 12910592
4037082 0
4046191 12910592
4046192 0
4052745 12910592
4052746 0
4062645 12910592
4062646 0
4069481 12910592
4069482 0
4073081 12910592
4073082 0
4082124 12910592
4082125 0
4086281 12910592
4086282 0
4090364 12910592
4090365 0
4098281 12910592
4098282 0
4101761 12910592
4101762 0
4106681 12910592
4106682 0
4111783 12910592
4111784 0
4128641 12910592
4128642 0
4172981 12910592
4172982 0
4178081 12910592
4178082 0
4185281 12910592
4185282 0
4193082 12910592
4193083 0
4203401 12910592
4203402 0
4207121 12910592
4207122 0
4213630 12910592
4213631 0
4221801 12910592
4221802 0
4231481 12910592
4231482 0
4238021 12910592
4238022 0
4244081 12910592
4244082 0
4250959 12910592
4250960 0
4257281 12910592
4257282 0
4265618 12910592
4265619 0
4271043 12910592
4271044 0
4282661 12910592
4282662 0
4289043 12910592
4289044 0
4295681 12910592
4295682 0
4311431 12910592
4311432 0
4317281 12910592
4317282 0
4332281 12910592
4332282 0
4344881 12910592
4344882 0
4360181 12910592
4360182 0
4 events for E
866730 0
866731 18
3285930 0
3285931 18
78 events for F
208634 10000000
208635 0
250563 10000000
250564 0
293211 10000000
293212 0
336129 10000000
336130 0
379107 10000000
379108 0
421964 10000000
421965 0
464494 10000000
464495 0
506479 10000000
506480 0
547972 10000000
547973 0
589622 10000000
589623 0
632079 10000000
632080 0
675380 10000000
675381 0
719295 10000000
719296 0
763651 10000000
763652 0
808388 10000000
808389 0
853610 10000000
853611 0
3324497 1000
3325497 0
3370205 1000
3371205 0
3416104 1000
3417104 0
3462227 1000
3463227 0
3508675 1000
3509675 0
3555482 1000
3556482 0
3620290 1000
3621290 0
3665909 1000
3666909 0
3710784 1000
3711784 0
3751156 1000
3751220 0
3763767 1000
3764767 0
3800374 1000
3801374 0
3844775 1000
3845775 0
3889107 1000
3890107 0
3950960 1000
3951960 0
4012970 1000
4013970 0
4064638 1000
4065638 0
4108470 1000
4109470 0
4152019 1000
4153019 0
4195362 1000
4196362 0
4238472 1000
4239472 0
4281232 1000
4282232 0
4323781 1000
4324781 0
47 events for G
262646 0
280166 1370
521846 0
539366 1370
867446 0
885146 600
885326 1300
1125206 600
1125406 0
1144346 600
1144526 1300
1471690 700
1471735 0
1489946 600
1490186 1300
1731006 700
1731051 0
1749146 600
1749386 1300
2076346 700
2076391 0
2094566 1300
2336365 0
2353766 1300
2681965 0
2693366 1300
2941165 0
2958566 1300
3286765 0
3298646 600
3298826 1300
3545446 700
3545491 0
3557666 600
3557846 1300
3804586 700
3804631 0
3816746 600
3816926 1300
3890986 700
3891031 0
3909146 600
3909326 1300
4149406 700
4149451 0
4168346 600
4168466 1300
453 events for H
1690 0
8934 117965
9024 125479
9765 7514
10794 125479
11565 7514
12585 0
16999 117965
17089 119538
17830 1573
18859 119538
19630 1573
20659 119538
21430 1573
22459 119538
23230 1573
24259 119538
25030 1573
30250 0
34787 117965
34877 119538
35618 1573
36647 119538
37418 1573
38447 119538
39218 1573
40247 119538
41018 7514
42047 119538
42818 1573
48038 0
50475 117965
50565 125479
51306 7514
51726 0
289674 117965
289824 125479
290445 7514
290874 125479
291645 7514
292074 125479
292845 7514
293454 125479
294225 7514
298485 0
303063 117965
303153 125479
303894 7514
304323 125479
305094 7514
305523 125479
306294 7514
306723 125479
307494 7514
310314 0
311334 117965
311424 124709
312165 6744
312594 124709
313365 6744
313794 124709
314565 6744
314994 124709
315765 6744
316785 0
319477 117965
319567 124709
320308 6744
320737 124709
321508 6744
321937 124709
322708 6744
323137 124709
323908 6744
324937 124709
325708 6744
326737 124709
327508 6744
328537 124709
329308 6744
335728 0
340091 117965
340181 124709
340922 6744
341351 124709
342122 6744
342551 124709
343322 6744
343751 124709
344522 6744
345551 124709
346322 6744
353942 0
356505 117965
356595 124709
357336 7514
357341 6744
357765 124709
358536 6744
358965 124709
359736 6744
360165 124709
360936 6744
361965 124709
362736 6744
363765 124709
364536 6744
372756 0
377120 117965
377210 124709
377951 6744
378380 124709
379151 6744
379580 124709
380351 6744
380780 124709
381551 6744
381980 124709
382751 6744
384380 124709
385151 6744
390971 0
393534 117965
393624 124709
394365 6744
394794 124709
395565 6744
395994 124709
396765 6744
397185 0
546774 117965
546924 119538
546945 1573
547974 119538
548745 1573
549174 119538
549945 1573
550554 119538
551325 1573
551754 119538
552525 1573
553014 119538
553785 1573
554214 119538
554985 1573
556185 0
561613 117965
561703 119538
562444 1573
562873 119538
563644 1573
564073 119538
564844 1573
565273 119538
566044 1573
566473 119538
567244 1573
570064 0
892584 14189
893265 58982
893364 7514
893650 0
893694 73171
895065 7514
900414 66496
901785 7514
902685 0
907863 58982
907953 66496
909294 7514
911523 66496
912894 7514
913323 66496
914694 7514
915114 0
915834 58982
915924 66496
917265 7514
917650 0
917694 58982
919065 7514
922185 0
924277 58982
924367 66496
925708 7514
926093 0
926137 58982
927508 7514
930928 0
931211 58982
931301 66496
932642 7514
933027 0
933071 58982
934442 7514
940742 0
944891 58982
944981 66496
946322 7514
950642 0
950934 58982
951024 66496
952365 7514
956685 0
1152624 7514
1162245 0
1166503 7514
1169644 0
1170024 7514
1175085 0
1283124 7514
1289565 0
1291728 179338
1291830 0
1293419 7514
1307770 0
1312019 7514
1325960 0
1496634 19661
1496724 27175
1497405 7514
1498074 27175
1498845 7514
1499094 27175
1499865 7514
1500534 27175
1501305 7514
1501554 27175
1502325 7514
1502994 27175
1503765 7514
1504014 27175
1504785 7514
1505454 27175
1506225 7514
1506474 27175
1507245 7514
1507485 0
1512774 19661
1512864 27175
1513425 7514
1513554 27175
1514205 7514
1514754 27175
1515345 7514
1515534 27175
1516185 7514
1516734 27175
1517385 7514
1517514 27175
1518165 7514
1518714 27175
1519365 7514
1519494 27175
1520145 7514
1520694 27175
1521345 7514
1521474 27175
1522125 7514
1522674 27175
1523325 7514
1523454 27175
1524105 7514
1524225 0
1755924 7514
1757994 66496
1759365 7514
1762554 66496
1763925 7514
1767045 0
1771213 58982
1771303 66496
1772584 7514
1775833 66496
1777204 7514
1777444 0
1777734 58982
1777824 66496
1779105 7514
1782354 66496
1783725 7514
1785225 0
1787302 58982
1787392 66496
1788673 7514
1791922 66496
1793293 7514
1797253 0
1797534 58982
1797624 66496
1798905 7514
1801854 66496
1803225 7514
1803405 0
1807592 58982
1807682 66496
1808963 7514
1810352 66496
1811723 7514
1812263 0
1812534 58982
1812624 66496
1813905 7514
1818894 66496
1820265 7514
1821585 0
1823681 117965
1823771 124709
1824632 6744
1825541 124709
1826432 6744
1827341 124709
1828232 6744
1829141 124709
1830032 6744
1830941 124709
1831832 6744
1832741 124709
1833632 6744
1834541 124709
1835432 6744
1839812 0
1843971 117965
1844061 124709
1844922 6744
1845831 124709
1846722 6744
1847631 124709
1848522 6744
1849431 124709
1850322 6744
1851231 124709
1852122 6744
1853031 124709
1853922 6744
1854831 124709
1855722 6744
1856631 124709
1857522 6744
1858002 0
1862160 117965
1862250 124709
1863111 6744
1864020 124709
1864911 6744
1865811 0
1880685 169032
1882005 45609
1883330 0
2059635 7514
2066796 0
2360454 117965
2360544 124709
2361345 6744
2361474 124709
2362180 6744
2362185 0
2363034 58982
2363124 66496
2364405 7514
2371845 0
2376013 58982
2376103 7514
2384644 0
2384934 117965
2385024 124709
2385885 6744
2389605 0
2392102 117965
2392192 124709
2393053 6744
2402953 0
2412392 117965
2412482 124709
2413343 6744
2423243 0
2703748 117965
2703838 124709
2704699 6744
2705608 124709
2706499 6744
2707408 124709
2708299 6744
2709208 124709
2710099 6744
2711008 124709
2711899 6744
2712808 124709
2713699 6744
2714599 0
2722263 117965
2722353 124709
2723214 6744
2724123 124709
2725014 6744
2725923 124709
2726814 6744
2727723 124709
2728614 6744
2729514 0
2907495 7514
2921136 0
2923310 7514
2938751 0
3227034 58982
3227124 66496
3228405 6744
3228894 66496
3230265 6744
3230685 0
3233366 58982
3233456 66496
3234737 6744
3235226 66496
3236597 6744
3237026 66496
3238397 6744
3247817 0
3253655 58982
3253745 66496
3255026 6744
3255515 66496
3256886 6744
3257315 66496
3258686 6744
3264506 0
3604934 235930
3605024 242674
3606785 6744
3606974 242674
3608825 6744
3609014 242674
3610865 6744
3611114 242674
3612965 6744
3613985 0
3621992 235930
3622082 242674
3622698 6744
3622703 0
3637485 169032
3639285 45609
3641090 0
4174854 117965
4174944 125479
4176225 7514
4176585 0
4312524 3372
4317705 0
4337724 3372
4346085 0
4355124 3372
4360485 0
3 events for I
773829 90
784749 3500
808809 0
542 events for J
97029 718864
97030 0
97639 718864
97640 0
98270 3748528
98273 0
98529 718864
98530 0
99139 718864
99140 0
99770 3748528
99773 0
100029 718864
100030 0
100639 718864
100640 0
101270 3748528
101273 0
108789 718864
108790 0
109399 718864
109400 0
110030 3748528
110033 0
110289 718864
110290 0
110899 718864
110900 0
111530 3748528
111533 0
111789 718864
111790 0
112399 718864
112400 0
113030 3748528
113033 0
143450 4313184
143451 2310336
143452 0
143581 4313184
143583 0
143726 192528
143727 0
144031 2156592
144032 0
144350 3594320
144351 962640
144352 0
144398 3594320
144399 962640
144400 0
144669 718864
144670 0
144679 718864
144680 0
144689 718864
144690 0
144699 718864
144700 0
144709 718864
144710 0
144719 718864
144720 0
144729 718864
144730 0
144739 718864
144740 0
144749 718864
144750 0
144759 718864
144760 0
144769 718864
144770 0
144779 718864
144780 0
144789 718864
144790 0
144799 718864
144800 0
144809 718864
144810 0
144819 718864
144820 0
144829 718864
144830 0
144849 192528
144850 0
144859 192528
144860 0
144869 192528
144870 0
144879 192528
144880 0
144889 192528
144890 0
144899 192528
144900 0
144909 192528
144910 0
144919 192528
144920 0
144929 192528
144930 0
144939 192528
144940 0
144949 192528
144950 0
144959 192528
144960 0
144969 192528
144970 0
250550 4494818
250551 3748528
250554 0
250560 4494818
250565 0
250610 4494818
250615 0
250670 4494818
250671 3748528
250674 0
250680 4494818
250685 0
250730 4494818
250735 0
250790 4494818
250795 0
250800 4494818
250805 0
250850 4494818
250851 3748528
250854 0
254750 4494818
254751 3748528
254754 0
254760 4494818
254765 0
254810 4494818
254815 0
254870 4494818
254871 3748528
254874 0
254880 4494818
254885 0
254930 4494818
254935 0
254990 4494818
254995 0
255000 4494818
255005 0
255050 4494818
255051 3748528
255054 0
291974 82880
291975 0
291984 82880
291985 0
291994 82880
291995 0
292025 82880
292026 0
292035 82880
292036 0
292045 82880
292046 0
341426 3748528
341429 0
345026 3748528
345029 0
348626 3748528
348629 0
352226 3748528
352229 0
355646 3748528
355649 0
357840 3748528
357843 0
361440 3748528
361443 0
365040 3748528
365043 0
368640 3748528
368643 0
372240 3748528
372243 0
378455 3748528
378458 0
382055 3748528
382058 0
385655 3748528
385658 0
389255 3748528
389258 0
392675 3748528
392678 0
394869 3748528
394872 0
398469 3748528
398472 0
400043 3748528
400046 0
400053 3748528
400056 0
400643 3748528
400646 0
400653 3748528
400656 0
402957 3748528
402960 0
402967 3748528
402970 0
403557 3748528
403560 0
403567 3748528
403570 0
409857 3748528
409860 0
409867 3748528
409870 0
410457 3748528
410460 0
410467 3748528
410470 0
428457 3748528
428460 0
428467 3748528
428470 0
429057 3748528
429060 0
429067 3748528
429070 0
491940 2824208
491941 0
492060 2824208
492061 0
492180 2824208
492181 0
492660 2824208
492661 0
492780 2824208
492781 0
492900 2824208
492901 0
493380 2824208
493381 0
493500 2824208
493501 0
493620 2824208
493621 0
494100 2824208
494101 0
494220 2824208
494221 0
494340 2824208
494341 0
494820 2824208
494821 0
494940 2824208
494941 0
495060 2824208
495061 0
495540 2824208
495541 0
495660 2824208
495661 0
495780 2824208
495781 0
496260 2824208
496261 0
496380 2824208
496381 0
496500 2824208
496501 0
496980 2824208
496981 0
497100 2824208
497101 0
497220 2824208
497221 0
497700 2824208
497701 0
497820 2824208
497821 0
497940 2824208
497941 0
498360 2824208
498361 0
498480 2824208
498481 0
498600 2824208
498601 0
499140 2824208
499141 0
499260 2824208
499261 0
499380 2824208
499381 0
502055 2824208
502056 0
502146 3748528
502149 0
502355 2824208
502356 0
502425 2824208
502426 0
502636 3765611
502639 0
505955 2824208
505956 0
506046 3748528
506049 0
506255 2824208
506256 0
506325 2824208
506326 0
506536 3765611
506539 0
508055 2824208
508056 0
508146 3748528
508149 0
508355 2824208
508356 0
508425 2824208
508426 0
508636 3765611
508639 0
509555 2824208
509556 0
509646 3748528
509649 0
509855 2824208
509856 0
509925 2824208
509926 0
510136 3765611
510139 0
519669 2824208
519670 0
519760 3748528
519763 0
519969 2824208
519970 0
520039 2824208
520040 0
520250 3765611
520253 0
579017 3748528
579020 0
579032 5000000
579050 0
580817 3748528
580820 0
580832 5000000
580850 0
582617 3748528
582620 0
582632 5000000
582650 0
584417 3748528
584420 0
584432 5000000
584450 0
586217 3748528
586220 0
586232 5000000
586250 0
588017 3748528
588020 0
588032 5000000
588050 0
589817 3748528
589820 0
589832 5000000
589850 0
591617 3748528
591620 0
591632 5000000
591650 0
593417 3748528
593420 0
593432 5000000
593450 0
599307 3748528
599310 0
599322 5000000
599340 0
601107 3748528
601110 0
601122 5000000
601140 0
602907 3748528
602910 0
602922 5000000
602940 0
604707 3748528
604710 0
604722 5000000
604740 0
606507 3748528
606510 0
606522 5000000
606540 0
608307 3748528
608310 0
608322 5000000
608340 0
610107 3748528
610110 0
610122 5000000
610140 0
611907 3748528
611910 0
611922 5000000
611940 0
657969 3748528
657972 0
657989 3748528
657992 0
658009 3748528
658012 0
664269 3748528
664272 0
664289 3748528
664292 0
664309 3748528
664312 0
672085 3748528
672088 0
672105 3748528
672108 0
672125 3748528
672128 0
678385 3748528
678388 0
678405 3748528
678408 0
678425 3748528
678428 0
684685 3748528
684688 0
684705 3748528
684708 0
684725 3748528
684728 0
690085 3748528
690088 0
690105 3748528
690108 0
690125 3748528
690128 0
694885 3748528
694888 0
694905 3748528
694908 0
694925 3748528
694928 0
699685 3748528
699688 0
699705 3748528
699708 0
699725 3748528
699728 0
703664 3748528
703667 0
703684 3748528
703687 0
703704 3748528
703707 0
1062710 226158674
1062715 0
1084310 20242052
1084315 0
1105910 20242052
1105915 0
1170710 178452312
1170712 8996469
1170717 0
1300310 18598775
1300315 0
1321910 22542416
1321915 0
1343510 57946826
1343515 0
1365110 112491168
1365115 0
1386710 89992935
1386715 0
1447373 90225847
1447374 99456
1447375 17992937
1447380 0
1516311 36047367
1516316 0
1537911 39436416
1537916 0
1645911 79610631
1645916 0
1667511 77494701
1667516 0
1775511 73767533
1775516 0
1797111 221441780
1797116 0
2056311 47723996
2056316 0
2073261 12683312
2073266 0
2229110 9037466
2229115 0
2272310 270264152
2272315 0
3157910 26968906
3157915 0
3179510 134824032
3179515 0
3182436 20221556
3182441 0
3373850 83191028
3373855 0
3568250 38234987
3568255 0
3589850 107957608
3589855 0
3611450 350862225
3611455 0
3611456 4498234
3611461 0
3633050 38234987
3633055 0
3957110 42873674
3957115 0
3978710 60808152
3978715 0
4065110 123650191
4065115 0
4086710 112353360
4086715 0
4108310 191051956
4108315 0
4129910 148359728
4129915 0
4 events for K
867480 0
867481 18
3286680 0
3286681 18
1864 events for L
14773 12910592
14774 0
15003 12910592
15004 0
15543 12910592
15544 0
15773 12910592
15774 0
32561 12910592
32562 0
32821 12910592
32822 0
33401 12910592
33402 0
33661 12910592
33662 0
50349 12910592
50350 0
50609 12910592
50610 0
51189 12910592
51190 0
51449 12910592
51450 0
68137 12910592
68138 0
68397 12910592
68398 0
68977 12910592
68978 0
69237 12910592
69238 0
85926 12910592
85927 0
86186 12910592
86187 0
86766 12910592
86767 0
87026 12910592
87027 0
103714 12910592
103715 0
103974 12910592
103975 0
104554 12910592
104555 0
104814 12910592
104815 0
121502 12910592
121503 0
121762 12910592
121763 0
122342 12910592
122343 0
122602 12910592
122603 0
139290 12910592
139291 0
139550 12910592
139551 0
140130 12910592
140131 0
140390 12910592
140391 0
157079 12910592
157080 0
157339 12910592
157340 0
157919 12910592
157920 0
158179 12910592
158180 0
174867 12910592
174868 0
175127 12910592
175128 0
175707 12910592
175708 0
175967 12910592
175968 0
192655 12910592
192656 0
192915 12910592
192916 0
193495 12910592
193496 0
193755 12910592
193756 0
210443 12910592
210444 0
210703 12910592
210704 0
211283 12910592
211284 0
211543 12910592
211544 0
228232 12910592
228233 0
228492 12910592
228493 0
229072 12910592
229073 0
229332 12910592
229333 0
245420 12910592
245421 0
245680 12910592
245681 0
246260 12910592
246261 0
246520 12910592
246521 0
262308 12910592
262309 0
262568 12910592
262569 0
263148 12910592
263149 0
263408 12910592
263409 0
281208 12910592
281209 0
281438 12910592
281439 0
281978 12910592
281979 0
282208 12910592
282209 0
300837 12910592
300838 0
301097 12910592
301098 0
301677 12910592
301678 0
301937 12910592
301938 0
319351 12910592
319352 0
319611 12910592
319612 0
320191 12910592
320192 0
320451 12910592
320452 0
337865 12910592
337866 0
338125 12910592
338126 0
338705 12910592
338706 0
338965 12910592
338966 0
356379 12910592
356380 0
356639 12910592
356640 0
357219 12910592
357220 0
357479 12910592
357480 0
374894 12910592
374895 0
375154 12910592
375155 0
375734 12910592
375735 0
375994 12910592
375995 0
393408 12910592
393409 0
393668 12910592
393669 0
394248 12910592
394249 0
394508 12910592
394509 0
411922 12910592
411923 0
412182 12910592
412183 0
412762 12910592
412763 0
413022 12910592
413023 0
430437 12910592
430438 0
430697 12910592
430698 0
431277 12910592
431278 0
431537 12910592
431538 0
448951 12910592
448952 0
449211 12910592
449212 0
449791 12910592
449792 0
450051 12910592
450052 0
467465 12910592
467466 0
467725 12910592
467726 0
468305 12910592
468306 0
468565 12910592
468566 0
485979 12910592
485980 0
486239 12910592
486240 0
486819 12910592
486820 0
487079 12910592
487080 0
503894 12910592
503895 0
504154 12910592
504155 0
504734 12910592
504735 0
504994 12910592
504995 0
521508 12910592
521509 0
521768 12910592
521769 0
522348 12910592
522349 0
522608 12910592
522609 0
540408 12910592
540409 0
540668 12910592
540669 0
541248 12910592
541249 0
541508 12910592
541509 0
559387 12910592
559388 0
559647 12910592
559648 0
560227 12910592
560228 0
560487 12910592
560488 0
577576 12910592
577577 0
577836 12910592
577837 0
578416 12910592
578417 0
578676 12910592
578677 0
595766 12910592
595767 0
596026 12910592
596027 0
596606 12910592
596607 0
596866 12910592
596867 0
613955 12910592
613956 0
614215 12910592
614216 0
614795 12910592
614796 0
615055 12910592
615056 0
632145 12910592
632146 0
632405 12910592
632406 0
632985 12910592
632986 0
633245 12910592
633246 0
650334 12910592
650335 0
650564 12910592
650565 0
651104 12910592
651105 0
651334 12910592
651335 0
668524 12910592
668525 0
668784 12910592
668785 0
669364 12910592
669365 0
669624 12910592
669625 0
686713 12910592
686714 0
686973 12910592
686974 0
687553 12910592
687554 0
687813 12910592
687814 0
704903 12910592
704904 0
705163 12910592
705164 0
705743 12910592
705744 0
706003 12910592
706004 0
723092 12910592
723093 0
723352 12910592
723353 0
723932 12910592
723933 0
724192 12910592
724193 0
741282 12910592
741283 0
741542 12910592
741543 0
742122 12910592
742123 0
742382 12910592
742383 0
759471 12910592
759472 0
759731 12910592
759732 0
760311 12910592
760312 0
760571 12910592
760572 0
777661 12910592
777662 0
777921 12910592
777922 0
778501 12910592
778502 0
778761 12910592
778762 0
795850 12910592
795851 0
796110 12910592
796111 0
796690 12910592
796691 0
796950 12910592
796951 0
814040 12910592
814041 0
814300 12910592
814301 0
814880 12910592
814881 0
815140 12910592
815141 0
832229 12910592
832230 0
832489 12910592
832490 0
833069 12910592
833070 0
833329 12910592
833330 0
849819 12910592
849820 0
850079 12910592
850080 0
850659 12910592
850660 0
850919 12910592
850920 0
867108 12910592
867109 0
867368 12910592
867369 0
867948 12910592
867949 0
868208 12910592
868209 0
886008 12910592
886009 0
886238 12910592
886239 0
886778 12910592
886779 0
887008 12910592
887009 0
905637 12910592
905638 0
905897 12910592
905898 0
906477 12910592
906478 0
906737 12910592
906738 0
924151 12910592
924152 0
924411 12910592
924412 0
924991 12910592
924992 0
925251 12910592
925252 0
942665 12910592
942666 0
942925 12910592
942926 0
943505 12910592
943506 0
943765 12910592
943766 0
961179 12910592
961180 0
961439 12910592
961440 0
962019 12910592
962020 0
962279 12910592
962280 0
979694 12910592
979695 0
979954 12910592
979955 0
980534 12910592
980535 0
980794 12910592
980795 0
998208 12910592
998209 0
998468 12910592
998469 0
999048 12910592
999049 0
999308 12910592
999309 0
1016722 12910592
1016723 0
1016982 12910592
1016983 0
1017562 12910592
1017563 0
1017822 12910592
1017823 0
1035237 12910592
1035238 0
1035497 12910592
1035498 0
1036077 12910592
1036078 0
1036337 12910592
1036338 0
1053751 12910592
1053752 0
1054011 12910592
1054012 0
1054591 12910592
1054592 0
1054851 12910592
1054852 0
1072265 12910592
1072266 0
1072525 12910592
1072526 0
1073105 12910592
1073106 0
1073365 12910592
1073366 0
1090779 12910592
1090780 0
1091039 12910592
1091040 0
1091619 12910592
1091620 0
1091879 12910592
1091880 0
1108694 12910592
1108695 0
1108954 12910592
1108955 0
1109534 12910592
1109535 0
1109794 12910592
1109795 0
1126308 12910592
1126309 0
1126568 12910592
1126569 0
1127148 12910592
1127149 0
1127408 12910592
1127409 0
1145208 12910592
1145209 0
1145468 12910592
1145469 0
1146048 12910592
1146049 0
1146308 12910592
1146309 0
1164187 12910592
1164188 0
1164447 12910592
1164448 0
1165027 12910592
1165028 0
1165287 12910592
1165288 0
1182376 12910592
1182377 0
1182636 12910592
1182637 0
1183216 12910592
1183217 0
1183476 12910592
1183477 0
1200566 12910592
1200567 0
1200826 12910592
1200827 0
1201406 12910592
1201407 0
1201666 12910592
1201667 0
1218755 12910592
1218756 0
1219015 12910592
1219016 0
1219595 12910592
1219596 0
1219855 12910592
1219856 0
1236945 12910592
1236946 0
1237205 12910592
1237206 0
1237785 12910592
1237786 0
1238045 12910592
1238046 0
1255134 12910592
1255135 0
1255364 12910592
1255365 0
1255904 12910592
1255905 0
1256134 12910592
1256135 0
1273324 12910592
1273325 0
1273584 12910592
1273585 0
1274164 12910592
1274165 0
1274424 12910592
1274425 0
1291513 12910592
1291514 0
1291773 12910592
1291774 0
1292353 12910592
1292354 0
1292613 12910592
1292614 0
1309703 12910592
1309704 0
1309963 12910592
1309964 0
1310543 12910592
1310544 0
1310803 12910592
1310804 0
1327892 12910592
1327893 0
1328152 12910592
1328153 0
1328732 12910592
1328733 0
1328992 12910592
1328993 0
1346082 12910592
1346083 0
1346342 12910592
1346343 0
1346922 12910592
1346923 0
1347182 12910592
1347183 0
1364271 12910592
1364272 0
1364531 12910592
1364532 0
1365111 12910592
1365112 0
1365371 12910592
1365372 0
1382461 12910592
1382462 0
1382721 12910592
1382722 0
1383301 12910592
1383302 0
1383561 12910592
1383562 0
1400650 12910592
1400651 0
1400910 12910592
1400911 0
1401490 12910592
1401491 0
1401750 12910592
1401751 0
1418840 12910592
1418841 0
1419100 12910592
1419101 0
1419680 12910592
1419681 0
1419940 12910592
1419941 0
1437029 12910592
1437030 0
1437289 12910592
1437290 0
1437869 12910592
1437870 0
1438129 12910592
1438130 0
1454619 12910592
1454620 0
1454879 12910592
1454880 0
1455459 12910592
1455460 0
1455719 12910592
1455720 0
1471908 12910592
1471909 0
1472168 12910592
1472169 0
1472748 12910592
1472749 0
1473008 12910592
1473009 0
1490808 12910592
1490809 0
1491038 12910592
1491039 0
1491578 12910592
1491579 0
1491808 12910592
1491809 0
1510437 12910592
1510438 0
1510697 12910592
1510698 0
1511277 12910592
1511278 0
1511537 12910592
1511538 0
1528951 12910592
1528952 0
1529211 12910592
1529212 0
1529791 12910592
1529792 0
1530051 12910592
1530052 0
1547465 12910592
1547466 0
1547725 12910592
1547726 0
1548305 12910592
1548306 0
1548565 12910592
1548566 0
1565979 12910592
1565980 0
1566239 12910592
1566240 0
1566819 12910592
1566820 0
1567079 12910592
1567080 0
1584494 12910592
1584495 0
1584754 12910592
1584755 0
1585334 12910592
1585335 0
1585594 12910592
1585595 0
1603008 12910592
1603009 0
1603268 12910592
1603269 0
1603848 12910592
1603849 0
1604108 12910592
1604109 0
1621522 12910592
1621523 0
1621782 12910592
1621783 0
1622362 12910592
1622363 0
1622622 12910592
1622623 0
1640037 12910592
1640038 0
1640297 12910592
1640298 0
1640877 12910592
1640878 0
1641137 12910592
1641138 0
1658551 12910592
1658552 0
1658811 12910592
1658812 0
1659391 12910592
1659392 0
1659651 12910592
1659652 0
1677065 12910592
1677066 0
1677325 12910592
1677326 0
1677905 12910592
1677906 0
1678165 12910592
1678166 0
1695579 12910592
1695580 0
1695839 12910592
1695840 0
1696419 12910592
1696420 0
1696679 12910592
1696680 0
1713494 12910592
1713495 0
1713754 12910592
1713755 0
1714334 12910592
1714335 0
1714594 12910592
1714595 0
1731108 12910592
1731109 0
1731368 12910592
1731369 0
1731948 12910592
1731949 0
1732208 12910592
1732209 0
1750008 12910592
1750009 0
1750268 12910592
1750269 0
1750848 12910592
1750849 0
1751108 12910592
1751109 0
1768987 12910592
1768988 0
1769247 12910592
1769248 0
1769827 12910592
1769828 0
1770087 12910592
1770088 0
1787176 12910592
1787177 0
1787436 12910592
1787437 0
1788016 12910592
1788017 0
1788276 12910592
1788277 0
1805366 12910592
1805367 0
1805626 12910592
1805627 0
1806206 12910592
1806207 0
1806466 12910592
1806467 0
1823555 12910592
1823556 0
1823815 12910592
1823816 0
1824395 12910592
1824396 0
1824655 12910592
1824656 0
1841745 12910592
1841746 0
1842005 12910592
1842006 0
1842585 12910592
1842586 0
1842845 12910592
1842846 0
1859934 12910592
1859935 0
1860164 12910592
1860165 0
1860704 12910592
1860705 0
1860934 12910592
1860935 0
1878124 12910592
1878125 0
1878384 12910592
1878385 0
1878964 12910592
1878965 0
1879224 12910592
1879225 0
1896313 12910592
1896314 0
1896573 12910592
1896574 0
1897153 12910592
1897154 0
1897413 12910592
1897414 0
1914503 12910592
1914504 0
1914763 12910592
1914764 0
1915343 12910592
1915344 0
1915603 12910592
1915604 0
1932692 12910592
1932693 0
1932952 12910592
1932953 0
1933532 12910592
1933533 0
1933792 12910592
1933793 0
1950882 12910592
1950883 0
1951142 12910592
1951143 0
1951722 12910592
1951723 0
1951982 12910592
1951983 0
1969071 12910592
1969072 0
1969331 12910592
1969332 0
1969911 12910592
1969912 0
1970171 12910592
1970172 0
1987261 12910592
1987262 0
1987521 12910592
1987522 0
1988101 12910592
1988102 0
1988361 12910592
1988362 0
2005450 12910592
2005451 0
2005710 12910592
2005711 0
2006290 12910592
2006291 0
2006550 12910592
2006551 0
2023640 12910592
2023641 0
2023900 12910592
2023901 0
2024480 12910592
2024481 0
2024740 12910592
2024741 0
2041829 12910592
2041830 0
2042089 12910592
2042090 0
2042669 12910592
2042670 0
2042929 12910592
2042930 0
2059419 12910592
2059420 0
2059679 12910592
2059680 0
2060259 12910592
2060260 0
2060519 12910592
2060520 0
2076708 12910592
2076709 0
2076968 12910592
2076969 0
2077548 12910592
2077549 0
2077808 12910592
2077809 0
2095608 12910592
2095609 0
2095838 12910592
2095839 0
2096378 12910592
2096379 0
2096608 12910592
2096609 0
2115237 12910592
2115238 0
2115497 12910592
2115498 0
2116077 12910592
2116078 0
2116337 12910592
2116338 0
2133751 12910592
2133752 0
2134011 12910592
2134012 0
2134591 12910592
2134592 0
2134851 12910592
2134852 0
2152265 12910592
2152266 0
2152525 12910592
2152526 0
2153105 12910592
2153106 0
2153365 12910592
2153366 0
2170779 12910592
2170780 0
2171039 12910592
2171040 0
2171619 12910592
2171620 0
2171879 12910592
2171880 0
2189294 12910592
2189295 0
2189554 12910592
2189555 0
2190134 12910592
2190135 0
2190394 12910592
2190395 0
2207808 12910592
2207809 0
2208068 12910592
2208069 0
2208648 12910592
2208649 0
2208908 12910592
2208909 0
2226322 12910592
2226323 0
2226582 12910592
2226583 0
2227162 12910592
2227163 0
2227422 12910592
2227423 0
2244837 12910592
2244838 0
2245097 12910592
2245098 0
2245677 12910592
2245678 0
2245937 12910592
2245938 0
2263351 12910592
2263352 0
2263611 12910592
2263612 0
2264191 12910592
2264192 0
2264451 12910592
2264452 0
2281865 12910592
2281866 0
2282125 12910592
2282126 0
2282705 12910592
2282706 0
2282965 12910592
2282966 0
2300379 12910592
2300380 0
2300639 12910592
2300640 0
2301219 12910592
2301220 0
2301479 12910592
2301480 0
2318294 12910592
2318295 0
2318554 12910592
2318555 0
2319134 12910592
2319135 0
2319394 12910592
2319395 0
2335908 12910592
2335909 0
2336168 12910592
2336169 0
2336748 12910592
2336749 0
2337008 12910592
2337009 0
2354808 12910592
2354809 0
2355068 12910592
2355069 0
2355648 12910592
2355649 0
2355908 12910592
2355909 0
2373787 12910592
2373788 0
2374047 12910592
2374048 0
2374627 12910592
2374628 0
2374887 12910592
2374888 0
2391976 12910592
2391977 0
2392236 12910592
2392237 0
2392816 12910592
2392817 0
2393076 12910592
2393077 0
2410166 12910592
2410167 0
2410426 12910592
2410427 0
2411006 12910592
2411007 0
2411266 12910592
2411267 0
2428355 12910592
2428356 0
2428615 12910592
2428616 0
2429195 12910592
2429196 0
2429455 12910592
2429456 0
2446545 12910592
2446546 0
2446805 12910592
2446806 0
2447385 12910592
2447386 0
2447645 12910592
2447646 0
2464734 12910592
2464735 0
2464964 12910592
2464965 0
2465504 12910592
2465505 0
2465734 12910592
2465735 0
2482924 12910592
2482925 0
2483184 12910592
2483185 0
2483764 12910592
2483765 0
2484024 12910592
2484025 0
2501113 12910592
2501114 0
2501373 12910592
2501374 0
2501953 12910592
2501954 0
2502213 12910592
2502214 0
2537492 12910592
2537493 0
2537752 12910592
2537753 0
2538332 12910592
2538333 0
2538592 12910592
2538593 0
2555682 12910592
2555683 0
2555942 12910592
2555943 0
2556522 12910592
2556523 0
2556782 12910592
2556783 0
2573871 12910592
2573872 0
2574131 12910592
2574132 0
2574711 12910592
2574712 0
2574971 12910592
2574972 0
2592061 12910592
2592062 0
2592321 12910592
2592322 0
2592901 12910592
2592902 0
2593161 12910592
2593162 0
2610250 12910592
2610251 0
2610510 12910592
2610511 0
2611090 12910592
2611091 0
2611350 12910592
2611351 0
2628440 12910592
2628441 0
2628700 12910592
2628701 0
2629280 12910592
2629281 0
2629540 12910592
2629541 0
2646629 12910592
2646630 0
2646889 12910592
2646890 0
2647469 12910592
2647470 0
2647729 12910592
2647730 0
2664219 12910592
2664220 0
2664479 12910592
2664480 0
2665059 12910592
2665060 0
2665319 12910592
2665320 0
2681508 12910592
2681509 0
2681768 12910592
2681769 0
2682348 12910592
2682349 0
2682608 12910592
2682609 0
2701522 12910592
2701523 0
2701752 12910592
2701753 0
2702292 12910592
2702293 0
2702522 12910592
2702523 0
2720037 12910592
2720038 0
2720297 12910592
2720298 0
2720877 12910592
2720878 0
2721137 12910592
2721138 0
2738551 12910592
2738552 0
2738811 12910592
2738812 0
2739391 12910592
2739392 0
2739651 12910592
2739652 0
2757065 12910592
2757066 0
2757325 12910592
2757326 0
2757905 12910592
2757906 0
2758165 12910592
2758166 0
2775579 12910592
2775580 0
2775839 12910592
2775840 0
2776419 12910592
2776420 0
2776679 12910592
2776680 0
2794094 12910592
2794095 0
2794354 12910592
2794355 0
2794934 12910592
2794935 0
2795194 12910592
2795195 0
2812608 12910592
2812609 0
2812868 12910592
2812869 0
2813448 12910592
2813449 0
2813708 12910592
2813709 0
2831122 12910592
2831123 0
2831382 12910592
2831383 0
2831962 12910592
2831963 0
2832222 12910592
2832223 0
2849637 12910592
2849638 0
2849897 12910592
2849898 0
2850477 12910592
2850478 0
2850737 12910592
2850738 0
2868151 12910592
2868152 0
2868411 12910592
2868412 0
2868991 12910592
2868992 0
2869251 12910592
2869252 0
2886665 12910592
2886666 0
2886925 12910592
2886926 0
2887505 12910592
2887506 0
2887765 12910592
2887766 0
2905179 12910592
2905180 0
2905439 12910592
2905440 0
2906019 12910592
2906020 0
2906279 12910592
2906280 0
2923094 12910592
2923095 0
2923354 12910592
2923355 0
2923934 12910592
2923935 0
2924194 12910592
2924195 0
2940708 12910592
2940709 0
2940968 12910592
2940969 0
2941548 12910592
2941549 0
2941808 12910592
2941809 0
2959608 12910592
2959609 0
2959868 12910592
2959869 0
2960448 12910592
2960449 0
2960708 12910592
2960709 0
2978587 12910592
2978588 0
2978847 12910592
2978848 0
2979427 12910592
2979428 0
2979687 12910592
2979688 0
2996776 12910592
2996777 0
2997036 12910592
2997037 0
2997616 12910592
2997617 0
2997876 12910592
2997877 0
3014966 12910592
3014967 0
3015226 12910592
3015227 0
3015806 12910592
3015807 0
3016066 12910592
3016067 0
3033155 12910592
3033156 0
3033415 12910592
3033416 0
3033995 12910592
3033996 0
3034255 12910592
3034256 0
3051345 12910592
3051346 0
3051605 12910592
3051606 0
3052185 12910592
3052186 0
3052445 12910592
3052446 0
3069534 12910592
3069535 0
3069764 12910592
3069765 0
3070304 12910592
3070305 0
3070534 12910592
3070535 0
3087724 12910592
3087725 0
3087984 12910592
3087985 0
3088564 12910592
3088565 0
3088824 12910592
3088825 0
3105913 12910592
3105914 0
3106173 12910592
3106174 0
3106753 12910592
3106754 0
3107013 12910592
3107014 0
3124103 12910592
3124104 0
3124363 12910592
3124364 0
3124943 12910592
3124944 0
3125203 12910592
3125204 0
3140508 12910592
3140509 0
3140738 12910592
3140739 0
3141278 12910592
3141279 0
3141508 12910592
3141509 0
3160482 12910592
3160483 0
3160742 12910592
3160743 0
3161322 12910592
3161323 0
3161582 12910592
3161583 0
3178671 12910592
3178672 0
3178931 12910592
3178932 0
3179511 12910592
3179512 0
3179771 12910592
3179772 0
3196861 12910592
3196862 0
3197121 12910592
3197122 0
3197701 12910592
3197702 0
3197961 12910592
3197962 0
3215050 12910592
3215051 0
3215310 12910592
3215311 0
3215890 12910592
3215891 0
3216150 12910592
3216151 0
3233240 12910592
3233241 0
3233500 12910592
3233501 0
3234080 12910592
3234081 0
3234340 12910592
3234341 0
3251429 12910592
3251430 0
3251689 12910592
3251690 0
3252269 12910592
3252270 0
3252529 12910592
3252530 0
3269019 12910592
3269020 0
3269279 12910592
3269280 0
3269859 12910592
3269860 0
3270119 12910592
3270120 0
3286308 12910592
3286309 0
3286568 12910592
3286569 0
3287148 12910592
3287149 0
3287408 12910592
3287409 0
3306322 12910592
3306323 0
3306552 12910592
3306553 0
3307092 12910592
3307093 0
3307322 12910592
3307323 0
3324837 12910592
3324838 0
3325097 12910592
3325098 0
3325677 12910592
3325678 0
3325937 12910592
3325938 0
3343351 12910592
3343352 0
3343611 12910592
3343612 0
3344191 12910592
3344192 0
3344451 12910592
3344452 0
3361865 12910592
3361866 0
3362125 12910592
3362126 0
3362705 12910592
3362706 0
3362965 12910592
3362966 0
3380379 12910592
3380380 0
3380639 12910592
3380640 0
3381219 12910592
3381220 0
3381479 12910592
3381480 0
3398894 12910592
3398895 0
3399154 12910592
3399155 0
3399734 12910592
3399735 0
3399994 12910592
3399995 0
3417408 12910592
3417409 0
3417668 12910592
3417669 0
3418248 12910592
3418249 0
3418508 12910592
3418509 0
3435922 12910592
3435923 0
3436182 12910592
3436183 0
3436762 12910592
3436763 0
3437022 12910592
3437023 0
3454437 12910592
3454438 0
3454697 12910592
3454698 0
3455277 12910592
3455278 0
3455537 12910592
3455538 0
3472951 12910592
3472952 0
3473211 12910592
3473212 0
3473791 12910592
3473792 0
3474051 12910592
3474052 0
3491465 12910592
3491466 0
3491725 12910592
3491726 0
3492305 12910592
3492306 0
3492565 12910592
3492566 0
3509979 12910592
3509980 0
3510239 12910592
3510240 0
3510819 12910592
3510820 0
3511079 12910592
3511080 0
3527894 12910592
3527895 0
3528154 12910592
3528155 0
3528734 12910592
3528735 0
3528994 12910592
3528995 0
3545508 12910592
3545509 0
3545768 12910592
3545769 0
3546348 12910592
3546349 0
3546608 12910592
3546609 0
3565197 12910592
3565198 0
3565457 12910592
3565458 0
3566037 12910592
3566038 0
3566297 12910592
3566298 0
3585758 12910592
3585759 0
3586018 12910592
3586019 0
3586598 12910592
3586599 0
3586858 12910592
3586859 0
3600158 12910592
3600159 0
3600418 12910592
3600419 0
3600998 12910592
3600999 0
3601258 12910592
3601259 0
3619766 12910592
3619767 0
3620026 12910592
3620027 0
3620606 12910592
3620607 0
3620866 12910592
3620867 0
3637955 12910592
3637956 0
3638215 12910592
3638216 0
3638795 12910592
3638796 0
3639055 12910592
3639056 0
3656145 12910592
3656146 0
3656405 12910592
3656406 0
3656985 12910592
3656986 0
3657245 12910592
3657246 0
3674334 12910592
3674335 0
3674564 12910592
3674565 0
3675104 12910592
3675105 0
3675334 12910592
3675335 0
3692524 12910592
3692525 0
3692784 12910592
3692785 0
3693364 12910592
3693365 0
3693624 12910592
3693625 0
3710713 12910592
3710714 0
3710973 12910592
3710974 0
3711553 12910592
3711554 0
3711813 12910592
3711814 0
3728903 12910592
3728904 0
3729163 12910592
3729164 0
3729743 12910592
3729744 0
3730003 12910592
3730004 0
3747092 12910592
3747093 0
3747352 12910592
3747353 0
3747932 12910592
3747933 0
3748192 12910592
3748193 0
3765282 12910592
3765283 0
3765542 12910592
3765543 0
3766122 12910592
3766123 0
3766382 12910592
3766383 0
3783471 12910592
3783472 0
3783731 12910592
3783732 0
3784311 12910592
3784312 0
3784571 12910592
3784572 0
3801661 12910592
3801662 0
3801921 12910592
3801922 0
3802501 12910592
3802502 0
3802761 12910592
3802762 0
3819850 12910592
3819851 0
3820110 12910592
3820111 0
3820690 12910592
3820691 0
3820950 12910592
3820951 0
3838040 12910592
3838041 0
3838300 12910592
3838301 0
3838880 12910592
3838881 0
3839140 12910592
3839141 0
3856229 12910592
3856230 0
3856489 12910592
3856490 0
3857069 12910592
3857070 0
3857329 12910592
3857330 0
3873819 12910592
3873820 0
3874079 12910592
3874080 0
3874659 12910592
3874660 0
3874919 12910592
3874920 0
3891108 12910592
3891109 0
3891368 12910592
3891369 0
3891948 12910592
3891949 0
3892208 12910592
3892209 0
3910008 12910592
3910009 0
3910238 12910592
3910239 0
3910778 12910592
3910779 0
3911008 12910592
3911009 0
3929637 12910592
3929638 0
3929897 12910592
3929898 0
3930477 12910592
3930478 0
3930737 12910592
3930738 0
3948151 12910592
3948152 0
3948411 12910592
3948412 0
3948991 12910592
3948992 0
3949251 12910592
3949252 0
3966665 12910592
3966666 0
3966925 12910592
3966926 0
3967505 12910592
3967506 0
3967765 12910592
3967766 0
3985179 12910592
3985180 0
3985439 12910592
3985440 0
3986019 12910592
3986020 0
3986279 12910592
3986280 0
4003694 12910592
4003695 0
4003954 12910592
4003955 0
4004534 12910592
4004535 0
4004794 12910592
4004795 0
4022208 12910592
4022209 0
4022468 12910592
4022469 0
4023048 12910592
4023049 0
4023308 12910592
4023309 0
4040722 12910592
4040723 0
4040982 12910592
4040983 0
4041562 12910592
4041563 0
4041822 12910592
4041823 0
4059237 12910592
4059238 0
4059497 12910592
4059498 0
4060077 12910592
4060078 0
4060337 12910592
4060338 0
4077751 12910592
4077752 0
4078011 12910592
4078012 0
4078591 12910592
4078592 0
4078851 12910592
4078852 0
4096265 12910592
4096266 0
4096525 12910592
4096526 0
4097105 12910592
4097106 0
4097365 12910592
4097366 0
4114779 12910592
4114780 0
4115039 12910592
4115040 0
4115619 12910592
4115620 0
4115879 12910592
4115880 0
4132694 12910592
4132695 0
4132954 12910592
4132955 0
4133534 12910592
4133535 0
4133794 12910592
4133795 0
4150308 12910592
4150309 0
4150568 12910592
4150569 0
4151148 12910592
4151149 0
4151408 12910592
4151409 0
4169208 12910592
4169209 0
4169468 12910592
4169469 0
4170048 12910592
4170049 0
4170308 12910592
4170309 0
4188187 12910592
4188188 0
4188447 12910592
4188448 0
4189027 12910592
4189028 0
4189287 12910592
4189288 0
4206376 12910592
4206377 0
4206636 12910592
4206637 0
4207216 12910592
4207217 0
4207476 12910592
4207477 0
4224566 12910592
4224567 0
4224826 12910592
4224827 0
4225406 12910592
4225407 0
4225666 12910592
4225667 0
4242755 12910592
4242756 0
4243015 12910592
4243016 0
4243595 12910592
4243596 0
4243855 12910592
4243856 0
4260945 12910592
4260946 0
4261205 12910592
4261206 0
4261785 12910592
4261786 0
4262045 12910592
4262046 0
4279134 12910592
4279135 0
4279364 12910592
4279365 0
4279904 12910592
4279905 0
4280134 12910592
4280135 0
