12 instruments
A 10 100 6553.6061313363007 2560002395.0532427
B 10 100 2022727.6804039259 699754440.78838515
C 10 100 1538660356.7547786 4054547831.9712734
D 10 100 177168740.44080633 781629408.46013641
E 10 100 2238.0782914523293 612647607.58318675
F 10 100 0.00018113117344584602 933503441.77673233
G 10 100 1935.2198577632046 529743673.63920057
H 10 100 45126217.813212499 1435691857.5629289
I 10 100 157159.98672976866 607777468.940395
J 10 100 0 974485132.8010211
K 10 100 804865230.11019051 7419592213.7182751
L 10 100 40530.039409419333 54204511.969197564
60 downlinks
0 4798 53082 56661.696495999997
1 53083 65378 56748.807657999998
2 69583 81788 58852.465277000003
3 101982 128282 17334.486729
4 134983 177358 60764.045818999999
5 177359 224775 24005.080918
6 232481 236678 18969.341575999999
7 242081 263441 18036.499982000001
8 286480 298552 52719.905522000001
9 307554 338163 54389.954824
10 362078 373852 17991.02982
11 393839 435558 61717.871531999997
12 436206 481755 24930.695499000001
13 500677 524316 22398.438724
14 539312 567759 17244.778962
15 570575 582913 18220.925300999999
16 599675 611235 58678.576760000004
17 614434 654273 58555.537063999996
18 654274 669159 18992.23504
19 686974 723495 13796.402593000001
20 738990 777271 59962.626314000001
21 777272 783181 23204.996364999999
22 800612 823747 60314.874481999999
23 826171 842579 18020.649063000001
24 884912 912352 17416.188300000002
25 938369 958655 17116.766715000002
26 959367 965865 60234.572946
27 969867 989960 16963.427941999998
28 997858 1040196 60809.052052999999
29 1040197 1065276 23716.228502000002
30 1065865 1073367 18029.108412000001
31 1077025 1080105 60100.563959999999
32 1144112 1170537 17729.224104000001
33 1203863 1215945 17589.138943000002
34 1218621 1250960 58302.529763999999
35 1250961 1268405 18080.346756999999
36 1276761 1304397 55874.873438000002
37 1310359 1333585 60291.091052000003
38 1343024 1385346 60832.041154999999
39 1385347 1423456 24945.773354000001
40 1423457 1447270 18650.039686
41 1489712 1515327 17801.393711000001
42 1515760 1518903 18241.361444999999
43 1535354 1558187 24067.369501000001
44 1559352 1583335 56712.888793999999
45 1609452 1618307 58370.132263
46 1621823 1642663 58005.525035999999
47 1644214 1682049 24930.123806
48 1682050 1703223 16739.689300999999
49 1748912 1773479 18181.419744999999
50 1795447 1821063 18610.315675999998
51 1822505 1860893 59847.283359000001
52 1862345 1878420 18063.419893999999
53 1883045 1907850 18186.627066000001
54 1908902 1924749 56843.492619999997
55 1947082 1980541 9175.5815739999998
56 1980542 1992031 9288.5908459999991
57 1995299 2033298 29976.478185
58 2035439 2052476 8340.6453669999992
59 2061839 2072142 28164.287346000001
0 opportunities for A
0 opportunities for B
0 opportunities for C
0 opportunities for D
0 opportunities for E
0 opportunities for F
0 opportunities for G
0 opportunities for H
0 opportunities for I
0 opportunities for J
0 opportunities for K
0 opportunities for L
912 events for A
14372 12910592
14373 0
14602 12910592
14603 0
15142 12910592
15143 0
15372 12910592
15373 0
32160 12910592
32161 0
32420 12910592
32421 0
33000 12910592
33001 0
33260 12910592
33261 0
49948 12910592
49949 0
50208 12910592
50209 0
50788 12910592
50789 0
51048 12910592
51049 0
67736 12910592
67737 0
67996 12910592
67997 0
68576 12910592
68577 0
68836 12910592
68837 0
85525 12910592
85526 0
85785 12910592
85786 0
86365 12910592
86366 0
86625 12910592
86626 0
103313 12910592
103314 0
103573 12910592
103574 0
104153 12910592
104154 0
104413 12910592
104414 0
121101 12910592
121102 0
121361 12910592
121362 0
121941 12910592
121942 0
122201 12910592
122202 0
138889 12910592
138890 0
139149 12910592
139150 0
139729 12910592
139730 0
139989 12910592
139990 0
156678 12910592
156679 0
156938 12910592
156939 0
157518 12910592
157519 0
157778 12910592
157779 0
174466 12910592
174467 0
174726 12910592
174727 0
175306 12910592
175307 0
175566 12910592
175567 0
192254 12910592
192255 0
192514 12910592
192515 0
193094 12910592
193095 0
193354 12910592
193355 0
210042 12910592
210043 0
210302 12910592
210303 0
210882 12910592
210883 0
211142 12910592
211143 0
227831 12910592
227832 0
228091 12910592
228092 0
228671 12910592
228672 0
228931 12910592
228932 0
245019 12910592
245020 0
245279 12910592
245280 0
245859 12910592
245860 0
246119 12910592
246120 0
261907 12910592
261908 0
262167 12910592
262168 0
262747 12910592
262748 0
263007 12910592
263008 0
280807 12910592
280808 0
281037 12910592
281038 0
281577 12910592
281578 0
281807 12910592
281808 0
300436 12910592
300437 0
300696 12910592
300697 0
301276 12910592
301277 0
301536 12910592
301537 0
318950 12910592
318951 0
319210 12910592
319211 0
319790 12910592
319791 0
320050 12910592
320051 0
337464 12910592
337465 0
337724 12910592
337725 0
338304 12910592
338305 0
338564 12910592
338565 0
355978 12910592
355979 0
356238 12910592
356239 0
356818 12910592
356819 0
357078 12910592
357079 0
374493 12910592
374494 0
374753 12910592
374754 0
375333 12910592
375334 0
375593 12910592
375594 0
393007 12910592
393008 0
393267 12910592
393268 0
393847 12910592
393848 0
394107 12910592
394108 0
411521 12910592
411522 0
411781 12910592
411782 0
412361 12910592
412362 0
412621 12910592
412622 0
430036 12910592
430037 0
430296 12910592
430297 0
430876 12910592
430877 0
431136 12910592
431137 0
448550 12910592
448551 0
448810 12910592
448811 0
449390 12910592
449391 0
449650 12910592
449651 0
467064 12910592
467065 0
467324 12910592
467325 0
467904 12910592
467905 0
468164 12910592
468165 0
485578 12910592
485579 0
485838 12910592
485839 0
486418 12910592
486419 0
486678 12910592
486679 0
503493 12910592
503494 0
503753 12910592
503754 0
504333 12910592
504334 0
504593 12910592
504594 0
521107 12910592
521108 0
521367 12910592
521368 0
521947 12910592
521948 0
522207 12910592
522208 0
540007 12910592
540008 0
540267 12910592
540268 0
540847 12910592
540848 0
541107 12910592
541108 0
558986 12910592
558987 0
559246 12910592
559247 0
559826 12910592
559827 0
560086 12910592
560087 0
577175 12910592
577176 0
577435 12910592
577436 0
578015 12910592
578016 0
578275 12910592
578276 0
595365 12910592
595366 0
595625 12910592
595626 0
596205 12910592
596206 0
596465 12910592
596466 0
613554 12910592
613555 0
613814 12910592
613815 0
614394 12910592
614395 0
614654 12910592
614655 0
631744 12910592
631745 0
632004 12910592
632005 0
632584 12910592
632585 0
632844 12910592
632845 0
649933 12910592
649934 0
650163 12910592
650164 0
650703 12910592
650704 0
650933 12910592
650934 0
668123 12910592
668124 0
668383 12910592
668384 0
668963 12910592
668964 0
669223 12910592
669224 0
686312 12910592
686313 0
686572 12910592
686573 0
687152 12910592
687153 0
687412 12910592
687413 0
704502 12910592
704503 0
704762 12910592
704763 0
705342 12910592
705343 0
705602 12910592
705603 0
722691 12910592
722692 0
722951 12910592
722952 0
723531 12910592
723532 0
723791 12910592
723792 0
740881 12910592
740882 0
741141 12910592
741142 0
741721 12910592
741722 0
741981 12910592
741982 0
759070 12910592
759071 0
759330 12910592
759331 0
759910 12910592
759911 0
760170 12910592
760171 0
777260 12910592
777261 0
777520 12910592
777521 0
778100 12910592
778101 0
778360 12910592
778361 0
795449 12910592
795450 0
795709 12910592
795710 0
796289 12910592
796290 0
796549 12910592
796550 0
813639 12910592
813640 0
813899 12910592
813900 0
814479 12910592
814480 0
814739 12910592
814740 0
831828 12910592
831829 0
832088 12910592
832089 0
832668 12910592
832669 0
832928 12910592
832929 0
849418 12910592
849419 0
849678 12910592
849679 0
850258 12910592
850259 0
850518 12910592
850519 0
866707 12910592
866708 0
866967 12910592
866968 0
867547 12910592
867548 0
867807 12910592
867808 0
885607 12910592
885608 0
885837 12910592
885838 0
886377 12910592
886378 0
886607 12910592
886608 0
905236 12910592
905237 0
905496 12910592
905497 0
906076 12910592
906077 0
906336 12910592
906337 0
923750 12910592
923751 0
924010 12910592
924011 0
924590 12910592
924591 0
924850 12910592
924851 0
942264 12910592
942265 0
942524 12910592
942525 0
943104 12910592
943105 0
943364 12910592
943365 0
960778 12910592
960779 0
961038 12910592
961039 0
961618 12910592
961619 0
961878 12910592
961879 0
979293 12910592
979294 0
979553 12910592
979554 0
980133 12910592
980134 0
980393 12910592
980394 0
997807 12910592
997808 0
998067 12910592
998068 0
998647 12910592
998648 0
998907 12910592
998908 0
1016321 12910592
1016322 0
1016581 12910592
1016582 0
1017161 12910592
1017162 0
1017421 12910592
1017422 0
1034836 12910592
1034837 0
1035096 12910592
1035097 0
1035676 12910592
1035677 0
1035936 12910592
1035937 0
1053350 12910592
1053351 0
1053610 12910592
1053611 0
1054190 12910592
1054191 0
1054450 12910592
1054451 0
1071864 12910592
1071865 0
1072124 12910592
1072125 0
1072704 12910592
1072705 0
1072964 12910592
1072965 0
1090378 12910592
1090379 0
1090638 12910592
1090639 0
1091218 12910592
1091219 0
1091478 12910592
1091479 0
1108293 12910592
1108294 0
1108553 12910592
1108554 0
1109133 12910592
1109134 0
1109393 12910592
1109394 0
1125907 12910592
1125908 0
1126167 12910592
1126168 0
1126747 12910592
1126748 0
1127007 12910592
1127008 0
1144807 12910592
1144808 0
1145067 12910592
1145068 0
1145647 12910592
1145648 0
1145907 12910592
1145908 0
1163786 12910592
1163787 0
1164046 12910592
1164047 0
1164626 12910592
1164627 0
1164886 12910592
1164887 0
1181975 12910592
1181976 0
1182235 12910592
1182236 0
1182815 12910592
1182816 0
1183075 12910592
1183076 0
1200165 12910592
1200166 0
1200425 12910592
1200426 0
1201005 12910592
1201006 0
1201265 12910592
1201266 0
1218354 12910592
1218355 0
1218614 12910592
1218615 0
1219194 12910592
1219195 0
1219454 12910592
1219455 0
1236544 12910592
1236545 0
1236804 12910592
1236805 0
1237384 12910592
1237385 0
1237644 12910592
1237645 0
1254733 12910592
1254734 0
1254963 12910592
1254964 0
1255503 12910592
1255504 0
1255733 12910592
1255734 0
1272923 12910592
1272924 0
1273183 12910592
1273184 0
1273763 12910592
1273764 0
1274023 12910592
1274024 0
1291112 12910592
1291113 0
1291372 12910592
1291373 0
1291952 12910592
1291953 0
1292212 12910592
1292213 0
1309302 12910592
1309303 0
1309562 12910592
1309563 0
1310142 12910592
1310143 0
1310402 12910592
1310403 0
1327491 12910592
1327492 0
1327751 12910592
1327752 0
1328331 12910592
1328332 0
1328591 12910592
1328592 0
1345681 12910592
1345682 0
1345941 12910592
1345942 0
1346521 12910592
1346522 0
1346781 12910592
1346782 0
1363870 12910592
1363871 0
1364130 12910592
1364131 0
1364710 12910592
1364711 0
1364970 12910592
1364971 0
1382060 12910592
1382061 0
1382320 12910592
1382321 0
1382900 12910592
1382901 0
1383160 12910592
1383161 0
1400249 12910592
1400250 0
1400509 12910592
1400510 0
1401089 12910592
1401090 0
1401349 12910592
1401350 0
1418439 12910592
1418440 0
1418699 12910592
1418700 0
1419279 12910592
1419280 0
1419539 12910592
1419540 0
1436628 12910592
1436629 0
1436888 12910592
1436889 0
1437468 12910592
1437469 0
1437728 12910592
1437729 0
1454218 12910592
1454219 0
1454478 12910592
1454479 0
1455058 12910592
1455059 0
1455318 12910592
1455319 0
1471507 12910592
1471508 0
1471767 12910592
1471768 0
1472347 12910592
1472348 0
1472607 12910592
1472608 0
1490407 12910592
1490408 0
1490637 12910592
1490638 0
1491177 12910592
1491178 0
1491407 12910592
1491408 0
1510036 12910592
1510037 0
1510296 12910592
1510297 0
1510876 12910592
1510877 0
1511136 12910592
1511137 0
1528550 12910592
1528551 0
1528810 12910592
1528811 0
1529390 12910592
1529391 0
1529650 12910592
1529651 0
1547064 12910592
1547065 0
1547324 12910592
1547325 0
1547904 12910592
1547905 0
1548164 12910592
1548165 0
1565578 12910592
1565579 0
1565838 12910592
1565839 0
1566418 12910592
1566419 0
1566678 12910592
1566679 0
1584093 12910592
1584094 0
1584353 12910592
1584354 0
1584933 12910592
1584934 0
1585193 12910592
1585194 0
1602607 12910592
1602608 0
1602867 12910592
1602868 0
1603447 12910592
1603448 0
1603707 12910592
1603708 0
1621121 12910592
1621122 0
1621381 12910592
1621382 0
1621961 12910592
1621962 0
1622221 12910592
1622222 0
1639636 12910592
1639637 0
1639896 12910592
1639897 0
1640476 12910592
1640477 0
1640736 12910592
1640737 0
1658150 12910592
1658151 0
1658410 12910592
1658411 0
1658990 12910592
1658991 0
1659250 12910592
1659251 0
1676664 12910592
1676665 0
1676924 12910592
1676925 0
1677504 12910592
1677505 0
1677764 12910592
1677765 0
1695178 12910592
1695179 0
1695438 12910592
1695439 0
1696018 12910592
1696019 0
1696278 12910592
1696279 0
1713093 12910592
1713094 0
1713353 12910592
1713354 0
1713933 12910592
1713934 0
1714193 12910592
1714194 0
1730707 12910592
1730708 0
1730967 12910592
1730968 0
1731547 12910592
1731548 0
1731807 12910592
1731808 0
1749607 12910592
1749608 0
1749867 12910592
1749868 0
1750447 12910592
1750448 0
1750707 12910592
1750708 0
1768586 12910592
1768587 0
1768846 12910592
1768847 0
1769426 12910592
1769427 0
1769686 12910592
1769687 0
1786775 12910592
1786776 0
1787035 12910592
1787036 0
1787615 12910592
1787616 0
1787875 12910592
1787876 0
1804965 12910592
1804966 0
1805225 12910592
1805226 0
1805805 12910592
1805806 0
1806065 12910592
1806066 0
1823154 12910592
1823155 0
1823414 12910592
1823415 0
1823994 12910592
1823995 0
1824254 12910592
1824255 0
1841344 12910592
1841345 0
1841604 12910592
1841605 0
1842184 12910592
1842185 0
1842444 12910592
1842445 0
1859533 12910592
1859534 0
1859763 12910592
1859764 0
1860303 12910592
1860304 0
1860533 12910592
1860534 0
1877723 12910592
1877724 0
1877983 12910592
1877984 0
1878563 12910592
1878564 0
1878823 12910592
1878824 0
1895912 12910592
1895913 0
1896172 12910592
1896173 0
1896752 12910592
1896753 0
1897012 12910592
1897013 0
1914102 12910592
1914103 0
1914362 12910592
1914363 0
1914942 12910592
1914943 0
1915202 12910592
1915203 0
1932291 12910592
1932292 0
1932551 12910592
1932552 0
1933131 12910592
1933132 0
1933391 12910592
1933392 0
1950481 12910592
1950482 0
1950741 12910592
1950742 0
1951321 12910592
1951322 0
1951581 12910592
1951582 0
1968670 12910592
1968671 0
1968930 12910592
1968931 0
1969510 12910592
1969511 0
1969770 12910592
1969771 0
1986860 12910592
1986861 0
1987120 12910592
1987121 0
1987700 12910592
1987701 0
1987960 12910592
1987961 0
2005049 12910592
2005050 0
2005309 12910592
2005310 0
2005889 12910592
2005890 0
2006149 12910592
2006150 0
2023239 12910592
2023240 0
2023499 12910592
2023500 0
2024079 12910592
2024080 0
2024339 12910592
2024340 0
2041428 12910592
2041429 0
2041688 12910592
2041689 0
2042268 12910592
2042269 0
2042528 12910592
2042529 0
2059018 12910592
2059019 0
2059278 12910592
2059279 0
2059858 12910592
2059859 0
2060118 12910592
2060119 0
2076307 12910592
2076308 0
2076567 12910592
2076568 0
2077147 12910592
2077148 0
2077407 12910592
2077408 0
21 events for B
262646 0
280166 1370
521846 0
539366 1370
867446 0
885146 600
885326 1300
1125206 600
1125406 0
1144346 600
1144526 1300
1471690 700
1471735 0
1489946 600
1490186 1300
1731006 700
1731051 0
1749146 600
1749386 1300
2076346 700
2076391 0
351 events for C
1690 0
8934 117965
9024 125479
9765 7514
10794 125479
11565 7514
12585 0
16999 117965
17089 119538
17830 1573
18859 119538
19630 1573
20659 119538
21430 1573
22459 119538
23230 1573
24259 119538
25030 1573
30250 0
34787 117965
34877 119538
35618 1573
36647 119538
37418 1573
38447 119538
39218 1573
40247 119538
41018 7514
42047 119538
42818 1573
48038 0
50475 117965
50565 125479
51306 7514
51726 0
289674 117965
289824 125479
290445 7514
290874 125479
291645 7514
292074 125479
292845 7514
293454 125479
294225 7514
298485 0
303063 117965
303153 125479
303894 7514
304323 125479
305094 7514
305523 125479
306294 7514
306723 125479
307494 7514
310314 0
311334 117965
311424 124709
312165 6744
312594 124709
313365 6744
313794 124709
314565 6744
314994 124709
315765 6744
316785 0
319477 117965
319567 124709
320308 6744
320737 124709
321508 6744
321937 124709
322708 6744
323137 124709
323908 6744
324937 124709
325708 6744
326737 124709
327508 6744
328537 124709
329308 6744
335728 0
340091 117965
340181 124709
340922 6744
341351 124709
342122 6744
342551 124709
343322 6744
343751 124709
344522 6744
345551 124709
346322 6744
353942 0
356505 117965
356595 124709
357336 7514
357341 6744
357765 124709
358536 6744
358965 124709
359736 6744
360165 124709
360936 6744
361965 124709
362736 6744
363765 124709
364536 6744
372756 0
377120 117965
377210 124709
377951 6744
378380 124709
379151 6744
379580 124709
380351 6744
380780 124709
381551 6744
381980 124709
382751 6744
384380 124709
385151 6744
390971 0
393534 117965
393624 124709
394365 6744
394794 124709
395565 6744
395994 124709
396765 6744
397185 0
546774 117965
546924 119538
546945 1573
547974 119538
548745 1573
549174 119538
549945 1573
550554 119538
551325 1573
551754 119538
552525 1573
553014 119538
553785 1573
554214 119538
554985 1573
556185 0
561613 117965
561703 119538
562444 1573
562873 119538
563644 1573
564073 119538
564844 1573
565273 119538
566044 1573
566473 119538
567244 1573
570064 0
892584 14189
893265 58982
893364 7514
893650 0
893694 73171
895065 7514
900414 66496
901785 7514
902685 0
907863 58982
907953 66496
909294 7514
911523 66496
912894 7514
913323 66496
914694 7514
915114 0
915834 58982
915924 66496
917265 7514
917650 0
917694 58982
919065 7514
922185 0
924277 58982
924367 66496
925708 7514
926093 0
926137 58982
927508 7514
930928 0
931211 58982
931301 66496
932642 7514
933027 0
933071 58982
934442 7514
940742 0
944891 58982
944981 66496
946322 7514
950642 0
950934 58982
951024 66496
952365 7514
956685 0
1152624 7514
1162245 0
1166503 7514
1169644 0
1170024 7514
1175085 0
1283124 7514
1289565 0
1291728 179338
1291830 0
1293419 7514
1307770 0
1312019 7514
1325960 0
1496634 19661
1496724 27175
1497405 7514
1498074 27175
1498845 7514
1499094 27175
1499865 7514
1500534 27175
1501305 7514
1501554 27175
1502325 7514
1502994 27175
1503765 7514
1504014 27175
1504785 7514
1505454 27175
1506225 7514
1506474 27175
1507245 7514
1507485 0
1512774 19661
1512864 27175
1513425 7514
1513554 27175
1514205 7514
1514754 27175
1515345 7514
1515534 27175
1516185 7514
1516734 27175
1517385 7514
1517514 27175
1518165 7514
1518714 27175
1519365 7514
1519494 27175
1520145 7514
1520694 27175
1521345 7514
1521474 27175
1522125 7514
1522674 27175
1523325 7514
1523454 27175
1524105 7514
1524225 0
1755924 7514
1757994 66496
1759365 7514
1762554 66496
1763925 7514
1767045 0
1771213 58982
1771303 66496
1772584 7514
1775833 66496
1777204 7514
1777444 0
1777734 58982
1777824 66496
1779105 7514
1782354 66496
1783725 7514
1785225 0
1787302 58982
1787392 66496
1788673 7514
1791922 66496
1793293 7514
1797253 0
1797534 58982
1797624 66496
1798905 7514
1801854 66496
1803225 7514
1803405 0
1807592 58982
1807682 66496
1808963 7514
1810352 66496
1811723 7514
1812263 0
1812534 58982
1812624 66496
1813905 7514
1818894 66496
1820265 7514
1821585 0
1823681 117965
1823771 124709
1824632 6744
1825541 124709
1826432 6744
1827341 124709
1828232 6744
1829141 124709
1830032 6744
1830941 124709
1831832 6744
1832741 124709
1833632 6744
1834541 124709
1835432 6744
1839812 0
1843971 117965
1844061 124709
1844922 6744
1845831 124709
1846722 6744
1847631 124709
1848522 6744
1849431 124709
1850322 6744
1851231 124709
1852122 6744
1853031 124709
1853922 6744
1854831 124709
1855722 6744
1856631 124709
1857522 6744
1858002 0
1862160 117965
1862250 124709
1863111 6744
1864020 124709
1864911 6744
1865811 0
1880685 169032
1882005 45609
1883330 0
2059635 7514
2066796 0
158 events for D
26705 1727
33904 2754
62705 1727
69904 2754
98705 1727
105904 2754
150905 1727
159904 1830
186905 1727
195904 1830
222905 1727
222915 3917
231904 4021
242704 4944
244515 2754
258605 1727
280504 2754
294905 1727
302104 2754
330905 1727
338104 1830
370505 1727
377704 1830
406505 1727
413704 1830
442505 1727
449704 2754
480305 1727
487504 2754
519305 1727
522015 1664
522315 1727
525315 3917
537904 4944
555905 3917
561304 4944
588305 3917
590115 1727
599104 2754
611677 1471
627905 444
635104 1471
663905 444
671104 1471
699905 444
707104 1471
708915 3662
752105 2635
761104 2738
763706 2685
789905 2581
800704 3608
812906 3662
813315 1471
825905 444
833104 548
864905 444
865182 0
865183 444
867315 382
867615 444
883504 548
901505 444
906904 1471
914115 3662
914137 4944
935705 3917
946504 4944
950115 2754
957337 1471
966304 548
975305 444
982504 548
996686 798
1011305 695
1018504 798
1040126 548
1047305 444
1058104 1471
1086905 444
1094104 1471
1123805 444
1144504 1471
1158905 444
1166104 1471
1194905 444
1202104 1471
1212915 1409
1213215 1471
1230905 444
1239904 548
1263315 2738
1268705 2635
1275904 2738
1299315 548
1304705 444
1310104 548
1322705 444
1331704 548
1358705 444
1367704 548
1385715 485
1386015 2738
1394705 2635
1403704 3662
1410937 4944
1432505 3917
1439704 4944
1454082 5195
1469405 4168
1488304 5195
1497326 4944
1497337 3662
1500915 1471
1506305 444
1511704 1471
1522504 548
1542305 444
1551304 548
1562115 485
1562415 548
1580105 444
1587304 1471
1616105 444
1626904 548
1652105 444
1659304 548
1691705 444
1698904 548
1728905 444
1731315 382
1731615 444
1749304 548
1763705 444
1770904 548
1770915 2738
1799705 2635
1806904 3662
1835705 2635
1842904 2738
1850115 548
1850126 798
1873505 695
1882504 798
1904115 736
1904126 485
1904415 548
1909505 444
1914904 548
1927505 444
1936504 548
1963505 444
1972504 548
1999505 444
2008504 1471
2037305 444
2044504 548
2074505 444
60 events for E
26230 0
53523 3276
68523 0
68583 873
97383 0
142465 3276
157465 0
157525 873
186325 0
213618 3276
228618 0
228678 873
257478 0
397308 3276
412308 0
412368 873
441168 0
559833 873
588633 0
632591 873
661391 0
781236 3276
796236 0
796296 873
825096 0
882854 4096
891054 0
980140 4096
988340 0
1054197 4096
1062397 0
1142054 4096
1150254 0
1164633 665
1193793 0
1237391 4096
1245591 0
1310149 4096
1318349 0
1401096 4096
1409296 0
1487654 4096
1495854 0
1584940 4096
1593140 0
1658997 4096
1667197 0
1746854 4096
1755054 0
1769433 665
1798593 0
1842191 4096
1850391 0
1914949 4096
1923149 0
2005896 4096
2014096 0
2092454 1365
2092634 0
2094434 1365
254 events for F
5381 12910592
5382 0
17621 1089536
17622 0
26686 12910592
26687 0
36881 12910592
36882 0
46486 12910592
46487 0
55481 12910592
55482 0
64481 1089536
64482 0
73781 12910592
73782 0
82181 1089536
82182 0
89681 12910592
89682 0
93586 12910592
93587 0
232606 12910592
232607 0
235481 1089536
235482 0
239081 12910592
239082 0
242861 12910592
242862 0
249881 1089536
249882 0
253186 12910592
253187 0
256481 12910592
256482 0
284081 12910592
284082 0
291161 1089536
291162 0
298301 12910592
298302 0
305206 12910592
305207 0
310481 1089536
310482 0
316781 12910592
316782 0
320081 12910592
320082 0
325486 12910592
325487 0
330881 1089536
330882 0
335321 12910592
335322 0
379241 12910592
379242 0
383081 1089536
383082 0
386686 12910592
386687 0
390881 1089536
390882 0
394181 12910592
394182 0
396881 12910592
396882 0
402881 1089536
402882 0
405706 12910592
405707 0
468526 12910592
468527 0
473081 12910592
473082 0
478181 1089536
478182 0
482681 12910592
482682 0
490906 12910592
490907 0
505241 12910592
505242 0
509081 1089536
509082 0
512681 12910592
512682 0
516281 1089536
516282 0
518981 12910592
518982 0
578321 12910592
578322 0
582286 12910592
582287 0
585881 1089536
585882 0
589481 12910592
589482 0
593201 1089536
593202 0
600101 12910592
600102 0
603706 12910592
603707 0
607301 1089536
607302 0
611381 12910592
611382 0
709241 12910592
709242 0
712846 12910592
712847 0
716441 1089536
716442 0
720521 12910592
720522 0
723821 1089536
723822 0
727421 12910592
727422 0
731021 1089536
731022 0
734626 12910592
734627 0
738701 12910592
738702 0
889786 12910592
889787 0
894431 12910592
894432 0
902081 12910592
902082 0
910015 12910592
910016 0
921474 12910592
921475 0
940138 12910592
940139 0
947038 12910592
947039 0
949519 12910592
949520 0
953681 12910592
953682 0
957282 12910592
957283 0
961957 12910592
961958 0
969559 12910592
969560 0
977167 12910592
977168 0
984299 12910592
984300 0
991481 12910592
991482 0
1001681 12910592
1001682 0
1145981 12910592
1145982 0
1153820 12910592
1153821 0
1168560 12910592
1168561 0
1174186 12910592
1174187 0
1183449 12910592
1183450 0
1190744 12910592
1190745 0
1196386 12910592
1196387 0
1207481 12910592
1207482 0
1215282 12910592
1215283 0
1219528 12910592
1219529 0
1223253 12910592
1223254 0
1226853 12910592
1226854 0
1234178 12910592
1234179 0
1241743 12910592
1241744 0
1250687 12910592
1250688 0
1258187 12910592
1258188 0
1264366 12910592
1264367 0
1270377 12910592
1270378 0
1494311 12910592
1494312 0
1506281 12910592
1506282 0
1514810 12910592
1514811 0
1519760 12910592
1519761 0
1521886 12910592
1521887 0
1530024 12910592
1530025 0
1538081 12910592
1538082 0
1543366 12910592
1543367 0
1553081 12910592
1553082 0
1559680 12910592
1559681 0
1560882 12910592
1560883 0
1567057 12910592
1567058 0
1573781 12910592
1573782 0
1581967 12910592
1581968 0
1588872 12910592
1588873 0
1594524 12910592
1594525 0
1600181 12910592
1600182 0
1611388 12910592
1611389 0
1618695 12910592
1618696 0
1750786 12910592
1750787 0
1762220 12910592
1762221 0
1773365 12910592
1773366 0
1784649 12910592
1784650 0
1787949 12910592
1787950 0
1795394 12910592
1795395 0
1802839 12910592
1802840 0
1809881 12910592
1809882 0
1815881 12910592
1815882 0
1820986 12910592
1820987 0
59 events for G
27419 0
54712 3276
69712 0
69772 873
98572 0
143654 3276
158654 0
158714 873
187514 0
214807 3276
229807 0
229867 873
258667 0
398497 3276
413497 0
413557 873
442357 0
561022 873
589822 0
633780 873
662580 0
782425 3276
797425 0
797485 873
826285 0
884043 4096
892243 0
981329 4096
989529 0
1055386 4096
1063586 0
1143243 4096
1151443 0
1165822 665
1194982 0
1238580 4096
1246780 0
1311338 4096
1319538 0
1402285 4096
1410485 0
1488843 4096
1497043 0
1586129 4096
1594329 0
1660186 4096
1668386 0
1748043 4096
1756243 0
1770622 665
1799782 0
1843380 4096
1851580 0
1916138 4096
1924338 0
2007085 4096
2015285 0
2093643 1365
2093823 0
30 events for H
7216 1642
13281 2414
15121 1642
50716 2414
93316 1642
279716 2414
281556 1642
412730 2414
482416 1642
648842 2414
650682 1642
865516 0
865517 1285
884516 2414
886356 1285
1217463 2057
1233313 1285
1237753 2057
1253642 2414
1255882 2057
1269512 1285
1489316 2414
1491156 1285
1858442 2414
1860282 1285
1878932 2057
1929300 706
2043256 2057
2075116 706
2094116 2414
2 events for I
868193 0
868194 74
32 events for J
209204 10000000
209205 0
251133 10000000
251134 0
293781 10000000
293782 0
336699 10000000
336700 0
379677 10000000
379678 0
422534 10000000
422535 0
465064 10000000
465065 0
507049 10000000
507050 0
548542 10000000
548543 0
590192 10000000
590193 0
632649 10000000
632650 0
675950 10000000
675951 0
719865 10000000
719866 0
764221 10000000
764222 0
808958 10000000
808959 0
854180 10000000
854181 0
508 events for K
95265 718864
95266 0
95875 718864
95876 0
96506 3748528
96509 0
96765 718864
96766 0
97375 718864
97376 0
98006 3748528
98009 0
98265 718864
98266 0
98875 718864
98876 0
99506 3748528
99509 0
107025 718864
107026 0
107635 718864
107636 0
108266 3748528
108269 0
108525 718864
108526 0
109135 718864
109136 0
109766 3748528
109769 0
110025 718864
110026 0
110635 718864
110636 0
111266 3748528
111269 0
141686 4313184
141687 2310336
141688 0
141817 4313184
141819 0
141962 192528
141963 0
142267 2156592
142268 0
142586 3594320
142587 962640
142588 0
142634 3594320
142635 962640
142636 0
142905 718864
142906 0
142915 718864
142916 0
142925 718864
142926 0
142935 718864
142936 0
142945 718864
142946 0
142955 718864
142956 0
142965 718864
142966 0
142975 718864
142976 0
142985 718864
142986 0
142995 718864
142996 0
143005 718864
143006 0
143015 718864
143016 0
143025 718864
143026 0
143035 718864
143036 0
143045 718864
143046 0
143055 718864
143056 0
143065 718864
143066 0
143085 192528
143086 0
143095 192528
143096 0
143105 192528
143106 0
143115 192528
143116 0
143125 192528
143126 0
143135 192528
143136 0
143145 192528
143146 0
143155 192528
143156 0
143165 192528
143166 0
143175 192528
143176 0
143185 192528
143186 0
143195 192528
143196 0
143205 192528
143206 0
248786 4494818
248787 3748528
248790 0
248796 4494818
248801 0
248846 4494818
248851 0
248906 4494818
248907 3748528
248910 0
248916 4494818
248921 0
248966 4494818
248971 0
249026 4494818
249031 0
249036 4494818
249041 0
249086 4494818
249087 3748528
249090 0
252986 4494818
252987 3748528
252990 0
252996 4494818
253001 0
253046 4494818
253051 0
253106 4494818
253107 3748528
253110 0
253116 4494818
253121 0
253166 4494818
253171 0
253226 4494818
253231 0
253236 4494818
253241 0
253286 4494818
253287 3748528
253290 0
290210 82880
290211 0
290220 82880
290221 0
290230 82880
290231 0
290261 82880
290262 0
290271 82880
290272 0
290281 82880
290282 0
339662 3748528
339665 0
343262 3748528
343265 0
346862 3748528
346865 0
350462 3748528
350465 0
353882 3748528
353885 0
356076 3748528
356079 0
359676 3748528
359679 0
363276 3748528
363279 0
366876 3748528
366879 0
370476 3748528
370479 0
376691 3748528
376694 0
380291 3748528
380294 0
383891 3748528
383894 0
387491 3748528
387494 0
390911 3748528
390914 0
393105 3748528
393108 0
396705 3748528
396708 0
398279 3748528
398282 0
398289 3748528
398292 0
398879 3748528
398882 0
398889 3748528
398892 0
401193 3748528
401196 0
401203 3748528
401206 0
401793 3748528
401796 0
401803 3748528
401806 0
408093 3748528
408096 0
408103 3748528
408106 0
408693 3748528
408696 0
408703 3748528
408706 0
426693 3748528
426696 0
426703 3748528
426706 0
427293 3748528
427296 0
427303 3748528
427306 0
490176 2824208
490177 0
490296 2824208
490297 0
490416 2824208
490417 0
490896 2824208
490897 0
491016 2824208
491017 0
491136 2824208
491137 0
491616 2824208
491617 0
491736 2824208
491737 0
491856 2824208
491857 0
492336 2824208
492337 0
492456 2824208
492457 0
492576 2824208
492577 0
493056 2824208
493057 0
493176 2824208
493177 0
493296 2824208
493297 0
493776 2824208
493777 0
493896 2824208
493897 0
494016 2824208
494017 0
494496 2824208
494497 0
494616 2824208
494617 0
494736 2824208
494737 0
495216 2824208
495217 0
495336 2824208
495337 0
495456 2824208
495457 0
495936 2824208
495937 0
496056 2824208
496057 0
496176 2824208
496177 0
496596 2824208
496597 0
496716 2824208
496717 0
496836 2824208
496837 0
497376 2824208
497377 0
497496 2824208
497497 0
497616 2824208
497617 0
500291 2824208
500292 0
500382 3748528
500385 0
500591 2824208
500592 0
500661 2824208
500662 0
500872 3765611
500875 0
504191 2824208
504192 0
504282 3748528
504285 0
504491 2824208
504492 0
504561 2824208
504562 0
504772 3765611
504775 0
506291 2824208
506292 0
506382 3748528
506385 0
506591 2824208
506592 0
506661 2824208
506662 0
506872 3765611
506875 0
507791 2824208
507792 0
507882 3748528
507885 0
508091 2824208
508092 0
508161 2824208
508162 0
508372 3765611
508375 0
517905 2824208
517906 0
517996 3748528
517999 0
518205 2824208
518206 0
518275 2824208
518276 0
518486 3765611
518489 0
577253 3748528
577256 0
577268 5000000
577286 0
579053 3748528
579056 0
579068 5000000
579086 0
580853 3748528
580856 0
580868 5000000
580886 0
582653 3748528
582656 0
582668 5000000
582686 0
584453 3748528
584456 0
584468 5000000
584486 0
586253 3748528
586256 0
586268 5000000
586286 0
588053 3748528
588056 0
588068 5000000
588086 0
589853 3748528
589856 0
589868 5000000
589886 0
591653 3748528
591656 0
591668 5000000
591686 0
597543 3748528
597546 0
597558 5000000
597576 0
599343 3748528
599346 0
599358 5000000
599376 0
601143 3748528
601146 0
601158 5000000
601176 0
602943 3748528
602946 0
602958 5000000
602976 0
604743 3748528
604746 0
604758 5000000
604776 0
606543 3748528
606546 0
606558 5000000
606576 0
608343 3748528
608346 0
608358 5000000
608376 0
610143 3748528
610146 0
610158 5000000
610176 0
656205 3748528
656208 0
656225 3748528
656228 0
656245 3748528
656248 0
662505 3748528
662508 0
662525 3748528
662528 0
662545 3748528
662548 0
670321 3748528
670324 0
670341 3748528
670344 0
670361 3748528
670364 0
676621 3748528
676624 0
676641 3748528
676644 0
676661 3748528
676664 0
682921 3748528
682924 0
682941 3748528
682944 0
682961 3748528
682964 0
688321 3748528
688324 0
688341 3748528
688344 0
688361 3748528
688364 0
693121 3748528
693124 0
693141 3748528
693144 0
693161 3748528
693164 0
697921 3748528
697924 0
697941 3748528
697944 0
697961 3748528
697964 0
701900 3748528
701903 0
701920 3748528
701923 0
701940 3748528
701943 0
1060946 226158674
1060951 0
1082546 20242052
1082551 0
1104146 20242052
1104151 0
1168946 178452312
1168948 8996469
1168953 0
1298546 18598775
1298551 0
1320146 22542416
1320151 0
1341746 57946826
1341751 0
1363346 112491168
1363351 0
1384946 89992935
1384951 0
1445609 90225847
1445610 99456
1445611 17992937
1445616 0
1514547 36047367
1514552 0
1536147 39436416
1536152 0
1644147 79610631
1644152 0
1665747 77494701
1665752 0
1773747 73767533
1773752 0
1795347 221441780
1795352 0
2054547 47723996
2054552 0
2071497 12683312
2071502 0
2 events for L
867480 0
867481 18
