12 instruments
A 10 100 183507440.74517861 809594356.20986629
B 10 100 2665037.1650940888 921958803.05957663
C 10 100 40786.332763907049 54547276.407707497
D 10 100 45126217.813212499 1435691857.5629289
E 10 100 0 895660078.44187188
F 10 100 128045.25187067324 495183416.02819836
G 10 100 0 938631764.34521866
H 10 100 0.000155227 800000000
I 10 100 0.00017956089109901502 925410610.77784157
J 10 100 20805.899747385713 886615046.05336845
K 10 100 0.00018444817663405244 950598422.35720563
L 10 100 815344000 7516190000
140 downlinks
0 1 23814 18650.039686
1 66256 91871 17801.393711000001
2 92304 95447 18241.361444999999
3 111898 134731 24067.369501000001
4 135896 159879 56712.888793999999
5 185996 194851 58370.132263
6 198367 219207 58005.525035999999
7 220758 258593 24930.123806
8 258594 279767 16739.689300999999
9 325456 350023 18181.419744999999
10 371991 397607 18610.315675999998
11 399049 437437 59847.283359000001
12 438889 454964 18063.419893999999
13 459589 484394 18186.627066000001
14 485446 501293 56843.492619999997
15 523626 557085 9175.5815739999998
16 557086 568575 9288.5908459999991
17 571843 609842 29976.478185
18 611983 629020 8340.6453669999992
19 638383 648686 28164.287346000001
20 671056 693639 9615.6592349999992
21 715781 744277 8936.4976299999998
22 744278 748101 29078.912095
23 763778 771225 8738.7729049999998
24 789406 824795 9283.3064869999998
25 824796 870574 9136.56639
26 870575 886982 8867.2325060000003
27 902409 906815 30843.021497000002
28 930256 947025 8651.5363890000008
29 948572 971479 8598.6086899999991
30 974372 1002868 28620.571626000001
31 1002869 1013789 29488.2804
32 1017029 1039429 29574.456625999999
33 1045469 1058806 8990.2936559999998
34 1061369 1090251 27889.095755999999
35 1092266 1102395 27279.489213000001
36 1105246 1108471 29339.122920000002
37 1114766 1123592 30467.823106
38 1133066 1144616 9273.8508989999991
39 1147871 1169107 28091.132868000001
40 1169969 1214008 9462.077765
41 1214009 1229342 8739.387213
42 1269856 1284760 27177.101999999999
43 1300309 1324418 28867.988366000001
44 1325359 1347887 8757.0573490000006
45 1386610 1428858 30482.278361000001
46 1428859 1465752 9337.789702
47 1465753 1494214 8515.7706749999998
48 1535056 1549939 8900.7025030000004
49 1552149 1577938 8778.3355150000007
50 1577949 1606321 29886.497736000001
51 1608846 1636087 29243.536622
52 1636806 1641019 26517.245249
53 1645515 1659787 8834.4018649999998
54 1679046 1690421 9457.9623840000004
55 1702442 1722338 28164.872808
56 1731817 1774046 30503.298975000002
57 1774047 1796462 8691.2845450000004
58 1796938 1806933 8525.9525360000007
59 1809598 1813351 28086.786929000002
60 1874656 1902600 9305.8530659999997
61 1904424 1908938 9003.7058219999999
62 1934335 1950096 29720.859928999998
63 1983089 1986746 28196.056719
64 1990728 2007441 8724.7512220000008
65 2009031 2036366 9238.0711549999996
66 2037287 2077031 29465.914934
67 2077032 2085008 8736.7051790000005
68 2108027 2122041 8623.2506759999997
69 2133856 2156105 8421.9856619999991
70 2160346 2180205 27549.328343000001
71 2192023 2209282 29572.320551000001
72 2211579 2241718 29086.290951999999
73 2241819 2270494 8813.8421070000004
74 2278719 2295685 29493.047434
75 2303615 2327106 27435.630709000001
76 2327997 2339525 29792.428981000001
77 2342615 2352498 8997.6095590000004
78 2355515 2378702 26654.011493000002
79 2393056 2416181 8664.3956859999998
80 2416411 2442270 8910.3347130000002
81 2485456 2505453 9263.3037550000008
82 2508562 2514794 8194.1372179999998
83 2526507 2539170 8812.3468479999992
84 2558003 2559834 28513.272391999999
85 2586678 2590839 29797.943813000002
86 2594870 2629702 9287.2106050000002
87 2629703 2640455 9493.8769009999996
88 2643859 2679939 29841.66733
89 2681178 2685856 9031.5484039999992
90 2744656 2756286 27058.173078
91 2758395 2761952 27764.822221999999
92 2765895 2782497 8866.3210920000001
93 2794382 2806542 30200.423556999998
94 2809654 2814498 9259.4321029999992
95 2818690 2842761 9457.3783449999992
96 2844490 2848318 29542.407908000001
97 2853796 2868639 8564.5545529999999
98 2877790 2900459 9335.3412189999999
99 2902986 2931712 27874.981927000001
100 2940106 2982261 30587.746092000001
101 2982262 3026414 9231.3874039999992
102 3026415 3042633 8609.2624169999999
103 3043982 3060214 8689.6108280000008
104 3068567 3070614 26609.79682
105 3090256 3109861 8915.2263710000007
106 3112726 3142676 9094.9622560000007
107 3142677 3160391 8333.9255690000009
108 3160973 3167314 27500.430241999999
109 3181391 3197744 8601.7316499999997
110 3199037 3233950 9100.8958739999998
111 3247668 3260957 9427.4328960000003
112 3263928 3274340 27243.904355999999
113 3276768 3298488 8431.3051790000009
114 3327484 3329806 27636.251289
115 3349456 3368744 8831.2619180000002
116 3369852 3386451 8966.6639699999996
117 3394063 3399814 54396.705881000002
118 3403606 3417634 58970.262822999997
119 3420219 3449258 57826.355975999999
120 3449259 3460003 17374.699861000001
121 3475359 3502150 57611.601310999999
122 3502359 3534439 59023.283414999998
123 3535181 3540931 55193.106121999997
124 3544287 3586404 25530.421285
125 3586405 3630600 29269.697155999998
126 3630601 3634691 16830.732371999999
127 3647849 3662516 28226.256141999998
128 3664846 3667397 60093.408818999997
129 3707844 3737543 58272.632834999997
130 3737544 3744818 61499.660580999996
131 3759021 3780318 28538.149495000001
132 3793866 3799688 18090.695755000001
133 3803231 3818443 23661.293665000001
134 3820340 3848294 28757.617953000001
135 3848295 3890591 56137.919716999997
136 3891735 3908629 23437.772314999998
137 3923835 3936475 55980.942202999999
138 3949690 3963542 60635.164006999999
139 3966430 3997357 23619.145155999999
0 opportunities for A
0 opportunities for B
0 opportunities for C
0 opportunities for D
0 opportunities for E
0 opportunities for F
0 opportunities for G
0 opportunities for H
0 opportunities for I
0 opportunities for J
0 opportunities for K
0 opportunities for L
290 events for A
9229 3917
16428 4944
30806 5195
46129 4168
65028 5195
74050 4944
74061 3662
77639 1471
83029 444
88428 1471
99228 548
119029 444
128028 548
138839 485
139139 548
156829 444
164028 1471
192829 444
203628 548
228829 444
236028 548
268429 444
275628 548
305629 444
308039 382
308339 444
326028 548
340429 444
347628 548
347639 2738
376429 2635
383628 3662
412429 2635
419628 2738
426839 548
426850 798
450229 695
459228 798
480839 736
480850 485
481139 548
486229 444
491628 548
504229 444
513228 548
540229 444
549228 548
576229 444
585228 1471
614029 444
621228 548
651229 444
671628 548
687829 444
693228 548
725629 444
732828 548
761629 444
768828 548
797629 444
806628 548
826739 485
827039 548
833629 444
842628 548
871429 444
880428 548
910429 444
930828 548
946429 444
952428 548
981229 444
988428 548
1017229 444
1024428 548
1055629 444
1060428 548
1089229 444
1103628 548
1145029 444
1154028 548
1172039 2738
1181029 2635
1190028 2738
1191839 548
1218829 444
1226028 548
1256029 444
1258418 240
1269228 344
1272839 2534
1290829 2431
1290839 240
1298028 344
1328629 240
1337628 344
1366429 240
1373628 344
1402429 240
1413228 344
1438429 240
1447428 344
1476229 240
1483428 344
1515229 240
1535628 344
1550029 240
1557228 344
1586029 240
1593228 344
1622029 240
1632828 344
1659829 240
1665228 344
1695829 240
1701228 344
1749829 240
1758828 344
1777139 281
1777439 344
1787629 240
1794828 344
1823629 240
1830828 344
1860829 240
1861106 0
1861107 240
1864139 178
1864439 240
1877628 344
1897429 240
1906428 344
1933429 240
1942428 344
1971229 240
1978428 344
2007229 240
2014428 344
2036939 281
2037239 344
2043229 240
2050428 344
2081029 240
2090028 344
2118829 240
2133228 344
2136899 281
2137199 344
2190829 240
2201628 344
2226829 240
2234028 344
2252939 281
2253239 344
2264629 240
2270028 344
2302429 240
2309628 344
2336629 240
2345628 344
2376229 240
2382539 178
2382839 240
2392428 344
2428429 240
2435628 344
2464429 240
2468018 444
2486028 548
2500429 444
2507628 548
2514828 1471
2536461 2754
2538229 1727
2543628 1830
2548718 1626
2555279 1564
2555579 3817
2558061 2534
2576029 2431
2583228 2534
2612029 2431
2619228 2534
2620379 344
2640818 548
2648029 444
2655228 548
2687629 444
2694828 548
2723629 444
2727218 240
2729519 178
2729819 240
2745228 344
2759629 240
2766828 344
2774028 1267
2795629 240
2806428 344
2833429 240
2838828 344
2838850 594
2838861 1877
2860418 2081
2860428 3004
2882018 2800
2882028 1877
2882061 594
2894629 491
2900050 240
2900999 178
2901299 240
2903628 344
2937829 240
2946828 344
2995429 240
3002628 344
3017928 1267
3032329 240
3040428 1267
3069229 240
3072839 2431
3090828 2534
3107029 2431
3112428 2534
3141261 3817
3143029 3713
3148428 3817
3155639 1626
3180829 1523
3184461 240
3188028 1267
3209628 344
3216829 240
3224028 344
3227618 548
3245618 344
3252829 240
3260028 344
3290629 240
3299628 344
3328429 240
3350028 344
3400429 240
3407628 344
3436429 240
3443628 344
3472429 240
3481428 344
3510229 240
3515628 344
3540828 1267
3548018 1471
3562429 444
3573228 548
3580428 1471
3591239 1409
3591539 1471
3594839 3662
3594861 4944
3602029 3917
3609228 4944
3638029 3917
3638039 1727
3645228 2754
3659661 1471
3675229 444
3677639 2635
3688428 3662
3710029 2635
3717228 3662
3724418 3458
3746029 2431
3755028 2534
3785629 2431
3792828 2534
3821629 2431
3828828 3458
3850418 3662
3857629 2635
3864828 3662
3895429 2635
3904428 3662
3934429 2635
3936818 2431
3947628 2534
3971029 2431
3976428 2534
4005229 2431
4012428 2534
45 events for B
48918 700
48963 0
67174 600
67414 1300
308234 700
308279 0
326374 600
326614 1300
653574 700
653619 0
671794 1300
913593 0
930994 1300
1259193 0
1270594 1300
1518393 0
1535794 1300
1863993 0
1875874 600
1876054 1300
2122674 700
2122719 0
2134894 600
2135074 1300
2381814 700
2381859 0
2393974 600
2394154 1300
2468214 700
2468259 0
2486374 600
2486554 1300
2726634 700
2726679 0
2745574 600
2745694 1300
3073194 700
3073239 0
3090994 1300
3332793 0
3350194 1300
3678393 0
3689794 1950
3937593 0
3948994 1950
2 events for C
1862156 0
1862157 18
117 events for D
65860 2414
67700 1285
434986 2414
436826 1285
455476 2057
505844 706
619800 2057
651660 706
670660 2414
672500 706
692589 1285
725417 706
1039786 2414
1041626 706
1091860 2414
1099220 706
1101513 1772
1131054 1285
1146843 706
1151223 1285
1183402 706
1187602 1285
1219781 706
1276574 2414
1278414 706
1305180 1285
1310760 706
1324891 1285
1326871 706
1564560 1285
1588118 706
1592318 1285
1606307 706
1608527 1772
1624197 706
1628817 1772
1644586 2414
1646946 1772
1660576 706
1715560 2414
1725320 706
1757403 1285
1788180 706
1792402 1285
1801860 706
1861260 0
1861261 487
1881374 2414
1883214 487
1955631 2414
1971831 487
1976246 2414
2009074 487
2013274 2414
2046103 487
2249386 2414
2251226 487
2277660 2414
2302054 487
2306255 2414
2338433 487
2342634 2414
2346234 487
2364234 2414
2367834 487
2377513 2414
2379660 487
2391060 2414
2429381 487
2485060 2414
2502789 487
2506989 2414
2514960 487
2560500 2414
2576285 487
2765539 2414
2772960 487
2801963 2414
2834003 487
2854186 2414
2856026 487
3012060 2414
3034181 487
3038384 2414
3060360 487
3089860 2414
3107584 487
3111791 2414
3119460 487
3206160 2414
3218614 487
3222874 2414
3255703 487
3422807 2414
3438897 487
3443097 2414
3475156 487
3479536 2414
3508560 487
3550134 2414
3566162 487
3570423 2414
3594960 1285
3695774 2414
3697614 1285
3702667 2414
3712389 1285
3716589 2414
3724389 1285
3832560 2414
3860503 1285
3864703 2414
3875760 1285
3901731 2414
3933060 1285
3946260 2414
3956649 1285
94 events for E
1901286 1000
1902286 0
1946994 1000
1947994 0
1992893 1000
1993893 0
2039016 1000
2040016 0
2085464 1000
2086464 0
2132271 1000
2133271 0
2197079 1000
2198079 0
2242698 1000
2243698 0
2287573 1000
2288573 0
2327945 1000
2328009 0
2340556 1000
2341556 0
2377163 1000
2378163 0
2421564 1000
2422564 0
2465896 1000
2466896 0
2527749 1000
2528749 0
2589759 1000
2590759 0
2641427 1000
2642427 0
2685259 1000
2686259 0
2728808 1000
2729808 0
2772151 1000
2773151 0
2815261 1000
2816261 0
2858021 1000
2859021 0
2900570 1000
2901570 0
2943182 1000
2944182 0
2986114 1000
2987114 0
3029484 1000
3030484 0
3073131 1000
3074131 0
3116807 1000
3117807 0
3160538 1000
3161538 0
3204266 1000
3205266 0
3248418 1000
3249418 0
3287457 1000
3288457 0
3340951 1000
3341951 0
3381323 1000
3382323 0
3427524 1000
3428524 0
3475315 1000
3476315 0
3524823 1000
3525823 0
3573154 1000
3574154 0
3619841 1000
3620841 0
3666004 1000
3667004 0
3711002 1000
3712002 0
3755707 1000
3756707 0
3800624 1000
3801624 0
3845808 1000
3846808 0
3891562 1000
3892562 0
3936897 1000
3937897 0
3981009 1000
3982009 0
2 events for F
1863099 0
1863100 74
94 events for G
1902722 1000
1903722 0
1948430 1000
1949430 0
1994329 1000
1995329 0
2040452 1000
2041452 0
2086900 1000
2087900 0
2133707 1000
2134707 0
2198515 1000
2199515 0
2244134 1000
2245134 0
2289009 1000
2290009 0
2329381 1000
2329445 0
2341992 1000
2342992 0
2378599 1000
2379599 0
2423000 1000
2424000 0
2467332 1000
2468332 0
2529185 1000
2530185 0
2591195 1000
2592195 0
2642863 1000
2643863 0
2686695 1000
2687695 0
2730244 1000
2731244 0
2773587 1000
2774587 0
2816697 1000
2817697 0
2859457 1000
2860457 0
2902006 1000
2903006 0
2944618 1000
2945618 0
2987550 1000
2988550 0
3030920 1000
3031920 0
3074567 1000
3075567 0
3118243 1000
3119243 0
3161974 1000
3162974 0
3205702 1000
3206702 0
3249854 1000
3250854 0
3288893 1000
3289893 0
3342387 1000
3343387 0
3382759 1000
3383759 0
3428960 1000
3429960 0
3476751 1000
3477751 0
3526259 1000
3527259 0
3574590 1000
3575590 0
3621277 1000
3622277 0
3667440 1000
3668440 0
3712438 1000
3713438 0
3757143 1000
3758143 0
3802060 1000
3803060 0
3847244 1000
3848244 0
3892998 1000
3893998 0
3938333 1000
3939333 0
3982445 1000
3983445 0
726 events for H
68986 12910592
68987 0
80956 12910592
80957 0
89485 12910592
89486 0
94435 12910592
94436 0
96561 12910592
96562 0
104699 12910592
104700 0
112756 12910592
112757 0
118041 12910592
118042 0
127756 12910592
127757 0
134355 12910592
134356 0
135557 12910592
135558 0
141732 12910592
141733 0
148456 12910592
148457 0
156642 12910592
156643 0
163547 12910592
163548 0
169199 12910592
169200 0
174856 12910592
174857 0
186063 12910592
186064 0
193370 12910592
193371 0
325461 12910592
325462 0
336895 12910592
336896 0
348040 12910592
348041 0
359324 12910592
359325 0
362624 12910592
362625 0
370069 12910592
370070 0
377514 12910592
377515 0
384556 12910592
384557 0
390556 12910592
390557 0
395661 12910592
395662 0
673156 12910592
673157 0
683956 12910592
683957 0
694290 12910592
694291 0
698956 12910592
698957 0
709516 12910592
709517 0
715761 12910592
715762 0
722956 12910592
722957 0
731956 12910592
731957 0
739155 12910592
739156 0
741642 12910592
741643 0
750556 12910592
750557 0
761356 12910592
761357 0
768556 12910592
768557 0
778456 12910592
778457 0
805161 12910592
805162 0
816985 12910592
816986 0
825560 12910592
825561 0
830721 12910592
830722 0
842399 12910592
842400 0
848206 12910592
848207 0
857313 12910592
857314 0
864920 12910592
864921 0
884939 12910592
884940 0
890442 12910592
890443 0
898199 12910592
898200 0
908061 12910592
908062 0
930256 12910592
930257 0
938656 12910592
938657 0
952835 12910592
952836 0
963676 12910592
963677 0
967429 12910592
967430 0
982064 12910592
982065 0
990189 12910592
990190 0
998355 12910592
998356 0
1003756 12910592
1003757 0
1013956 12910592
1013957 0
1031242 12910592
1031243 0
1042797 12910592
1042798 0
1052961 12910592
1052962 0
1062556 12910592
1062557 0
1070956 12910592
1070957 0
1078198 12910592
1078199 0
1081756 12910592
1081757 0
1088657 12910592
1088658 0
1102756 12910592
1102757 0
1109108 12910592
1109109 0
1114175 12910592
1114176 0
1121356 12910592
1121357 0
1126175 12910592
1126176 0
1142241 12910592
1142242 0
1153336 12910592
1153337 0
1163421 12910592
1163422 0
1168276 12910592
1168277 0
1172356 12910592
1172357 0
1174816 12910592
1174817 0
1225756 12910592
1225757 0
1231027 12910592
1231028 0
1236367 12910592
1236368 0
1239667 12910592
1239668 0
1246661 12910592
1246662 0
1253661 12910592
1253662 0
1271961 12910592
1271962 0
1273756 12910592
1273757 0
1289956 12910592
1289957 0
1292241 12910592
1292242 0
1484232 12910592
1484233 0
1487227 12910592
1487228 0
1489734 12910592
1489735 0
1492242 12910592
1492243 0
1495242 12910592
1495243 0
1498542 12910592
1498543 0
1501542 12910592
1501543 0
1505704 12910592
1505705 0
1509856 12910592
1509857 0
1512856 12910592
1512857 0
1535361 12910592
1535362 0
1537156 12910592
1537157 0
1538956 12910592
1538957 0
1542556 12910592
1542557 0
1546156 12910592
1546157 0
1550356 12910592
1550357 0
1557561 12910592
1557562 0
1559956 12910592
1559957 0
1562956 12910592
1562957 0
1608723 12910592
1608724 0
1610421 12910592
1610422 0
1615958 12910592
1615959 0
1620193 12910592
1620194 0
1623193 12910592
1623194 0
1631656 12910592
1631657 0
1634961 12910592
1634962 0
1726156 12910592
1726157 0
1732456 12910592
1732457 0
1736056 12910592
1736057 0
1739656 12910592
1739657 0
1743256 12910592
1743257 0
1746915 12910592
1746916 0
1750810 12910592
1750811 0
1757956 12910592
1757957 0
1768701 12910592
1768702 0
1808693 12910592
1808694 0
1812556 12910592
1812557 0
1816156 12910592
1816157 0
1819756 12910592
1819757 0
1823577 12910592
1823578 0
1830482 12910592
1830483 0
1835956 12910592
1835957 0
1840756 12910592
1840757 0
1883891 12910592
1883892 0
1886894 12910592
1886895 0
1890438 12910592
1890439 0
1893985 12910592
1893986 0
1896985 12910592
1896986 0
1903885 12910592
1903886 0
1906885 12910592
1906886 0
1909695 12910592
1909696 0
1912499 12910592
1912500 0
1915499 12910592
1915500 0
1993099 12910592
1993100 0
1997956 12910592
1997957 0
2002756 12910592
2002757 0
2007676 12910592
2007677 0
2014999 12910592
2015000 0
2018536 12910592
2018537 0
2022076 12910592
2022077 0
2026456 12910592
2026457 0
2029936 12910592
2029937 0
2033956 12910592
2033957 0
2036419 12910592
2036420 0
2135300 12910592
2135301 0
2141236 12910592
2141237 0
2149276 12910592
2149277 0
2157319 12910592
2157320 0
2180478 12910592
2180479 0
2185785 12910592
2185786 0
2191314 12910592
2191315 0
2198656 12910592
2198657 0
2203156 12910592
2203157 0
2207956 12910592
2207957 0
2213403 12910592
2213404 0
2220848 12910592
2220849 0
2228176 12910592
2228177 0
2235193 12910592
2235194 0
2240837 12910592
2240838 0
2246482 12910592
2246483 0
2252228 12910592
2252229 0
2258448 12910592
2258449 0
2264672 12910592
2264673 0
2273967 12910592
2273968 0
2435277 12910592
2435278 0
2438277 12910592
2438278 0
2440625 12910592
2440626 0
2442967 12910592
2442968 0
2445967 12910592
2445968 0
2449267 12910592
2449268 0
2452267 12910592
2452268 0
2456261 12910592
2456262 0
2460256 12910592
2460257 0
2463259 12910592
2463260 0
2487591 12910592
2487592 0
2494456 12910592
2494457 0
2501616 12910592
2501617 0
2510956 12910592
2510957 0
2520299 12910592
2520300 0
2523602 12910592
2523603 0
2531099 12910592
2531100 0
2538599 12910592
2538600 0
2546479 12910592
2546480 0
2553555 12910592
2553556 0
2561301 12910592
2561302 0
2568291 12910592
2568292 0
2575036 12910592
2575037 0
2582956 12910592
2582957 0
2593756 12910592
2593757 0
2597959 12910592
2597960 0
2611756 12910592
2611757 0
2620866 12910592
2620867 0
2627420 12910592
2627421 0
2637320 12910592
2637321 0
2644156 12910592
2644157 0
2647756 12910592
2647757 0
2656799 12910592
2656800 0
2660956 12910592
2660957 0
2665039 12910592
2665040 0
2672956 12910592
2672957 0
2676436 12910592
2676437 0
2681356 12910592
2681357 0
2686458 12910592
2686459 0
2703316 12910592
2703317 0
2747656 12910592
2747657 0
2752756 12910592
2752757 0
2759956 12910592
2759957 0
2767757 12910592
2767758 0
2778076 12910592
2778077 0
2781796 12910592
2781797 0
2788305 12910592
2788306 0
2796476 12910592
2796477 0
2806156 12910592
2806157 0
2812696 12910592
2812697 0
2818756 12910592
2818757 0
2825634 12910592
2825635 0
2831956 12910592
2831957 0
2840293 12910592
2840294 0
2845718 12910592
2845719 0
2857336 12910592
2857337 0
2863718 12910592
2863719 0
2870356 12910592
2870357 0
2886106 12910592
2886107 0
2891956 12910592
2891957 0
2906956 12910592
2906957 0
2919556 12910592
2919557 0
2934856 12910592
2934857 0
2945656 12910592
2945657 0
2952978 12910592
2952979 0
2960298 12910592
2960299 0
2963834 12910592
2963835 0
2971182 12910592
2971183 0
2978528 12910592
2978529 0
2985555 12910592
2985556 0
2991557 12910592
2991558 0
2996356 12910592
2996357 0
3007756 12910592
3007757 0
3013757 12910592
3013758 0
3021796 12910592
3021797 0
3032656 12910592
3032657 0
3045422 12910592
3045423 0
3056711 12910592
3056712 0
3062956 12910592
3062957 0
3068056 12910592
3068057 0
3095356 12910592
3095357 0
3103156 12910592
3103157 0
3113958 12910592
3113959 0
3119956 12910592
3119957 0
3125099 12910592
3125100 0
3128399 12910592
3128400 0
3136008 12910592
3136009 0
3143613 12910592
3143614 0
3151156 12910592
3151157 0
3155356 12910592
3155357 0
3159557 12910592
3159558 0
3161956 12910592
3161957 0
3166929 12910592
3166930 0
3170956 12910592
3170957 0
3175156 12910592
3175157 0
3179142 12910592
3179143 0
3187544 12910592
3187545 0
3193349 12910592
3193350 0
3199156 12910592
3199157 0
3203656 12910592
3203657 0
3247936 12910592
3247937 0
3250876 12910592
3250877 0
3254656 12910592
3254657 0
3261601 12910592
3261602 0
3265159 12910592
3265160 0
3268720 12910592
3268721 0
3276556 12910592
3276557 0
3281358 12910592
3281359 0
3286156 12910592
3286157 0
3290956 12910592
3290957 0
3349456 12910592
3349457 0
3355158 12910592
3355159 0
3360556 12910592
3360557 0
3364756 12910592
3364757 0
3372035 12910592
3372036 0
3376537 12910592
3376538 0
3380176 12910592
3380177 0
3408556 12910592
3408557 0
3412984 12910592
3412985 0
3417555 12910592
3417556 0
3423138 12910592
3423139 0
3430336 12910592
3430337 0
3437536 12910592
3437537 0
3445818 12910592
3445819 0
3455476 12910592
3455477 0
3464956 12910592
3464957 0
3472156 12910592
3472157 0
3484756 12910592
3484757 0
3490156 12910592
3490157 0
3498556 12910592
3498557 0
3506356 12910592
3506357 0
3509956 12910592
3509957 0
3520756 12910592
3520757 0
3526156 12910592
3526157 0
3536956 12910592
3536957 0
3544156 12910592
3544157 0
3553338 12910592
3553339 0
3562096 12910592
3562097 0
3574068 12910592
3574069 0
3580456 12910592
3580457 0
3592756 12910592
3592757 0
3598156 12910592
3598157 0
3608500 12910592
3608501 0
3614143 12910592
3614144 0
3619788 12910592
3619789 0
3623356 12910592
3623357 0
3630534 12910592
3630535 0
3637977 12910592
3637978 0
3647956 12910592
3647957 0
3653356 12910592
3653357 0
3690256 12910592
3690257 0
3733156 12910592
3733157 0
3740701 12910592
3740702 0
3748199 12910592
3748200 0
3758356 12910592
3758357 0
3763157 12910592
3763158 0
3770227 12910592
3770228 0
3777834 12910592
3777835 0
3785358 12910592
3785359 0
3794356 12910592
3794357 0
3802756 12910592
3802757 0
3808758 12910592
3808759 0
3817756 12910592
3817757 0
3829156 12910592
3829157 0
3836956 12910592
3836957 0
3846856 12910592
3846857 0
3856036 12910592
3856037 0
3869296 12910592
3869297 0
3877156 12910592
3877157 0
3882558 12910592
3882559 0
3889756 12910592
3889757 0
3905718 12910592
3905719 0
3911656 12910592
3911657 0
3919036 12910592
3919037 0
3924736 12910592
3924737 0
3931576 12910592
3931577 0
3949996 12910592
3949997 0
3955045 12910592
3955046 0
3959956 12910592
3959957 0
3965478 12910592
3965479 0
3977956 12910592
3977957 0
3986358 12910592
3986359 0
3997756 12910592
3997757 0
4004956 12910592
4004957 0
4015756 12910592
4015757 0
724 events for I
72152 12910592
72153 0
84122 12910592
84123 0
92651 12910592
92652 0
97601 12910592
97602 0
99727 12910592
99728 0
107865 12910592
107866 0
115922 12910592
115923 0
121207 12910592
121208 0
130922 12910592
130923 0
137521 12910592
137522 0
138723 12910592
138724 0
144898 12910592
144899 0
151622 12910592
151623 0
159808 12910592
159809 0
166713 12910592
166714 0
172365 12910592
172366 0
178022 12910592
178023 0
189229 12910592
189230 0
196536 12910592
196537 0
328627 12910592
328628 0
340061 12910592
340062 0
351206 12910592
351207 0
362490 12910592
362491 0
365790 12910592
365791 0
373235 12910592
373236 0
380680 12910592
380681 0
387722 12910592
387723 0
393722 12910592
393723 0
398827 12910592
398828 0
676322 12910592
676323 0
687122 12910592
687123 0
697456 12910592
697457 0
702122 12910592
702123 0
712682 12910592
712683 0
718927 12910592
718928 0
726122 12910592
726123 0
735122 12910592
735123 0
742321 12910592
742322 0
744808 12910592
744809 0
753722 12910592
753723 0
764522 12910592
764523 0
771722 12910592
771723 0
781622 12910592
781623 0
808327 12910592
808328 0
820151 12910592
820152 0
828726 12910592
828727 0
833887 12910592
833888 0
845565 12910592
845566 0
851372 12910592
851373 0
860479 12910592
860480 0
868086 12910592
868087 0
888105 12910592
888106 0
893608 12910592
893609 0
901365 12910592
901366 0
911227 12910592
911228 0
933422 12910592
933423 0
941822 12910592
941823 0
956001 12910592
956002 0
966842 12910592
966843 0
970595 12910592
970596 0
985230 12910592
985231 0
993355 12910592
993356 0
1001521 12910592
1001522 0
1006922 12910592
1006923 0
1017122 12910592
1017123 0
1034408 12910592
1034409 0
1045963 12910592
1045964 0
1056127 12910592
1056128 0
1065722 12910592
1065723 0
1074122 12910592
1074123 0
1081364 12910592
1081365 0
1084922 12910592
1084923 0
1091823 12910592
1091824 0
1105922 12910592
1105923 0
1112274 12910592
1112275 0
1117341 12910592
1117342 0
1124522 12910592
1124523 0
1129341 12910592
1129342 0
1145407 12910592
1145408 0
1156502 12910592
1156503 0
1166587 12910592
1166588 0
1171442 12910592
1171443 0
1175522 12910592
1175523 0
1177982 12910592
1177983 0
1228922 12910592
1228923 0
1234193 12910592
1234194 0
1239533 12910592
1239534 0
1242833 12910592
1242834 0
1249827 12910592
1249828 0
1256827 12910592
1256828 0
1275127 12910592
1275128 0
1276922 12910592
1276923 0
1293122 12910592
1293123 0
1295407 12910592
1295408 0
1487398 12910592
1487399 0
1490393 12910592
1490394 0
1492900 12910592
1492901 0
1495408 12910592
1495409 0
1498408 12910592
1498409 0
1501708 12910592
1501709 0
1504708 12910592
1504709 0
1508870 12910592
1508871 0
1513022 12910592
1513023 0
1516022 12910592
1516023 0
1538527 12910592
1538528 0
1540322 12910592
1540323 0
1542122 12910592
1542123 0
1545722 12910592
1545723 0
1549322 12910592
1549323 0
1553522 12910592
1553523 0
1560727 12910592
1560728 0
1563122 12910592
1563123 0
1566122 12910592
1566123 0
1611889 12910592
1611890 0
1613587 12910592
1613588 0
1619124 12910592
1619125 0
1623359 12910592
1623360 0
1626359 12910592
1626360 0
1634822 12910592
1634823 0
1638127 12910592
1638128 0
1729322 12910592
1729323 0
1735622 12910592
1735623 0
1739222 12910592
1739223 0
1742822 12910592
1742823 0
1746422 12910592
1746423 0
1750081 12910592
1750082 0
1753976 12910592
1753977 0
1761122 12910592
1761123 0
1771867 12910592
1771868 0
1811859 12910592
1811860 0
1815722 12910592
1815723 0
1819322 12910592
1819323 0
1822922 12910592
1822923 0
1826743 12910592
1826744 0
1833648 12910592
1833649 0
1839122 12910592
1839123 0
1843922 12910592
1843923 0
1887057 12910592
1887058 0
1890060 12910592
1890061 0
1893604 12910592
1893605 0
1897151 12910592
1897152 0
1900151 12910592
1900152 0
1907051 12910592
1907052 0
1910051 12910592
1910052 0
1912861 12910592
1912862 0
1915665 12910592
1915666 0
1918665 12910592
1918666 0
1996265 12910592
1996266 0
2001122 12910592
2001123 0
2005922 12910592
2005923 0
2010842 12910592
2010843 0
2018165 12910592
2018166 0
2021702 12910592
2021703 0
2025242 12910592
2025243 0
2029622 12910592
2029623 0
2033102 12910592
2033103 0
2037122 12910592
2037123 0
2039585 12910592
2039586 0
2138466 12910592
2138467 0
2144402 12910592
2144403 0
2152442 12910592
2152443 0
2160485 12910592
2160486 0
2183644 12910592
2183645 0
2188951 12910592
2188952 0
2194480 12910592
2194481 0
2201822 12910592
2201823 0
2206322 12910592
2206323 0
2211122 12910592
2211123 0
2216569 12910592
2216570 0
2224014 12910592
2224015 0
2231342 12910592
2231343 0
2238359 12910592
2238360 0
2244003 12910592
2244004 0
2249648 12910592
2249649 0
2255394 12910592
2255395 0
2261614 12910592
2261615 0
2267838 12910592
2267839 0
2277133 12910592
2277134 0
2438443 12910592
2438444 0
2441443 12910592
2441444 0
2443791 12910592
2443792 0
2446133 12910592
2446134 0
2449133 12910592
2449134 0
2452433 12910592
2452434 0
2455433 12910592
2455434 0
2459427 12910592
2459428 0
2463422 12910592
2463423 0
2466425 12910592
2466426 0
2490757 12910592
2490758 0
2497622 12910592
2497623 0
2504782 12910592
2504783 0
2514122 12910592
2514123 0
2523465 12910592
2523466 0
2526768 12910592
2526769 0
2534265 12910592
2534266 0
2541765 12910592
2541766 0
2549645 12910592
2549646 0
2556721 12910592
2556722 0
2564467 12910592
2564468 0
2571457 12910592
2571458 0
2578202 12910592
2578203 0
2586122 12910592
2586123 0
2596922 12910592
2596923 0
2601125 12910592
2601126 0
2614922 12910592
2614923 0
2624032 12910592
2624033 0
2630586 12910592
2630587 0
2640486 12910592
2640487 0
2647322 12910592
2647323 0
2650922 12910592
2650923 0
2659965 12910592
2659966 0
2664122 12910592
2664123 0
2668205 12910592
2668206 0
2676122 12910592
2676123 0
2679602 12910592
2679603 0
2684522 12910592
2684523 0
2689624 12910592
2689625 0
2706482 12910592
2706483 0
2750822 12910592
2750823 0
2755922 12910592
2755923 0
2763122 12910592
2763123 0
2770923 12910592
2770924 0
2781242 12910592
2781243 0
2784962 12910592
2784963 0
2791471 12910592
2791472 0
2799642 12910592
2799643 0
2809322 12910592
2809323 0
2815862 12910592
2815863 0
2821922 12910592
2821923 0
2828800 12910592
2828801 0
2835122 12910592
2835123 0
2843459 12910592
2843460 0
2848884 12910592
2848885 0
2860502 12910592
2860503 0
2866884 12910592
2866885 0
2873522 12910592
2873523 0
2889272 12910592
2889273 0
2895122 12910592
2895123 0
2910122 12910592
2910123 0
2922722 12910592
2922723 0
2938022 12910592
2938023 0
2948822 12910592
2948823 0
2956144 12910592
2956145 0
2963464 12910592
2963465 0
2967000 12910592
2967001 0
2974348 12910592
2974349 0
2981694 12910592
2981695 0
2988721 12910592
2988722 0
2994723 12910592
2994724 0
2999522 12910592
2999523 0
3010922 12910592
3010923 0
3016923 12910592
3016924 0
3024962 12910592
3024963 0
3035822 12910592
3035823 0
3048588 12910592
3048589 0
3059877 12910592
3059878 0
3066122 12910592
3066123 0
3071222 12910592
3071223 0
3098522 12910592
3098523 0
3106322 12910592
3106323 0
3117124 12910592
3117125 0
3123122 12910592
3123123 0
3128265 12910592
3128266 0
3131565 12910592
3131566 0
3139174 12910592
3139175 0
3146779 12910592
3146780 0
3154322 12910592
3154323 0
3158522 12910592
3158523 0
3162723 12910592
3162724 0
3165122 12910592
3165123 0
3170095 12910592
3170096 0
3174122 12910592
3174123 0
3178322 12910592
3178323 0
3182308 12910592
3182309 0
3190710 12910592
3190711 0
3196515 12910592
3196516 0
3202322 12910592
3202323 0
3206822 12910592
3206823 0
3251102 12910592
3251103 0
3254042 12910592
3254043 0
3257822 12910592
3257823 0
3264767 12910592
3264768 0
3268325 12910592
3268326 0
3271886 12910592
3271887 0
3279722 12910592
3279723 0
3284524 12910592
3284525 0
3289322 12910592
3289323 0
3294122 12910592
3294123 0
3352622 12910592
3352623 0
3358324 12910592
3358325 0
3363722 12910592
3363723 0
3367922 12910592
3367923 0
3375201 12910592
3375202 0
3379703 12910592
3379704 0
3383342 12910592
3383343 0
3411722 12910592
3411723 0
3416150 12910592
3416151 0
3420721 12910592
3420722 0
3426304 12910592
3426305 0
3433502 12910592
3433503 0
3440702 12910592
3440703 0
3448984 12910592
3448985 0
3458642 12910592
3458643 0
3468122 12910592
3468123 0
3475322 12910592
3475323 0
3487922 12910592
3487923 0
3493322 12910592
3493323 0
3501722 12910592
3501723 0
3509522 12910592
3509523 0
3513122 12910592
3513123 0
3523922 12910592
3523923 0
3529322 12910592
3529323 0
3540122 12910592
3540123 0
3547322 12910592
3547323 0
3556504 12910592
3556505 0
3565262 12910592
3565263 0
3577234 12910592
3577235 0
3583622 12910592
3583623 0
3595922 12910592
3595923 0
3601322 12910592
3601323 0
3611666 12910592
3611667 0
3617309 12910592
3617310 0
3622954 12910592
3622955 0
3626522 12910592
3626523 0
3633700 12910592
3633701 0
3641143 12910592
3641144 0
3651122 12910592
3651123 0
3656522 12910592
3656523 0
3693422 12910592
3693423 0
3736322 12910592
3736323 0
3743867 12910592
3743868 0
3751365 12910592
3751366 0
3761522 12910592
3761523 0
3766323 12910592
3766324 0
3773393 12910592
3773394 0
3781000 12910592
3781001 0
3788524 12910592
3788525 0
3797522 12910592
3797523 0
3805922 12910592
3805923 0
3811924 12910592
3811925 0
3820922 12910592
3820923 0
3832322 12910592
3832323 0
3840122 12910592
3840123 0
3850022 12910592
3850023 0
3859202 12910592
3859203 0
3872462 12910592
3872463 0
3880322 12910592
3880323 0
3885724 12910592
3885725 0
3892922 12910592
3892923 0
3908884 12910592
3908885 0
3914822 12910592
3914823 0
3922202 12910592
3922203 0
3927902 12910592
3927903 0
3934742 12910592
3934743 0
3953162 12910592
3953163 0
3958211 12910592
3958212 0
3963122 12910592
3963123 0
3968644 12910592
3968645 0
3981122 12910592
3981123 0
3989524 12910592
3989525 0
4000922 12910592
4000923 0
4008122 12910592
4008123 0
84 events for J
66939 4214960
66943 0
67369 4214960
67373 0
68109 4214960
68113 0
68539 4214960
68543 0
436065 4214960
436069 0
436495 4214960
436499 0
437235 4214960
437239 0
437665 4214960
437669 0
671739 4214960
671743 0
672169 4214960
672173 0
672909 4214960
672913 0
673339 4214960
673343 0
1040865 4214960
1040869 0
1041295 4214960
1041299 0
1042035 4214960
1042039 0
1042465 4214960
1042469 0
1092939 4214960
1092943 0
1093369 4214960
1093373 0
1094109 4214960
1094113 0
1094539 4214960
1094543 0
1277653 4214960
1277657 0
1278083 4214960
1278087 0
1278823 4214960
1278827 0
1279253 4214960
1279257 0
1645665 4214960
1645669 0
1646095 4214960
1646099 0
1646835 4214960
1646839 0
1647265 4214960
1647269 0
1716639 4214960
1716643 0
1717069 4214960
1717073 0
1717809 4214960
1717813 0
1718239 4214960
1718243 0
1882453 4214960
1882457 0
1882883 4214960
1882887 0
1883623 4214960
1883627 0
1884053 4214960
1884057 0
2250465 4214960
2250469 0
2250895 4214960
2250899 0
2251635 4214960
2251639 0
2252065 4214960
2252069 0
2855791 67463256
2855796 0
3460591 47210957
3460596 0
726 events for K
69681 12910592
69682 0
81651 12910592
81652 0
90180 12910592
90181 0
95130 12910592
95131 0
97256 12910592
97257 0
105394 12910592
105395 0
113451 12910592
113452 0
118736 12910592
118737 0
128451 12910592
128452 0
135050 12910592
135051 0
136252 12910592
136253 0
142427 12910592
142428 0
149151 12910592
149152 0
157337 12910592
157338 0
164242 12910592
164243 0
169894 12910592
169895 0
175551 12910592
175552 0
186758 12910592
186759 0
194065 12910592
194066 0
326156 12910592
326157 0
337590 12910592
337591 0
348735 12910592
348736 0
360019 12910592
360020 0
363319 12910592
363320 0
370764 12910592
370765 0
378209 12910592
378210 0
385251 12910592
385252 0
391251 12910592
391252 0
396356 12910592
396357 0
673851 12910592
673852 0
684651 12910592
684652 0
694985 12910592
694986 0
699651 12910592
699652 0
710211 12910592
710212 0
716456 12910592
716457 0
723651 12910592
723652 0
732651 12910592
732652 0
739850 12910592
739851 0
742337 12910592
742338 0
751251 12910592
751252 0
762051 12910592
762052 0
769251 12910592
769252 0
779151 12910592
779152 0
805856 12910592
805857 0
817680 12910592
817681 0
826255 12910592
826256 0
831416 12910592
831417 0
843094 12910592
843095 0
848901 12910592
848902 0
858008 12910592
858009 0
865615 12910592
865616 0
885634 12910592
885635 0
891137 12910592
891138 0
898894 12910592
898895 0
908756 12910592
908757 0
930951 12910592
930952 0
939351 12910592
939352 0
953530 12910592
953531 0
964371 12910592
964372 0
968124 12910592
968125 0
982759 12910592
982760 0
990884 12910592
990885 0
999050 12910592
999051 0
1004451 12910592
1004452 0
1014651 12910592
1014652 0
1031937 12910592
1031938 0
1043492 12910592
1043493 0
1053656 12910592
1053657 0
1063251 12910592
1063252 0
1071651 12910592
1071652 0
1078893 12910592
1078894 0
1082451 12910592
1082452 0
1089352 12910592
1089353 0
1103451 12910592
1103452 0
1109803 12910592
1109804 0
1114870 12910592
1114871 0
1122051 12910592
1122052 0
1126870 12910592
1126871 0
1142936 12910592
1142937 0
1154031 12910592
1154032 0
1164116 12910592
1164117 0
1168971 12910592
1168972 0
1173051 12910592
1173052 0
1175511 12910592
1175512 0
1226451 12910592
1226452 0
1231722 12910592
1231723 0
1237062 12910592
1237063 0
1240362 12910592
1240363 0
1247356 12910592
1247357 0
1254356 12910592
1254357 0
1272656 12910592
1272657 0
1274451 12910592
1274452 0
1290651 12910592
1290652 0
1292936 12910592
1292937 0
1484927 12910592
1484928 0
1487922 12910592
1487923 0
1490429 12910592
1490430 0
1492937 12910592
1492938 0
1495937 12910592
1495938 0
1499237 12910592
1499238 0
1502237 12910592
1502238 0
1506399 12910592
1506400 0
1510551 12910592
1510552 0
1513551 12910592
1513552 0
1536056 12910592
1536057 0
1537851 12910592
1537852 0
1539651 12910592
1539652 0
1543251 12910592
1543252 0
1546851 12910592
1546852 0
1551051 12910592
1551052 0
1558256 12910592
1558257 0
1560651 12910592
1560652 0
1563651 12910592
1563652 0
1609418 12910592
1609419 0
1611116 12910592
1611117 0
1616653 12910592
1616654 0
1620888 12910592
1620889 0
1623888 12910592
1623889 0
1632351 12910592
1632352 0
1635656 12910592
1635657 0
1726851 12910592
1726852 0
1733151 12910592
1733152 0
1736751 12910592
1736752 0
1740351 12910592
1740352 0
1743951 12910592
1743952 0
1747610 12910592
1747611 0
1751505 12910592
1751506 0
1758651 12910592
1758652 0
1769396 12910592
1769397 0
1809388 12910592
1809389 0
1813251 12910592
1813252 0
1816851 12910592
1816852 0
1820451 12910592
1820452 0
1824272 12910592
1824273 0
1831177 12910592
1831178 0
1836651 12910592
1836652 0
1841451 12910592
1841452 0
1884586 12910592
1884587 0
1887589 12910592
1887590 0
1891133 12910592
1891134 0
1894680 12910592
1894681 0
1897680 12910592
1897681 0
1904580 12910592
1904581 0
1907580 12910592
1907581 0
1910390 12910592
1910391 0
1913194 12910592
1913195 0
1916194 12910592
1916195 0
1993794 12910592
1993795 0
1998651 12910592
1998652 0
2003451 12910592
2003452 0
2008371 12910592
2008372 0
2015694 12910592
2015695 0
2019231 12910592
2019232 0
2022771 12910592
2022772 0
2027151 12910592
2027152 0
2030631 12910592
2030632 0
2034651 12910592
2034652 0
2037114 12910592
2037115 0
2135995 12910592
2135996 0
2141931 12910592
2141932 0
2149971 12910592
2149972 0
2158014 12910592
2158015 0
2181173 12910592
2181174 0
2186480 12910592
2186481 0
2192009 12910592
2192010 0
2199351 12910592
2199352 0
2203851 12910592
2203852 0
2208651 12910592
2208652 0
2214098 12910592
2214099 0
2221543 12910592
2221544 0
2228871 12910592
2228872 0
2235888 12910592
2235889 0
2241532 12910592
2241533 0
2247177 12910592
2247178 0
2252923 12910592
2252924 0
2259143 12910592
2259144 0
2265367 12910592
2265368 0
2274662 12910592
2274663 0
2435972 12910592
2435973 0
2438972 12910592
2438973 0
2441320 12910592
2441321 0
2443662 12910592
2443663 0
2446662 12910592
2446663 0
2449962 12910592
2449963 0
2452962 12910592
2452963 0
2456956 12910592
2456957 0
2460951 12910592
2460952 0
2463954 12910592
2463955 0
2488286 12910592
2488287 0
2495151 12910592
2495152 0
2502311 12910592
2502312 0
2511651 12910592
2511652 0
2520994 12910592
2520995 0
2524297 12910592
2524298 0
2531794 12910592
2531795 0
2539294 12910592
2539295 0
2547174 12910592
2547175 0
2554250 12910592
2554251 0
2561996 12910592
2561997 0
2568986 12910592
2568987 0
2575731 12910592
2575732 0
2583651 12910592
2583652 0
2594451 12910592
2594452 0
2598654 12910592
2598655 0
2612451 12910592
2612452 0
2621561 12910592
2621562 0
2628115 12910592
2628116 0
2638015 12910592
2638016 0
2644851 12910592
2644852 0
2648451 12910592
2648452 0
2657494 12910592
2657495 0
2661651 12910592
2661652 0
2665734 12910592
2665735 0
2673651 12910592
2673652 0
2677131 12910592
2677132 0
2682051 12910592
2682052 0
2687153 12910592
2687154 0
2704011 12910592
2704012 0
2748351 12910592
2748352 0
2753451 12910592
2753452 0
2760651 12910592
2760652 0
2768452 12910592
2768453 0
2778771 12910592
2778772 0
2782491 12910592
2782492 0
2789000 12910592
2789001 0
2797171 12910592
2797172 0
2806851 12910592
2806852 0
2813391 12910592
2813392 0
2819451 12910592
2819452 0
2826329 12910592
2826330 0
2832651 12910592
2832652 0
2840988 12910592
2840989 0
2846413 12910592
2846414 0
2858031 12910592
2858032 0
2864413 12910592
2864414 0
2871051 12910592
2871052 0
2886801 12910592
2886802 0
2892651 12910592
2892652 0
2907651 12910592
2907652 0
2920251 12910592
2920252 0
2935551 12910592
2935552 0
2946351 12910592
2946352 0
2953673 12910592
2953674 0
2960993 12910592
2960994 0
2964529 12910592
2964530 0
2971877 12910592
2971878 0
2979223 12910592
2979224 0
2986250 12910592
2986251 0
2992252 12910592
2992253 0
2997051 12910592
2997052 0
3008451 12910592
3008452 0
3014452 12910592
3014453 0
3022491 12910592
3022492 0
3033351 12910592
3033352 0
3046117 12910592
3046118 0
3057406 12910592
3057407 0
3063651 12910592
3063652 0
3068751 12910592
3068752 0
3096051 12910592
3096052 0
3103851 12910592
3103852 0
3114653 12910592
3114654 0
3120651 12910592
3120652 0
3125794 12910592
3125795 0
3129094 12910592
3129095 0
3136703 12910592
3136704 0
3144308 12910592
3144309 0
3151851 12910592
3151852 0
3156051 12910592
3156052 0
3160252 12910592
3160253 0
3162651 12910592
3162652 0
3167624 12910592
3167625 0
3171651 12910592
3171652 0
3175851 12910592
3175852 0
3179837 12910592
3179838 0
3188239 12910592
3188240 0
3194044 12910592
3194045 0
3199851 12910592
3199852 0
3204351 12910592
3204352 0
3248631 12910592
3248632 0
3251571 12910592
3251572 0
3255351 12910592
3255352 0
3262296 12910592
3262297 0
3265854 12910592
3265855 0
3269415 12910592
3269416 0
3277251 12910592
3277252 0
3282053 12910592
3282054 0
3286851 12910592
3286852 0
3291651 12910592
3291652 0
3350151 12910592
3350152 0
3355853 12910592
3355854 0
3361251 12910592
3361252 0
3365451 12910592
3365452 0
3372730 12910592
3372731 0
3377232 12910592
3377233 0
3380871 12910592
3380872 0
3409251 12910592
3409252 0
3413679 12910592
3413680 0
3418250 12910592
3418251 0
3423833 12910592
3423834 0
3431031 12910592
3431032 0
3438231 12910592
3438232 0
3446513 12910592
3446514 0
3456171 12910592
3456172 0
3465651 12910592
3465652 0
3472851 12910592
3472852 0
3485451 12910592
3485452 0
3490851 12910592
3490852 0
3499251 12910592
3499252 0
3507051 12910592
3507052 0
3510651 12910592
3510652 0
3521451 12910592
3521452 0
3526851 12910592
3526852 0
3537651 12910592
3537652 0
3544851 12910592
3544852 0
3554033 12910592
3554034 0
3562791 12910592
3562792 0
3574763 12910592
3574764 0
3581151 12910592
3581152 0
3593451 12910592
3593452 0
3598851 12910592
3598852 0
3609195 12910592
3609196 0
3614838 12910592
3614839 0
3620483 12910592
3620484 0
3624051 12910592
3624052 0
3631229 12910592
3631230 0
3638672 12910592
3638673 0
3648651 12910592
3648652 0
3654051 12910592
3654052 0
3690951 12910592
3690952 0
3733851 12910592
3733852 0
3741396 12910592
3741397 0
3748894 12910592
3748895 0
3759051 12910592
3759052 0
3763852 12910592
3763853 0
3770922 12910592
3770923 0
3778529 12910592
3778530 0
3786053 12910592
3786054 0
3795051 12910592
3795052 0
3803451 12910592
3803452 0
3809453 12910592
3809454 0
3818451 12910592
3818452 0
3829851 12910592
3829852 0
3837651 12910592
3837652 0
3847551 12910592
3847552 0
3856731 12910592
3856732 0
3869991 12910592
3869992 0
3877851 12910592
3877852 0
3883253 12910592
3883254 0
3890451 12910592
3890452 0
3906413 12910592
3906414 0
3912351 12910592
3912352 0
3919731 12910592
3919732 0
3925431 12910592
3925432 0
3932271 12910592
3932272 0
3950691 12910592
3950692 0
3955740 12910592
3955741 0
3960651 12910592
3960652 0
3966173 12910592
3966174 0
3978651 12910592
3978652 0
3987053 12910592
3987054 0
3998451 12910592
3998452 0
4005651 12910592
4005652 0
4016451 12910592
4016452 0
60 events for L
20781 90225847
20782 99456
20783 17992937
20788 0
89719 36047367
89724 0
111319 39436416
111324 0
219319 79610631
219324 0
240919 77494701
240924 0
348919 73767533
348924 0
370519 221441780
370524 0
629719 47723996
629724 0
646669 12683312
646674 0
802518 9037466
802523 0
845718 270264152
845723 0
1731318 26968906
1731323 0
1752918 134824032
1752923 0
1755844 20221556
1755849 0
1947258 83191028
1947263 0
2141658 38234987
2141663 0
2163258 107957608
2163263 0
2184858 350862225
2184863 0
2184864 4498234
2184869 0
2206458 38234987
2206463 0
2530518 42873674
2530523 0
2552118 60808152
2552123 0
2638518 123650191
2638523 0
2660118 112353360
2660123 0
2681718 191051956
2681723 0
2703318 148359728
2703323 0
3364158 92231261
3364163 0
3394518 67412016
3394523 0
3703205 67429102
3703210 0
