12 instruments
A 10 100 4367744.2331614867 2240000119.5770016
B 10 100 22528 960000000
C 10 100 0 974485132.8010211
D 10 100 0.00018444817663405244 950598422.35720563
E 10 100 2665037.1650940888 921958803.05957663
F 10 100 309096.09667920991 262843801.48639998
G 10 100 0 275897579.9041419
H 10 100 1991925.5289842244 689098561.3783263
I 10 100 199466000 880000000
J 10 100 1538660356.7547786 4054547831.9712734
K 10 100 5910082.7758317869 3030989320.3134623
L 10 100 177168740.44080633 781629408.46013641
60 downlinks
0 1 23814 18650.039686
1 66256 91871 17801.393711000001
2 92304 95447 18241.361444999999
3 111898 134731 24067.369501000001
4 135896 159879 56712.888793999999
5 185996 194851 58370.132263
6 198367 219207 58005.525035999999
7 220758 258593 24930.123806
8 258594 279767 16739.689300999999
9 325456 350023 18181.419744999999
10 371991 397607 18610.315675999998
11 399049 437437 59847.283359000001
12 438889 454964 18063.419893999999
13 459589 484394 18186.627066000001
14 485446 501293 56843.492619999997
15 523626 557085 9175.5815739999998
16 557086 568575 9288.5908459999991
17 571843 609842 29976.478185
18 611983 629020 8340.6453669999992
19 638383 648686 28164.287346000001
20 671056 693639 9615.6592349999992
21 715781 744277 8936.4976299999998
22 744278 748101 29078.912095
23 763778 771225 8738.7729049999998
24 789406 824795 9283.3064869999998
25 824796 870574 9136.56639
26 870575 886982 8867.2325060000003
27 902409 906815 30843.021497000002
28 930256 947025 8651.5363890000008
29 948572 971479 8598.6086899999991
30 974372 1002868 28620.571626000001
31 1002869 1013789 29488.2804
32 1017029 1039429 29574.456625999999
33 1045469 1058806 8990.2936559999998
34 1061369 1090251 27889.095755999999
35 1092266 1102395 27279.489213000001
36 1105246 1108471 29339.122920000002
37 1114766 1123592 30467.823106
38 1133066 1144616 9273.8508989999991
39 1147871 1169107 28091.132868000001
40 1169969 1214008 9462.077765
41 1214009 1229342 8739.387213
42 1269856 1284760 27177.101999999999
43 1300309 1324418 28867.988366000001
44 1325359 1347887 8757.0573490000006
45 1386610 1428858 30482.278361000001
46 1428859 1465752 9337.789702
47 1465753 1494214 8515.7706749999998
48 1535056 1549939 8900.7025030000004
49 1552149 1577938 8778.3355150000007
50 1577949 1606321 29886.497736000001
51 1608846 1636087 29243.536622
52 1636806 1641019 26517.245249
53 1645515 1659787 8834.4018649999998
54 1679046 1690421 9457.9623840000004
55 1702442 1722338 28164.872808
56 1731817 1774046 30503.298975000002
57 1774047 1796462 8691.2845450000004
58 1796938 1806933 8525.9525360000007
59 1809598 1813351 28086.786929000002
0 opportunities for A
0 opportunities for B
0 opportunities for C
0 opportunities for D
0 opportunities for E
0 opportunities for F
0 opportunities for G
0 opportunities for H
0 opportunities for I
0 opportunities for J
0 opportunities for K
0 opportunities for L
2 events for A
1863679 0
1863680 2650
64 events for B
65666 4214960
65670 0
66096 4214960
66100 0
66836 4214960
66840 0
67266 4214960
67270 0
434792 4214960
434796 0
435222 4214960
435226 0
435962 4214960
435966 0
436392 4214960
436396 0
670466 4214960
670470 0
670896 4214960
670900 0
671636 4214960
671640 0
672066 4214960
672070 0
1039592 4214960
1039596 0
1040022 4214960
1040026 0
1040762 4214960
1040766 0
1041192 4214960
1041196 0
1091666 4214960
1091670 0
1092096 4214960
1092100 0
1092836 4214960
1092840 0
1093266 4214960
1093270 0
1276380 4214960
1276384 0
1276810 4214960
1276814 0
1277550 4214960
1277554 0
1277980 4214960
1277984 0
1644392 4214960
1644396 0
1644822 4214960
1644826 0
1645562 4214960
1645566 0
1645992 4214960
1645996 0
1715366 4214960
1715370 0
1715796 4214960
1715800 0
1716536 4214960
1716540 0
1716966 4214960
1716970 0
0 events for C

274 events for D
69681 12910592
69682 0
81651 12910592
81652 0
90180 12910592
90181 0
95130 12910592
95131 0
97256 12910592
97257 0
105394 12910592
105395 0
113451 12910592
113452 0
118736 12910592
118737 0
128451 12910592
128452 0
135050 12910592
135051 0
136252 12910592
136253 0
142427 12910592
142428 0
149151 12910592
149152 0
157337 12910592
157338 0
164242 12910592
164243 0
169894 12910592
169895 0
175551 12910592
175552 0
186758 12910592
186759 0
194065 12910592
194066 0
326156 12910592
326157 0
337590 12910592
337591 0
348735 12910592
348736 0
360019 12910592
360020 0
363319 12910592
363320 0
370764 12910592
370765 0
378209 12910592
378210 0
385251 12910592
385252 0
391251 12910592
391252 0
396356 12910592
396357 0
673851 12910592
673852 0
684651 12910592
684652 0
694985 12910592
694986 0
699651 12910592
699652 0
710211 12910592
710212 0
716456 12910592
716457 0
723651 12910592
723652 0
732651 12910592
732652 0
739850 12910592
739851 0
742337 12910592
742338 0
751251 12910592
751252 0
762051 12910592
762052 0
769251 12910592
769252 0
779151 12910592
779152 0
805856 12910592
805857 0
817680 12910592
817681 0
826255 12910592
826256 0
831416 12910592
831417 0
843094 12910592
843095 0
848901 12910592
848902 0
858008 12910592
858009 0
865615 12910592
865616 0
885634 12910592
885635 0
891137 12910592
891138 0
898894 12910592
898895 0
908756 12910592
908757 0
930951 12910592
930952 0
939351 12910592
939352 0
953530 12910592
953531 0
964371 12910592
964372 0
968124 12910592
968125 0
982759 12910592
982760 0
990884 12910592
990885 0
999050 12910592
999051 0
1004451 12910592
1004452 0
1014651 12910592
1014652 0
1031937 12910592
1031938 0
1043492 12910592
1043493 0
1053656 12910592
1053657 0
1063251 12910592
1063252 0
1071651 12910592
1071652 0
1078893 12910592
1078894 0
1082451 12910592
1082452 0
1089352 12910592
1089353 0
1103451 12910592
1103452 0
1109803 12910592
1109804 0
1114870 12910592
1114871 0
1122051 12910592
1122052 0
1126870 12910592
1126871 0
1142936 12910592
1142937 0
1154031 12910592
1154032 0
1164116 12910592
1164117 0
1168971 12910592
1168972 0
1173051 12910592
1173052 0
1175511 12910592
1175512 0
1226451 12910592
1226452 0
1231722 12910592
1231723 0
1237062 12910592
1237063 0
1240362 12910592
1240363 0
1247356 12910592
1247357 0
1254356 12910592
1254357 0
1272656 12910592
1272657 0
1274451 12910592
1274452 0
1290651 12910592
1290652 0
1292936 12910592
1292937 0
1484927 12910592
1484928 0
1487922 12910592
1487923 0
1490429 12910592
1490430 0
1492937 12910592
1492938 0
1495937 12910592
1495938 0
1499237 12910592
1499238 0
1502237 12910592
1502238 0
1506399 12910592
1506400 0
1510551 12910592
1510552 0
1513551 12910592
1513552 0
1536056 12910592
1536057 0
1537851 12910592
1537852 0
1539651 12910592
1539652 0
1543251 12910592
1543252 0
1546851 12910592
1546852 0
1551051 12910592
1551052 0
1558256 12910592
1558257 0
1560651 12910592
1560652 0
1563651 12910592
1563652 0
1609418 12910592
1609419 0
1611116 12910592
1611117 0
1616653 12910592
1616654 0
1620888 12910592
1620889 0
1623888 12910592
1623889 0
1632351 12910592
1632352 0
1635656 12910592
1635657 0
1726851 12910592
1726852 0
1733151 12910592
1733152 0
1736751 12910592
1736752 0
1740351 12910592
1740352 0
1743951 12910592
1743952 0
1747610 12910592
1747611 0
1751505 12910592
1751506 0
1758651 12910592
1758652 0
1769396 12910592
1769397 0
1809388 12910592
1809389 0
1813251 12910592
1813252 0
1816851 12910592
1816852 0
1820451 12910592
1820452 0
1824272 12910592
1824273 0
1831177 12910592
1831178 0
1836651 12910592
1836652 0
1841451 12910592
1841452 0
18 events for E
48918 700
48963 0
67174 600
67414 1300
308234 700
308279 0
326374 600
326614 1300
653574 700
653619 0
671794 1300
913593 0
930994 1300
1259193 0
1270594 1300
1518393 0
1535794 1300
1863993 0
20 events for F
31666 0
31786 20
31966 252
46186 0
323806 20
323986 0
326146 20
326326 0
326386 28
580186 0
580846 20
581026 0
583186 20
583366 0
583426 56
651106 0
651346 243
1255546 0
1256146 224
1860346 0
0 events for G

18 events for H
49304 700
49349 0
67560 600
67800 1300
308620 700
308665 0
326760 600
327000 1300
653960 700
654005 0
672180 1300
913979 0
931380 1300
1259579 0
1270980 1300
1518779 0
1536180 1300
1864379 0
129 events for I
8979 3917
16178 4944
30556 5195
45879 4168
64778 5195
73800 4944
73811 3662
77389 1471
82779 444
88178 1471
98978 548
118779 444
127778 548
138589 485
138889 548
156579 444
163778 1471
192579 444
203378 548
228579 444
235778 548
268179 444
275378 548
305379 444
307789 382
308089 444
325778 548
340179 444
347378 548
347389 2738
376179 2635
383378 3662
412179 2635
419378 2738
426589 548
426600 798
449979 695
458978 798
480589 736
480600 485
480889 548
485979 444
491378 548
503979 444
512978 548
539979 444
548978 548
575979 444
584978 1471
613779 444
620978 548
650979 444
671378 548
687579 444
692978 548
725379 444
732578 548
761379 444
768578 548
797379 444
806378 548
826489 485
826789 548
833379 444
842378 548
871179 444
880178 548
910179 444
930578 548
946179 444
952178 548
980979 444
988178 548
1016979 444
1024178 548
1055379 444
1060178 548
1088979 444
1103378 548
1144779 444
1153778 548
1171789 2738
1180779 2635
1189778 2738
1191589 548
1218579 444
1225778 548
1255779 444
1258168 240
1268978 344
1272589 2534
1290579 2431
1290589 240
1297778 344
1328379 240
1337378 344
1366179 240
1373378 344
1402179 240
1412978 344
1438179 240
1447178 344
1475979 240
1483178 344
1514979 240
1535378 344
1549779 240
1556978 344
1585779 240
1592978 344
1621779 240
1632578 344
1659579 240
1664978 344
1695579 240
1700978 344
1749579 240
1758578 344
1776889 281
1777189 344
1787379 240
1794578 344
1823379 240
1830578 344
1860579 240
1860856 0
1860857 240
1863889 178
1864189 240
208 events for J
73178 19661
73268 27175
73949 7514
74618 27175
75389 7514
75638 27175
76409 7514
77078 27175
77849 7514
78098 27175
78869 7514
79538 27175
80309 7514
80558 27175
81329 7514
81998 27175
82769 7514
83018 27175
83789 7514
84029 0
89318 19661
89408 27175
89969 7514
90098 27175
90749 7514
91298 27175
91889 7514
92078 27175
92729 7514
93278 27175
93929 7514
94058 27175
94709 7514
95258 27175
95909 7514
96038 27175
96689 7514
97238 27175
97889 7514
98018 27175
98669 7514
99218 27175
99869 7514
99998 27175
100649 7514
100769 0
332468 7514
334538 66496
335909 7514
339098 66496
340469 7514
343589 0
347757 58982
347847 66496
349128 7514
352377 66496
353748 7514
353988 0
354278 58982
354368 66496
355649 7514
358898 66496
360269 7514
361769 0
363846 58982
363936 66496
365217 7514
368466 66496
369837 7514
373797 0
374078 58982
374168 66496
375449 7514
378398 66496
379769 7514
379949 0
384136 58982
384226 66496
385507 7514
386896 66496
388267 7514
388807 0
389078 58982
389168 66496
390449 7514
395438 66496
396809 7514
398129 0
400225 117965
400315 124709
401176 6744
402085 124709
402976 6744
403885 124709
404776 6744
405685 124709
406576 6744
407485 124709
408376 6744
409285 124709
410176 6744
411085 124709
411976 6744
416356 0
420515 117965
420605 124709
421466 6744
422375 124709
423266 6744
424175 124709
425066 6744
425975 124709
426866 6744
427775 124709
428666 6744
429575 124709
430466 6744
431375 124709
432266 6744
433175 124709
434066 6744
434546 0
438704 117965
438794 124709
439655 6744
440564 124709
441455 6744
442355 0
457229 169032
458549 45609
459874 0
636179 7514
643340 0
936998 117965
937088 124709
937889 6744
938018 124709
938724 6744
938729 0
939578 58982
939668 66496
940949 7514
948389 0
952557 58982
952647 7514
961188 0
961478 117965
961568 124709
962429 6744
966149 0
968646 117965
968736 124709
969597 6744
979497 0
988936 117965
989026 124709
989887 6744
999787 0
1280292 117965
1280382 124709
1281243 6744
1282152 124709
1283043 6744
1283952 124709
1284843 6744
1285752 124709
1286643 6744
1287552 124709
1288443 6744
1289352 124709
1290243 6744
1291143 0
1298807 117965
1298897 124709
1299758 6744
1300667 124709
1301558 6744
1302467 124709
1303358 6744
1304267 124709
1305158 6744
1306058 0
1484039 7514
1497680 0
1499854 7514
1515295 0
1803578 58982
1803668 66496
1804949 6744
1805438 66496
1806809 6744
1807229 0
1809910 58982
1810000 66496
1811281 6744
1811770 66496
1813141 6744
1813570 66496
1814941 6744
1824361 0
1830199 58982
1830289 66496
1831570 6744
1832059 66496
1833430 6744
1833859 66496
1835230 6744
1841050 0
2 events for K
1862493 0
1862494 2650
129 events for L
9049 3917
16248 4944
30626 5195
45949 4168
64848 5195
73870 4944
73881 3662
77459 1471
82849 444
88248 1471
99048 548
118849 444
127848 548
138659 485
138959 548
156649 444
163848 1471
192649 444
203448 548
228649 444
235848 548
268249 444
275448 548
305449 444
307859 382
308159 444
325848 548
340249 444
347448 548
347459 2738
376249 2635
383448 3662
412249 2635
419448 2738
426659 548
426670 798
450049 695
459048 798
480659 736
480670 485
480959 548
486049 444
491448 548
504049 444
513048 548
540049 444
549048 548
576049 444
585048 1471
613849 444
621048 548
651049 444
671448 548
687649 444
693048 548
725449 444
732648 548
761449 444
768648 548
797449 444
806448 548
826559 485
826859 548
833449 444
842448 548
871249 444
880248 548
910249 444
930648 548
946249 444
952248 548
981049 444
988248 548
1017049 444
1024248 548
1055449 444
1060248 548
1089049 444
1103448 548
1144849 444
1153848 548
1171859 2738
1180849 2635
1189848 2738
1191659 548
1218649 444
1225848 548
1255849 444
1258238 240
1269048 344
1272659 2534
1290649 2431
1290659 240
1297848 344
1328449 240
1337448 344
1366249 240
1373448 344
1402249 240
1413048 344
1438249 240
1447248 344
1476049 240
1483248 344
1515049 240
1535448 344
1549849 240
1557048 344
1585849 240
1593048 344
1621849 240
1632648 344
1659649 240
1665048 344
1695649 240
1701048 344
1749649 240
1758648 344
1776959 281
1777259 344
1787449 240
1794648 344
1823449 240
1830648 344
1860649 240
1860926 0
1860927 240
1863959 178
1864259 240
