14 instruments
A 10 100 20805.899747385713 886615046.05336845
B 10 100 0.00018113117344584602 933503441.77673233
C 10 100 1991925.5289842244 689098561.3783263
D 10 100 0 895660078.44187188
E 10 100 183507440.74517861 809594356.20986629
F 10 100 199466000 880000000
G 10 100 6553.6061313363007 2560002395.0532427
H 10 100 38499.176269411204 51488453.781630412
I 10 100 2419.0747377101388 662193255.831689
J 10 100 0 320000000
K 10 100 431759.25152321503 367151977.05994737
L 10 100 8192 3200000000
M 10 100 157159.98672976866 607777468.940395
N 10 100 804865230.11019051 7419592213.7182751
60 downlinks
0 19800 49577 17825.048205999999
1 49578 67745 16584.801629000001
2 91816 96499 56583.634539999999
3 120738 135056 54510.231771999999
4 137178 152542 17937.152144
5 178088 221962 61000.683803
6 221963 249338 18467.928540000001
7 264361 308238 25417.817937
8 308239 327328 19015.030229
9 330078 347128 24567.032964000002
10 365400 394577 17828.859713000002
11 394578 411962 17701.536620999999
12 436911 480795 25418.320157999999
13 480796 501418 17542.270487000002
14 502578 528436 23159.729212999999
15 528437 567073 59981.281416999998
16 567074 597076 17972.728726000001
17 597077 613056 22999.291153999999
18 614837 654623 56629.461013
19 667800 674336 23614.41446
20 679877 701139 22122.706344999999
21 701176 739875 59998.788971000002
22 739876 757341 17624.346496999999
23 782015 826275 61074.347796000002
24 826276 843861 17138.572087
25 868291 913175 61181.460402999997
26 913176 932357 17433.778816999999
27 933675 950344 23082.352213999999
28 970200 999423 17883.640805999999
29 999424 1023140 17543.785331999999
30 1023675 1046233 22376.399878
31 1046234 1080073 58655.879155000002
32 1080074 1103435 17582.023593000002
33 1105574 1117118 58623.309652000004
34 1127127 1168572 15119.160288999999
35 1168573 1190199 16914.110455999999
36 1194973 1207189 55409.676240000001
37 1213406 1243421 14837.924851
38 1244310 1247704 18937.599925999999
39 1278072 1294888 56160.945200000002
40 1299686 1347970 56661.696495999997
41 1347971 1360266 56748.807657999998
42 1364471 1376676 58852.465277000003
43 1396870 1423170 17334.486729
44 1429871 1472246 60764.045818999999
45 1472247 1519663 24005.080918
46 1527369 1531566 18969.341575999999
47 1536969 1558329 18036.499982000001
48 1581368 1593440 52719.905522000001
49 1602442 1633051 54389.954824
50 1656966 1668740 17991.02982
51 1688727 1730446 61717.871531999997
52 1731094 1776643 24930.695499000001
53 1795565 1819204 22398.438724
54 1834200 1862647 17244.778962
55 1865463 1877801 18220.925300999999
56 1894563 1906123 58678.576760000004
57 1909322 1949161 58555.537063999996
58 1949162 1964047 18992.23504
59 1981862 2018383 13796.402593000001
0 opportunities for A
0 opportunities for B
0 opportunities for C
0 opportunities for D
0 opportunities for E
0 opportunities for F
0 opportunities for G
0 opportunities for H
0 opportunities for I
0 opportunities for J
0 opportunities for K
0 opportunities for L
0 opportunities for M
0 opportunities for N
56 events for A
130409 4214960
130413 0
130839 4214960
130843 0
131579 4214960
131583 0
132009 4214960
132013 0
473201 4214960
473205 0
473631 4214960
473635 0
474371 4214960
474375 0
474801 4214960
474805 0
704448 4214960
704452 0
704878 4214960
704882 0
705618 4214960
705622 0
706048 4214960
706052 0
1078001 4214960
1078005 0
1078431 4214960
1078435 0
1079171 4214960
1079175 0
1079601 4214960
1079605 0
1309248 4214960
1309252 0
1309678 4214960
1309682 0
1310418 4214960
1310422 0
1310848 4214960
1310852 0
1575683 4214960
1575687 0
1576113 4214960
1576117 0
1576853 4214960
1576857 0
1577283 4214960
1577287 0
1944809 4214960
1944813 0
1945239 4214960
1945243 0
1945979 4214960
1945983 0
1946409 4214960
1946413 0
332 events for B
25569 12910592
25570 0
32774 12910592
32775 0
53774 12910592
53775 0
59169 12910592
59170 0
62769 12910592
62770 0
66669 12910592
66670 0
70569 12910592
70570 0
80589 12910592
80590 0
84369 12910592
84370 0
88269 12910592
88270 0
95229 12910592
95230 0
105249 12910592
105250 0
117609 12910592
117610 0
124149 12910592
124150 0
133689 12910592
133690 0
140894 12910592
140895 0
153369 12910592
153370 0
160574 12910592
160575 0
167949 1089536
167950 0
172269 12910592
172270 0
177074 12910592
177075 0
180069 1089536
180070 0
182834 12910592
182835 0
367269 12910592
367270 0
374649 12910592
374650 0
382089 12910592
382090 0
388994 12910592
388995 0
399969 12910592
399970 0
410774 12910592
410775 0
424869 12910592
424870 0
428769 12910592
428770 0
432369 12910592
432370 0
435189 12910592
435190 0
442569 12910592
442570 0
446769 12910592
446770 0
463874 12910592
463875 0
467589 12910592
467590 0
479709 12910592
479710 0
482949 12910592
482950 0
486134 12910592
486135 0
495729 12910592
495730 0
499509 12910592
499510 0
515169 12910592
515170 0
522854 12910592
522855 0
528069 1089536
528070 0
531489 12910592
531490 0
535269 12910592
535270 0
538749 1089536
538750 0
541754 12910592
541755 0
669674 12910592
669675 0
673269 12910592
673270 0
676869 12910592
676870 0
680469 12910592
680470 0
684489 12910592
684490 0
691394 12910592
691395 0
694989 12910592
694990 0
711854 12910592
711855 0
718269 1089536
718270 0
726969 12910592
726970 0
734774 12910592
734775 0
744249 1089536
744250 0
752769 12910592
752770 0
762669 12910592
762670 0
772569 1089536
772570 0
780069 12910592
780070 0
789669 12910592
789670 0
798134 12910592
798135 0
803769 1089536
803770 0
813969 12910592
813970 0
821474 12910592
821475 0
830589 1089536
830590 0
839169 12910592
839170 0
851529 12910592
851530 0
858669 1089536
858670 0
862389 12910592
862390 0
1043589 12910592
1043590 0
1055169 1089536
1055170 0
1064949 12910592
1064950 0
1075509 12910592
1075510 0
1082174 12910592
1082175 0
1091169 1089536
1091170 0
1101134 12910592
1101135 0
1110369 12910592
1110370 0
1117569 1089536
1117570 0
1124469 12910592
1124470 0
1134549 12910592
1134550 0
1138389 1089536
1138390 0
1140609 12910592
1140610 0
1146729 12910592
1146730 0
1204034 12910592
1204035 0
1207569 1089536
1207570 0
1211174 12910592
1211175 0
1214769 1089536
1214770 0
1217714 12910592
1217715 0
1238654 12910592
1238655 0
1244169 1089536
1244170 0
1248369 12910592
1248370 0
1252269 12910592
1252270 0
1274769 1089536
1274770 0
1278489 12910592
1278490 0
1283169 1089536
1283170 0
1288569 12910592
1288570 0
1300269 12910592
1300270 0
1312509 1089536
1312510 0
1321574 12910592
1321575 0
1331769 12910592
1331770 0
1341374 12910592
1341375 0
1350369 12910592
1350370 0
1359369 1089536
1359370 0
1368669 12910592
1368670 0
1377069 1089536
1377070 0
1384569 12910592
1384570 0
1388474 12910592
1388475 0
1527494 12910592
1527495 0
1530369 1089536
1530370 0
1533969 12910592
1533970 0
1537749 12910592
1537750 0
1544769 1089536
1544770 0
1548074 12910592
1548075 0
1551369 12910592
1551370 0
1578969 12910592
1578970 0
1586049 1089536
1586050 0
1593189 12910592
1593190 0
1600094 12910592
1600095 0
1605369 1089536
1605370 0
1611669 12910592
1611670 0
1614969 12910592
1614970 0
1620374 12910592
1620375 0
1625769 1089536
1625770 0
1630209 12910592
1630210 0
1674129 12910592
1674130 0
1677969 1089536
1677970 0
1681574 12910592
1681575 0
1685769 1089536
1685770 0
1689069 12910592
1689070 0
1691769 12910592
1691770 0
1697769 1089536
1697770 0
1700594 12910592
1700595 0
1763414 12910592
1763415 0
1767969 12910592
1767970 0
1773069 1089536
1773070 0
1777569 12910592
1777570 0
1785794 12910592
1785795 0
1800129 12910592
1800130 0
1803969 1089536
1803970 0
1807569 12910592
1807570 0
1811169 1089536
1811170 0
1813869 12910592
1813870 0
1873209 12910592
1873210 0
1877174 12910592
1877175 0
1880769 1089536
1880770 0
1884369 12910592
1884370 0
1888089 1089536
1888090 0
1894989 12910592
1894990 0
1898594 12910592
1898595 0
1902189 1089536
1902190 0
1906269 12910592
1906270 0
2004129 12910592
2004130 0
2007734 12910592
2007735 0
2011329 1089536
2011330 0
2015409 12910592
2015410 0
2018709 1089536
2018710 0
2022309 12910592
2022310 0
2025909 1089536
2025910 0
2029514 12910592
2029515 0
2033589 12910592
2033590 0
13 events for C
20924 1370
349004 0
366524 1370
651404 0
668924 1370
953804 0
971324 1370
1256204 0
1273724 1370
1558604 0
1576124 1370
1817804 0
1835324 1370
62 events for D
4302 10000000
4303 0
344726 10000000
344727 0
385693 10000000
385694 0
428007 10000000
428008 0
470767 10000000
470768 0
513677 10000000
513678 0
556537 10000000
556538 0
599148 10000000
599149 0
641294 10000000
641295 0
682937 10000000
682938 0
724554 10000000
724555 0
766821 10000000
766822 0
809915 10000000
809916 0
853653 10000000
853654 0
897843 10000000
897844 0
942386 10000000
942387 0
987288 10000000
987289 0
1032766 10000000
1032767 0
1503767 10000000
1503768 0
1545696 10000000
1545697 0
1588344 10000000
1588345 0
1631262 10000000
1631263 0
1674240 10000000
1674241 0
1717097 10000000
1717098 0
1759627 10000000
1759628 0
1801612 10000000
1801613 0
1843105 10000000
1843106 0
1884755 10000000
1884756 0
1927212 10000000
1927213 0
1970513 10000000
1970514 0
2014428 10000000
2014429 0
141 events for E
251 240
2362 444
20372 1471
36573 444
41972 1471
64773 444
77972 548
108573 444
113972 548
128383 2738
144573 2635
157172 3662
178773 2635
185972 2738
200383 548
234573 444
243572 548
247145 1830
262183 1768
262483 1830
270573 1727
279572 1830
306573 1727
324572 2754
345573 1727
365972 1830
380373 1727
387572 1830
414573 1727
421772 1830
450573 1727
457772 1830
484745 548
486573 444
493772 548
540573 444
545972 1471
567572 548
574773 444
581972 548
612573 444
617972 548
646783 2738
647973 2635
666572 2738
682773 2635
697172 3662
718773 2635
718783 444
724172 1471
738572 548
752973 444
760172 1471
788973 444
796172 548
842973 444
848372 548
877173 444
884372 548
914973 444
920372 548
941994 494
950373 391
956383 2581
968972 3608
985173 2581
990572 3608
991614 3662
1019373 2635
1026572 3662
1028383 1471
1054773 444
1062572 1471
1071583 3662
1091373 2635
1100372 3662
1125583 1471
1125883 1409
1126183 1471
1130323 3662
1130376 3912
1145373 2885
1146043 695
1150794 444
1152572 548
1179573 444
1186772 548
1215573 444
1222772 548
1233545 1830
1252173 1727
1271372 1830
1285773 1727
1292972 1830
1321773 1727
1328972 2754
1357773 1727
1364972 2754
1393773 1727
1400972 2754
1445973 1727
1454972 1830
1481973 1727
1490972 1830
1517973 1727
1517983 3917
1526972 4021
1537772 4944
1539583 2754
1553673 1727
1575572 2754
1589973 1727
1597172 2754
1625973 1727
1633172 1830
1665573 1727
1672772 1830
1701573 1727
1708772 1830
1737573 1727
1744772 2754
1775373 1727
1782572 2754
1814373 1727
1817083 1664
1817383 1727
1820383 3917
1832972 4944
1850973 3917
1856372 4944
1883373 3917
1885183 1727
1894172 2754
1906745 1471
1922973 444
1930172 1471
1958973 444
1966172 1471
1994973 444
2002172 1471
2003983 3662
141 events for F
1 240
2112 444
20122 1471
36323 444
41722 1471
64523 444
77722 548
108323 444
113722 548
128133 2738
144323 2635
156922 3662
178523 2635
185722 2738
200133 548
234323 444
243322 548
246895 1830
261933 1768
262233 1830
270323 1727
279322 1830
306323 1727
324322 2754
345323 1727
365722 1830
380123 1727
387322 1830
414323 1727
421522 1830
450323 1727
457522 1830
484495 548
486323 444
493522 548
540323 444
545722 1471
567322 548
574523 444
581722 548
612323 444
617722 548
646533 2738
647723 2635
666322 2738
682523 2635
696922 3662
718523 2635
718533 444
723922 1471
738322 548
752723 444
759922 1471
788723 444
795922 548
842723 444
848122 548
876923 444
884122 548
914723 444
920122 548
941744 494
950123 391
956133 2581
968722 3608
984923 2581
990322 3608
991364 3662
1019123 2635
1026322 3662
1028133 1471
1054523 444
1062322 1471
1071333 3662
1091123 2635
1100122 3662
1125333 1471
1125633 1409
1125933 1471
1130073 3662
1130126 3912
1145123 2885
1145793 695
1150544 444
1152322 548
1179323 444
1186522 548
1215323 444
1222522 548
1233295 1830
1251923 1727
1271122 1830
1285523 1727
1292722 1830
1321523 1727
1328722 2754
1357523 1727
1364722 2754
1393523 1727
1400722 2754
1445723 1727
1454722 1830
1481723 1727
1490722 1830
1517723 1727
1517733 3917
1526722 4021
1537522 4944
1539333 2754
1553423 1727
1575322 2754
1589723 1727
1596922 2754
1625723 1727
1632922 1830
1665323 1727
1672522 1830
1701323 1727
1708522 1830
1737323 1727
1744522 2754
1775123 1727
1782322 2754
1814123 1727
1816833 1664
1817133 1727
1820133 3917
1832722 4944
1850723 3917
1856122 4944
1883123 3917
1884933 1727
1893922 2754
1906495 1471
1922723 444
1929922 1471
1958723 444
1965922 1471
1994723 444
2001922 1471
2003733 3662
896 events for G
20495 12910592
20496 0
20755 12910592
20756 0
21335 12910592
21336 0
21595 12910592
21596 0
39474 12910592
39475 0
39734 12910592
39735 0
40314 12910592
40315 0
40574 12910592
40575 0
57663 12910592
57664 0
57923 12910592
57924 0
58503 12910592
58504 0
58763 12910592
58764 0
75853 12910592
75854 0
76113 12910592
76114 0
76693 12910592
76694 0
76953 12910592
76954 0
94042 12910592
94043 0
94302 12910592
94303 0
94882 12910592
94883 0
95142 12910592
95143 0
112232 12910592
112233 0
112492 12910592
112493 0
113072 12910592
113073 0
113332 12910592
113333 0
130421 12910592
130422 0
130651 12910592
130652 0
131191 12910592
131192 0
131421 12910592
131422 0
148611 12910592
148612 0
148871 12910592
148872 0
149451 12910592
149452 0
149711 12910592
149712 0
166800 12910592
166801 0
167060 12910592
167061 0
167640 12910592
167641 0
167900 12910592
167901 0
184990 12910592
184991 0
185250 12910592
185251 0
185830 12910592
185831 0
186090 12910592
186091 0
203179 12910592
203180 0
203439 12910592
203440 0
204019 12910592
204020 0
204279 12910592
204280 0
221369 12910592
221370 0
221629 12910592
221630 0
222209 12910592
222210 0
222469 12910592
222470 0
239558 12910592
239559 0
239818 12910592
239819 0
240398 12910592
240399 0
240658 12910592
240659 0
257748 12910592
257749 0
258008 12910592
258009 0
258588 12910592
258589 0
258848 12910592
258849 0
275937 12910592
275938 0
276197 12910592
276198 0
276777 12910592
276778 0
277037 12910592
277038 0
294127 12910592
294128 0
294387 12910592
294388 0
294967 12910592
294968 0
295227 12910592
295228 0
312316 12910592
312317 0
312576 12910592
312577 0
313156 12910592
313157 0
313416 12910592
313417 0
329906 12910592
329907 0
330166 12910592
330167 0
330746 12910592
330747 0
331006 12910592
331007 0
347195 12910592
347196 0
347455 12910592
347456 0
348035 12910592
348036 0
348295 12910592
348296 0
366095 12910592
366096 0
366355 12910592
366356 0
366935 12910592
366936 0
367195 12910592
367196 0
384271 12910592
384272 0
384531 12910592
384532 0
385111 12910592
385112 0
385371 12910592
385372 0
402060 12910592
402061 0
402320 12910592
402321 0
402900 12910592
402901 0
403160 12910592
403161 0
419848 12910592
419849 0
420108 12910592
420109 0
420688 12910592
420689 0
420948 12910592
420949 0
437636 12910592
437637 0
437896 12910592
437897 0
438476 12910592
438477 0
438736 12910592
438737 0
455424 12910592
455425 0
455684 12910592
455685 0
456264 12910592
456265 0
456524 12910592
456525 0
473213 12910592
473214 0
473443 12910592
473444 0
473983 12910592
473984 0
474213 12910592
474214 0
491001 12910592
491002 0
491261 12910592
491262 0
491841 12910592
491842 0
492101 12910592
492102 0
508789 12910592
508790 0
509049 12910592
509050 0
509629 12910592
509630 0
509889 12910592
509890 0
526577 12910592
526578 0
526837 12910592
526838 0
527417 12910592
527418 0
527677 12910592
527678 0
544366 12910592
544367 0
544626 12910592
544627 0
545206 12910592
545207 0
545466 12910592
545467 0
562154 12910592
562155 0
562414 12910592
562415 0
562994 12910592
562995 0
563254 12910592
563255 0
579942 12910592
579943 0
580202 12910592
580203 0
580782 12910592
580783 0
581042 12910592
581043 0
597730 12910592
597731 0
597990 12910592
597991 0
598570 12910592
598571 0
598830 12910592
598831 0
615519 12910592
615520 0
615779 12910592
615780 0
616359 12910592
616360 0
616619 12910592
616620 0
632707 12910592
632708 0
632967 12910592
632968 0
633547 12910592
633548 0
633807 12910592
633808 0
649595 12910592
649596 0
649855 12910592
649856 0
650435 12910592
650436 0
650695 12910592
650696 0
668495 12910592
668496 0
668755 12910592
668756 0
669335 12910592
669336 0
669595 12910592
669596 0
686671 12910592
686672 0
686931 12910592
686932 0
687511 12910592
687512 0
687771 12910592
687772 0
704460 12910592
704461 0
704690 12910592
704691 0
705230 12910592
705231 0
705460 12910592
705461 0
722248 12910592
722249 0
722508 12910592
722509 0
723088 12910592
723089 0
723348 12910592
723349 0
740036 12910592
740037 0
740296 12910592
740297 0
740876 12910592
740877 0
741136 12910592
741137 0
757824 12910592
757825 0
758084 12910592
758085 0
758664 12910592
758665 0
758924 12910592
758925 0
775613 12910592
775614 0
775873 12910592
775874 0
776453 12910592
776454 0
776713 12910592
776714 0
793401 12910592
793402 0
793661 12910592
793662 0
794241 12910592
794242 0
794501 12910592
794502 0
811189 12910592
811190 0
811449 12910592
811450 0
812029 12910592
812030 0
812289 12910592
812290 0
828977 12910592
828978 0
829237 12910592
829238 0
829817 12910592
829818 0
830077 12910592
830078 0
846766 12910592
846767 0
847026 12910592
847027 0
847606 12910592
847607 0
847866 12910592
847867 0
864554 12910592
864555 0
864814 12910592
864815 0
865394 12910592
865395 0
865654 12910592
865655 0
882342 12910592
882343 0
882602 12910592
882603 0
883182 12910592
883183 0
883442 12910592
883443 0
900130 12910592
900131 0
900390 12910592
900391 0
900970 12910592
900971 0
901230 12910592
901231 0
917919 12910592
917920 0
918179 12910592
918180 0
918759 12910592
918760 0
919019 12910592
919020 0
935107 12910592
935108 0
935367 12910592
935368 0
935947 12910592
935948 0
936207 12910592
936208 0
951995 12910592
951996 0
952255 12910592
952256 0
952835 12910592
952836 0
953095 12910592
953096 0
970895 12910592
970896 0
971155 12910592
971156 0
971735 12910592
971736 0
971995 12910592
971996 0
989071 12910592
989072 0
989331 12910592
989332 0
989911 12910592
989912 0
990171 12910592
990172 0
1006860 12910592
1006861 0
1007120 12910592
1007121 0
1007700 12910592
1007701 0
1007960 12910592
1007961 0
1024648 12910592
1024649 0
1024908 12910592
1024909 0
1025488 12910592
1025489 0
1025748 12910592
1025749 0
1042436 12910592
1042437 0
1042696 12910592
1042697 0
1043276 12910592
1043277 0
1043536 12910592
1043537 0
1060224 12910592
1060225 0
1060484 12910592
1060485 0
1061064 12910592
1061065 0
1061324 12910592
1061325 0
1078013 12910592
1078014 0
1078243 12910592
1078244 0
1078783 12910592
1078784 0
1079013 12910592
1079014 0
1095801 12910592
1095802 0
1096061 12910592
1096062 0
1096641 12910592
1096642 0
1096901 12910592
1096902 0
1113589 12910592
1113590 0
1113849 12910592
1113850 0
1114429 12910592
1114430 0
1114689 12910592
1114690 0
1131377 12910592
1131378 0
1131637 12910592
1131638 0
1132217 12910592
1132218 0
1132477 12910592
1132478 0
1149166 12910592
1149167 0
1149426 12910592
1149427 0
1150006 12910592
1150007 0
1150266 12910592
1150267 0
1166954 12910592
1166955 0
1167214 12910592
1167215 0
1167794 12910592
1167795 0
1168054 12910592
1168055 0
1184742 12910592
1184743 0
1185002 12910592
1185003 0
1185582 12910592
1185583 0
1185842 12910592
1185843 0
1202530 12910592
1202531 0
1202790 12910592
1202791 0
1203370 12910592
1203371 0
1203630 12910592
1203631 0
1220319 12910592
1220320 0
1220579 12910592
1220580 0
1221159 12910592
1221160 0
1221419 12910592
1221420 0
1237507 12910592
1237508 0
1237767 12910592
1237768 0
1238347 12910592
1238348 0
1238607 12910592
1238608 0
1254395 12910592
1254396 0
1254655 12910592
1254656 0
1255235 12910592
1255236 0
1255495 12910592
1255496 0
1273295 12910592
1273296 0
1273555 12910592
1273556 0
1274135 12910592
1274136 0
1274395 12910592
1274396 0
1291471 12910592
1291472 0
1291731 12910592
1291732 0
1292311 12910592
1292312 0
1292571 12910592
1292572 0
1309260 12910592
1309261 0
1309490 12910592
1309491 0
1310030 12910592
1310031 0
1310260 12910592
1310261 0
1327048 12910592
1327049 0
1327308 12910592
1327309 0
1327888 12910592
1327889 0
1328148 12910592
1328149 0
1344836 12910592
1344837 0
1345096 12910592
1345097 0
1345676 12910592
1345677 0
1345936 12910592
1345937 0
1362624 12910592
1362625 0
1362884 12910592
1362885 0
1363464 12910592
1363465 0
1363724 12910592
1363725 0
1380413 12910592
1380414 0
1380673 12910592
1380674 0
1381253 12910592
1381254 0
1381513 12910592
1381514 0
1398201 12910592
1398202 0
1398461 12910592
1398462 0
1399041 12910592
1399042 0
1399301 12910592
1399302 0
1415989 12910592
1415990 0
1416249 12910592
1416250 0
1416829 12910592
1416830 0
1417089 12910592
1417090 0
1433777 12910592
1433778 0
1434037 12910592
1434038 0
1434617 12910592
1434618 0
1434877 12910592
1434878 0
1451566 12910592
1451567 0
1451826 12910592
1451827 0
1452406 12910592
1452407 0
1452666 12910592
1452667 0
1469354 12910592
1469355 0
1469614 12910592
1469615 0
1470194 12910592
1470195 0
1470454 12910592
1470455 0
1487142 12910592
1487143 0
1487402 12910592
1487403 0
1487982 12910592
1487983 0
1488242 12910592
1488243 0
1504930 12910592
1504931 0
1505190 12910592
1505191 0
1505770 12910592
1505771 0
1506030 12910592
1506031 0
1522719 12910592
1522720 0
1522979 12910592
1522980 0
1523559 12910592
1523560 0
1523819 12910592
1523820 0
1539907 12910592
1539908 0
1540167 12910592
1540168 0
1540747 12910592
1540748 0
1541007 12910592
1541008 0
1556795 12910592
1556796 0
1557055 12910592
1557056 0
1557635 12910592
1557636 0
1557895 12910592
1557896 0
1575695 12910592
1575696 0
1575925 12910592
1575926 0
1576465 12910592
1576466 0
1576695 12910592
1576696 0
1595324 12910592
1595325 0
1595584 12910592
1595585 0
1596164 12910592
1596165 0
1596424 12910592
1596425 0
1613838 12910592
1613839 0
1614098 12910592
1614099 0
1614678 12910592
1614679 0
1614938 12910592
1614939 0
1632352 12910592
1632353 0
1632612 12910592
1632613 0
1633192 12910592
1633193 0
1633452 12910592
1633453 0
1650866 12910592
1650867 0
1651126 12910592
1651127 0
1651706 12910592
1651707 0
1651966 12910592
1651967 0
1669381 12910592
1669382 0
1669641 12910592
1669642 0
1670221 12910592
1670222 0
1670481 12910592
1670482 0
1687895 12910592
1687896 0
1688155 12910592
1688156 0
1688735 12910592
1688736 0
1688995 12910592
1688996 0
1706409 12910592
1706410 0
1706669 12910592
1706670 0
1707249 12910592
1707250 0
1707509 12910592
1707510 0
1724924 12910592
1724925 0
1725184 12910592
1725185 0
1725764 12910592
1725765 0
1726024 12910592
1726025 0
1743438 12910592
1743439 0
1743698 12910592
1743699 0
1744278 12910592
1744279 0
1744538 12910592
1744539 0
1761952 12910592
1761953 0
1762212 12910592
1762213 0
1762792 12910592
1762793 0
1763052 12910592
1763053 0
1780466 12910592
1780467 0
1780726 12910592
1780727 0
1781306 12910592
1781307 0
1781566 12910592
1781567 0
1798381 12910592
1798382 0
1798641 12910592
1798642 0
1799221 12910592
1799222 0
1799481 12910592
1799482 0
1815995 12910592
1815996 0
1816255 12910592
1816256 0
1816835 12910592
1816836 0
1817095 12910592
1817096 0
1834895 12910592
1834896 0
1835155 12910592
1835156 0
1835735 12910592
1835736 0
1835995 12910592
1835996 0
1853874 12910592
1853875 0
1854134 12910592
1854135 0
1854714 12910592
1854715 0
1854974 12910592
1854975 0
1872063 12910592
1872064 0
1872323 12910592
1872324 0
1872903 12910592
1872904 0
1873163 12910592
1873164 0
1890253 12910592
1890254 0
1890513 12910592
1890514 0
1891093 12910592
1891094 0
1891353 12910592
1891354 0
1908442 12910592
1908443 0
1908702 12910592
1908703 0
1909282 12910592
1909283 0
1909542 12910592
1909543 0
1926632 12910592
1926633 0
1926892 12910592
1926893 0
1927472 12910592
1927473 0
1927732 12910592
1927733 0
1944821 12910592
1944822 0
1945051 12910592
1945052 0
1945591 12910592
1945592 0
1945821 12910592
1945822 0
1963011 12910592
1963012 0
1963271 12910592
1963272 0
1963851 12910592
1963852 0
1964111 12910592
1964112 0
1981200 12910592
1981201 0
1981460 12910592
1981461 0
1982040 12910592
1982041 0
1982300 12910592
1982301 0
1999390 12910592
1999391 0
1999650 12910592
1999651 0
2000230 12910592
2000231 0
2000490 12910592
2000491 0
2017579 12910592
2017580 0
2017839 12910592
2017840 0
2018419 12910592
2018420 0
2018679 12910592
2018680 0
1 events for H
1619 18
50 events for I
42774 873
71574 0
264177 3276
279177 0
547666 3481
548866 0
550666 3481
568666 0
689971 873
718771 0
781641 3276
796641 0
796701 873
825501 0
1012888 3276
1027888 0
1027948 873
1056748 0
1084041 3276
1099041 0
1099101 873
1127901 0
1172982 3276
1187982 0
1188042 873
1216842 0
1279711 3276
1294711 0
1294771 873
1323571 0
1350864 3276
1365864 0
1365924 873
1394724 0
1439806 3276
1454806 0
1454866 873
1483666 0
1510959 3276
1525959 0
1526019 873
1554819 0
1694649 3276
1709649 0
1709709 873
1738509 0
1857174 873
1885974 0
1929932 873
1958732 0
3 events for J
947700 90
958620 3500
984240 0
7 events for K
8240 185
347540 0
348140 185
952340 0
952940 185
1557140 0
1557740 185
902 events for L
17699 12910592
17700 0
17959 12910592
17960 0
18539 12910592
18540 0
18799 12910592
18800 0
36678 12910592
36679 0
36938 12910592
36939 0
37518 12910592
37519 0
37778 12910592
37779 0
54867 12910592
54868 0
55127 12910592
55128 0
55707 12910592
55708 0
55967 12910592
55968 0
73057 12910592
73058 0
73317 12910592
73318 0
73897 12910592
73898 0
74157 12910592
74158 0
91246 12910592
91247 0
91506 12910592
91507 0
92086 12910592
92087 0
92346 12910592
92347 0
109436 12910592
109437 0
109696 12910592
109697 0
110276 12910592
110277 0
110536 12910592
110537 0
127625 12910592
127626 0
127855 12910592
127856 0
128395 12910592
128396 0
128625 12910592
128626 0
145815 12910592
145816 0
146075 12910592
146076 0
146655 12910592
146656 0
146915 12910592
146916 0
164004 12910592
164005 0
164264 12910592
164265 0
164844 12910592
164845 0
165104 12910592
165105 0
182194 12910592
182195 0
182454 12910592
182455 0
183034 12910592
183035 0
183294 12910592
183295 0
200383 12910592
200384 0
200643 12910592
200644 0
201223 12910592
201224 0
201483 12910592
201484 0
218573 12910592
218574 0
218833 12910592
218834 0
219413 12910592
219414 0
219673 12910592
219674 0
236762 12910592
236763 0
237022 12910592
237023 0
237602 12910592
237603 0
237862 12910592
237863 0
254952 12910592
254953 0
255212 12910592
255213 0
255792 12910592
255793 0
256052 12910592
256053 0
273141 12910592
273142 0
273401 12910592
273402 0
273981 12910592
273982 0
274241 12910592
274242 0
291331 12910592
291332 0
291591 12910592
291592 0
292171 12910592
292172 0
292431 12910592
292432 0
309520 12910592
309521 0
309780 12910592
309781 0
310360 12910592
310361 0
310620 12910592
310621 0
327110 12910592
327111 0
327370 12910592
327371 0
327950 12910592
327951 0
328210 12910592
328211 0
344399 12910592
344400 0
344659 12910592
344660 0
345239 12910592
345240 0
345499 12910592
345500 0
363299 12910592
363300 0
363559 12910592
363560 0
364139 12910592
364140 0
364399 12910592
364400 0
381475 12910592
381476 0
381735 12910592
381736 0
382315 12910592
382316 0
382575 12910592
382576 0
399264 12910592
399265 0
399524 12910592
399525 0
400104 12910592
400105 0
400364 12910592
400365 0
417052 12910592
417053 0
417312 12910592
417313 0
417892 12910592
417893 0
418152 12910592
418153 0
434840 12910592
434841 0
435100 12910592
435101 0
435680 12910592
435681 0
435940 12910592
435941 0
452628 12910592
452629 0
452888 12910592
452889 0
453468 12910592
453469 0
453728 12910592
453729 0
470417 12910592
470418 0
470647 12910592
470648 0
471187 12910592
471188 0
471417 12910592
471418 0
488205 12910592
488206 0
488465 12910592
488466 0
489045 12910592
489046 0
489305 12910592
489306 0
505993 12910592
505994 0
506253 12910592
506254 0
506833 12910592
506834 0
507093 12910592
507094 0
523781 12910592
523782 0
524041 12910592
524042 0
524621 12910592
524622 0
524881 12910592
524882 0
541570 12910592
541571 0
541830 12910592
541831 0
542410 12910592
542411 0
542670 12910592
542671 0
559358 12910592
559359 0
559618 12910592
559619 0
560198 12910592
560199 0
560458 12910592
560459 0
577146 12910592
577147 0
577406 12910592
577407 0
577986 12910592
577987 0
578246 12910592
578247 0
594934 12910592
594935 0
595194 12910592
595195 0
595774 12910592
595775 0
596034 12910592
596035 0
612723 12910592
612724 0
612983 12910592
612984 0
613563 12910592
613564 0
613823 12910592
613824 0
629911 12910592
629912 0
630171 12910592
630172 0
630751 12910592
630752 0
631011 12910592
631012 0
646799 12910592
646800 0
647059 12910592
647060 0
647639 12910592
647640 0
647899 12910592
647900 0
665699 12910592
665700 0
665959 12910592
665960 0
666539 12910592
666540 0
666799 12910592
666800 0
683875 12910592
683876 0
684135 12910592
684136 0
684715 12910592
684716 0
684975 12910592
684976 0
701664 12910592
701665 0
701894 12910592
701895 0
702434 12910592
702435 0
702664 12910592
702665 0
719452 12910592
719453 0
719712 12910592
719713 0
720292 12910592
720293 0
720552 12910592
720553 0
737240 12910592
737241 0
737500 12910592
737501 0
738080 12910592
738081 0
738340 12910592
738341 0
755028 12910592
755029 0
755288 12910592
755289 0
755868 12910592
755869 0
756128 12910592
756129 0
772817 12910592
772818 0
773077 12910592
773078 0
773657 12910592
773658 0
773917 12910592
773918 0
790605 12910592
790606 0
790865 12910592
790866 0
791445 12910592
791446 0
791705 12910592
791706 0
808393 12910592
808394 0
808653 12910592
808654 0
809233 12910592
809234 0
809493 12910592
809494 0
826181 12910592
826182 0
826441 12910592
826442 0
827021 12910592
827022 0
827281 12910592
827282 0
843970 12910592
843971 0
844230 12910592
844231 0
844810 12910592
844811 0
845070 12910592
845071 0
861758 12910592
861759 0
862018 12910592
862019 0
862598 12910592
862599 0
862858 12910592
862859 0
879546 12910592
879547 0
879806 12910592
879807 0
880386 12910592
880387 0
880646 12910592
880647 0
897334 12910592
897335 0
897594 12910592
897595 0
898174 12910592
898175 0
898434 12910592
898435 0
915123 12910592
915124 0
915383 12910592
915384 0
915963 12910592
915964 0
916223 12910592
916224 0
932311 12910592
932312 0
932571 12910592
932572 0
933151 12910592
933152 0
933411 12910592
933412 0
949199 12910592
949200 0
949459 12910592
949460 0
950039 12910592
950040 0
950299 12910592
950300 0
968099 12910592
968100 0
968359 12910592
968360 0
968939 12910592
968940 0
969199 12910592
969200 0
986275 12910592
986276 0
986535 12910592
986536 0
987115 12910592
987116 0
987375 12910592
987376 0
1004064 12910592
1004065 0
1004324 12910592
1004325 0
1004904 12910592
1004905 0
1005164 12910592
1005165 0
1021852 12910592
1021853 0
1022112 12910592
1022113 0
1022692 12910592
1022693 0
1022952 12910592
1022953 0
1039640 12910592
1039641 0
1039900 12910592
1039901 0
1040480 12910592
1040481 0
1040740 12910592
1040741 0
1057428 12910592
1057429 0
1057688 12910592
1057689 0
1058268 12910592
1058269 0
1058528 12910592
1058529 0
1075217 12910592
1075218 0
1075447 12910592
1075448 0
1075987 12910592
1075988 0
1076217 12910592
1076218 0
1093005 12910592
1093006 0
1093265 12910592
1093266 0
1093845 12910592
1093846 0
1094105 12910592
1094106 0
1110793 12910592
1110794 0
1111053 12910592
1111054 0
1111633 12910592
1111634 0
1111893 12910592
1111894 0
1128581 12910592
1128582 0
1128841 12910592
1128842 0
1129421 12910592
1129422 0
1129681 12910592
1129682 0
1146370 12910592
1146371 0
1146630 12910592
1146631 0
1147210 12910592
1147211 0
1147470 12910592
1147471 0
1164158 12910592
1164159 0
1164418 12910592
1164419 0
1164998 12910592
1164999 0
1165258 12910592
1165259 0
1181946 12910592
1181947 0
1182206 12910592
1182207 0
1182786 12910592
1182787 0
1183046 12910592
1183047 0
1199734 12910592
1199735 0
1199994 12910592
1199995 0
1200574 12910592
1200575 0
1200834 12910592
1200835 0
1217523 12910592
1217524 0
1217783 12910592
1217784 0
1218363 12910592
1218364 0
1218623 12910592
1218624 0
1234711 12910592
1234712 0
1234971 12910592
1234972 0
1235551 12910592
1235552 0
1235811 12910592
1235812 0
1251599 12910592
1251600 0
1251859 12910592
1251860 0
1252439 12910592
1252440 0
1252699 12910592
1252700 0
1270499 12910592
1270500 0
1270759 12910592
1270760 0
1271339 12910592
1271340 0
1271599 12910592
1271600 0
1288675 12910592
1288676 0
1288935 12910592
1288936 0
1289515 12910592
1289516 0
1289775 12910592
1289776 0
1306464 12910592
1306465 0
1306694 12910592
1306695 0
1307234 12910592
1307235 0
1307464 12910592
1307465 0
1324252 12910592
1324253 0
1324512 12910592
1324513 0
1325092 12910592
1325093 0
1325352 12910592
1325353 0
1342040 12910592
1342041 0
1342300 12910592
1342301 0
1342880 12910592
1342881 0
1343140 12910592
1343141 0
1359828 12910592
1359829 0
1360088 12910592
1360089 0
1360668 12910592
1360669 0
1360928 12910592
1360929 0
1377617 12910592
1377618 0
1377877 12910592
1377878 0
1378457 12910592
1378458 0
1378717 12910592
1378718 0
1395405 12910592
1395406 0
1395665 12910592
1395666 0
1396245 12910592
1396246 0
1396505 12910592
1396506 0
1413193 12910592
1413194 0
1413453 12910592
1413454 0
1414033 12910592
1414034 0
1414293 12910592
1414294 0
1430981 12910592
1430982 0
1431241 12910592
1431242 0
1431821 12910592
1431822 0
1432081 12910592
1432082 0
1448770 12910592
1448771 0
1449030 12910592
1449031 0
1449610 12910592
1449611 0
1449870 12910592
1449871 0
1466558 12910592
1466559 0
1466818 12910592
1466819 0
1467398 12910592
1467399 0
1467658 12910592
1467659 0
1484346 12910592
1484347 0
1484606 12910592
1484607 0
1485186 12910592
1485187 0
1485446 12910592
1485447 0
1502134 12910592
1502135 0
1502394 12910592
1502395 0
1502974 12910592
1502975 0
1503234 12910592
1503235 0
1519923 12910592
1519924 0
1520183 12910592
1520184 0
1520763 12910592
1520764 0
1521023 12910592
1521024 0
1537111 12910592
1537112 0
1537371 12910592
1537372 0
1537951 12910592
1537952 0
1538211 12910592
1538212 0
1553999 12910592
1554000 0
1554259 12910592
1554260 0
1554839 12910592
1554840 0
1555099 12910592
1555100 0
1572899 12910592
1572900 0
1573129 12910592
1573130 0
1573669 12910592
1573670 0
1573899 12910592
1573900 0
1592528 12910592
1592529 0
1592788 12910592
1592789 0
1593368 12910592
1593369 0
1593628 12910592
1593629 0
1611042 12910592
1611043 0
1611302 12910592
1611303 0
1611882 12910592
1611883 0
1612142 12910592
1612143 0
1629556 12910592
1629557 0
1629816 12910592
1629817 0
1630396 12910592
1630397 0
1630656 12910592
1630657 0
1648070 12910592
1648071 0
1648330 12910592
1648331 0
1648910 12910592
1648911 0
1649170 12910592
1649171 0
1666585 12910592
1666586 0
1666845 12910592
1666846 0
1667425 12910592
1667426 0
1667685 12910592
1667686 0
1685099 12910592
1685100 0
1685359 12910592
1685360 0
1685939 12910592
1685940 0
1686199 12910592
1686200 0
1703613 12910592
1703614 0
1703873 12910592
1703874 0
1704453 12910592
1704454 0
1704713 12910592
1704714 0
1722128 12910592
1722129 0
1722388 12910592
1722389 0
1722968 12910592
1722969 0
1723228 12910592
1723229 0
1740642 12910592
1740643 0
1740902 12910592
1740903 0
1741482 12910592
1741483 0
1741742 12910592
1741743 0
1759156 12910592
1759157 0
1759416 12910592
1759417 0
1759996 12910592
1759997 0
1760256 12910592
1760257 0
1777670 12910592
1777671 0
1777930 12910592
1777931 0
1778510 12910592
1778511 0
1778770 12910592
1778771 0
1795585 12910592
1795586 0
1795845 12910592
1795846 0
1796425 12910592
1796426 0
1796685 12910592
1796686 0
1813199 12910592
1813200 0
1813459 12910592
1813460 0
1814039 12910592
1814040 0
1814299 12910592
1814300 0
1832099 12910592
1832100 0
1832359 12910592
1832360 0
1832939 12910592
1832940 0
1833199 12910592
1833200 0
1851078 12910592
1851079 0
1851338 12910592
1851339 0
1851918 12910592
1851919 0
1852178 12910592
1852179 0
1869267 12910592
1869268 0
1869527 12910592
1869528 0
1870107 12910592
1870108 0
1870367 12910592
1870368 0
1887457 12910592
1887458 0
1887717 12910592
1887718 0
1888297 12910592
1888298 0
1888557 12910592
1888558 0
1905646 12910592
1905647 0
1905906 12910592
1905907 0
1906486 12910592
1906487 0
1906746 12910592
1906747 0
1923836 12910592
1923837 0
1924096 12910592
1924097 0
1924676 12910592
1924677 0
1924936 12910592
1924937 0
1942025 12910592
1942026 0
1942255 12910592
1942256 0
1942795 12910592
1942796 0
1943025 12910592
1943026 0
1960215 12910592
1960216 0
1960475 12910592
1960476 0
1961055 12910592
1961056 0
1961315 12910592
1961316 0
1978404 12910592
1978405 0
1978664 12910592
1978665 0
1979244 12910592
1979245 0
1979504 12910592
1979505 0
1996594 12910592
1996595 0
1996854 12910592
1996855 0
1997434 12910592
1997435 0
1997694 12910592
1997695 0
2014783 12910592
2014784 0
2015043 12910592
2015044 0
2015623 12910592
2015624 0
2015883 12910592
2015884 0
2032973 12910592
2032974 0
2033233 12910592
2033234 0
2033813 12910592
2033814 0
1 events for M
3082 74
1515 events for N
21294 4707014
21300 0
21314 2824208
21315 0
22214 2824208
22215 0
22514 2824208
22515 0
23414 2824208
23415 0
23714 2824208
23715 0
24894 4707014
24900 0
28494 4707014
28500 0
32094 4707014
32100 0
35694 4707014
35700 0
41653 4707014
41659 0
44633 1882806
44636 0
45253 4707014
45259 0
48853 4707014
48859 0
51114 4707014
51120 0
58344 4707014
58350 0
62154 4707014
62160 0
65904 4707014
65910 0
66233 1412104
66235 0
69714 4707014
69720 0
79556 82880
79557 0
79566 82880
79567 0
79576 82880
79577 0
79607 82880
79608 0
79617 82880
79618 0
79627 82880
79628 0
224574 4313184
224575 2310336
224576 0
224705 4313184
224707 0
224850 192528
224851 0
225155 2156592
225156 0
225474 3594320
225475 962640
225476 0
225522 3594320
225523 962640
225524 0
225793 718864
225794 0
225803 718864
225804 0
225813 718864
225814 0
225823 718864
225824 0
225833 718864
225834 0
225843 718864
225844 0
225853 718864
225854 0
225863 718864
225864 0
225873 718864
225874 0
225883 718864
225884 0
225893 718864
225894 0
225903 718864
225904 0
225913 718864
225914 0
225923 718864
225924 0
225933 718864
225934 0
225943 718864
225944 0
225953 718864
225954 0
225973 192528
225974 0
225983 192528
225984 0
225993 192528
225994 0
226003 192528
226004 0
226013 192528
226014 0
226023 192528
226024 0
226033 192528
226034 0
226043 192528
226044 0
226053 192528
226054 0
226063 192528
226064 0
226073 192528
226074 0
226083 192528
226084 0
226093 192528
226094 0
239033 1412104
239035 0
242286 4313184
242287 2117808
242288 0
243007 4313184
243009 0
244827 1437728
244828 0
314888 3748528
314891 0
314898 3748528
314901 0
315488 3748528
315491 0
315498 3748528
315501 0
316688 3748528
316691 0
316698 3748528
316701 0
317288 3748528
317291 0
317298 3748528
317301 0
318488 3748528
318491 0
318498 3748528
318501 0
319088 3748528
319091 0
319098 3748528
319101 0
320288 3748528
320291 0
320298 3748528
320301 0
320888 3748528
320891 0
320898 3748528
320901 0
322088 3748528
322091 0
322098 3748528
322101 0
322688 3748528
322691 0
322698 3748528
322701 0
323888 3748528
323891 0
323898 3748528
323901 0
324488 3748528
324491 0
324498 3748528
324501 0
325433 1882806
325436 0
325698 3748528
325701 0
325708 3748528
325711 0
326298 3748528
326301 0
326308 3748528
326311 0
330378 3748528
330381 0
330388 3748528
330391 0
330978 3748528
330981 0
330988 3748528
330991 0
334278 3748528
334281 0
334288 3748528
334291 0
334878 3748528
334881 0
334888 3748528
334891 0
338478 3748528
338481 0
338488 3748528
338491 0
339078 3748528
339081 0
339088 3748528
339091 0
340467 3748528
340470 0
340477 3748528
340480 0
341067 3748528
341070 0
341077 3748528
341080 0
342678 3748528
342681 0
342688 3748528
342691 0
343278 3748528
343281 0
343288 3748528
343291 0
366174 4236312
366178 0
367974 4236312
367978 0
369774 4236312
369778 0
371574 4236312
371578 0
373374 4236312
373378 0
375174 4236312
375178 0
376974 4236312
376978 0
378774 4236312
378778 0
380574 4236312
380578 0
386450 4236312
386454 0
388250 4236312
388254 0
390050 4236312
390054 0
391850 4236312
391854 0
393650 4236312
393654 0
395874 4236312
395878 0
397674 4236312
397678 0
402139 4236312
402143 0
403939 4236312
403943 0
405739 4236312
405743 0
407539 4236312
407543 0
409339 4236312
409343 0
411139 4236312
411143 0
412939 4236312
412943 0
414739 4236312
414743 0
416539 4236312
416543 0
424134 4236312
424138 0
427794 4236312
427798 0
431454 4236312
431458 0
438354 4236312
438358 0
442074 4236312
442078 0
445794 4236312
445798 0
449514 4236312
449518 0
597833 82880
597834 0
597843 82880
597844 0
597853 82880
597854 0
597884 82880
597885 0
597894 82880
597895 0
597904 82880
597905 0
601469 5000000
601493 0
602739 5000000
602763 0
604009 5000000
604033 0
620398 4494818
620399 3748528
620402 0
620408 4494818
620413 0
620458 4494818
620463 0
620518 4494818
620519 3748528
620522 0
620528 4494818
620533 0
620578 4494818
620583 0
620638 4494818
620643 0
620648 4494818
620653 0
620698 4494818
620699 3748528
620702 0
624598 4494818
624599 3748528
624602 0
624608 4494818
624613 0
624658 4494818
624663 0
624718 4494818
624719 3748528
624722 0
624728 4494818
624733 0
624778 4494818
624783 0
624838 4494818
624843 0
624848 4494818
624853 0
624898 4494818
624899 3748528
624902 0
743063 3748528
743066 0
743103 3748528
743106 0
743143 4494818
743148 0
743183 4494818
743188 0
743223 3748528
743226 0
743263 3748528
743266 0
743303 4494818
743308 0
743343 4494818
743348 0
743383 3748528
743386 0
743423 3748528
743426 0
743463 4494818
743468 0
743503 4494818
743508 0
763093 3748528
763096 0
763113 3748528
763116 0
763133 3748528
763136 0
769393 3748528
769396 0
769413 3748528
769416 0
769433 3748528
769436 0
775711 3748528
775714 0
775731 3748528
775734 0
775751 3748528
775754 0
780511 3748528
780514 0
780531 3748528
780534 0
780551 3748528
780554 0
783811 2824208
783812 0
783902 3748528
783905 0
784171 2824208
784172 0
784241 2824208
784242 0
784311 2824208
784312 0
784631 3748528
784634 0
784646 5000000
784664 0
785311 3748528
785314 0
785331 3748528
785334 0
785351 3748528
785354 0
788611 2824208
788612 0
788702 3748528
788705 0
788971 2824208
788972 0
789041 2824208
789042 0
789111 2824208
789112 0
789431 3748528
789434 0
789446 5000000
789464 0
790111 3748528
790114 0
790131 3748528
790134 0
790151 3748528
790154 0
795599 3748528
795602 0
795619 3748528
795622 0
795639 3748528
795642 0
798899 2824208
798900 0
798990 3748528
798993 0
799259 2824208
799260 0
799329 2824208
799330 0
799399 2824208
799400 0
799719 3748528
799722 0
799734 5000000
799752 0
800399 3748528
800402 0
800419 3748528
800422 0
800439 3748528
800442 0
802693 2824208
802694 0
802784 3748528
802787 0
803053 2824208
803054 0
803123 2824208
803124 0
803193 2824208
803194 0
803513 3748528
803516 0
803528 5000000
803546 0
805393 3748528
805396 0
805413 3748528
805416 0
805433 3748528
805436 0
806293 2824208
806294 0
806384 3748528
806387 0
806653 2824208
806654 0
806723 2824208
806724 0
806793 2824208
806794 0
807113 3748528
807116 0
807128 5000000
807146 0
811287 2824208
811288 0
811378 3748528
811381 0
811647 2824208
811648 0
811717 2824208
811718 0
811787 2824208
811788 0
812107 3748528
812110 0
812122 5000000
812140 0
815037 2824208
815038 0
815128 3748528
815131 0
815397 2824208
815398 0
815467 2824208
815468 0
815537 2824208
815538 0
815857 3748528
815860 0
815872 5000000
815890 0
818787 2824208
818788 0
818878 3748528
818881 0
819147 2824208
819148 0
819217 2824208
819218 0
819287 2824208
819288 0
819607 3748528
819610 0
819622 5000000
819640 0
822537 2824208
822538 0
822628 3748528
822631 0
822897 2824208
822898 0
822967 2824208
822968 0
823037 2824208
823038 0
823357 3748528
823360 0
823372 5000000
823390 0
825837 2824208
825838 0
825928 3748528
825931 0
826197 2824208
826198 0
826267 2824208
826268 0
826337 2824208
826338 0
826657 3748528
826660 0
826672 5000000
826690 0
829525 2824208
829526 0
829616 3748528
829619 0
829885 2824208
829886 0
829955 2824208
829956 0
830025 2824208
830026 0
833275 2824208
833276 0
833366 3748528
833369 0
833635 2824208
833636 0
833705 2824208
833706 0
833775 2824208
833776 0
834095 3748528
834098 0
834110 5000000
834128 0
836406 3748528
836407 4498234
836412 0
836417 3748528
836420 0
837006 3748528
837007 4498234
837012 0
837017 3748528
837020 0
837606 3748528
837607 4498234
837612 0
837617 3748528
837620 0
838206 3748528
838207 4498234
838212 0
838217 3748528
838220 0
838806 3748528
838807 4498234
838812 0
838817 3748528
838820 0
839406 3748528
839407 4498234
839412 0
839417 3748528
839420 0
840006 3748528
840007 4498234
840012 0
840017 3748528
840020 0
840606 3748528
840607 4498234
840612 0
840617 3748528
840620 0
841206 3748528
841207 4498234
841212 0
841217 3748528
841220 0
841806 3748528
841807 4498234
841812 0
841817 3748528
841820 0
842406 3748528
842407 4498234
842412 0
842417 3748528
842420 0
843006 3748528
843007 4498234
843012 0
843017 3748528
843020 0
843609 5000000
843654 0
843819 5000000
843831 0
850495 3748528
850498 0
850535 3748528
850538 0
850575 4494818
850580 0
850615 4494818
850620 0
850655 3748528
850658 0
850695 3748528
850698 0
850735 4494818
850740 0
850775 4494818
850780 0
850815 3748528
850818 0
850855 3748528
850858 0
850895 4494818
850900 0
850935 4494818
850940 0
857574 5000000
857590 0
859374 5000000
859390 0
861174 5000000
861190 0
864633 5000000
864649 0
864932 3748528
864935 0
864947 5000000
864965 0
866433 5000000
866449 0
866732 3748528
866735 0
866747 5000000
866765 0
868233 5000000
868249 0
868532 3748528
868535 0
868547 5000000
868565 0
870033 5000000
870049 0
870332 3748528
870335 0
870347 5000000
870365 0
871833 5000000
871849 0
872132 3748528
872135 0
872147 5000000
872165 0
873633 5000000
873649 0
873932 3748528
873935 0
873947 5000000
873965 0
875433 5000000
875449 0
875732 3748528
875735 0
875747 5000000
875765 0
877233 5000000
877249 0
877532 3748528
877535 0
877547 5000000
877565 0
879033 5000000
879049 0
879332 3748528
879335 0
879347 5000000
879365 0
884521 5000000
884537 0
886321 5000000
886337 0
888121 5000000
888137 0
889921 5000000
889937 0
891721 5000000
891737 0
893521 5000000
893537 0
895321 5000000
895337 0
897121 5000000
897137 0
900209 5000000
900225 0
902009 5000000
902025 0
903809 5000000
903825 0
905609 5000000
905625 0
907409 5000000
907425 0
909209 5000000
909225 0
911009 5000000
911025 0
912809 5000000
912825 0
914609 5000000
914625 0
920098 5000000
920114 0
970993 3748528
970996 0
971013 3748528
971016 0
971033 3748528
971036 0
973693 3748528
973696 0
973713 3748528
973716 0
973733 3748528
973736 0
976093 3748528
976096 0
976113 3748528
976116 0
976133 3748528
976136 0
978793 3748528
978796 0
978813 3748528
978816 0
978833 3748528
978836 0
980893 3748528
980896 0
980913 3748528
980916 0
980933 3748528
980936 0
983593 3748528
983596 0
983613 3748528
983616 0
983633 3748528
983636 0
985693 3748528
985696 0
985713 3748528
985716 0
985733 3748528
985736 0
991869 3748528
991872 0
991889 3748528
991892 0
991909 3748528
991912 0
998169 3748528
998172 0
998189 3748528
998192 0
998209 3748528
998212 0
1087467 3748528
1087470 0
1087477 3748528
1087480 0
1088067 3748528
1088070 0
1088077 3748528
1088080 0
1092267 3748528
1092270 0
1092277 3748528
1092280 0
1092867 3748528
1092870 0
1092877 3748528
1092880 0
1098373 3748528
1098376 0
1098383 3748528
1098386 0
1098973 3748528
1098976 0
1098983 3748528
1098986 0
1102873 3748528
1102876 0
1102883 3748528
1102886 0
1103473 3748528
1103476 0
1103483 3748528
1103486 0
1107673 3748528
1107676 0
1107683 3748528
1107686 0
1108273 3748528
1108276 0
1108283 3748528
1108286 0
1114061 3748528
1114064 0
1114071 3748528
1114074 0
1114661 3748528
1114664 0
1114671 3748528
1114674 0
1118561 3748528
1118564 0
1118571 3748528
1118574 0
1119161 3748528
1119164 0
1119171 3748528
1119174 0
1120268 3748528
1120272 0
1120279 4992344
1120288 0
1120299 4992344
1120308 0
1120628 3748528
1120632 0
1120639 4992344
1120648 0
1120659 4992344
1120668 0
1120988 3748528
1120992 0
1120999 4992344
1121008 0
1121019 4992344
1121028 0
1121348 3748528
1121352 0
1121359 4992344
1121368 0
1121379 4992344
1121388 0
1121708 3748528
1121712 0
1121719 4992344
1121728 0
1121739 4992344
1121748 0
1122068 3748528
1122072 0
1122079 4992344
1122088 0
1122099 4992344
1122108 0
1122428 3748528
1122432 0
1122439 4992344
1122448 0
1122459 4992344
1122468 0
1122788 3748528
1122792 0
1122799 4992344
1122808 0
1122819 4992344
1122828 0
1123148 3748528
1123152 0
1123159 4992344
1123168 0
1123179 4992344
1123188 0
1123508 3748528
1123512 0
1123519 4992344
1123528 0
1123539 4992344
1123548 0
1123868 3748528
1123872 0
1123879 4992344
1123888 0
1123899 4992344
1123908 0
1124228 3748528
1124232 0
1124239 4992344
1124248 0
1124259 4992344
1124268 0
1124588 3748528
1124592 0
1124599 4992344
1124608 0
1124619 4992344
1124628 0
1125161 3748528
1125164 0
1125171 3748528
1125174 0
1125761 3748528
1125764 0
1125771 3748528
1125774 0
1127949 3748528
1127952 0
1127959 3748528
1127962 0
1128549 3748528
1128552 0
1128559 3748528
1128562 0
1145558 3748528
1145561 0
1145568 3748528
1145571 0
1146248 3748528
1146251 0
1146258 3748528
1146261 0
1202928 2824208
1202929 0
1203019 3748528
1203022 0
1203228 2824208
1203229 0
1203298 2824208
1203299 0
1203509 3765611
1203512 0
1206528 2824208
1206529 0
1206619 3748528
1206622 0
1206828 2824208
1206829 0
1206898 2824208
1206899 0
1207109 3765611
1207112 0
1210128 2824208
1210129 0
1210219 3748528
1210222 0
1210428 2824208
1210429 0
1210498 2824208
1210499 0
1210709 3765611
1210712 0
1213728 2824208
1213729 0
1213819 3748528
1213822 0
1214028 2824208
1214029 0
1214098 2824208
1214099 0
1214309 3765611
1214312 0
1217028 2824208
1217029 0
1217119 3748528
1217122 0
1217328 2824208
1217329 0
1217398 2824208
1217399 0
1217609 3765611
1217612 0
1390153 718864
1390154 0
1390763 718864
1390764 0
1391394 3748528
1391397 0
1391653 718864
1391654 0
1392263 718864
1392264 0
1392894 3748528
1392897 0
1393153 718864
1393154 0
1393763 718864
1393764 0
1394394 3748528
1394397 0
1401913 718864
1401914 0
1402523 718864
1402524 0
1403154 3748528
1403157 0
1403413 718864
1403414 0
1404023 718864
1404024 0
1404654 3748528
1404657 0
1404913 718864
1404914 0
1405523 718864
1405524 0
1406154 3748528
1406157 0
1436574 4313184
1436575 2310336
1436576 0
1436705 4313184
1436707 0
1436850 192528
1436851 0
1437155 2156592
1437156 0
1437474 3594320
1437475 962640
1437476 0
1437522 3594320
1437523 962640
1437524 0
1437793 718864
1437794 0
1437803 718864
1437804 0
1437813 718864
1437814 0
1437823 718864
1437824 0
1437833 718864
1437834 0
1437843 718864
1437844 0
1437853 718864
1437854 0
1437863 718864
1437864 0
1437873 718864
1437874 0
1437883 718864
1437884 0
1437893 718864
1437894 0
1437903 718864
1437904 0
1437913 718864
1437914 0
1437923 718864
1437924 0
1437933 718864
1437934 0
1437943 718864
1437944 0
1437953 718864
1437954 0
1437973 192528
1437974 0
1437983 192528
1437984 0
1437993 192528
1437994 0
1438003 192528
1438004 0
1438013 192528
1438014 0
1438023 192528
1438024 0
1438033 192528
1438034 0
1438043 192528
1438044 0
1438053 192528
1438054 0
1438063 192528
1438064 0
1438073 192528
1438074 0
1438083 192528
1438084 0
1438093 192528
1438094 0
1543674 4494818
1543675 3748528
1543678 0
1543684 4494818
1543689 0
1543734 4494818
1543739 0
1543794 4494818
1543795 3748528
1543798 0
1543804 4494818
1543809 0
1543854 4494818
1543859 0
1543914 4494818
1543919 0
1543924 4494818
1543929 0
1543974 4494818
1543975 3748528
1543978 0
1547874 4494818
1547875 3748528
1547878 0
1547884 4494818
1547889 0
1547934 4494818
1547939 0
1547994 4494818
1547995 3748528
1547998 0
1548004 4494818
1548009 0
1548054 4494818
1548059 0
1548114 4494818
1548119 0
1548124 4494818
1548129 0
1548174 4494818
1548175 3748528
1548178 0
1585098 82880
1585099 0
1585108 82880
1585109 0
1585118 82880
1585119 0
1585149 82880
1585150 0
1585159 82880
1585160 0
1585169 82880
1585170 0
1634550 3748528
1634553 0
1638150 3748528
1638153 0
1641750 3748528
1641753 0
1645350 3748528
1645353 0
1648770 3748528
1648773 0
1650964 3748528
1650967 0
1654564 3748528
1654567 0
1658164 3748528
1658167 0
1661764 3748528
1661767 0
1665364 3748528
1665367 0
1671579 3748528
1671582 0
1675179 3748528
1675182 0
1678779 3748528
1678782 0
1682379 3748528
1682382 0
1685799 3748528
1685802 0
1687993 3748528
1687996 0
1691593 3748528
1691596 0
1693167 3748528
1693170 0
1693177 3748528
1693180 0
1693767 3748528
1693770 0
1693777 3748528
1693780 0
1696081 3748528
1696084 0
1696091 3748528
1696094 0
1696681 3748528
1696684 0
1696691 3748528
1696694 0
1702981 3748528
1702984 0
1702991 3748528
1702994 0
1703581 3748528
1703584 0
1703591 3748528
1703594 0
1721581 3748528
1721584 0
1721591 3748528
1721594 0
1722181 3748528
1722184 0
1722191 3748528
1722194 0
1785064 2824208
1785065 0
1785184 2824208
1785185 0
1785304 2824208
1785305 0
1785784 2824208
1785785 0
1785904 2824208
1785905 0
1786024 2824208
1786025 0
1786504 2824208
1786505 0
1786624 2824208
1786625 0
1786744 2824208
1786745 0
1787224 2824208
1787225 0
1787344 2824208
1787345 0
1787464 2824208
1787465 0
1787944 2824208
1787945 0
1788064 2824208
1788065 0
1788184 2824208
1788185 0
1788664 2824208
1788665 0
1788784 2824208
1788785 0
1788904 2824208
1788905 0
1789384 2824208
1789385 0
1789504 2824208
1789505 0
1789624 2824208
1789625 0
1790104 2824208
1790105 0
1790224 2824208
1790225 0
1790344 2824208
1790345 0
1790824 2824208
1790825 0
1790944 2824208
1790945 0
1791064 2824208
1791065 0
1791484 2824208
1791485 0
1791604 2824208
1791605 0
1791724 2824208
1791725 0
1792264 2824208
1792265 0
1792384 2824208
1792385 0
1792504 2824208
1792505 0
1795179 2824208
1795180 0
1795270 3748528
1795273 0
1795479 2824208
1795480 0
1795549 2824208
1795550 0
1795760 3765611
1795763 0
1799079 2824208
1799080 0
1799170 3748528
1799173 0
1799379 2824208
1799380 0
1799449 2824208
1799450 0
1799660 3765611
1799663 0
1801179 2824208
1801180 0
1801270 3748528
1801273 0
1801479 2824208
1801480 0
1801549 2824208
1801550 0
1801760 3765611
1801763 0
1802679 2824208
1802680 0
1802770 3748528
1802773 0
1802979 2824208
1802980 0
1803049 2824208
1803050 0
1803260 3765611
1803263 0
1812793 2824208
1812794 0
1812884 3748528
1812887 0
1813093 2824208
1813094 0
1813163 2824208
1813164 0
1813374 3765611
1813377 0
1872141 3748528
1872144 0
1872156 5000000
1872174 0
1873941 3748528
1873944 0
1873956 5000000
1873974 0
1875741 3748528
1875744 0
1875756 5000000
1875774 0
1877541 3748528
1877544 0
1877556 5000000
1877574 0
1879341 3748528
1879344 0
1879356 5000000
1879374 0
1881141 3748528
1881144 0
1881156 5000000
1881174 0
1882941 3748528
1882944 0
1882956 5000000
1882974 0
1884741 3748528
1884744 0
1884756 5000000
1884774 0
1886541 3748528
1886544 0
1886556 5000000
1886574 0
1892431 3748528
1892434 0
1892446 5000000
1892464 0
1894231 3748528
1894234 0
1894246 5000000
1894264 0
1896031 3748528
1896034 0
1896046 5000000
1896064 0
1897831 3748528
1897834 0
1897846 5000000
1897864 0
1899631 3748528
1899634 0
1899646 5000000
1899664 0
1901431 3748528
1901434 0
1901446 5000000
1901464 0
1903231 3748528
1903234 0
1903246 5000000
1903264 0
1905031 3748528
1905034 0
1905046 5000000
1905064 0
1951093 3748528
1951096 0
1951113 3748528
1951116 0
1951133 3748528
1951136 0
1957393 3748528
1957396 0
1957413 3748528
1957416 0
1957433 3748528
1957436 0
1965209 3748528
1965212 0
1965229 3748528
1965232 0
1965249 3748528
1965252 0
1971509 3748528
1971512 0
1971529 3748528
1971532 0
1971549 3748528
1971552 0
1977809 3748528
1977812 0
1977829 3748528
1977832 0
1977849 3748528
1977852 0
1983209 3748528
1983212 0
1983229 3748528
1983232 0
1983249 3748528
1983252 0
1988009 3748528
1988012 0
1988029 3748528
1988032 0
1988049 3748528
1988052 0
1992809 3748528
1992812 0
1992829 3748528
1992832 0
1992849 3748528
1992852 0
1996788 3748528
1996791 0
1996808 3748528
1996811 0
1996828 3748528
1996831 0
