14 instruments
A 10 100 7152.7561699728749 2794045378.8956542
B 10 100 763800535.41096985 7041040280.2382517
C 10 100 728287279.5071317 6713663885.8674479
D 10 100 4367744.2331614867 2240000119.5770016
E 10 100 20805.899747385713 886615046.05336845
F 10 100 5910082.7758317869 3030989320.3134623
G 10 100 37632 50328700
H 10 100 0.00018444817663405244 950598422.35720563
I 10 100 22018.298358889329 159480658.09969637
J 10 100 6499613.0472409306 3333330256.035996
K 10 100 192158478.34180248 847760826.1096437
L 10 100 0.000155227 800000000
M 10 100 0 275897579.9041419
N 10 100 128045.25187067324 495183416.02819836
100 downlinks
0 19800 49577 17825.048205999999
1 49578 67745 16584.801629000001
2 91816 96499 56583.634539999999
3 120738 135056 54510.231771999999
4 137178 152542 17937.152144
5 178088 221962 61000.683803
6 221963 249338 18467.928540000001
7 264361 308238 25417.817937
8 308239 327328 19015.030229
9 330078 347128 24567.032964000002
10 365400 394577 17828.859713000002
11 394578 411962 17701.536620999999
12 436911 480795 25418.320157999999
13 480796 501418 17542.270487000002
14 502578 528436 23159.729212999999
15 528437 567073 59981.281416999998
16 567074 597076 17972.728726000001
17 597077 613056 22999.291153999999
18 614837 654623 56629.461013
19 667800 674336 23614.41446
20 679877 701139 22122.706344999999
21 701176 739875 59998.788971000002
22 739876 757341 17624.346496999999
23 782015 826275 61074.347796000002
24 826276 843861 17138.572087
25 868291 913175 61181.460402999997
26 913176 932357 17433.778816999999
27 933675 950344 23082.352213999999
28 970200 999423 17883.640805999999
29 999424 1023140 17543.785331999999
30 1023675 1046233 22376.399878
31 1046234 1080073 58655.879155000002
32 1080074 1103435 17582.023593000002
33 1105574 1117118 58623.309652000004
34 1127127 1168572 15119.160288999999
35 1168573 1190199 16914.110455999999
36 1194973 1207189 55409.676240000001
37 1213406 1243421 14837.924851
38 1244310 1247704 18937.599925999999
39 1278072 1294888 56160.945200000002
40 1299686 1347970 56661.696495999997
41 1347971 1360266 56748.807657999998
42 1364471 1376676 58852.465277000003
43 1396870 1423170 17334.486729
44 1429871 1472246 60764.045818999999
45 1472247 1519663 24005.080918
46 1527369 1531566 18969.341575999999
47 1536969 1558329 18036.499982000001
48 1581368 1593440 52719.905522000001
49 1602442 1633051 54389.954824
50 1656966 1668740 17991.02982
51 1688727 1730446 61717.871531999997
52 1731094 1776643 24930.695499000001
53 1795565 1819204 22398.438724
54 1834200 1862647 17244.778962
55 1865463 1877801 18220.925300999999
56 1894563 1906123 58678.576760000004
57 1909322 1949161 58555.537063999996
58 1949162 1964047 18992.23504
59 1981862 2018383 13796.402593000001
60 2033878 2072159 59962.626314000001
61 2072160 2078069 23204.996364999999
62 2095500 2118635 60314.874481999999
63 2121059 2137467 18020.649063000001
64 2179800 2207240 17416.188300000002
65 2233257 2253543 17116.766715000002
66 2254255 2260753 60234.572946
67 2264755 2284848 16963.427941999998
68 2292746 2335084 60809.052052999999
69 2335085 2360164 23716.228502000002
70 2360753 2368255 18029.108412000001
71 2371913 2374993 60100.563959999999
72 2439000 2465425 17729.224104000001
73 2498751 2510833 17589.138943000002
74 2513509 2545848 58302.529763999999
75 2545849 2563293 18080.346756999999
76 2571649 2599285 55874.873438000002
77 2605247 2628473 60291.091052000003
78 2637912 2680234 60832.041154999999
79 2680235 2718344 24945.773354000001
80 2718345 2742158 18650.039686
81 2784600 2810215 17801.393711000001
82 2810648 2813791 18241.361444999999
83 2830242 2853075 24067.369501000001
84 2854240 2878223 56712.888793999999
85 2904340 2913195 58370.132263
86 2916711 2937551 58005.525035999999
87 2939102 2976937 24930.123806
88 2976938 2998111 16739.689300999999
89 3043800 3068367 18181.419744999999
90 3090335 3115951 18610.315675999998
91 3117393 3155781 59847.283359000001
92 3157233 3173308 18063.419893999999
93 3177933 3202738 18186.627066000001
94 3203790 3219637 56843.492619999997
95 3241970 3275429 9175.5815739999998
96 3275430 3286919 9288.5908459999991
97 3290187 3328186 29976.478185
98 3330327 3347364 8340.6453669999992
99 3356727 3367030 28164.287346000001
0 opportunities for A
0 opportunities for B
0 opportunities for C
0 opportunities for D
0 opportunities for E
0 opportunities for F
0 opportunities for G
0 opportunities for H
0 opportunities for I
0 opportunities for J
0 opportunities for K
0 opportunities for L
0 opportunities for M
0 opportunities for N
1492 events for A
19485 12910592
19486 0
19745 12910592
19746 0
20325 12910592
20326 0
20585 12910592
20586 0
38464 12910592
38465 0
38724 12910592
38725 0
39304 12910592
39305 0
39564 12910592
39565 0
56653 12910592
56654 0
56913 12910592
56914 0
57493 12910592
57494 0
57753 12910592
57754 0
74843 12910592
74844 0
75103 12910592
75104 0
75683 12910592
75684 0
75943 12910592
75944 0
93032 12910592
93033 0
93292 12910592
93293 0
93872 12910592
93873 0
94132 12910592
94133 0
111222 12910592
111223 0
111482 12910592
111483 0
112062 12910592
112063 0
112322 12910592
112323 0
129411 12910592
129412 0
129641 12910592
129642 0
130181 12910592
130182 0
130411 12910592
130412 0
147601 12910592
147602 0
147861 12910592
147862 0
148441 12910592
148442 0
148701 12910592
148702 0
165790 12910592
165791 0
166050 12910592
166051 0
166630 12910592
166631 0
166890 12910592
166891 0
183980 12910592
183981 0
184240 12910592
184241 0
184820 12910592
184821 0
185080 12910592
185081 0
202169 12910592
202170 0
202429 12910592
202430 0
203009 12910592
203010 0
203269 12910592
203270 0
220359 12910592
220360 0
220619 12910592
220620 0
221199 12910592
221200 0
221459 12910592
221460 0
238548 12910592
238549 0
238808 12910592
238809 0
239388 12910592
239389 0
239648 12910592
239649 0
256738 12910592
256739 0
256998 12910592
256999 0
257578 12910592
257579 0
257838 12910592
257839 0
274927 12910592
274928 0
275187 12910592
275188 0
275767 12910592
275768 0
276027 12910592
276028 0
293117 12910592
293118 0
293377 12910592
293378 0
293957 12910592
293958 0
294217 12910592
294218 0
311306 12910592
311307 0
311566 12910592
311567 0
312146 12910592
312147 0
312406 12910592
312407 0
328896 12910592
328897 0
329156 12910592
329157 0
329736 12910592
329737 0
329996 12910592
329997 0
346185 12910592
346186 0
346445 12910592
346446 0
347025 12910592
347026 0
347285 12910592
347286 0
365085 12910592
365086 0
365345 12910592
365346 0
365925 12910592
365926 0
366185 12910592
366186 0
383261 12910592
383262 0
383521 12910592
383522 0
384101 12910592
384102 0
384361 12910592
384362 0
401050 12910592
401051 0
401310 12910592
401311 0
401890 12910592
401891 0
402150 12910592
402151 0
418838 12910592
418839 0
419098 12910592
419099 0
419678 12910592
419679 0
419938 12910592
419939 0
436626 12910592
436627 0
436886 12910592
436887 0
437466 12910592
437467 0
437726 12910592
437727 0
454414 12910592
454415 0
454674 12910592
454675 0
455254 12910592
455255 0
455514 12910592
455515 0
472203 12910592
472204 0
472433 12910592
472434 0
472973 12910592
472974 0
473203 12910592
473204 0
489991 12910592
489992 0
490251 12910592
490252 0
490831 12910592
490832 0
491091 12910592
491092 0
507779 12910592
507780 0
508039 12910592
508040 0
508619 12910592
508620 0
508879 12910592
508880 0
525567 12910592
525568 0
525827 12910592
525828 0
526407 12910592
526408 0
526667 12910592
526668 0
543356 12910592
543357 0
543616 12910592
543617 0
544196 12910592
544197 0
544456 12910592
544457 0
561144 12910592
561145 0
561404 12910592
561405 0
561984 12910592
561985 0
562244 12910592
562245 0
578932 12910592
578933 0
579192 12910592
579193 0
579772 12910592
579773 0
580032 12910592
580033 0
596720 12910592
596721 0
596980 12910592
596981 0
597560 12910592
597561 0
597820 12910592
597821 0
614509 12910592
614510 0
614769 12910592
614770 0
615349 12910592
615350 0
615609 12910592
615610 0
631697 12910592
631698 0
631957 12910592
631958 0
632537 12910592
632538 0
632797 12910592
632798 0
648585 12910592
648586 0
648845 12910592
648846 0
649425 12910592
649426 0
649685 12910592
649686 0
667485 12910592
667486 0
667745 12910592
667746 0
668325 12910592
668326 0
668585 12910592
668586 0
685661 12910592
685662 0
685921 12910592
685922 0
686501 12910592
686502 0
686761 12910592
686762 0
703450 12910592
703451 0
703680 12910592
703681 0
704220 12910592
704221 0
704450 12910592
704451 0
721238 12910592
721239 0
721498 12910592
721499 0
722078 12910592
722079 0
722338 12910592
722339 0
739026 12910592
739027 0
739286 12910592
739287 0
739866 12910592
739867 0
740126 12910592
740127 0
756814 12910592
756815 0
757074 12910592
757075 0
757654 12910592
757655 0
757914 12910592
757915 0
774603 12910592
774604 0
774863 12910592
774864 0
775443 12910592
775444 0
775703 12910592
775704 0
792391 12910592
792392 0
792651 12910592
792652 0
793231 12910592
793232 0
793491 12910592
793492 0
810179 12910592
810180 0
810439 12910592
810440 0
811019 12910592
811020 0
811279 12910592
811280 0
827967 12910592
827968 0
828227 12910592
828228 0
828807 12910592
828808 0
829067 12910592
829068 0
845756 12910592
845757 0
846016 12910592
846017 0
846596 12910592
846597 0
846856 12910592
846857 0
863544 12910592
863545 0
863804 12910592
863805 0
864384 12910592
864385 0
864644 12910592
864645 0
881332 12910592
881333 0
881592 12910592
881593 0
882172 12910592
882173 0
882432 12910592
882433 0
899120 12910592
899121 0
899380 12910592
899381 0
899960 12910592
899961 0
900220 12910592
900221 0
916909 12910592
916910 0
917169 12910592
917170 0
917749 12910592
917750 0
918009 12910592
918010 0
934097 12910592
934098 0
934357 12910592
934358 0
934937 12910592
934938 0
935197 12910592
935198 0
950985 12910592
950986 0
951245 12910592
951246 0
951825 12910592
951826 0
952085 12910592
952086 0
969885 12910592
969886 0
970145 12910592
970146 0
970725 12910592
970726 0
970985 12910592
970986 0
988061 12910592
988062 0
988321 12910592
988322 0
988901 12910592
988902 0
989161 12910592
989162 0
1005850 12910592
1005851 0
1006110 12910592
1006111 0
1006690 12910592
1006691 0
1006950 12910592
1006951 0
1023638 12910592
1023639 0
1023898 12910592
1023899 0
1024478 12910592
1024479 0
1024738 12910592
1024739 0
1041426 12910592
1041427 0
1041686 12910592
1041687 0
1042266 12910592
1042267 0
1042526 12910592
1042527 0
1059214 12910592
1059215 0
1059474 12910592
1059475 0
1060054 12910592
1060055 0
1060314 12910592
1060315 0
1077003 12910592
1077004 0
1077233 12910592
1077234 0
1077773 12910592
1077774 0
1078003 12910592
1078004 0
1094791 12910592
1094792 0
1095051 12910592
1095052 0
1095631 12910592
1095632 0
1095891 12910592
1095892 0
1112579 12910592
1112580 0
1112839 12910592
1112840 0
1113419 12910592
1113420 0
1113679 12910592
1113680 0
1130367 12910592
1130368 0
1130627 12910592
1130628 0
1131207 12910592
1131208 0
1131467 12910592
1131468 0
1148156 12910592
1148157 0
1148416 12910592
1148417 0
1148996 12910592
1148997 0
1149256 12910592
1149257 0
1165944 12910592
1165945 0
1166204 12910592
1166205 0
1166784 12910592
1166785 0
1167044 12910592
1167045 0
1183732 12910592
1183733 0
1183992 12910592
1183993 0
1184572 12910592
1184573 0
1184832 12910592
1184833 0
1201520 12910592
1201521 0
1201780 12910592
1201781 0
1202360 12910592
1202361 0
1202620 12910592
1202621 0
1219309 12910592
1219310 0
1219569 12910592
1219570 0
1220149 12910592
1220150 0
1220409 12910592
1220410 0
1236497 12910592
1236498 0
1236757 12910592
1236758 0
1237337 12910592
1237338 0
1237597 12910592
1237598 0
1253385 12910592
1253386 0
1253645 12910592
1253646 0
1254225 12910592
1254226 0
1254485 12910592
1254486 0
1272285 12910592
1272286 0
1272545 12910592
1272546 0
1273125 12910592
1273126 0
1273385 12910592
1273386 0
1290461 12910592
1290462 0
1290721 12910592
1290722 0
1291301 12910592
1291302 0
1291561 12910592
1291562 0
1308250 12910592
1308251 0
1308480 12910592
1308481 0
1309020 12910592
1309021 0
1309250 12910592
1309251 0
1326038 12910592
1326039 0
1326298 12910592
1326299 0
1326878 12910592
1326879 0
1327138 12910592
1327139 0
1343826 12910592
1343827 0
1344086 12910592
1344087 0
1344666 12910592
1344667 0
1344926 12910592
1344927 0
1361614 12910592
1361615 0
1361874 12910592
1361875 0
1362454 12910592
1362455 0
1362714 12910592
1362715 0
1379403 12910592
1379404 0
1379663 12910592
1379664 0
1380243 12910592
1380244 0
1380503 12910592
1380504 0
1397191 12910592
1397192 0
1397451 12910592
1397452 0
1398031 12910592
1398032 0
1398291 12910592
1398292 0
1414979 12910592
1414980 0
1415239 12910592
1415240 0
1415819 12910592
1415820 0
1416079 12910592
1416080 0
1432767 12910592
1432768 0
1433027 12910592
1433028 0
1433607 12910592
1433608 0
1433867 12910592
1433868 0
1450556 12910592
1450557 0
1450816 12910592
1450817 0
1451396 12910592
1451397 0
1451656 12910592
1451657 0
1468344 12910592
1468345 0
1468604 12910592
1468605 0
1469184 12910592
1469185 0
1469444 12910592
1469445 0
1486132 12910592
1486133 0
1486392 12910592
1486393 0
1486972 12910592
1486973 0
1487232 12910592
1487233 0
1503920 12910592
1503921 0
1504180 12910592
1504181 0
1504760 12910592
1504761 0
1505020 12910592
1505021 0
1521709 12910592
1521710 0
1521969 12910592
1521970 0
1522549 12910592
1522550 0
1522809 12910592
1522810 0
1538897 12910592
1538898 0
1539157 12910592
1539158 0
1539737 12910592
1539738 0
1539997 12910592
1539998 0
1555785 12910592
1555786 0
1556045 12910592
1556046 0
1556625 12910592
1556626 0
1556885 12910592
1556886 0
1574685 12910592
1574686 0
1574915 12910592
1574916 0
1575455 12910592
1575456 0
1575685 12910592
1575686 0
1594314 12910592
1594315 0
1594574 12910592
1594575 0
1595154 12910592
1595155 0
1595414 12910592
1595415 0
1612828 12910592
1612829 0
1613088 12910592
1613089 0
1613668 12910592
1613669 0
1613928 12910592
1613929 0
1631342 12910592
1631343 0
1631602 12910592
1631603 0
1632182 12910592
1632183 0
1632442 12910592
1632443 0
1649856 12910592
1649857 0
1650116 12910592
1650117 0
1650696 12910592
1650697 0
1650956 12910592
1650957 0
1668371 12910592
1668372 0
1668631 12910592
1668632 0
1669211 12910592
1669212 0
1669471 12910592
1669472 0
1686885 12910592
1686886 0
1687145 12910592
1687146 0
1687725 12910592
1687726 0
1687985 12910592
1687986 0
1705399 12910592
1705400 0
1705659 12910592
1705660 0
1706239 12910592
1706240 0
1706499 12910592
1706500 0
1723914 12910592
1723915 0
1724174 12910592
1724175 0
1724754 12910592
1724755 0
1725014 12910592
1725015 0
1742428 12910592
1742429 0
1742688 12910592
1742689 0
1743268 12910592
1743269 0
1743528 12910592
1743529 0
1760942 12910592
1760943 0
1761202 12910592
1761203 0
1761782 12910592
1761783 0
1762042 12910592
1762043 0
1779456 12910592
1779457 0
1779716 12910592
1779717 0
1780296 12910592
1780297 0
1780556 12910592
1780557 0
1797371 12910592
1797372 0
1797631 12910592
1797632 0
1798211 12910592
1798212 0
1798471 12910592
1798472 0
1814985 12910592
1814986 0
1815245 12910592
1815246 0
1815825 12910592
1815826 0
1816085 12910592
1816086 0
1833885 12910592
1833886 0
1834145 12910592
1834146 0
1834725 12910592
1834726 0
1834985 12910592
1834986 0
1852864 12910592
1852865 0
1853124 12910592
1853125 0
1853704 12910592
1853705 0
1853964 12910592
1853965 0
1871053 12910592
1871054 0
1871313 12910592
1871314 0
1871893 12910592
1871894 0
1872153 12910592
1872154 0
1889243 12910592
1889244 0
1889503 12910592
1889504 0
1890083 12910592
1890084 0
1890343 12910592
1890344 0
1907432 12910592
1907433 0
1907692 12910592
1907693 0
1908272 12910592
1908273 0
1908532 12910592
1908533 0
1925622 12910592
1925623 0
1925882 12910592
1925883 0
1926462 12910592
1926463 0
1926722 12910592
1926723 0
1943811 12910592
1943812 0
1944041 12910592
1944042 0
1944581 12910592
1944582 0
1944811 12910592
1944812 0
1962001 12910592
1962002 0
1962261 12910592
1962262 0
1962841 12910592
1962842 0
1963101 12910592
1963102 0
1980190 12910592
1980191 0
1980450 12910592
1980451 0
1981030 12910592
1981031 0
1981290 12910592
1981291 0
1998380 12910592
1998381 0
1998640 12910592
1998641 0
1999220 12910592
1999221 0
1999480 12910592
1999481 0
2016569 12910592
2016570 0
2016829 12910592
2016830 0
2017409 12910592
2017410 0
2017669 12910592
2017670 0
2034759 12910592
2034760 0
2035019 12910592
2035020 0
2035599 12910592
2035600 0
2035859 12910592
2035860 0
2052948 12910592
2052949 0
2053208 12910592
2053209 0
2053788 12910592
2053789 0
2054048 12910592
2054049 0
2071138 12910592
2071139 0
2071398 12910592
2071399 0
2071978 12910592
2071979 0
2072238 12910592
2072239 0
2089327 12910592
2089328 0
2089587 12910592
2089588 0
2090167 12910592
2090168 0
2090427 12910592
2090428 0
2107517 12910592
2107518 0
2107777 12910592
2107778 0
2108357 12910592
2108358 0
2108617 12910592
2108618 0
2125706 12910592
2125707 0
2125966 12910592
2125967 0
2126546 12910592
2126547 0
2126806 12910592
2126807 0
2143296 12910592
2143297 0
2143556 12910592
2143557 0
2144136 12910592
2144137 0
2144396 12910592
2144397 0
2160585 12910592
2160586 0
2160845 12910592
2160846 0
2161425 12910592
2161426 0
2161685 12910592
2161686 0
2179485 12910592
2179486 0
2179715 12910592
2179716 0
2180255 12910592
2180256 0
2180485 12910592
2180486 0
2199114 12910592
2199115 0
2199374 12910592
2199375 0
2199954 12910592
2199955 0
2200214 12910592
2200215 0
2217628 12910592
2217629 0
2217888 12910592
2217889 0
2218468 12910592
2218469 0
2218728 12910592
2218729 0
2236142 12910592
2236143 0
2236402 12910592
2236403 0
2236982 12910592
2236983 0
2237242 12910592
2237243 0
2254656 12910592
2254657 0
2254916 12910592
2254917 0
2255496 12910592
2255497 0
2255756 12910592
2255757 0
2273171 12910592
2273172 0
2273431 12910592
2273432 0
2274011 12910592
2274012 0
2274271 12910592
2274272 0
2291685 12910592
2291686 0
2291945 12910592
2291946 0
2292525 12910592
2292526 0
2292785 12910592
2292786 0
2310199 12910592
2310200 0
2310459 12910592
2310460 0
2311039 12910592
2311040 0
2311299 12910592
2311300 0
2328714 12910592
2328715 0
2328974 12910592
2328975 0
2329554 12910592
2329555 0
2329814 12910592
2329815 0
2347228 12910592
2347229 0
2347488 12910592
2347489 0
2348068 12910592
2348069 0
2348328 12910592
2348329 0
2365742 12910592
2365743 0
2366002 12910592
2366003 0
2366582 12910592
2366583 0
2366842 12910592
2366843 0
2384256 12910592
2384257 0
2384516 12910592
2384517 0
2385096 12910592
2385097 0
2385356 12910592
2385357 0
2402171 12910592
2402172 0
2402431 12910592
2402432 0
2403011 12910592
2403012 0
2403271 12910592
2403272 0
2419785 12910592
2419786 0
2420045 12910592
2420046 0
2420625 12910592
2420626 0
2420885 12910592
2420886 0
2438685 12910592
2438686 0
2438945 12910592
2438946 0
2439525 12910592
2439526 0
2439785 12910592
2439786 0
2457664 12910592
2457665 0
2457924 12910592
2457925 0
2458504 12910592
2458505 0
2458764 12910592
2458765 0
2475853 12910592
2475854 0
2476113 12910592
2476114 0
2476693 12910592
2476694 0
2476953 12910592
2476954 0
2494043 12910592
2494044 0
2494303 12910592
2494304 0
2494883 12910592
2494884 0
2495143 12910592
2495144 0
2512232 12910592
2512233 0
2512492 12910592
2512493 0
2513072 12910592
2513073 0
2513332 12910592
2513333 0
2530422 12910592
2530423 0
2530682 12910592
2530683 0
2531262 12910592
2531263 0
2531522 12910592
2531523 0
2548611 12910592
2548612 0
2548841 12910592
2548842 0
2549381 12910592
2549382 0
2549611 12910592
2549612 0
2566801 12910592
2566802 0
2567061 12910592
2567062 0
2567641 12910592
2567642 0
2567901 12910592
2567902 0
2584990 12910592
2584991 0
2585250 12910592
2585251 0
2585830 12910592
2585831 0
2586090 12910592
2586091 0
2603180 12910592
2603181 0
2603440 12910592
2603441 0
2604020 12910592
2604021 0
2604280 12910592
2604281 0
2621369 12910592
2621370 0
2621629 12910592
2621630 0
2622209 12910592
2622210 0
2622469 12910592
2622470 0
2639559 12910592
2639560 0
2639819 12910592
2639820 0
2640399 12910592
2640400 0
2640659 12910592
2640660 0
2657748 12910592
2657749 0
2658008 12910592
2658009 0
2658588 12910592
2658589 0
2658848 12910592
2658849 0
2675938 12910592
2675939 0
2676198 12910592
2676199 0
2676778 12910592
2676779 0
2677038 12910592
2677039 0
2694127 12910592
2694128 0
2694387 12910592
2694388 0
2694967 12910592
2694968 0
2695227 12910592
2695228 0
2712317 12910592
2712318 0
2712577 12910592
2712578 0
2713157 12910592
2713158 0
2713417 12910592
2713418 0
2730506 12910592
2730507 0
2730766 12910592
2730767 0
2731346 12910592
2731347 0
2731606 12910592
2731607 0
2748096 12910592
2748097 0
2748356 12910592
2748357 0
2748936 12910592
2748937 0
2749196 12910592
2749197 0
2765385 12910592
2765386 0
2765645 12910592
2765646 0
2766225 12910592
2766226 0
2766485 12910592
2766486 0
2784285 12910592
2784286 0
2784515 12910592
2784516 0
2785055 12910592
2785056 0
2785285 12910592
2785286 0
2803914 12910592
2803915 0
2804174 12910592
2804175 0
2804754 12910592
2804755 0
2805014 12910592
2805015 0
2822428 12910592
2822429 0
2822688 12910592
2822689 0
2823268 12910592
2823269 0
2823528 12910592
2823529 0
2840942 12910592
2840943 0
2841202 12910592
2841203 0
2841782 12910592
2841783 0
2842042 12910592
2842043 0
2859456 12910592
2859457 0
2859716 12910592
2859717 0
2860296 12910592
2860297 0
2860556 12910592
2860557 0
2877971 12910592
2877972 0
2878231 12910592
2878232 0
2878811 12910592
2878812 0
2879071 12910592
2879072 0
2896485 12910592
2896486 0
2896745 12910592
2896746 0
2897325 12910592
2897326 0
2897585 12910592
2897586 0
2914999 12910592
2915000 0
2915259 12910592
2915260 0
2915839 12910592
2915840 0
2916099 12910592
2916100 0
2933514 12910592
2933515 0
2933774 12910592
2933775 0
2934354 12910592
2934355 0
2934614 12910592
2934615 0
2952028 12910592
2952029 0
2952288 12910592
2952289 0
2952868 12910592
2952869 0
2953128 12910592
2953129 0
2970542 12910592
2970543 0
2970802 12910592
2970803 0
2971382 12910592
2971383 0
2971642 12910592
2971643 0
2989056 12910592
2989057 0
2989316 12910592
2989317 0
2989896 12910592
2989897 0
2990156 12910592
2990157 0
3006971 12910592
3006972 0
3007231 12910592
3007232 0
3007811 12910592
3007812 0
3008071 12910592
3008072 0
3024585 12910592
3024586 0
3024845 12910592
3024846 0
3025425 12910592
3025426 0
3025685 12910592
3025686 0
3043485 12910592
3043486 0
3043745 12910592
3043746 0
3044325 12910592
3044326 0
3044585 12910592
3044586 0
3062464 12910592
3062465 0
3062724 12910592
3062725 0
3063304 12910592
3063305 0
3063564 12910592
3063565 0
3080653 12910592
3080654 0
3080913 12910592
3080914 0
3081493 12910592
3081494 0
3081753 12910592
3081754 0
3098843 12910592
3098844 0
3099103 12910592
3099104 0
3099683 12910592
3099684 0
3099943 12910592
3099944 0
3117032 12910592
3117033 0
3117292 12910592
3117293 0
3117872 12910592
3117873 0
3118132 12910592
3118133 0
3135222 12910592
3135223 0
3135482 12910592
3135483 0
3136062 12910592
3136063 0
3136322 12910592
3136323 0
3153411 12910592
3153412 0
3153641 12910592
3153642 0
3154181 12910592
3154182 0
3154411 12910592
3154412 0
3171601 12910592
3171602 0
3171861 12910592
3171862 0
3172441 12910592
3172442 0
3172701 12910592
3172702 0
3189790 12910592
3189791 0
3190050 12910592
3190051 0
3190630 12910592
3190631 0
3190890 12910592
3190891 0
3207980 12910592
3207981 0
3208240 12910592
3208241 0
3208820 12910592
3208821 0
3209080 12910592
3209081 0
3226169 12910592
3226170 0
3226429 12910592
3226430 0
3227009 12910592
3227010 0
3227269 12910592
3227270 0
3244359 12910592
3244360 0
3244619 12910592
3244620 0
3245199 12910592
3245200 0
3245459 12910592
3245460 0
3262548 12910592
3262549 0
3262808 12910592
3262809 0
3263388 12910592
3263389 0
3263648 12910592
3263649 0
3280738 12910592
3280739 0
3280998 12910592
3280999 0
3281578 12910592
3281579 0
3281838 12910592
3281839 0
3298927 12910592
3298928 0
3299187 12910592
3299188 0
3299767 12910592
3299768 0
3300027 12910592
3300028 0
3317117 12910592
3317118 0
3317377 12910592
3317378 0
3317957 12910592
3317958 0
3318217 12910592
3318218 0
3335306 12910592
3335307 0
3335566 12910592
3335567 0
3336146 12910592
3336147 0
3336406 12910592
3336407 0
3352896 12910592
3352897 0
3353156 12910592
3353157 0
3353736 12910592
3353737 0
3353996 12910592
3353997 0
3370185 12910592
3370186 0
3370445 12910592
3370446 0
3371025 12910592
3371026 0
3371285 12910592
3371286 0
3389085 12910592
3389086 0
3389315 12910592
3389316 0
1554 events for B
23058 4707014
23064 0
23078 2824208
23079 0
23978 2824208
23979 0
24278 2824208
24279 0
25178 2824208
25179 0
25478 2824208
25479 0
26658 4707014
26664 0
30258 4707014
30264 0
33858 4707014
33864 0
37458 4707014
37464 0
43417 4707014
43423 0
46397 1882806
46400 0
47017 4707014
47023 0
50617 4707014
50623 0
52878 4707014
52884 0
60108 4707014
60114 0
63918 4707014
63924 0
67668 4707014
67674 0
67997 1412104
67999 0
71478 4707014
71484 0
81320 82880
81321 0
81330 82880
81331 0
81340 82880
81341 0
81371 82880
81372 0
81381 82880
81382 0
81391 82880
81392 0
226338 4313184
226339 2310336
226340 0
226469 4313184
226471 0
226614 192528
226615 0
226919 2156592
226920 0
227238 3594320
227239 962640
227240 0
227286 3594320
227287 962640
227288 0
227557 718864
227558 0
227567 718864
227568 0
227577 718864
227578 0
227587 718864
227588 0
227597 718864
227598 0
227607 718864
227608 0
227617 718864
227618 0
227627 718864
227628 0
227637 718864
227638 0
227647 718864
227648 0
227657 718864
227658 0
227667 718864
227668 0
227677 718864
227678 0
227687 718864
227688 0
227697 718864
227698 0
227707 718864
227708 0
227717 718864
227718 0
227737 192528
227738 0
227747 192528
227748 0
227757 192528
227758 0
227767 192528
227768 0
227777 192528
227778 0
227787 192528
227788 0
227797 192528
227798 0
227807 192528
227808 0
227817 192528
227818 0
227827 192528
227828 0
227837 192528
227838 0
227847 192528
227848 0
227857 192528
227858 0
240797 1412104
240799 0
244050 4313184
244051 2117808
244052 0
244771 4313184
244773 0
246591 1437728
246592 0
316652 3748528
316655 0
316662 3748528
316665 0
317252 3748528
317255 0
317262 3748528
317265 0
318452 3748528
318455 0
318462 3748528
318465 0
319052 3748528
319055 0
319062 3748528
319065 0
320252 3748528
320255 0
320262 3748528
320265 0
320852 3748528
320855 0
320862 3748528
320865 0
322052 3748528
322055 0
322062 3748528
322065 0
322652 3748528
322655 0
322662 3748528
322665 0
323852 3748528
323855 0
323862 3748528
323865 0
324452 3748528
324455 0
324462 3748528
324465 0
325652 3748528
325655 0
325662 3748528
325665 0
326252 3748528
326255 0
326262 3748528
326265 0
327197 1882806
327200 0
327462 3748528
327465 0
327472 3748528
327475 0
328062 3748528
328065 0
328072 3748528
328075 0
332142 3748528
332145 0
332152 3748528
332155 0
332742 3748528
332745 0
332752 3748528
332755 0
336042 3748528
336045 0
336052 3748528
336055 0
336642 3748528
336645 0
336652 3748528
336655 0
340242 3748528
340245 0
340252 3748528
340255 0
340842 3748528
340845 0
340852 3748528
340855 0
342231 3748528
342234 0
342241 3748528
342244 0
342831 3748528
342834 0
342841 3748528
342844 0
344442 3748528
344445 0
344452 3748528
344455 0
345042 3748528
345045 0
345052 3748528
345055 0
367938 4236312
367942 0
369738 4236312
369742 0
371538 4236312
371542 0
373338 4236312
373342 0
375138 4236312
375142 0
376938 4236312
376942 0
378738 4236312
378742 0
380538 4236312
380542 0
382338 4236312
382342 0
388214 4236312
388218 0
390014 4236312
390018 0
391814 4236312
391818 0
393614 4236312
393618 0
395414 4236312
395418 0
397638 4236312
397642 0
399438 4236312
399442 0
403903 4236312
403907 0
405703 4236312
405707 0
407503 4236312
407507 0
409303 4236312
409307 0
411103 4236312
411107 0
412903 4236312
412907 0
414703 4236312
414707 0
416503 4236312
416507 0
418303 4236312
418307 0
425898 4236312
425902 0
429558 4236312
429562 0
433218 4236312
433222 0
440118 4236312
440122 0
443838 4236312
443842 0
447558 4236312
447562 0
451278 4236312
451282 0
599597 82880
599598 0
599607 82880
599608 0
599617 82880
599618 0
599648 82880
599649 0
599658 82880
599659 0
599668 82880
599669 0
603233 5000000
603257 0
604503 5000000
604527 0
605773 5000000
605797 0
622162 4494818
622163 3748528
622166 0
622172 4494818
622177 0
622222 4494818
622227 0
622282 4494818
622283 3748528
622286 0
622292 4494818
622297 0
622342 4494818
622347 0
622402 4494818
622407 0
622412 4494818
622417 0
622462 4494818
622463 3748528
622466 0
626362 4494818
626363 3748528
626366 0
626372 4494818
626377 0
626422 4494818
626427 0
626482 4494818
626483 3748528
626486 0
626492 4494818
626497 0
626542 4494818
626547 0
626602 4494818
626607 0
626612 4494818
626617 0
626662 4494818
626663 3748528
626666 0
744827 3748528
744830 0
744867 3748528
744870 0
744907 4494818
744912 0
744947 4494818
744952 0
744987 3748528
744990 0
745027 3748528
745030 0
745067 4494818
745072 0
745107 4494818
745112 0
745147 3748528
745150 0
745187 3748528
745190 0
745227 4494818
745232 0
745267 4494818
745272 0
764857 3748528
764860 0
764877 3748528
764880 0
764897 3748528
764900 0
771157 3748528
771160 0
771177 3748528
771180 0
771197 3748528
771200 0
777475 3748528
777478 0
777495 3748528
777498 0
777515 3748528
777518 0
782275 3748528
782278 0
782295 3748528
782298 0
782315 3748528
782318 0
785575 2824208
785576 0
785666 3748528
785669 0
785935 2824208
785936 0
786005 2824208
786006 0
786075 2824208
786076 0
786395 3748528
786398 0
786410 5000000
786428 0
787075 3748528
787078 0
787095 3748528
787098 0
787115 3748528
787118 0
790375 2824208
790376 0
790466 3748528
790469 0
790735 2824208
790736 0
790805 2824208
790806 0
790875 2824208
790876 0
791195 3748528
791198 0
791210 5000000
791228 0
791875 3748528
791878 0
791895 3748528
791898 0
791915 3748528
791918 0
797363 3748528
797366 0
797383 3748528
797386 0
797403 3748528
797406 0
800663 2824208
800664 0
800754 3748528
800757 0
801023 2824208
801024 0
801093 2824208
801094 0
801163 2824208
801164 0
801483 3748528
801486 0
801498 5000000
801516 0
802163 3748528
802166 0
802183 3748528
802186 0
802203 3748528
802206 0
804457 2824208
804458 0
804548 3748528
804551 0
804817 2824208
804818 0
804887 2824208
804888 0
804957 2824208
804958 0
805277 3748528
805280 0
805292 5000000
805310 0
807157 3748528
807160 0
807177 3748528
807180 0
807197 3748528
807200 0
808057 2824208
808058 0
808148 3748528
808151 0
808417 2824208
808418 0
808487 2824208
808488 0
808557 2824208
808558 0
808877 3748528
808880 0
808892 5000000
808910 0
813051 2824208
813052 0
813142 3748528
813145 0
813411 2824208
813412 0
813481 2824208
813482 0
813551 2824208
813552 0
813871 3748528
813874 0
813886 5000000
813904 0
816801 2824208
816802 0
816892 3748528
816895 0
817161 2824208
817162 0
817231 2824208
817232 0
817301 2824208
817302 0
817621 3748528
817624 0
817636 5000000
817654 0
820551 2824208
820552 0
820642 3748528
820645 0
820911 2824208
820912 0
820981 2824208
820982 0
821051 2824208
821052 0
821371 3748528
821374 0
821386 5000000
821404 0
824301 2824208
824302 0
824392 3748528
824395 0
824661 2824208
824662 0
824731 2824208
824732 0
824801 2824208
824802 0
825121 3748528
825124 0
825136 5000000
825154 0
827601 2824208
827602 0
827692 3748528
827695 0
827961 2824208
827962 0
828031 2824208
828032 0
828101 2824208
828102 0
828421 3748528
828424 0
828436 5000000
828454 0
831289 2824208
831290 0
831380 3748528
831383 0
831649 2824208
831650 0
831719 2824208
831720 0
831789 2824208
831790 0
835039 2824208
835040 0
835130 3748528
835133 0
835399 2824208
835400 0
835469 2824208
835470 0
835539 2824208
835540 0
835859 3748528
835862 0
835874 5000000
835892 0
838170 3748528
838171 4498234
838176 0
838181 3748528
838184 0
838770 3748528
838771 4498234
838776 0
838781 3748528
838784 0
839370 3748528
839371 4498234
839376 0
839381 3748528
839384 0
839970 3748528
839971 4498234
839976 0
839981 3748528
839984 0
840570 3748528
840571 4498234
840576 0
840581 3748528
840584 0
841170 3748528
841171 4498234
841176 0
841181 3748528
841184 0
841770 3748528
841771 4498234
841776 0
841781 3748528
841784 0
842370 3748528
842371 4498234
842376 0
842381 3748528
842384 0
842970 3748528
842971 4498234
842976 0
842981 3748528
842984 0
843570 3748528
843571 4498234
843576 0
843581 3748528
843584 0
844170 3748528
844171 4498234
844176 0
844181 3748528
844184 0
844770 3748528
844771 4498234
844776 0
844781 3748528
844784 0
845373 5000000
845418 0
845583 5000000
845595 0
852259 3748528
852262 0
852299 3748528
852302 0
852339 4494818
852344 0
852379 4494818
852384 0
852419 3748528
852422 0
852459 3748528
852462 0
852499 4494818
852504 0
852539 4494818
852544 0
852579 3748528
852582 0
852619 3748528
852622 0
852659 4494818
852664 0
852699 4494818
852704 0
859338 5000000
859354 0
861138 5000000
861154 0
862938 5000000
862954 0
866397 5000000
866413 0
866696 3748528
866699 0
866711 5000000
866729 0
868197 5000000
868213 0
868496 3748528
868499 0
868511 5000000
868529 0
869997 5000000
870013 0
870296 3748528
870299 0
870311 5000000
870329 0
871797 5000000
871813 0
872096 3748528
872099 0
872111 5000000
872129 0
873597 5000000
873613 0
873896 3748528
873899 0
873911 5000000
873929 0
875397 5000000
875413 0
875696 3748528
875699 0
875711 5000000
875729 0
877197 5000000
877213 0
877496 3748528
877499 0
877511 5000000
877529 0
878997 5000000
879013 0
879296 3748528
879299 0
879311 5000000
879329 0
880797 5000000
880813 0
881096 3748528
881099 0
881111 5000000
881129 0
886285 5000000
886301 0
888085 5000000
888101 0
889885 5000000
889901 0
891685 5000000
891701 0
893485 5000000
893501 0
895285 5000000
895301 0
897085 5000000
897101 0
898885 5000000
898901 0
901973 5000000
901989 0
903773 5000000
903789 0
905573 5000000
905589 0
907373 5000000
907389 0
909173 5000000
909189 0
910973 5000000
910989 0
912773 5000000
912789 0
914573 5000000
914589 0
916373 5000000
916389 0
921862 5000000
921878 0
972757 3748528
972760 0
972777 3748528
972780 0
972797 3748528
972800 0
975457 3748528
975460 0
975477 3748528
975480 0
975497 3748528
975500 0
977857 3748528
977860 0
977877 3748528
977880 0
977897 3748528
977900 0
980557 3748528
980560 0
980577 3748528
980580 0
980597 3748528
980600 0
982657 3748528
982660 0
982677 3748528
982680 0
982697 3748528
982700 0
985357 3748528
985360 0
985377 3748528
985380 0
985397 3748528
985400 0
987457 3748528
987460 0
987477 3748528
987480 0
987497 3748528
987500 0
993633 3748528
993636 0
993653 3748528
993656 0
993673 3748528
993676 0
999933 3748528
999936 0
999953 3748528
999956 0
999973 3748528
999976 0
1089231 3748528
1089234 0
1089241 3748528
1089244 0
1089831 3748528
1089834 0
1089841 3748528
1089844 0
1094031 3748528
1094034 0
1094041 3748528
1094044 0
1094631 3748528
1094634 0
1094641 3748528
1094644 0
1100137 3748528
1100140 0
1100147 3748528
1100150 0
1100737 3748528
1100740 0
1100747 3748528
1100750 0
1104637 3748528
1104640 0
1104647 3748528
1104650 0
1105237 3748528
1105240 0
1105247 3748528
1105250 0
1109437 3748528
1109440 0
1109447 3748528
1109450 0
1110037 3748528
1110040 0
1110047 3748528
1110050 0
1115825 3748528
1115828 0
1115835 3748528
1115838 0
1116425 3748528
1116428 0
1116435 3748528
1116438 0
1120325 3748528
1120328 0
1120335 3748528
1120338 0
1120925 3748528
1120928 0
1120935 3748528
1120938 0
1122032 3748528
1122036 0
1122043 4992344
1122052 0
1122063 4992344
1122072 0
1122392 3748528
1122396 0
1122403 4992344
1122412 0
1122423 4992344
1122432 0
1122752 3748528
1122756 0
1122763 4992344
1122772 0
1122783 4992344
1122792 0
1123112 3748528
1123116 0
1123123 4992344
1123132 0
1123143 4992344
1123152 0
1123472 3748528
1123476 0
1123483 4992344
1123492 0
1123503 4992344
1123512 0
1123832 3748528
1123836 0
1123843 4992344
1123852 0
1123863 4992344
1123872 0
1124192 3748528
1124196 0
1124203 4992344
1124212 0
1124223 4992344
1124232 0
1124552 3748528
1124556 0
1124563 4992344
1124572 0
1124583 4992344
1124592 0
1124912 3748528
1124916 0
1124923 4992344
1124932 0
1124943 4992344
1124952 0
1125272 3748528
1125276 0
1125283 4992344
1125292 0
1125303 4992344
1125312 0
1125632 3748528
1125636 0
1125643 4992344
1125652 0
1125663 4992344
1125672 0
1125992 3748528
1125996 0
1126003 4992344
1126012 0
1126023 4992344
1126032 0
1126352 3748528
1126356 0
1126363 4992344
1126372 0
1126383 4992344
1126392 0
1126925 3748528
1126928 0
1126935 3748528
1126938 0
1127525 3748528
1127528 0
1127535 3748528
1127538 0
1129713 3748528
1129716 0
1129723 3748528
1129726 0
1130313 3748528
1130316 0
1130323 3748528
1130326 0
1147322 3748528
1147325 0
1147332 3748528
1147335 0
1148012 3748528
1148015 0
1148022 3748528
1148025 0
1204692 2824208
1204693 0
1204783 3748528
1204786 0
1204992 2824208
1204993 0
1205062 2824208
1205063 0
1205273 3765611
1205276 0
1208292 2824208
1208293 0
1208383 3748528
1208386 0
1208592 2824208
1208593 0
1208662 2824208
1208663 0
1208873 3765611
1208876 0
1211892 2824208
1211893 0
1211983 3748528
1211986 0
1212192 2824208
1212193 0
1212262 2824208
1212263 0
1212473 3765611
1212476 0
1215492 2824208
1215493 0
1215583 3748528
1215586 0
1215792 2824208
1215793 0
1215862 2824208
1215863 0
1216073 3765611
1216076 0
1218792 2824208
1218793 0
1218883 3748528
1218886 0
1219092 2824208
1219093 0
1219162 2824208
1219163 0
1219373 3765611
1219376 0
1391917 718864
1391918 0
1392527 718864
1392528 0
1393158 3748528
1393161 0
1393417 718864
1393418 0
1394027 718864
1394028 0
1394658 3748528
1394661 0
1394917 718864
1394918 0
1395527 718864
1395528 0
1396158 3748528
1396161 0
1403677 718864
1403678 0
1404287 718864
1404288 0
1404918 3748528
1404921 0
1405177 718864
1405178 0
1405787 718864
1405788 0
1406418 3748528
1406421 0
1406677 718864
1406678 0
1407287 718864
1407288 0
1407918 3748528
1407921 0
1438338 4313184
1438339 2310336
1438340 0
1438469 4313184
1438471 0
1438614 192528
1438615 0
1438919 2156592
1438920 0
1439238 3594320
1439239 962640
1439240 0
1439286 3594320
1439287 962640
1439288 0
1439557 718864
1439558 0
1439567 718864
1439568 0
1439577 718864
1439578 0
1439587 718864
1439588 0
1439597 718864
1439598 0
1439607 718864
1439608 0
1439617 718864
1439618 0
1439627 718864
1439628 0
1439637 718864
1439638 0
1439647 718864
1439648 0
1439657 718864
1439658 0
1439667 718864
1439668 0
1439677 718864
1439678 0
1439687 718864
1439688 0
1439697 718864
1439698 0
1439707 718864
1439708 0
1439717 718864
1439718 0
1439737 192528
1439738 0
1439747 192528
1439748 0
1439757 192528
1439758 0
1439767 192528
1439768 0
1439777 192528
1439778 0
1439787 192528
1439788 0
1439797 192528
1439798 0
1439807 192528
1439808 0
1439817 192528
1439818 0
1439827 192528
1439828 0
1439837 192528
1439838 0
1439847 192528
1439848 0
1439857 192528
1439858 0
1545438 4494818
1545439 3748528
1545442 0
1545448 4494818
1545453 0
1545498 4494818
1545503 0
1545558 4494818
1545559 3748528
1545562 0
1545568 4494818
1545573 0
1545618 4494818
1545623 0
1545678 4494818
1545683 0
1545688 4494818
1545693 0
1545738 4494818
1545739 3748528
1545742 0
1549638 4494818
1549639 3748528
1549642 0
1549648 4494818
1549653 0
1549698 4494818
1549703 0
1549758 4494818
1549759 3748528
1549762 0
1549768 4494818
1549773 0
1549818 4494818
1549823 0
1549878 4494818
1549883 0
1549888 4494818
1549893 0
1549938 4494818
1549939 3748528
1549942 0
1586862 82880
1586863 0
1586872 82880
1586873 0
1586882 82880
1586883 0
1586913 82880
1586914 0
1586923 82880
1586924 0
1586933 82880
1586934 0
1636314 3748528
1636317 0
1639914 3748528
1639917 0
1643514 3748528
1643517 0
1647114 3748528
1647117 0
1650534 3748528
1650537 0
1652728 3748528
1652731 0
1656328 3748528
1656331 0
1659928 3748528
1659931 0
1663528 3748528
1663531 0
1667128 3748528
1667131 0
1673343 3748528
1673346 0
1676943 3748528
1676946 0
1680543 3748528
1680546 0
1684143 3748528
1684146 0
1687563 3748528
1687566 0
1689757 3748528
1689760 0
1693357 3748528
1693360 0
1694931 3748528
1694934 0
1694941 3748528
1694944 0
1695531 3748528
1695534 0
1695541 3748528
1695544 0
1697845 3748528
1697848 0
1697855 3748528
1697858 0
1698445 3748528
1698448 0
1698455 3748528
1698458 0
1704745 3748528
1704748 0
1704755 3748528
1704758 0
1705345 3748528
1705348 0
1705355 3748528
1705358 0
1723345 3748528
1723348 0
1723355 3748528
1723358 0
1723945 3748528
1723948 0
1723955 3748528
1723958 0
1786828 2824208
1786829 0
1786948 2824208
1786949 0
1787068 2824208
1787069 0
1787548 2824208
1787549 0
1787668 2824208
1787669 0
1787788 2824208
1787789 0
1788268 2824208
1788269 0
1788388 2824208
1788389 0
1788508 2824208
1788509 0
1788988 2824208
1788989 0
1789108 2824208
1789109 0
1789228 2824208
1789229 0
1789708 2824208
1789709 0
1789828 2824208
1789829 0
1789948 2824208
1789949 0
1790428 2824208
1790429 0
1790548 2824208
1790549 0
1790668 2824208
1790669 0
1791148 2824208
1791149 0
1791268 2824208
1791269 0
1791388 2824208
1791389 0
1791868 2824208
1791869 0
1791988 2824208
1791989 0
1792108 2824208
1792109 0
1792588 2824208
1792589 0
1792708 2824208
1792709 0
1792828 2824208
1792829 0
1793248 2824208
1793249 0
1793368 2824208
1793369 0
1793488 2824208
1793489 0
1794028 2824208
1794029 0
1794148 2824208
1794149 0
1794268 2824208
1794269 0
1796943 2824208
1796944 0
1797034 3748528
1797037 0
1797243 2824208
1797244 0
1797313 2824208
1797314 0
1797524 3765611
1797527 0
1800843 2824208
1800844 0
1800934 3748528
1800937 0
1801143 2824208
1801144 0
1801213 2824208
1801214 0
1801424 3765611
1801427 0
1802943 2824208
1802944 0
1803034 3748528
1803037 0
1803243 2824208
1803244 0
1803313 2824208
1803314 0
1803524 3765611
1803527 0
1804443 2824208
1804444 0
1804534 3748528
1804537 0
1804743 2824208
1804744 0
1804813 2824208
1804814 0
1805024 3765611
1805027 0
1814557 2824208
1814558 0
1814648 3748528
1814651 0
1814857 2824208
1814858 0
1814927 2824208
1814928 0
1815138 3765611
1815141 0
1873905 3748528
1873908 0
1873920 5000000
1873938 0
1875705 3748528
1875708 0
1875720 5000000
1875738 0
1877505 3748528
1877508 0
1877520 5000000
1877538 0
1879305 3748528
1879308 0
1879320 5000000
1879338 0
1881105 3748528
1881108 0
1881120 5000000
1881138 0
1882905 3748528
1882908 0
1882920 5000000
1882938 0
1884705 3748528
1884708 0
1884720 5000000
1884738 0
1886505 3748528
1886508 0
1886520 5000000
1886538 0
1888305 3748528
1888308 0
1888320 5000000
1888338 0
1894195 3748528
1894198 0
1894210 5000000
1894228 0
1895995 3748528
1895998 0
1896010 5000000
1896028 0
1897795 3748528
1897798 0
1897810 5000000
1897828 0
1899595 3748528
1899598 0
1899610 5000000
1899628 0
1901395 3748528
1901398 0
1901410 5000000
1901428 0
1903195 3748528
1903198 0
1903210 5000000
1903228 0
1904995 3748528
1904998 0
1905010 5000000
1905028 0
1906795 3748528
1906798 0
1906810 5000000
1906828 0
1952857 3748528
1952860 0
1952877 3748528
1952880 0
1952897 3748528
1952900 0
1959157 3748528
1959160 0
1959177 3748528
1959180 0
1959197 3748528
1959200 0
1966973 3748528
1966976 0
1966993 3748528
1966996 0
1967013 3748528
1967016 0
1973273 3748528
1973276 0
1973293 3748528
1973296 0
1973313 3748528
1973316 0
1979573 3748528
1979576 0
1979593 3748528
1979596 0
1979613 3748528
1979616 0
1984973 3748528
1984976 0
1984993 3748528
1984996 0
1985013 3748528
1985016 0
1989773 3748528
1989776 0
1989793 3748528
1989796 0
1989813 3748528
1989816 0
1994573 3748528
1994576 0
1994593 3748528
1994596 0
1994613 3748528
1994616 0
1998552 3748528
1998555 0
1998572 3748528
1998575 0
1998592 3748528
1998595 0
2357598 226158674
2357603 0
2379198 20242052
2379203 0
2400798 20242052
2400803 0
2465598 178452312
2465600 8996469
2465605 0
2595198 18598775
2595203 0
2616798 22542416
2616803 0
2638398 57946826
2638403 0
2659998 112491168
2660003 0
2681598 89992935
2681603 0
2742261 90225847
2742262 99456
2742263 17992937
2742268 0
2811199 36047367
2811204 0
2832799 39436416
2832804 0
2940799 79610631
2940804 0
2962399 77494701
2962404 0
3070399 73767533
3070404 0
3091999 221441780
3092004 0
3351199 47723996
3351204 0
3368149 12683312
3368154 0
1554 events for C
21582 4707014
21588 0
21602 2824208
21603 0
22502 2824208
22503 0
22802 2824208
22803 0
23702 2824208
23703 0
24002 2824208
24003 0
25182 4707014
25188 0
28782 4707014
28788 0
32382 4707014
32388 0
35982 4707014
35988 0
41941 4707014
41947 0
44921 1882806
44924 0
45541 4707014
45547 0
49141 4707014
49147 0
51402 4707014
51408 0
58632 4707014
58638 0
62442 4707014
62448 0
66192 4707014
66198 0
66521 1412104
66523 0
70002 4707014
70008 0
79844 82880
79845 0
79854 82880
79855 0
79864 82880
79865 0
79895 82880
79896 0
79905 82880
79906 0
79915 82880
79916 0
224862 4313184
224863 2310336
224864 0
224993 4313184
224995 0
225138 192528
225139 0
225443 2156592
225444 0
225762 3594320
225763 962640
225764 0
225810 3594320
225811 962640
225812 0
226081 718864
226082 0
226091 718864
226092 0
226101 718864
226102 0
226111 718864
226112 0
226121 718864
226122 0
226131 718864
226132 0
226141 718864
226142 0
226151 718864
226152 0
226161 718864
226162 0
226171 718864
226172 0
226181 718864
226182 0
226191 718864
226192 0
226201 718864
226202 0
226211 718864
226212 0
226221 718864
226222 0
226231 718864
226232 0
226241 718864
226242 0
226261 192528
226262 0
226271 192528
226272 0
226281 192528
226282 0
226291 192528
226292 0
226301 192528
226302 0
226311 192528
226312 0
226321 192528
226322 0
226331 192528
226332 0
226341 192528
226342 0
226351 192528
226352 0
226361 192528
226362 0
226371 192528
226372 0
226381 192528
226382 0
239321 1412104
239323 0
242574 4313184
242575 2117808
242576 0
243295 4313184
243297 0
245115 1437728
245116 0
315176 3748528
315179 0
315186 3748528
315189 0
315776 3748528
315779 0
315786 3748528
315789 0
316976 3748528
316979 0
316986 3748528
316989 0
317576 3748528
317579 0
317586 3748528
317589 0
318776 3748528
318779 0
318786 3748528
318789 0
319376 3748528
319379 0
319386 3748528
319389 0
320576 3748528
320579 0
320586 3748528
320589 0
321176 3748528
321179 0
321186 3748528
321189 0
322376 3748528
322379 0
322386 3748528
322389 0
322976 3748528
322979 0
322986 3748528
322989 0
324176 3748528
324179 0
324186 3748528
324189 0
324776 3748528
324779 0
324786 3748528
324789 0
325721 1882806
325724 0
325986 3748528
325989 0
325996 3748528
325999 0
326586 3748528
326589 0
326596 3748528
326599 0
330666 3748528
330669 0
330676 3748528
330679 0
331266 3748528
331269 0
331276 3748528
331279 0
334566 3748528
334569 0
334576 3748528
334579 0
335166 3748528
335169 0
335176 3748528
335179 0
338766 3748528
338769 0
338776 3748528
338779 0
339366 3748528
339369 0
339376 3748528
339379 0
340755 3748528
340758 0
340765 3748528
340768 0
341355 3748528
341358 0
341365 3748528
341368 0
342966 3748528
342969 0
342976 3748528
342979 0
343566 3748528
343569 0
343576 3748528
343579 0
366462 4236312
366466 0
368262 4236312
368266 0
370062 4236312
370066 0
371862 4236312
371866 0
373662 4236312
373666 0
375462 4236312
375466 0
377262 4236312
377266 0
379062 4236312
379066 0
380862 4236312
380866 0
386738 4236312
386742 0
388538 4236312
388542 0
390338 4236312
390342 0
392138 4236312
392142 0
393938 4236312
393942 0
396162 4236312
396166 0
397962 4236312
397966 0
402427 4236312
402431 0
404227 4236312
404231 0
406027 4236312
406031 0
407827 4236312
407831 0
409627 4236312
409631 0
411427 4236312
411431 0
413227 4236312
413231 0
415027 4236312
415031 0
416827 4236312
416831 0
424422 4236312
424426 0
428082 4236312
428086 0
431742 4236312
431746 0
438642 4236312
438646 0
442362 4236312
442366 0
446082 4236312
446086 0
449802 4236312
449806 0
598121 82880
598122 0
598131 82880
598132 0
598141 82880
598142 0
598172 82880
598173 0
598182 82880
598183 0
598192 82880
598193 0
601757 5000000
601781 0
603027 5000000
603051 0
604297 5000000
604321 0
620686 4494818
620687 3748528
620690 0
620696 4494818
620701 0
620746 4494818
620751 0
620806 4494818
620807 3748528
620810 0
620816 4494818
620821 0
620866 4494818
620871 0
620926 4494818
620931 0
620936 4494818
620941 0
620986 4494818
620987 3748528
620990 0
624886 4494818
624887 3748528
624890 0
624896 4494818
624901 0
624946 4494818
624951 0
625006 4494818
625007 3748528
625010 0
625016 4494818
625021 0
625066 4494818
625071 0
625126 4494818
625131 0
625136 4494818
625141 0
625186 4494818
625187 3748528
625190 0
743351 3748528
743354 0
743391 3748528
743394 0
743431 4494818
743436 0
743471 4494818
743476 0
743511 3748528
743514 0
743551 3748528
743554 0
743591 4494818
743596 0
743631 4494818
743636 0
743671 3748528
743674 0
743711 3748528
743714 0
743751 4494818
743756 0
743791 4494818
743796 0
763381 3748528
763384 0
763401 3748528
763404 0
763421 3748528
763424 0
769681 3748528
769684 0
769701 3748528
769704 0
769721 3748528
769724 0
775999 3748528
776002 0
776019 3748528
776022 0
776039 3748528
776042 0
780799 3748528
780802 0
780819 3748528
780822 0
780839 3748528
780842 0
784099 2824208
784100 0
784190 3748528
784193 0
784459 2824208
784460 0
784529 2824208
784530 0
784599 2824208
784600 0
784919 3748528
784922 0
784934 5000000
784952 0
785599 3748528
785602 0
785619 3748528
785622 0
785639 3748528
785642 0
788899 2824208
788900 0
788990 3748528
788993 0
789259 2824208
789260 0
789329 2824208
789330 0
789399 2824208
789400 0
789719 3748528
789722 0
789734 5000000
789752 0
790399 3748528
790402 0
790419 3748528
790422 0
790439 3748528
790442 0
795887 3748528
795890 0
795907 3748528
795910 0
795927 3748528
795930 0
799187 2824208
799188 0
799278 3748528
799281 0
799547 2824208
799548 0
799617 2824208
799618 0
799687 2824208
799688 0
800007 3748528
800010 0
800022 5000000
800040 0
800687 3748528
800690 0
800707 3748528
800710 0
800727 3748528
800730 0
802981 2824208
802982 0
803072 3748528
803075 0
803341 2824208
803342 0
803411 2824208
803412 0
803481 2824208
803482 0
803801 3748528
803804 0
803816 5000000
803834 0
805681 3748528
805684 0
805701 3748528
805704 0
805721 3748528
805724 0
806581 2824208
806582 0
806672 3748528
806675 0
806941 2824208
806942 0
807011 2824208
807012 0
807081 2824208
807082 0
807401 3748528
807404 0
807416 5000000
807434 0
811575 2824208
811576 0
811666 3748528
811669 0
811935 2824208
811936 0
812005 2824208
812006 0
812075 2824208
812076 0
812395 3748528
812398 0
812410 5000000
812428 0
815325 2824208
815326 0
815416 3748528
815419 0
815685 2824208
815686 0
815755 2824208
815756 0
815825 2824208
815826 0
816145 3748528
816148 0
816160 5000000
816178 0
819075 2824208
819076 0
819166 3748528
819169 0
819435 2824208
819436 0
819505 2824208
819506 0
819575 2824208
819576 0
819895 3748528
819898 0
819910 5000000
819928 0
822825 2824208
822826 0
822916 3748528
822919 0
823185 2824208
823186 0
823255 2824208
823256 0
823325 2824208
823326 0
823645 3748528
823648 0
823660 5000000
823678 0
826125 2824208
826126 0
826216 3748528
826219 0
826485 2824208
826486 0
826555 2824208
826556 0
826625 2824208
826626 0
826945 3748528
826948 0
826960 5000000
826978 0
829813 2824208
829814 0
829904 3748528
829907 0
830173 2824208
830174 0
830243 2824208
830244 0
830313 2824208
830314 0
833563 2824208
833564 0
833654 3748528
833657 0
833923 2824208
833924 0
833993 2824208
833994 0
834063 2824208
834064 0
834383 3748528
834386 0
834398 5000000
834416 0
836694 3748528
836695 4498234
836700 0
836705 3748528
836708 0
837294 3748528
837295 4498234
837300 0
837305 3748528
837308 0
837894 3748528
837895 4498234
837900 0
837905 3748528
837908 0
838494 3748528
838495 4498234
838500 0
838505 3748528
838508 0
839094 3748528
839095 4498234
839100 0
839105 3748528
839108 0
839694 3748528
839695 4498234
839700 0
839705 3748528
839708 0
840294 3748528
840295 4498234
840300 0
840305 3748528
840308 0
840894 3748528
840895 4498234
840900 0
840905 3748528
840908 0
841494 3748528
841495 4498234
841500 0
841505 3748528
841508 0
842094 3748528
842095 4498234
842100 0
842105 3748528
842108 0
842694 3748528
842695 4498234
842700 0
842705 3748528
842708 0
843294 3748528
843295 4498234
843300 0
843305 3748528
843308 0
843897 5000000
843942 0
844107 5000000
844119 0
850783 3748528
850786 0
850823 3748528
850826 0
850863 4494818
850868 0
850903 4494818
850908 0
850943 3748528
850946 0
850983 3748528
850986 0
851023 4494818
851028 0
851063 4494818
851068 0
851103 3748528
851106 0
851143 3748528
851146 0
851183 4494818
851188 0
851223 4494818
851228 0
857862 5000000
857878 0
859662 5000000
859678 0
861462 5000000
861478 0
864921 5000000
864937 0
865220 3748528
865223 0
865235 5000000
865253 0
866721 5000000
866737 0
867020 3748528
867023 0
867035 5000000
867053 0
868521 5000000
868537 0
868820 3748528
868823 0
868835 5000000
868853 0
870321 5000000
870337 0
870620 3748528
870623 0
870635 5000000
870653 0
872121 5000000
872137 0
872420 3748528
872423 0
872435 5000000
872453 0
873921 5000000
873937 0
874220 3748528
874223 0
874235 5000000
874253 0
875721 5000000
875737 0
876020 3748528
876023 0
876035 5000000
876053 0
877521 5000000
877537 0
877820 3748528
877823 0
877835 5000000
877853 0
879321 5000000
879337 0
879620 3748528
879623 0
879635 5000000
879653 0
884809 5000000
884825 0
886609 5000000
886625 0
888409 5000000
888425 0
890209 5000000
890225 0
892009 5000000
892025 0
893809 5000000
893825 0
895609 5000000
895625 0
897409 5000000
897425 0
900497 5000000
900513 0
902297 5000000
902313 0
904097 5000000
904113 0
905897 5000000
905913 0
907697 5000000
907713 0
909497 5000000
909513 0
911297 5000000
911313 0
913097 5000000
913113 0
914897 5000000
914913 0
920386 5000000
920402 0
971281 3748528
971284 0
971301 3748528
971304 0
971321 3748528
971324 0
973981 3748528
973984 0
974001 3748528
974004 0
974021 3748528
974024 0
976381 3748528
976384 0
976401 3748528
976404 0
976421 3748528
976424 0
979081 3748528
979084 0
979101 3748528
979104 0
979121 3748528
979124 0
981181 3748528
981184 0
981201 3748528
981204 0
981221 3748528
981224 0
983881 3748528
983884 0
983901 3748528
983904 0
983921 3748528
983924 0
985981 3748528
985984 0
986001 3748528
986004 0
986021 3748528
986024 0
992157 3748528
992160 0
992177 3748528
992180 0
992197 3748528
992200 0
998457 3748528
998460 0
998477 3748528
998480 0
998497 3748528
998500 0
1087755 3748528
1087758 0
1087765 3748528
1087768 0
1088355 3748528
1088358 0
1088365 3748528
1088368 0
1092555 3748528
1092558 0
1092565 3748528
1092568 0
1093155 3748528
1093158 0
1093165 3748528
1093168 0
1098661 3748528
1098664 0
1098671 3748528
1098674 0
1099261 3748528
1099264 0
1099271 3748528
1099274 0
1103161 3748528
1103164 0
1103171 3748528
1103174 0
1103761 3748528
1103764 0
1103771 3748528
1103774 0
1107961 3748528
1107964 0
1107971 3748528
1107974 0
1108561 3748528
1108564 0
1108571 3748528
1108574 0
1114349 3748528
1114352 0
1114359 3748528
1114362 0
1114949 3748528
1114952 0
1114959 3748528
1114962 0
1118849 3748528
1118852 0
1118859 3748528
1118862 0
1119449 3748528
1119452 0
1119459 3748528
1119462 0
1120556 3748528
1120560 0
1120567 4992344
1120576 0
1120587 4992344
1120596 0
1120916 3748528
1120920 0
1120927 4992344
1120936 0
1120947 4992344
1120956 0
1121276 3748528
1121280 0
1121287 4992344
1121296 0
1121307 4992344
1121316 0
1121636 3748528
1121640 0
1121647 4992344
1121656 0
1121667 4992344
1121676 0
1121996 3748528
1122000 0
1122007 4992344
1122016 0
1122027 4992344
1122036 0
1122356 3748528
1122360 0
1122367 4992344
1122376 0
1122387 4992344
1122396 0
1122716 3748528
1122720 0
1122727 4992344
1122736 0
1122747 4992344
1122756 0
1123076 3748528
1123080 0
1123087 4992344
1123096 0
1123107 4992344
1123116 0
1123436 3748528
1123440 0
1123447 4992344
1123456 0
1123467 4992344
1123476 0
1123796 3748528
1123800 0
1123807 4992344
1123816 0
1123827 4992344
1123836 0
1124156 3748528
1124160 0
1124167 4992344
1124176 0
1124187 4992344
1124196 0
1124516 3748528
1124520 0
1124527 4992344
1124536 0
1124547 4992344
1124556 0
1124876 3748528
1124880 0
1124887 4992344
1124896 0
1124907 4992344
1124916 0
1125449 3748528
1125452 0
1125459 3748528
1125462 0
1126049 3748528
1126052 0
1126059 3748528
1126062 0
1128237 3748528
1128240 0
1128247 3748528
1128250 0
1128837 3748528
1128840 0
1128847 3748528
1128850 0
1145846 3748528
1145849 0
1145856 3748528
1145859 0
1146536 3748528
1146539 0
1146546 3748528
1146549 0
1203216 2824208
1203217 0
1203307 3748528
1203310 0
1203516 2824208
1203517 0
1203586 2824208
1203587 0
1203797 3765611
1203800 0
1206816 2824208
1206817 0
1206907 3748528
1206910 0
1207116 2824208
1207117 0
1207186 2824208
1207187 0
1207397 3765611
1207400 0
1210416 2824208
1210417 0
1210507 3748528
1210510 0
1210716 2824208
1210717 0
1210786 2824208
1210787 0
1210997 3765611
1211000 0
1214016 2824208
1214017 0
1214107 3748528
1214110 0
1214316 2824208
1214317 0
1214386 2824208
1214387 0
1214597 3765611
1214600 0
1217316 2824208
1217317 0
1217407 3748528
1217410 0
1217616 2824208
1217617 0
1217686 2824208
1217687 0
1217897 3765611
1217900 0
1390441 718864
1390442 0
1391051 718864
1391052 0
1391682 3748528
1391685 0
1391941 718864
1391942 0
1392551 718864
1392552 0
1393182 3748528
1393185 0
1393441 718864
1393442 0
1394051 718864
1394052 0
1394682 3748528
1394685 0
1402201 718864
1402202 0
1402811 718864
1402812 0
1403442 3748528
1403445 0
1403701 718864
1403702 0
1404311 718864
1404312 0
1404942 3748528
1404945 0
1405201 718864
1405202 0
1405811 718864
1405812 0
1406442 3748528
1406445 0
1436862 4313184
1436863 2310336
1436864 0
1436993 4313184
1436995 0
1437138 192528
1437139 0
1437443 2156592
1437444 0
1437762 3594320
1437763 962640
1437764 0
1437810 3594320
1437811 962640
1437812 0
1438081 718864
1438082 0
1438091 718864
1438092 0
1438101 718864
1438102 0
1438111 718864
1438112 0
1438121 718864
1438122 0
1438131 718864
1438132 0
1438141 718864
1438142 0
1438151 718864
1438152 0
1438161 718864
1438162 0
1438171 718864
1438172 0
1438181 718864
1438182 0
1438191 718864
1438192 0
1438201 718864
1438202 0
1438211 718864
1438212 0
1438221 718864
1438222 0
1438231 718864
1438232 0
1438241 718864
1438242 0
1438261 192528
1438262 0
1438271 192528
1438272 0
1438281 192528
1438282 0
1438291 192528
1438292 0
1438301 192528
1438302 0
1438311 192528
1438312 0
1438321 192528
1438322 0
1438331 192528
1438332 0
1438341 192528
1438342 0
1438351 192528
1438352 0
1438361 192528
1438362 0
1438371 192528
1438372 0
1438381 192528
1438382 0
1543962 4494818
1543963 3748528
1543966 0
1543972 4494818
1543977 0
1544022 4494818
1544027 0
1544082 4494818
1544083 3748528
1544086 0
1544092 4494818
1544097 0
1544142 4494818
1544147 0
1544202 4494818
1544207 0
1544212 4494818
1544217 0
1544262 4494818
1544263 3748528
1544266 0
1548162 4494818
1548163 3748528
1548166 0
1548172 4494818
1548177 0
1548222 4494818
1548227 0
1548282 4494818
1548283 3748528
1548286 0
1548292 4494818
1548297 0
1548342 4494818
1548347 0
1548402 4494818
1548407 0
1548412 4494818
1548417 0
1548462 4494818
1548463 3748528
1548466 0
1585386 82880
1585387 0
1585396 82880
1585397 0
1585406 82880
1585407 0
1585437 82880
1585438 0
1585447 82880
1585448 0
1585457 82880
1585458 0
1634838 3748528
1634841 0
1638438 3748528
1638441 0
1642038 3748528
1642041 0
1645638 3748528
1645641 0
1649058 3748528
1649061 0
1651252 3748528
1651255 0
1654852 3748528
1654855 0
1658452 3748528
1658455 0
1662052 3748528
1662055 0
1665652 3748528
1665655 0
1671867 3748528
1671870 0
1675467 3748528
1675470 0
1679067 3748528
1679070 0
1682667 3748528
1682670 0
1686087 3748528
1686090 0
1688281 3748528
1688284 0
1691881 3748528
1691884 0
1693455 3748528
1693458 0
1693465 3748528
1693468 0
1694055 3748528
1694058 0
1694065 3748528
1694068 0
1696369 3748528
1696372 0
1696379 3748528
1696382 0
1696969 3748528
1696972 0
1696979 3748528
1696982 0
1703269 3748528
1703272 0
1703279 3748528
1703282 0
1703869 3748528
1703872 0
1703879 3748528
1703882 0
1721869 3748528
1721872 0
1721879 3748528
1721882 0
1722469 3748528
1722472 0
1722479 3748528
1722482 0
1785352 2824208
1785353 0
1785472 2824208
1785473 0
1785592 2824208
1785593 0
1786072 2824208
1786073 0
1786192 2824208
1786193 0
1786312 2824208
1786313 0
1786792 2824208
1786793 0
1786912 2824208
1786913 0
1787032 2824208
1787033 0
1787512 2824208
1787513 0
1787632 2824208
1787633 0
1787752 2824208
1787753 0
1788232 2824208
1788233 0
1788352 2824208
1788353 0
1788472 2824208
1788473 0
1788952 2824208
1788953 0
1789072 2824208
1789073 0
1789192 2824208
1789193 0
1789672 2824208
1789673 0
1789792 2824208
1789793 0
1789912 2824208
1789913 0
1790392 2824208
1790393 0
1790512 2824208
1790513 0
1790632 2824208
1790633 0
1791112 2824208
1791113 0
1791232 2824208
1791233 0
1791352 2824208
1791353 0
1791772 2824208
1791773 0
1791892 2824208
1791893 0
1792012 2824208
1792013 0
1792552 2824208
1792553 0
1792672 2824208
1792673 0
1792792 2824208
1792793 0
1795467 2824208
1795468 0
1795558 3748528
1795561 0
1795767 2824208
1795768 0
1795837 2824208
1795838 0
1796048 3765611
1796051 0
1799367 2824208
1799368 0
1799458 3748528
1799461 0
1799667 2824208
1799668 0
1799737 2824208
1799738 0
1799948 3765611
1799951 0
1801467 2824208
1801468 0
1801558 3748528
1801561 0
1801767 2824208
1801768 0
1801837 2824208
1801838 0
1802048 3765611
1802051 0
1802967 2824208
1802968 0
1803058 3748528
1803061 0
1803267 2824208
1803268 0
1803337 2824208
1803338 0
1803548 3765611
1803551 0
1813081 2824208
1813082 0
1813172 3748528
1813175 0
1813381 2824208
1813382 0
1813451 2824208
1813452 0
1813662 3765611
1813665 0
1872429 3748528
1872432 0
1872444 5000000
1872462 0
1874229 3748528
1874232 0
1874244 5000000
1874262 0
1876029 3748528
1876032 0
1876044 5000000
1876062 0
1877829 3748528
1877832 0
1877844 5000000
1877862 0
1879629 3748528
1879632 0
1879644 5000000
1879662 0
1881429 3748528
1881432 0
1881444 5000000
1881462 0
1883229 3748528
1883232 0
1883244 5000000
1883262 0
1885029 3748528
1885032 0
1885044 5000000
1885062 0
1886829 3748528
1886832 0
1886844 5000000
1886862 0
1892719 3748528
1892722 0
1892734 5000000
1892752 0
1894519 3748528
1894522 0
1894534 5000000
1894552 0
1896319 3748528
1896322 0
1896334 5000000
1896352 0
1898119 3748528
1898122 0
1898134 5000000
1898152 0
1899919 3748528
1899922 0
1899934 5000000
1899952 0
1901719 3748528
1901722 0
1901734 5000000
1901752 0
1903519 3748528
1903522 0
1903534 5000000
1903552 0
1905319 3748528
1905322 0
1905334 5000000
1905352 0
1951381 3748528
1951384 0
1951401 3748528
1951404 0
1951421 3748528
1951424 0
1957681 3748528
1957684 0
1957701 3748528
1957704 0
1957721 3748528
1957724 0
1965497 3748528
1965500 0
1965517 3748528
1965520 0
1965537 3748528
1965540 0
1971797 3748528
1971800 0
1971817 3748528
1971820 0
1971837 3748528
1971840 0
1978097 3748528
1978100 0
1978117 3748528
1978120 0
1978137 3748528
1978140 0
1983497 3748528
1983500 0
1983517 3748528
1983520 0
1983537 3748528
1983540 0
1988297 3748528
1988300 0
1988317 3748528
1988320 0
1988337 3748528
1988340 0
1993097 3748528
1993100 0
1993117 3748528
1993120 0
1993137 3748528
1993140 0
1997076 3748528
1997079 0
1997096 3748528
1997099 0
1997116 3748528
1997119 0
2356122 226158674
2356127 0
2377722 20242052
2377727 0
2399322 20242052
2399327 0
2464122 178452312
2464124 8996469
2464129 0
2593722 18598775
2593727 0
2615322 22542416
2615327 0
2636922 57946826
2636927 0
2658522 112491168
2658527 0
2680122 89992935
2680127 0
2740785 90225847
2740786 99456
2740787 17992937
2740792 0
2809723 36047367
2809728 0
2831323 39436416
2831328 0
2939323 79610631
2939328 0
2960923 77494701
2960928 0
3068923 73767533
3068928 0
3090523 221441780
3090528 0
3349723 47723996
3349728 0
3366673 12683312
3366678 0
3 events for D
2824 2650
2162823 0
2162824 2650
88 events for E
130409 4214960
130413 0
130839 4214960
130843 0
131579 4214960
131583 0
132009 4214960
132013 0
473201 4214960
473205 0
473631 4214960
473635 0
474371 4214960
474375 0
474801 4214960
474805 0
704448 4214960
704452 0
704878 4214960
704882 0
705618 4214960
705622 0
706048 4214960
706052 0
1078001 4214960
1078005 0
1078431 4214960
1078435 0
1079171 4214960
1079175 0
1079601 4214960
1079605 0
1309248 4214960
1309252 0
1309678 4214960
1309682 0
1310418 4214960
1310422 0
1310848 4214960
1310852 0
1575683 4214960
1575687 0
1576113 4214960
1576117 0
1576853 4214960
1576857 0
1577283 4214960
1577287 0
1944809 4214960
1944813 0
1945239 4214960
1945243 0
1945979 4214960
1945983 0
1946409 4214960
1946413 0
2180483 4214960
2180487 0
2180913 4214960
2180917 0
2181653 4214960
2181657 0
2182083 4214960
2182087 0
2549609 4214960
2549613 0
2550039 4214960
2550043 0
2550779 4214960
2550783 0
2551209 4214960
2551213 0
2785283 4214960
2785287 0
2785713 4214960
2785717 0
2786453 4214960
2786457 0
2786883 4214960
2786887 0
3154409 4214960
3154413 0
3154839 4214960
3154843 0
3155579 4214960
3155583 0
3156009 4214960
3156013 0
3 events for F
1638 2650
2161637 0
2161638 2650
3 events for G
1 18
2160000 0
2160001 18
458 events for H
24395 12910592
24396 0
31600 12910592
31601 0
52600 12910592
52601 0
57995 12910592
57996 0
61595 12910592
61596 0
65495 12910592
65496 0
69395 12910592
69396 0
79415 12910592
79416 0
83195 12910592
83196 0
87095 12910592
87096 0
94055 12910592
94056 0
104075 12910592
104076 0
116435 12910592
116436 0
122975 12910592
122976 0
132515 12910592
132516 0
139720 12910592
139721 0
152195 12910592
152196 0
159400 12910592
159401 0
166775 1089536
166776 0
171095 12910592
171096 0
175900 12910592
175901 0
178895 1089536
178896 0
181660 12910592
181661 0
366095 12910592
366096 0
373475 12910592
373476 0
380915 12910592
380916 0
387820 12910592
387821 0
398795 12910592
398796 0
409600 12910592
409601 0
423695 12910592
423696 0
427595 12910592
427596 0
431195 12910592
431196 0
434015 12910592
434016 0
441395 12910592
441396 0
445595 12910592
445596 0
462700 12910592
462701 0
466415 12910592
466416 0
478535 12910592
478536 0
481775 12910592
481776 0
484960 12910592
484961 0
494555 12910592
494556 0
498335 12910592
498336 0
513995 12910592
513996 0
521680 12910592
521681 0
526895 1089536
526896 0
530315 12910592
530316 0
534095 12910592
534096 0
537575 1089536
537576 0
540580 12910592
540581 0
668500 12910592
668501 0
672095 12910592
672096 0
675695 12910592
675696 0
679295 12910592
679296 0
683315 12910592
683316 0
690220 12910592
690221 0
693815 12910592
693816 0
710680 12910592
710681 0
717095 1089536
717096 0
725795 12910592
725796 0
733600 12910592
733601 0
743075 1089536
743076 0
751595 12910592
751596 0
761495 12910592
761496 0
771395 1089536
771396 0
778895 12910592
778896 0
788495 12910592
788496 0
796960 12910592
796961 0
802595 1089536
802596 0
812795 12910592
812796 0
820300 12910592
820301 0
829415 1089536
829416 0
837995 12910592
837996 0
850355 12910592
850356 0
857495 1089536
857496 0
861215 12910592
861216 0
1042415 12910592
1042416 0
1053995 1089536
1053996 0
1063775 12910592
1063776 0
1074335 12910592
1074336 0
1081000 12910592
1081001 0
1089995 1089536
1089996 0
1099960 12910592
1099961 0
1109195 12910592
1109196 0
1116395 1089536
1116396 0
1123295 12910592
1123296 0
1133375 12910592
1133376 0
1137215 1089536
1137216 0
1139435 12910592
1139436 0
1145555 12910592
1145556 0
1202860 12910592
1202861 0
1206395 1089536
1206396 0
1210000 12910592
1210001 0
1213595 1089536
1213596 0
1216540 12910592
1216541 0
1237480 12910592
1237481 0
1242995 1089536
1242996 0
1247195 12910592
1247196 0
1251095 12910592
1251096 0
1273595 1089536
1273596 0
1277315 12910592
1277316 0
1281995 1089536
1281996 0
1287395 12910592
1287396 0
1299095 12910592
1299096 0
1311335 1089536
1311336 0
1320400 12910592
1320401 0
1330595 12910592
1330596 0
1340200 12910592
1340201 0
1349195 12910592
1349196 0
1358195 1089536
1358196 0
1367495 12910592
1367496 0
1375895 1089536
1375896 0
1383395 12910592
1383396 0
1387300 12910592
1387301 0
1526320 12910592
1526321 0
1529195 1089536
1529196 0
1532795 12910592
1532796 0
1536575 12910592
1536576 0
1543595 1089536
1543596 0
1546900 12910592
1546901 0
1550195 12910592
1550196 0
1577795 12910592
1577796 0
1584875 1089536
1584876 0
1592015 12910592
1592016 0
1598920 12910592
1598921 0
1604195 1089536
1604196 0
1610495 12910592
1610496 0
1613795 12910592
1613796 0
1619200 12910592
1619201 0
1624595 1089536
1624596 0
1629035 12910592
1629036 0
1672955 12910592
1672956 0
1676795 1089536
1676796 0
1680400 12910592
1680401 0
1684595 1089536
1684596 0
1687895 12910592
1687896 0
1690595 12910592
1690596 0
1696595 1089536
1696596 0
1699420 12910592
1699421 0
1762240 12910592
1762241 0
1766795 12910592
1766796 0
1771895 1089536
1771896 0
1776395 12910592
1776396 0
1784620 12910592
1784621 0
1798955 12910592
1798956 0
1802795 1089536
1802796 0
1806395 12910592
1806396 0
1809995 1089536
1809996 0
1812695 12910592
1812696 0
1872035 12910592
1872036 0
1876000 12910592
1876001 0
1879595 1089536
1879596 0
1883195 12910592
1883196 0
1886915 1089536
1886916 0
1893815 12910592
1893816 0
1897420 12910592
1897421 0
1901015 1089536
1901016 0
1905095 12910592
1905096 0
2002955 12910592
2002956 0
2006560 12910592
2006561 0
2010155 1089536
2010156 0
2014235 12910592
2014236 0
2017535 1089536
2017536 0
2021135 12910592
2021136 0
2024735 1089536
2024736 0
2028340 12910592
2028341 0
2032415 12910592
2032416 0
2183500 12910592
2183501 0
2188145 12910592
2188146 0
2195795 12910592
2195796 0
2203729 12910592
2203730 0
2215188 12910592
2215189 0
2233852 12910592
2233853 0
2240752 12910592
2240753 0
2243233 12910592
2243234 0
2247395 12910592
2247396 0
2250996 12910592
2250997 0
2255671 12910592
2255672 0
2263273 12910592
2263274 0
2270881 12910592
2270882 0
2278013 12910592
2278014 0
2285195 12910592
2285196 0
2295395 12910592
2295396 0
2439695 12910592
2439696 0
2447534 12910592
2447535 0
2462274 12910592
2462275 0
2467900 12910592
2467901 0
2477163 12910592
2477164 0
2484458 12910592
2484459 0
2490100 12910592
2490101 0
2501195 12910592
2501196 0
2508996 12910592
2508997 0
2513242 12910592
2513243 0
2516967 12910592
2516968 0
2520567 12910592
2520568 0
2527892 12910592
2527893 0
2535457 12910592
2535458 0
2544401 12910592
2544402 0
2551901 12910592
2551902 0
2558080 12910592
2558081 0
2564091 12910592
2564092 0
2788025 12910592
2788026 0
2799995 12910592
2799996 0
2808524 12910592
2808525 0
2813474 12910592
2813475 0
2815600 12910592
2815601 0
2823738 12910592
2823739 0
2831795 12910592
2831796 0
2837080 12910592
2837081 0
2846795 12910592
2846796 0
2853394 12910592
2853395 0
2854596 12910592
2854597 0
2860771 12910592
2860772 0
2867495 12910592
2867496 0
2875681 12910592
2875682 0
2882586 12910592
2882587 0
2888238 12910592
2888239 0
2893895 12910592
2893896 0
2905102 12910592
2905103 0
2912409 12910592
2912410 0
3044500 12910592
3044501 0
3055934 12910592
3055935 0
3067079 12910592
3067080 0
3078363 12910592
3078364 0
3081663 12910592
3081664 0
3089108 12910592
3089109 0
3096553 12910592
3096554 0
3103595 12910592
3103596 0
3109595 12910592
3109596 0
3114700 12910592
3114701 0
246 events for I
21447 906
37846 0
50667 906
55735 0
58615 906
74225 0
80405 906
92114 0
94827 593
110127 0
116764 593
127647 0
132393 906
133287 593
137073 906
146983 0
153163 906
165172 0
167452 906
183362 0
222387 906
223137 1500
229149 0
230477 1500
236477 0
295947 215
307367 0
367047 906
382643 0
388823 906
400612 0
401932 906
417867 0
424700 906
435708 0
438588 906
453796 0
459976 906
471285 0
475485 906
489373 0
495553 906
503667 0
509441 906
524949 0
526449 906
542738 0
645147 906
645927 0
669447 906
685043 0
691223 906
702832 0
707212 906
720620 0
726800 906
738408 0
739908 906
756196 0
762376 906
773985 0
776265 906
791085 0
797953 906
809561 0
811061 906
827349 0
830079 906
845138 0
851318 906
862926 0
911247 1087
913957 0
915147 906
915927 0
979947 906
980727 0
1043088 906
1058596 0
1064776 906
1076007 0
1079985 906
1093767 0
1100653 906
1111961 0
1114541 906
1129449 0
1131849 906
1147238 0
1203482 906
1218302 0
1224871 906
1235879 0
1237379 906
1252767 0
1274247 906
1289843 0
1296023 906
1307632 0
1312012 906
1325420 0
1331600 906
1343208 0
1346367 906
1360996 0
1367176 906
1378785 0
1381065 906
1389567 0
1390947 593
1395577 0
1402453 593
1406297 0
1407987 593
1413877 0
1417587 593
1421537 0
1423347 593
1429828 0
1435137 1500
1441157 0
1442457 1500
1448477 0
1458747 215
1470167 0
1527271 906
1538279 0
1543467 906
1551867 0
1578747 906
1593696 0
1599876 906
1612210 0
1613710 906
1630724 0
1673933 906
1686267 0
1687767 906
1704481 0
1762904 906
1778667 0
1785318 906
1792467 0
1794207 906
1796753 0
1798853 906
1814367 0
1865547 906
1866327 0
1873015 906
1888625 0
1894805 906
1906814 0
1951947 906
1952727 0
2003942 906
2015951 0
2018231 906
2035086 0
2113947 906
2114727 0
2183547 906
2197467 0
2204676 906
2235524 0
2241704 906
2253867 0
2256318 906
2272553 0
2278733 906
2291067 0
2292567 906
2297067 0
2343147 906
2344197 0
2440647 906
2457046 0
2463226 906
2469867 0
2470887 906
2474907 0
2477387 906
2493387 0
2499605 906
2511314 0
2513894 906
2529564 0
2535984 906
2547633 0
2551593 906
2565763 0
2616533 906
2617563 0
2700368 906
2701108 0
2736058 1500
2741237 0
2746737 479
2747977 0
2749457 479
2751567 1500
2757547 0
2763207 479
2765267 0
2787307 906
2802449 0
2809767 906
2819197 0
2824390 906
2840024 0
2846504 906
2858538 0
2861418 906
2877353 0
2883533 906
2895567 0
2898447 906
2914081 0
2920047 1087
2922757 0
2923261 215
2934681 0
2994607 1600
3004792 0
3009747 906
3010647 1500
3017130 0
3018197 1500
3021097 0
3045447 906
3061846 0
3068026 906
3080035 0
3081535 906
3098225 0
3104405 906
3116414 0
3142094 906
3142834 0
3223094 906
3223844 0
3341028 593
3351717 0
3354557 906
3355307 593
3368147 0
3 events for J
1861 2650
2161860 0
2161861 2650
252 events for K
1012 240
3123 444
21133 1471
37334 444
42733 1471
65534 444
78733 548
109334 444
114733 548
129144 2738
145334 2635
157933 3662
179534 2635
186733 2738
201144 548
235334 444
244333 548
247906 1830
262944 1768
263244 1830
271334 1727
280333 1830
307334 1727
325333 2754
346334 1727
366733 1830
381134 1727
388333 1830
415334 1727
422533 1830
451334 1727
458533 1830
485506 548
487334 444
494533 548
541334 444
546733 1471
568333 548
575534 444
582733 548
613334 444
618733 548
647544 2738
648734 2635
667333 2738
683534 2635
697933 3662
719534 2635
719544 444
724933 1471
739333 548
753734 444
760933 1471
789734 444
796933 548
843734 444
849133 548
877934 444
885133 548
915734 444
921133 548
942755 494
951134 391
957144 2581
969733 3608
985934 2581
991333 3608
992375 3662
1020134 2635
1027333 3662
1029144 1471
1055534 444
1063333 1471
1072344 3662
1092134 2635
1101133 3662
1126344 1471
1126644 1409
1126944 1471
1131084 3662
1131137 3912
1146134 2885
1146804 695
1151555 444
1153333 548
1180334 444
1187533 548
1216334 444
1223533 548
1234306 1830
1252934 1727
1272133 1830
1286534 1727
1293733 1830
1322534 1727
1329733 2754
1358534 1727
1365733 2754
1394534 1727
1401733 2754
1446734 1727
1455733 1830
1482734 1727
1491733 1830
1518734 1727
1518744 3917
1527733 4021
1538533 4944
1540344 2754
1554434 1727
1576333 2754
1590734 1727
1597933 2754
1626734 1727
1633933 1830
1666334 1727
1673533 1830
1702334 1727
1709533 1830
1738334 1727
1745533 2754
1776134 1727
1783333 2754
1815134 1727
1817844 1664
1818144 1727
1821144 3917
1833733 4944
1851734 3917
1857133 4944
1884134 3917
1885944 1727
1894933 2754
1907506 1471
1923734 444
1930933 1471
1959734 444
1966933 1471
1995734 444
2002933 1471
2004744 3662
2047934 2635
2056933 2738
2059535 2685
2085734 2581
2096533 3608
2108735 3662
2109144 1471
2121734 444
2128933 548
2160734 444
2161011 0
2161012 444
2163144 382
2163444 444
2179333 548
2197334 444
2202733 1471
2209944 3662
2209966 4944
2231534 3917
2242333 4944
2245944 2754
2253166 1471
2262133 548
2271134 444
2278333 548
2292515 798
2307134 695
2314333 798
2335955 548
2343134 444
2353933 1471
2382734 444
2389933 1471
2419634 444
2440333 1471
2454734 444
2461933 1471
2490734 444
2497933 1471
2508744 1409
2509044 1471
2526734 444
2535733 548
2559144 2738
2564534 2635
2571733 2738
2595144 548
2600534 444
2605933 548
2618534 444
2627533 548
2654534 444
2663533 548
2681544 485
2681844 2738
2690534 2635
2699533 3662
2706766 4944
2728334 3917
2735533 4944
2749911 5195
2765234 4168
2784133 5195
2793155 4944
2793166 3662
2796744 1471
2802134 444
2807533 1471
2818333 548
2838134 444
2847133 548
2857944 485
2858244 548
2875934 444
2883133 1471
2911934 444
2922733 548
2947934 444
2955133 548
2987534 444
2994733 548
3024734 444
3027144 382
3027444 444
3045133 548
3059534 444
3066733 548
3066744 2738
3095534 2635
3102733 3662
3131534 2635
3138733 2738
3145944 548
3145955 798
3169334 695
3178333 798
3199944 736
3199955 485
3200244 548
3205334 444
3210733 548
3223334 444
3232333 548
3259334 444
3268333 548
3295334 444
3304333 1471
3333134 444
3340333 548
3370334 444
458 events for L
23700 12910592
23701 0
30905 12910592
30906 0
51905 12910592
51906 0
57300 12910592
57301 0
60900 12910592
60901 0
64800 12910592
64801 0
68700 12910592
68701 0
78720 12910592
78721 0
82500 12910592
82501 0
86400 12910592
86401 0
93360 12910592
93361 0
103380 12910592
103381 0
115740 12910592
115741 0
122280 12910592
122281 0
131820 12910592
131821 0
139025 12910592
139026 0
151500 12910592
151501 0
158705 12910592
158706 0
166080 1089536
166081 0
170400 12910592
170401 0
175205 12910592
175206 0
178200 1089536
178201 0
180965 12910592
180966 0
365400 12910592
365401 0
372780 12910592
372781 0
380220 12910592
380221 0
387125 12910592
387126 0
398100 12910592
398101 0
408905 12910592
408906 0
423000 12910592
423001 0
426900 12910592
426901 0
430500 12910592
430501 0
433320 12910592
433321 0
440700 12910592
440701 0
444900 12910592
444901 0
462005 12910592
462006 0
465720 12910592
465721 0
477840 12910592
477841 0
481080 12910592
481081 0
484265 12910592
484266 0
493860 12910592
493861 0
497640 12910592
497641 0
513300 12910592
513301 0
520985 12910592
520986 0
526200 1089536
526201 0
529620 12910592
529621 0
533400 12910592
533401 0
536880 1089536
536881 0
539885 12910592
539886 0
667805 12910592
667806 0
671400 12910592
671401 0
675000 12910592
675001 0
678600 12910592
678601 0
682620 12910592
682621 0
689525 12910592
689526 0
693120 12910592
693121 0
709985 12910592
709986 0
716400 1089536
716401 0
725100 12910592
725101 0
732905 12910592
732906 0
742380 1089536
742381 0
750900 12910592
750901 0
760800 12910592
760801 0
770700 1089536
770701 0
778200 12910592
778201 0
787800 12910592
787801 0
796265 12910592
796266 0
801900 1089536
801901 0
812100 12910592
812101 0
819605 12910592
819606 0
828720 1089536
828721 0
837300 12910592
837301 0
849660 12910592
849661 0
856800 1089536
856801 0
860520 12910592
860521 0
1041720 12910592
1041721 0
1053300 1089536
1053301 0
1063080 12910592
1063081 0
1073640 12910592
1073641 0
1080305 12910592
1080306 0
1089300 1089536
1089301 0
1099265 12910592
1099266 0
1108500 12910592
1108501 0
1115700 1089536
1115701 0
1122600 12910592
1122601 0
1132680 12910592
1132681 0
1136520 1089536
1136521 0
1138740 12910592
1138741 0
1144860 12910592
1144861 0
1202165 12910592
1202166 0
1205700 1089536
1205701 0
1209305 12910592
1209306 0
1212900 1089536
1212901 0
1215845 12910592
1215846 0
1236785 12910592
1236786 0
1242300 1089536
1242301 0
1246500 12910592
1246501 0
1250400 12910592
1250401 0
1272900 1089536
1272901 0
1276620 12910592
1276621 0
1281300 1089536
1281301 0
1286700 12910592
1286701 0
1298400 12910592
1298401 0
1310640 1089536
1310641 0
1319705 12910592
1319706 0
1329900 12910592
1329901 0
1339505 12910592
1339506 0
1348500 12910592
1348501 0
1357500 1089536
1357501 0
1366800 12910592
1366801 0
1375200 1089536
1375201 0
1382700 12910592
1382701 0
1386605 12910592
1386606 0
1525625 12910592
1525626 0
1528500 1089536
1528501 0
1532100 12910592
1532101 0
1535880 12910592
1535881 0
1542900 1089536
1542901 0
1546205 12910592
1546206 0
1549500 12910592
1549501 0
1577100 12910592
1577101 0
1584180 1089536
1584181 0
1591320 12910592
1591321 0
1598225 12910592
1598226 0
1603500 1089536
1603501 0
1609800 12910592
1609801 0
1613100 12910592
1613101 0
1618505 12910592
1618506 0
1623900 1089536
1623901 0
1628340 12910592
1628341 0
1672260 12910592
1672261 0
1676100 1089536
1676101 0
1679705 12910592
1679706 0
1683900 1089536
1683901 0
1687200 12910592
1687201 0
1689900 12910592
1689901 0
1695900 1089536
1695901 0
1698725 12910592
1698726 0
1761545 12910592
1761546 0
1766100 12910592
1766101 0
1771200 1089536
1771201 0
1775700 12910592
1775701 0
1783925 12910592
1783926 0
1798260 12910592
1798261 0
1802100 1089536
1802101 0
1805700 12910592
1805701 0
1809300 1089536
1809301 0
1812000 12910592
1812001 0
1871340 12910592
1871341 0
1875305 12910592
1875306 0
1878900 1089536
1878901 0
1882500 12910592
1882501 0
1886220 1089536
1886221 0
1893120 12910592
1893121 0
1896725 12910592
1896726 0
1900320 1089536
1900321 0
1904400 12910592
1904401 0
2002260 12910592
2002261 0
2005865 12910592
2005866 0
2009460 1089536
2009461 0
2013540 12910592
2013541 0
2016840 1089536
2016841 0
2020440 12910592
2020441 0
2024040 1089536
2024041 0
2027645 12910592
2027646 0
2031720 12910592
2031721 0
2182805 12910592
2182806 0
2187450 12910592
2187451 0
2195100 12910592
2195101 0
2203034 12910592
2203035 0
2214493 12910592
2214494 0
2233157 12910592
2233158 0
2240057 12910592
2240058 0
2242538 12910592
2242539 0
2246700 12910592
2246701 0
2250301 12910592
2250302 0
2254976 12910592
2254977 0
2262578 12910592
2262579 0
2270186 12910592
2270187 0
2277318 12910592
2277319 0
2284500 12910592
2284501 0
2294700 12910592
2294701 0
2439000 12910592
2439001 0
2446839 12910592
2446840 0
2461579 12910592
2461580 0
2467205 12910592
2467206 0
2476468 12910592
2476469 0
2483763 12910592
2483764 0
2489405 12910592
2489406 0
2500500 12910592
2500501 0
2508301 12910592
2508302 0
2512547 12910592
2512548 0
2516272 12910592
2516273 0
2519872 12910592
2519873 0
2527197 12910592
2527198 0
2534762 12910592
2534763 0
2543706 12910592
2543707 0
2551206 12910592
2551207 0
2557385 12910592
2557386 0
2563396 12910592
2563397 0
2787330 12910592
2787331 0
2799300 12910592
2799301 0
2807829 12910592
2807830 0
2812779 12910592
2812780 0
2814905 12910592
2814906 0
2823043 12910592
2823044 0
2831100 12910592
2831101 0
2836385 12910592
2836386 0
2846100 12910592
2846101 0
2852699 12910592
2852700 0
2853901 12910592
2853902 0
2860076 12910592
2860077 0
2866800 12910592
2866801 0
2874986 12910592
2874987 0
2881891 12910592
2881892 0
2887543 12910592
2887544 0
2893200 12910592
2893201 0
2904407 12910592
2904408 0
2911714 12910592
2911715 0
3043805 12910592
3043806 0
3055239 12910592
3055240 0
3066384 12910592
3066385 0
3077668 12910592
3077669 0
3080968 12910592
3080969 0
3088413 12910592
3088414 0
3095858 12910592
3095859 0
3102900 12910592
3102901 0
3108900 12910592
3108901 0
3114005 12910592
3114006 0
6 events for M
948731 90
959651 3500
985271 0
2066651 90
2077571 3500
2101631 0
3 events for N
2244 74
2162243 0
2162244 74
