14 instruments
A 10 100 0.00017956089109901502 925410610.77784157
B 10 100 24955.266722182481 180753403.14844713
C 10 100 4367744.2331614867 2240000119.5770016
D 10 100 54084010.43300014 1720684275.4783733
E 10 100 38499.176269411204 51488453.781630412
F 10 100 2665037.1650940888 921958803.05957663
G 10 100 431759.25152321503 367151977.05994737
H 10 100 37632 50328700
I 10 100 45126217.813212499 1435691857.5629289
J 10 100 1801610371.8348846 4747451505.5334387
K 10 100 1935.2198577632046 529743673.63920057
L 10 100 192158478.34180248 847760826.1096437
M 10 100 6499613.0472409306 3333330256.035996
N 10 100 40786.332763907049 54547276.407707497
140 downlinks
0 19800 49577 17825.048205999999
1 49578 67745 16584.801629000001
2 91816 96499 56583.634539999999
3 120738 135056 54510.231771999999
4 137178 152542 17937.152144
5 178088 221962 61000.683803
6 221963 249338 18467.928540000001
7 264361 308238 25417.817937
8 308239 327328 19015.030229
9 330078 347128 24567.032964000002
10 365400 394577 17828.859713000002
11 394578 411962 17701.536620999999
12 436911 480795 25418.320157999999
13 480796 501418 17542.270487000002
14 502578 528436 23159.729212999999
15 528437 567073 59981.281416999998
16 567074 597076 17972.728726000001
17 597077 613056 22999.291153999999
18 614837 654623 56629.461013
19 667800 674336 23614.41446
20 679877 701139 22122.706344999999
21 701176 739875 59998.788971000002
22 739876 757341 17624.346496999999
23 782015 826275 61074.347796000002
24 826276 843861 17138.572087
25 868291 913175 61181.460402999997
26 913176 932357 17433.778816999999
27 933675 950344 23082.352213999999
28 970200 999423 17883.640805999999
29 999424 1023140 17543.785331999999
30 1023675 1046233 22376.399878
31 1046234 1080073 58655.879155000002
32 1080074 1103435 17582.023593000002
33 1105574 1117118 58623.309652000004
34 1127127 1168572 15119.160288999999
35 1168573 1190199 16914.110455999999
36 1194973 1207189 55409.676240000001
37 1213406 1243421 14837.924851
38 1244310 1247704 18937.599925999999
39 1278072 1294888 56160.945200000002
40 1299686 1347970 56661.696495999997
41 1347971 1360266 56748.807657999998
42 1364471 1376676 58852.465277000003
43 1396870 1423170 17334.486729
44 1429871 1472246 60764.045818999999
45 1472247 1519663 24005.080918
46 1527369 1531566 18969.341575999999
47 1536969 1558329 18036.499982000001
48 1581368 1593440 52719.905522000001
49 1602442 1633051 54389.954824
50 1656966 1668740 17991.02982
51 1688727 1730446 61717.871531999997
52 1731094 1776643 24930.695499000001
53 1795565 1819204 22398.438724
54 1834200 1862647 17244.778962
55 1865463 1877801 18220.925300999999
56 1894563 1906123 58678.576760000004
57 1909322 1949161 58555.537063999996
58 1949162 1964047 18992.23504
59 1981862 2018383 13796.402593000001
60 2033878 2072159 59962.626314000001
61 2072160 2078069 23204.996364999999
62 2095500 2118635 60314.874481999999
63 2121059 2137467 18020.649063000001
64 2179800 2207240 17416.188300000002
65 2233257 2253543 17116.766715000002
66 2254255 2260753 60234.572946
67 2264755 2284848 16963.427941999998
68 2292746 2335084 60809.052052999999
69 2335085 2360164 23716.228502000002
70 2360753 2368255 18029.108412000001
71 2371913 2374993 60100.563959999999
72 2439000 2465425 17729.224104000001
73 2498751 2510833 17589.138943000002
74 2513509 2545848 58302.529763999999
75 2545849 2563293 18080.346756999999
76 2571649 2599285 55874.873438000002
77 2605247 2628473 60291.091052000003
78 2637912 2680234 60832.041154999999
79 2680235 2718344 24945.773354000001
80 2718345 2742158 18650.039686
81 2784600 2810215 17801.393711000001
82 2810648 2813791 18241.361444999999
83 2830242 2853075 24067.369501000001
84 2854240 2878223 56712.888793999999
85 2904340 2913195 58370.132263
86 2916711 2937551 58005.525035999999
87 2939102 2976937 24930.123806
88 2976938 2998111 16739.689300999999
89 3043800 3068367 18181.419744999999
90 3090335 3115951 18610.315675999998
91 3117393 3155781 59847.283359000001
92 3157233 3173308 18063.419893999999
93 3177933 3202738 18186.627066000001
94 3203790 3219637 56843.492619999997
95 3241970 3275429 9175.5815739999998
96 3275430 3286919 9288.5908459999991
97 3290187 3328186 29976.478185
98 3330327 3347364 8340.6453669999992
99 3356727 3367030 28164.287346000001
100 3389400 3411983 9615.6592349999992
101 3434125 3462621 8936.4976299999998
102 3462622 3466445 29078.912095
103 3482122 3489569 8738.7729049999998
104 3507750 3543139 9283.3064869999998
105 3543140 3588918 9136.56639
106 3588919 3605326 8867.2325060000003
107 3620753 3625159 30843.021497000002
108 3648600 3665369 8651.5363890000008
109 3666916 3689823 8598.6086899999991
110 3692716 3721212 28620.571626000001
111 3721213 3732133 29488.2804
112 3735373 3757773 29574.456625999999
113 3763813 3777150 8990.2936559999998
114 3779713 3808595 27889.095755999999
115 3810610 3820739 27279.489213000001
116 3823590 3826815 29339.122920000002
117 3833110 3841936 30467.823106
118 3851410 3862960 9273.8508989999991
119 3866215 3887451 28091.132868000001
120 3888313 3932352 9462.077765
121 3932353 3947686 8739.387213
122 3988200 4003104 27177.101999999999
123 4018653 4042762 28867.988366000001
124 4043703 4066231 8757.0573490000006
125 4104954 4147202 30482.278361000001
126 4147203 4184096 9337.789702
127 4184097 4212558 8515.7706749999998
128 4253400 4268283 8900.7025030000004
129 4270493 4296282 8778.3355150000007
130 4296293 4324665 29886.497736000001
131 4327190 4354431 29243.536622
132 4355150 4359363 26517.245249
133 4363859 4378131 8834.4018649999998
134 4397390 4408765 9457.9623840000004
135 4420786 4440682 28164.872808
136 4450161 4492390 30503.298975000002
137 4492391 4514806 8691.2845450000004
138 4515282 4525277 8525.9525360000007
139 4527942 4531695 28086.786929000002
0 opportunities for A
0 opportunities for B
0 opportunities for C
0 opportunities for D
0 opportunities for E
0 opportunities for F
0 opportunities for G
0 opportunities for H
0 opportunities for I
0 opportunities for J
0 opportunities for K
0 opportunities for L
0 opportunities for M
0 opportunities for N
674 events for A
26866 12910592
26867 0
34071 12910592
34072 0
55071 12910592
55072 0
60466 12910592
60467 0
64066 12910592
64067 0
67966 12910592
67967 0
71866 12910592
71867 0
81886 12910592
81887 0
85666 12910592
85667 0
89566 12910592
89567 0
96526 12910592
96527 0
106546 12910592
106547 0
118906 12910592
118907 0
125446 12910592
125447 0
134986 12910592
134987 0
142191 12910592
142192 0
154666 12910592
154667 0
161871 12910592
161872 0
169246 1089536
169247 0
173566 12910592
173567 0
178371 12910592
178372 0
181366 1089536
181367 0
184131 12910592
184132 0
368566 12910592
368567 0
375946 12910592
375947 0
383386 12910592
383387 0
390291 12910592
390292 0
401266 12910592
401267 0
412071 12910592
412072 0
426166 12910592
426167 0
430066 12910592
430067 0
433666 12910592
433667 0
436486 12910592
436487 0
443866 12910592
443867 0
448066 12910592
448067 0
465171 12910592
465172 0
468886 12910592
468887 0
481006 12910592
481007 0
484246 12910592
484247 0
487431 12910592
487432 0
497026 12910592
497027 0
500806 12910592
500807 0
516466 12910592
516467 0
524151 12910592
524152 0
529366 1089536
529367 0
532786 12910592
532787 0
536566 12910592
536567 0
540046 1089536
540047 0
543051 12910592
543052 0
670971 12910592
670972 0
674566 12910592
674567 0
678166 12910592
678167 0
681766 12910592
681767 0
685786 12910592
685787 0
692691 12910592
692692 0
696286 12910592
696287 0
713151 12910592
713152 0
719566 1089536
719567 0
728266 12910592
728267 0
736071 12910592
736072 0
745546 1089536
745547 0
754066 12910592
754067 0
763966 12910592
763967 0
773866 1089536
773867 0
781366 12910592
781367 0
790966 12910592
790967 0
799431 12910592
799432 0
805066 1089536
805067 0
815266 12910592
815267 0
822771 12910592
822772 0
831886 1089536
831887 0
840466 12910592
840467 0
852826 12910592
852827 0
859966 1089536
859967 0
863686 12910592
863687 0
1044886 12910592
1044887 0
1056466 1089536
1056467 0
1066246 12910592
1066247 0
1076806 12910592
1076807 0
1083471 12910592
1083472 0
1092466 1089536
1092467 0
1102431 12910592
1102432 0
1111666 12910592
1111667 0
1118866 1089536
1118867 0
1125766 12910592
1125767 0
1135846 12910592
1135847 0
1139686 1089536
1139687 0
1141906 12910592
1141907 0
1148026 12910592
1148027 0
1205331 12910592
1205332 0
1208866 1089536
1208867 0
1212471 12910592
1212472 0
1216066 1089536
1216067 0
1219011 12910592
1219012 0
1239951 12910592
1239952 0
1245466 1089536
1245467 0
1249666 12910592
1249667 0
1253566 12910592
1253567 0
1276066 1089536
1276067 0
1279786 12910592
1279787 0
1284466 1089536
1284467 0
1289866 12910592
1289867 0
1301566 12910592
1301567 0
1313806 1089536
1313807 0
1322871 12910592
1322872 0
1333066 12910592
1333067 0
1342671 12910592
1342672 0
1351666 12910592
1351667 0
1360666 1089536
1360667 0
1369966 12910592
1369967 0
1378366 1089536
1378367 0
1385866 12910592
1385867 0
1389771 12910592
1389772 0
1528791 12910592
1528792 0
1531666 1089536
1531667 0
1535266 12910592
1535267 0
1539046 12910592
1539047 0
1546066 1089536
1546067 0
1549371 12910592
1549372 0
1552666 12910592
1552667 0
1580266 12910592
1580267 0
1587346 1089536
1587347 0
1594486 12910592
1594487 0
1601391 12910592
1601392 0
1606666 1089536
1606667 0
1612966 12910592
1612967 0
1616266 12910592
1616267 0
1621671 12910592
1621672 0
1627066 1089536
1627067 0
1631506 12910592
1631507 0
1675426 12910592
1675427 0
1679266 1089536
1679267 0
1682871 12910592
1682872 0
1687066 1089536
1687067 0
1690366 12910592
1690367 0
1693066 12910592
1693067 0
1699066 1089536
1699067 0
1701891 12910592
1701892 0
1764711 12910592
1764712 0
1769266 12910592
1769267 0
1774366 1089536
1774367 0
1778866 12910592
1778867 0
1787091 12910592
1787092 0
1801426 12910592
1801427 0
1805266 1089536
1805267 0
1808866 12910592
1808867 0
1812466 1089536
1812467 0
1815166 12910592
1815167 0
1874506 12910592
1874507 0
1878471 12910592
1878472 0
1882066 1089536
1882067 0
1885666 12910592
1885667 0
1889386 1089536
1889387 0
1896286 12910592
1896287 0
1899891 12910592
1899892 0
1903486 1089536
1903487 0
1907566 12910592
1907567 0
2005426 12910592
2005427 0
2009031 12910592
2009032 0
2012626 1089536
2012627 0
2016706 12910592
2016707 0
2020006 1089536
2020007 0
2023606 12910592
2023607 0
2027206 1089536
2027207 0
2030811 12910592
2030812 0
2034886 12910592
2034887 0
2185971 12910592
2185972 0
2190616 12910592
2190617 0
2198266 12910592
2198267 0
2206200 12910592
2206201 0
2217659 12910592
2217660 0
2236323 12910592
2236324 0
2243223 12910592
2243224 0
2245704 12910592
2245705 0
2249866 12910592
2249867 0
2253467 12910592
2253468 0
2258142 12910592
2258143 0
2265744 12910592
2265745 0
2273352 12910592
2273353 0
2280484 12910592
2280485 0
2287666 12910592
2287667 0
2297866 12910592
2297867 0
2442166 12910592
2442167 0
2450005 12910592
2450006 0
2464745 12910592
2464746 0
2470371 12910592
2470372 0
2479634 12910592
2479635 0
2486929 12910592
2486930 0
2492571 12910592
2492572 0
2503666 12910592
2503667 0
2511467 12910592
2511468 0
2515713 12910592
2515714 0
2519438 12910592
2519439 0
2523038 12910592
2523039 0
2530363 12910592
2530364 0
2537928 12910592
2537929 0
2546872 12910592
2546873 0
2554372 12910592
2554373 0
2560551 12910592
2560552 0
2566562 12910592
2566563 0
2790496 12910592
2790497 0
2802466 12910592
2802467 0
2810995 12910592
2810996 0
2815945 12910592
2815946 0
2818071 12910592
2818072 0
2826209 12910592
2826210 0
2834266 12910592
2834267 0
2839551 12910592
2839552 0
2849266 12910592
2849267 0
2855865 12910592
2855866 0
2857067 12910592
2857068 0
2863242 12910592
2863243 0
2869966 12910592
2869967 0
2878152 12910592
2878153 0
2885057 12910592
2885058 0
2890709 12910592
2890710 0
2896366 12910592
2896367 0
2907573 12910592
2907574 0
2914880 12910592
2914881 0
3046971 12910592
3046972 0
3058405 12910592
3058406 0
3069550 12910592
3069551 0
3080834 12910592
3080835 0
3084134 12910592
3084135 0
3091579 12910592
3091580 0
3099024 12910592
3099025 0
3106066 12910592
3106067 0
3112066 12910592
3112067 0
3117171 12910592
3117172 0
3394666 12910592
3394667 0
3405466 12910592
3405467 0
3415800 12910592
3415801 0
3420466 12910592
3420467 0
3431026 12910592
3431027 0
3437271 12910592
3437272 0
3444466 12910592
3444467 0
3453466 12910592
3453467 0
3460665 12910592
3460666 0
3463152 12910592
3463153 0
3472066 12910592
3472067 0
3482866 12910592
3482867 0
3490066 12910592
3490067 0
3499966 12910592
3499967 0
3526671 12910592
3526672 0
3538495 12910592
3538496 0
3547070 12910592
3547071 0
3552231 12910592
3552232 0
3563909 12910592
3563910 0
3569716 12910592
3569717 0
3578823 12910592
3578824 0
3586430 12910592
3586431 0
3606449 12910592
3606450 0
3611952 12910592
3611953 0
3619709 12910592
3619710 0
3629571 12910592
3629572 0
3651766 12910592
3651767 0
3660166 12910592
3660167 0
3674345 12910592
3674346 0
3685186 12910592
3685187 0
3688939 12910592
3688940 0
3703574 12910592
3703575 0
3711699 12910592
3711700 0
3719865 12910592
3719866 0
3725266 12910592
3725267 0
3735466 12910592
3735467 0
3752752 12910592
3752753 0
3764307 12910592
3764308 0
3774471 12910592
3774472 0
3784066 12910592
3784067 0
3792466 12910592
3792467 0
3799708 12910592
3799709 0
3803266 12910592
3803267 0
3810167 12910592
3810168 0
3824266 12910592
3824267 0
3830618 12910592
3830619 0
3835685 12910592
3835686 0
3842866 12910592
3842867 0
3847685 12910592
3847686 0
3863751 12910592
3863752 0
3874846 12910592
3874847 0
3884931 12910592
3884932 0
3889786 12910592
3889787 0
3893866 12910592
3893867 0
3896326 12910592
3896327 0
3947266 12910592
3947267 0
3952537 12910592
3952538 0
3957877 12910592
3957878 0
3961177 12910592
3961178 0
3968171 12910592
3968172 0
3975171 12910592
3975172 0
3993471 12910592
3993472 0
3995266 12910592
3995267 0
4011466 12910592
4011467 0
4013751 12910592
4013752 0
4205742 12910592
4205743 0
4208737 12910592
4208738 0
4211244 12910592
4211245 0
4213752 12910592
4213753 0
4216752 12910592
4216753 0
4220052 12910592
4220053 0
4223052 12910592
4223053 0
4227214 12910592
4227215 0
4231366 12910592
4231367 0
4234366 12910592
4234367 0
4256871 12910592
4256872 0
4258666 12910592
4258667 0
4260466 12910592
4260467 0
4264066 12910592
4264067 0
4267666 12910592
4267667 0
4271866 12910592
4271867 0
4279071 12910592
4279072 0
4281466 12910592
4281467 0
4284466 12910592
4284467 0
4330233 12910592
4330234 0
4331931 12910592
4331932 0
4337468 12910592
4337469 0
4341703 12910592
4341704 0
4344703 12910592
4344704 0
4353166 12910592
4353167 0
4356471 12910592
4356472 0
4447666 12910592
4447667 0
4453966 12910592
4453967 0
4457566 12910592
4457567 0
4461166 12910592
4461167 0
4464766 12910592
4464767 0
4468425 12910592
4468426 0
4472320 12910592
4472321 0
4479466 12910592
4479467 0
4490211 12910592
4490212 0
4530203 12910592
4530204 0
4534066 12910592
4534067 0
4537666 12910592
4537667 0
4541266 12910592
4541267 0
4545087 12910592
4545088 0
4551992 12910592
4551993 0
4557466 12910592
4557467 0
4562266 12910592
4562267 0
339 events for B
20442 906
36841 0
49662 906
54730 0
57610 906
73220 0
79400 906
91109 0
93822 593
109122 0
115759 593
126642 0
131388 906
132282 593
136068 906
145978 0
152158 906
164167 0
166447 906
182357 0
221382 906
222132 1500
228144 0
229472 1500
235472 0
294942 215
306362 0
366042 906
381638 0
387818 906
399607 0
400927 906
416862 0
423695 906
434703 0
437583 906
452791 0
458971 906
470280 0
474480 906
488368 0
494548 906
502662 0
508436 906
523944 0
525444 906
541733 0
644142 906
644922 0
668442 906
684038 0
690218 906
701827 0
706207 906
719615 0
725795 906
737403 0
738903 906
755191 0
761371 906
772980 0
775260 906
790080 0
796948 906
808556 0
810056 906
826344 0
829074 906
844133 0
850313 906
861921 0
910242 1087
912952 0
914142 906
914922 0
978942 906
979722 0
1042083 906
1057591 0
1063771 906
1075002 0
1078980 906
1092762 0
1099648 906
1110956 0
1113536 906
1128444 0
1130844 906
1146233 0
1202477 906
1217297 0
1223866 906
1234874 0
1236374 906
1251762 0
1273242 906
1288838 0
1295018 906
1306627 0
1311007 906
1324415 0
1330595 906
1342203 0
1345362 906
1359991 0
1366171 906
1377780 0
1380060 906
1388562 0
1389942 593
1394572 0
1401448 593
1405292 0
1406982 593
1412872 0
1416582 593
1420532 0
1422342 593
1428823 0
1434132 1500
1440152 0
1441452 1500
1447472 0
1457742 215
1469162 0
1526266 906
1537274 0
1542462 906
1550862 0
1577742 906
1592691 0
1598871 906
1611205 0
1612705 906
1629719 0
1672928 906
1685262 0
1686762 906
1703476 0
1761899 906
1777662 0
1784313 906
1791462 0
1793202 906
1795748 0
1797848 906
1813362 0
1864542 906
1865322 0
1872010 906
1887620 0
1893800 906
1905809 0
1950942 906
1951722 0
2002937 906
2014946 0
2017226 906
2034081 0
2112942 906
2113722 0
2182542 906
2196462 0
2203671 906
2234519 0
2240699 906
2252862 0
2255313 906
2271548 0
2277728 906
2290062 0
2291562 906
2296062 0
2342142 906
2343192 0
2439642 906
2456041 0
2462221 906
2468862 0
2469882 906
2473902 0
2476382 906
2492382 0
2498600 906
2510309 0
2512889 906
2528559 0
2534979 906
2546628 0
2550588 906
2564758 0
2615528 906
2616558 0
2699363 906
2700103 0
2735053 1500
2740232 0
2745732 479
2746972 0
2748452 479
2750562 1500
2756542 0
2762202 479
2764262 0
2786302 906
2801444 0
2808762 906
2818192 0
2823385 906
2839019 0
2845499 906
2857533 0
2860413 906
2876348 0
2882528 906
2894562 0
2897442 906
2913076 0
2919042 1087
2921752 0
2922256 215
2933676 0
2993602 1600
3003787 0
3008742 906
3009642 1500
3016125 0
3017192 1500
3020092 0
3044442 906
3060841 0
3067021 906
3079030 0
3080530 906
3097220 0
3103400 906
3115409 0
3141089 906
3141829 0
3222089 906
3222839 0
3340023 593
3350712 0
3353552 906
3354302 593
3367142 0
3391102 906
3406062 0
3413271 906
3425605 0
3427885 906
3444119 0
3450299 906
3462633 0
3464913 906
3481148 0
3487328 906
3499662 0
3502702 906
3518341 0
3524356 906
3536691 0
3538971 906
3554391 0
3561385 906
3573719 0
3575259 906
3592233 0
3598413 906
3610148 0
3612728 906
3627762 0
3649242 906
3665641 0
3671821 906
3683382 0
3685370 906
3701770 0
3708200 906
3720080 0
3722489 906
3738399 0
3744579 906
3756588 0
3760228 906
3774778 0
3780958 906
3792967 0
3795247 906
3808662 0
3822042 906
3829346 0
3831626 906
3847116 0
3849196 906
3865545 0
3871905 906
3883795 0
3886315 906
3894162 0
3944663 1714
3956073 0
3957613 906
3958353 1714
3973362 0
3990642 1714
3993376 0
3993556 215
4005032 0
4008856 1714
4011891 0
4035062 1500
4041077 0
4055252 1500
4061262 0
4093302 906
4094052 0
4203213 906
4214948 0
4216488 906
4232562 0
4254042 906
4270441 0
4276621 906
4283582 0
4327409 906
4342899 0
4350162 906
4356482 0
4444881 906
4452336 0
4453876 906
4470525 0
4476765 906
4488715 0
4526634 906
4543283 0
4549463 906
4560873 0
5 events for C
2824 2650
2162823 0
2162824 2650
4582023 0
4582024 2650
92 events for D
146 1642
20065 2414
36224 1642
40424 2414
72603 1642
78303 2414
90492 1642
129071 2414
130911 1642
364945 2414
416245 1642
422598 2414
452174 1642
458174 2414
487751 1642
493451 2414
541116 1642
697345 2414
736786 1642
1041286 2414
1085725 1642
1221269 2414
1251145 1642
1272145 2414
1301845 1642
1307910 2414
1309750 1642
1345345 2414
1387945 1642
1574345 2414
1576185 1642
1707359 2414
1777045 1642
1943471 2414
1945311 1642
2160145 0
2160146 1285
2179145 2414
2180985 1285
2512092 2057
2527942 1285
2532382 2057
2548271 2414
2550511 2057
2564141 1285
2783945 2414
2785785 1285
3153071 2414
3154911 1285
3173561 2057
3223929 706
3337885 2057
3369745 706
3388745 2414
3390585 706
3410674 1285
3443502 706
3757871 2414
3759711 706
3809945 2414
3817305 706
3819598 1772
3849139 1285
3864928 706
3869308 1285
3901487 706
3905687 1285
3937866 706
3994659 2414
3996499 706
4023265 1285
4028845 706
4042976 1285
4044956 706
4282645 1285
4306203 706
4310403 1285
4324392 706
4326612 1772
4342282 706
4346902 1772
4362671 2414
4365031 1772
4378661 706
4433645 2414
4443405 706
4475488 1285
4506265 706
4510487 1285
4519945 706
4579345 0
4579346 487
5 events for E
1619 18
2161618 0
2161619 18
4580818 0
4580819 18
38 events for F
20538 1370
348618 0
366138 1370
651018 0
668538 1370
953418 0
970938 1370
1255818 0
1273338 1370
1558218 0
1575738 1370
1817418 0
1834938 1370
2163018 0
2180718 600
2180898 1300
2420778 600
2420978 0
2439918 600
2440098 1300
2767262 700
2767307 0
2785518 600
2785758 1300
3026578 700
3026623 0
3044718 600
3044958 1300
3371918 700
3371963 0
3390138 1300
3631937 0
3649338 1300
3977537 0
3988938 1300
4236737 0
4254138 1300
4582337 0
76 events for G
8240 185
347540 0
348140 185
952340 0
952940 185
1557140 0
1557740 185
2161940 0
2180600 20
2180780 0
2182940 20
2183120 0
2183180 62
2229620 0
2230280 20
2230460 0
2232620 20
2232800 0
2232860 62
2279300 0
2279420 20
2279600 289
2292860 0
2312240 20
2326812 0
2327472 20
2327652 0
2329812 20
2329992 0
2330052 62
2376492 0
2377272 20
2525540 0
2526320 20
2526500 0
2528660 20
2528840 0
2528900 53
2582360 0
2583020 20
2583200 0
2585360 20
2585540 0
2585600 53
2639060 0
2639720 20
2639900 0
2642060 20
2642240 0
2642300 53
2695760 0
2696420 20
2696600 0
2698760 20
2698940 0
2699000 53
2752460 0
2752580 20
2752760 252
2766980 0
3044600 20
3044780 0
3046940 20
3047120 0
3047180 28
3300980 0
3301640 20
3301820 0
3303980 20
3304160 0
3304220 56
3371900 0
3372140 243
3976340 0
3976940 224
4581140 0
5 events for H
1 18
2160000 0
2160001 18
4579200 0
4579201 18
92 events for I
405 1642
20324 2414
36483 1642
40683 2414
72862 1642
78562 2414
90751 1642
129330 2414
131170 1642
365204 2414
416504 1642
422857 2414
452433 1642
458433 2414
488010 1642
493710 2414
541375 1642
697604 2414
737045 1642
1041545 2414
1085984 1642
1221528 2414
1251404 1642
1272404 2414
1302104 1642
1308169 2414
1310009 1642
1345604 2414
1388204 1642
1574604 2414
1576444 1642
1707618 2414
1777304 1642
1943730 2414
1945570 1642
2160404 0
2160405 1285
2179404 2414
2181244 1285
2512351 2057
2528201 1285
2532641 2057
2548530 2414
2550770 2057
2564400 1285
2784204 2414
2786044 1285
3153330 2414
3155170 1285
3173820 2057
3224188 706
3338144 2057
3370004 706
3389004 2414
3390844 706
3410933 1285
3443761 706
3758130 2414
3759970 706
3810204 2414
3817564 706
3819857 1772
3849398 1285
3865187 706
3869567 1285
3901746 706
3905946 1285
3938125 706
3994918 2414
3996758 706
4023524 1285
4029104 706
4043235 1285
4045215 706
4282904 1285
4306462 706
4310662 1285
4324651 706
4326871 1772
4342541 706
4347161 1772
4362930 2414
4365290 1772
4378920 706
4433904 2414
4443664 706
4475747 1285
4506524 706
4510746 1285
4520204 706
4579604 0
4579605 487
588 events for J
26888 117965
26977 328745
27089 117965
27158 125479
27659 7514
28568 125479
29339 7414
29344 7514
30428 125479
31199 7514
32168 125479
32939 7514
34028 125479
34799 7514
35828 125479
36599 7514
37499 0
41667 117965
41757 125479
42498 7514
45327 125479
46098 7514
48927 125479
49698 7514
50118 0
94268 58982
94358 66496
95639 7514
95879 0
96008 58982
96098 66496
97379 7514
97619 0
98168 58982
98258 66496
99539 7514
99779 0
99908 58982
99998 66496
101279 7514
101519 0
102068 58982
102158 66496
103439 7514
103679 0
103808 58982
103898 66496
105179 7514
105419 0
106268 58982
106358 66496
107639 7514
107879 0
108008 58982
108098 66496
109379 7514
109619 0
114548 58982
114638 66496
115919 7514
116159 0
116528 58982
116618 66496
117899 7514
118139 0
118928 58982
119018 66496
120299 7514
120539 0
120908 58982
120998 66496
122279 7514
122519 0
123308 58982
123398 66496
124679 7514
124919 0
125288 58982
125378 66496
126659 7514
126899 0
132728 58982
132818 66496
134099 7514
134219 0
134408 58982
134498 66496
135779 7514
136019 0
372038 125479
372384 0
372428 117965
373139 7514
373448 125479
374219 7414
374224 7514
375308 125479
376079 7514
377048 125479
377819 7514
378908 125479
379679 7514
380708 125479
381479 7514
381839 0
386464 117965
386554 125479
387295 7514
390124 125479
390895 7514
393724 125479
394495 7514
394915 0
395888 117965
395978 125479
396719 7514
397748 125479
398519 7514
399539 0
402153 117965
402243 125479
402984 7514
404013 125479
404784 7514
405813 125479
406584 7514
407613 125479
408384 7514
409413 125479
410184 7514
417804 0
674648 117965
674738 125479
675419 7514
675848 125479
676619 7514
677648 125479
678419 7514
679448 125479
680219 7514
681248 125479
682019 7514
684239 0
688864 117965
688954 125479
689695 7514
690724 125479
691495 7514
692524 125479
693295 7514
694324 125479
695095 7514
697915 0
763178 6744
770339 0
775796 6744
791357 0
795684 6744
806039 0
1279658 6744
1289039 0
1293754 6744
1296144 0
1303388 117965
1303478 125479
1304219 7514
1305248 125479
1306019 7514
1307039 0
1311453 117965
1311543 119538
1312284 1573
1313313 119538
1314084 1573
1315113 119538
1315884 1573
1316913 119538
1317684 1573
1318713 119538
1319484 1573
1324704 0
1329241 117965
1329331 119538
1330072 1573
1331101 119538
1331872 1573
1332901 119538
1333672 1573
1334701 119538
1335472 7514
1336501 119538
1337272 1573
1342492 0
1344929 117965
1345019 125479
1345760 7514
1346180 0
1584128 117965
1584278 125479
1584899 7514
1585328 125479
1586099 7514
1586528 125479
1587299 7514
1587908 125479
1588679 7514
1592939 0
1597517 117965
1597607 125479
1598348 7514
1598777 125479
1599548 7514
1599977 125479
1600748 7514
1601177 125479
1601948 7514
1604768 0
1605788 117965
1605878 124709
1606619 6744
1607048 124709
1607819 6744
1608248 124709
1609019 6744
1609448 124709
1610219 6744
1611239 0
1613931 117965
1614021 124709
1614762 6744
1615191 124709
1615962 6744
1616391 124709
1617162 6744
1617591 124709
1618362 6744
1619391 124709
1620162 6744
1621191 124709
1621962 6744
1622991 124709
1623762 6744
1630182 0
1634545 117965
1634635 124709
1635376 6744
1635805 124709
1636576 6744
1637005 124709
1637776 6744
1638205 124709
1638976 6744
1640005 124709
1640776 6744
1648396 0
1650959 117965
1651049 124709
1651790 7514
1651795 6744
1652219 124709
1652990 6744
1653419 124709
1654190 6744
1654619 124709
1655390 6744
1656419 124709
1657190 6744
1658219 124709
1658990 6744
1667210 0
1671574 117965
1671664 124709
1672405 6744
1672834 124709
1673605 6744
1674034 124709
1674805 6744
1675234 124709
1676005 6744
1676434 124709
1677205 6744
1678834 124709
1679605 6744
1685425 0
1687988 117965
1688078 124709
1688819 6744
1689248 124709
1690019 6744
1690448 124709
1691219 6744
1691639 0
1841228 117965
1841378 119538
1841399 1573
1842428 119538
1843199 1573
1843628 119538
1844399 1573
1845008 119538
1845779 1573
1846208 119538
1846979 1573
1847468 119538
1848239 1573
1848668 119538
1849439 1573
1850639 0
1856067 117965
1856157 119538
1856898 1573
1857327 119538
1858098 1573
1858527 119538
1859298 1573
1859727 119538
1860498 1573
1860927 119538
1861698 1573
1864518 0
2187038 14189
2187719 58982
2187818 7514
2188104 0
2188148 73171
2189519 7514
2194868 66496
2196239 7514
2197139 0
2202317 58982
2202407 66496
2203748 7514
2205977 66496
2207348 7514
2207777 66496
2209148 7514
2209568 0
2210288 58982
2210378 66496
2211719 7514
2212104 0
2212148 58982
2213519 7514
2216639 0
2218731 58982
2218821 66496
2220162 7514
2220547 0
2220591 58982
2221962 7514
2225382 0
2225665 58982
2225755 66496
2227096 7514
2227481 0
2227525 58982
2228896 7514
2235196 0
2239345 58982
2239435 66496
2240776 7514
2245096 0
2245388 58982
2245478 66496
2246819 7514
2251139 0
2447078 7514
2456699 0
2460957 7514
2464098 0
2464478 7514
2469539 0
2577578 7514
2584019 0
2586182 179338
2586284 0
2587873 7514
2602224 0
2606473 7514
2620414 0
2791088 19661
2791178 27175
2791859 7514
2792528 27175
2793299 7514
2793548 27175
2794319 7514
2794988 27175
2795759 7514
2796008 27175
2796779 7514
2797448 27175
2798219 7514
2798468 27175
2799239 7514
2799908 27175
2800679 7514
2800928 27175
2801699 7514
2801939 0
2807228 19661
2807318 27175
2807879 7514
2808008 27175
2808659 7514
2809208 27175
2809799 7514
2809988 27175
2810639 7514
2811188 27175
2811839 7514
2811968 27175
2812619 7514
2813168 27175
2813819 7514
2813948 27175
2814599 7514
2815148 27175
2815799 7514
2815928 27175
2816579 7514
2817128 27175
2817779 7514
2817908 27175
2818559 7514
2818679 0
3050378 7514
3052448 66496
3053819 7514
3057008 66496
3058379 7514
3061499 0
3065667 58982
3065757 66496
3067038 7514
3070287 66496
3071658 7514
3071898 0
3072188 58982
3072278 66496
3073559 7514
3076808 66496
3078179 7514
3079679 0
3081756 58982
3081846 66496
3083127 7514
3086376 66496
3087747 7514
3091707 0
3091988 58982
3092078 66496
3093359 7514
3096308 66496
3097679 7514
3097859 0
3102046 58982
3102136 66496
3103417 7514
3104806 66496
3106177 7514
3106717 0
3106988 58982
3107078 66496
3108359 7514
3113348 66496
3114719 7514
3116039 0
3118135 117965
3118225 124709
3119086 6744
3119995 124709
3120886 6744
3121795 124709
3122686 6744
3123595 124709
3124486 6744
3125395 124709
3126286 6744
3127195 124709
3128086 6744
3128995 124709
3129886 6744
3134266 0
3138425 117965
3138515 124709
3139376 6744
3140285 124709
3141176 6744
3142085 124709
3142976 6744
3143885 124709
3144776 6744
3145685 124709
3146576 6744
3147485 124709
3148376 6744
3149285 124709
3150176 6744
3151085 124709
3151976 6744
3152456 0
3156614 117965
3156704 124709
3157565 6744
3158474 124709
3159365 6744
3160265 0
3175139 169032
3176459 45609
3177784 0
3354089 7514
3361250 0
3654908 117965
3654998 124709
3655799 6744
3655928 124709
3656634 6744
3656639 0
3657488 58982
3657578 66496
3658859 7514
3666299 0
3670467 58982
3670557 7514
3679098 0
3679388 117965
3679478 124709
3680339 6744
3684059 0
3686556 117965
3686646 124709
3687507 6744
3697407 0
3706846 117965
3706936 124709
3707797 6744
3717697 0
3998202 117965
3998292 124709
3999153 6744
4000062 124709
4000953 6744
4001862 124709
4002753 6744
4003662 124709
4004553 6744
4005462 124709
4006353 6744
4007262 124709
4008153 6744
4009053 0
4016717 117965
4016807 124709
4017668 6744
4018577 124709
4019468 6744
4020377 124709
4021268 6744
4022177 124709
4023068 6744
4023968 0
4201949 7514
4215590 0
4217764 7514
4233205 0
4521488 58982
4521578 66496
4522859 6744
4523348 66496
4524719 6744
4525139 0
4527820 58982
4527910 66496
4529191 6744
4529680 66496
4531051 6744
4531480 66496
4532851 6744
4542271 0
4548109 58982
4548199 66496
4549480 6744
4549969 66496
4551340 6744
4551769 66496
4553140 6744
4558960 0
132 events for K
41510 873
70310 0
262913 3276
277913 0
546402 3481
547602 0
549402 3481
567402 0
688707 873
717507 0
780377 3276
795377 0
795437 873
824237 0
1011624 3276
1026624 0
1026684 873
1055484 0
1082777 3276
1097777 0
1097837 873
1126637 0
1171718 3276
1186718 0
1186778 873
1215578 0
1278447 3276
1293447 0
1293507 873
1322307 0
1349600 3276
1364600 0
1364660 873
1393460 0
1438542 3276
1453542 0
1453602 873
1482402 0
1509695 3276
1524695 0
1524755 873
1553555 0
1693385 3276
1708385 0
1708445 873
1737245 0
1855910 873
1884710 0
1928668 873
1957468 0
2077313 3276
2092313 0
2092373 873
2121173 0
2178931 4096
2187131 0
2276217 4096
2284417 0
2350274 4096
2358474 0
2438131 4096
2446331 0
2460710 665
2489870 0
2533468 4096
2541668 0
2606226 4096
2614426 0
2697173 4096
2705373 0
2783731 4096
2791931 0
2881017 4096
2889217 0
2955074 4096
2963274 0
3042931 4096
3051131 0
3065510 665
3094670 0
3138268 4096
3146468 0
3211026 4096
3219226 0
3301973 4096
3310173 0
3388531 1365
3388711 0
3390511 1365
3391051 3481
3410251 1365
3410971 3481
3430171 1365
3430891 3481
3449817 0
3485817 873
3514617 0
3559874 873
3588674 0
3647731 873
3676531 0
3743068 3481
3757468 0
3757483 2252
3761083 0
3761098 2252
3764698 0
3764713 2252
3768313 0
3768328 2252
3771928 0
3805471 3276
3820471 0
3906773 873
3935573 0
3987331 1365
3987511 0
3989311 1365
3989851 3481
4009051 0
4090617 873
4119417 0
4164674 873
4193474 0
4252531 1365
4253251 3481
4272451 0
4332808 3276
4347808 0
4582831 1979
4584031 0
4585831 1979
329 events for L
1012 240
3123 444
21133 1471
37334 444
42733 1471
65534 444
78733 548
109334 444
114733 548
129144 2738
145334 2635
157933 3662
179534 2635
186733 2738
201144 548
235334 444
244333 548
247906 1830
262944 1768
263244 1830
271334 1727
280333 1830
307334 1727
325333 2754
346334 1727
366733 1830
381134 1727
388333 1830
415334 1727
422533 1830
451334 1727
458533 1830
485506 548
487334 444
494533 548
541334 444
546733 1471
568333 548
575534 444
582733 548
613334 444
618733 548
647544 2738
648734 2635
667333 2738
683534 2635
697933 3662
719534 2635
719544 444
724933 1471
739333 548
753734 444
760933 1471
789734 444
796933 548
843734 444
849133 548
877934 444
885133 548
915734 444
921133 548
942755 494
951134 391
957144 2581
969733 3608
985934 2581
991333 3608
992375 3662
1020134 2635
1027333 3662
1029144 1471
1055534 444
1063333 1471
1072344 3662
1092134 2635
1101133 3662
1126344 1471
1126644 1409
1126944 1471
1131084 3662
1131137 3912
1146134 2885
1146804 695
1151555 444
1153333 548
1180334 444
1187533 548
1216334 444
1223533 548
1234306 1830
1252934 1727
1272133 1830
1286534 1727
1293733 1830
1322534 1727
1329733 2754
1358534 1727
1365733 2754
1394534 1727
1401733 2754
1446734 1727
1455733 1830
1482734 1727
1491733 1830
1518734 1727
1518744 3917
1527733 4021
1538533 4944
1540344 2754
1554434 1727
1576333 2754
1590734 1727
1597933 2754
1626734 1727
1633933 1830
1666334 1727
1673533 1830
1702334 1727
1709533 1830
1738334 1727
1745533 2754
1776134 1727
1783333 2754
1815134 1727
1817844 1664
1818144 1727
1821144 3917
1833733 4944
1851734 3917
1857133 4944
1884134 3917
1885944 1727
1894933 2754
1907506 1471
1923734 444
1930933 1471
1959734 444
1966933 1471
1995734 444
2002933 1471
2004744 3662
2047934 2635
2056933 2738
2059535 2685
2085734 2581
2096533 3608
2108735 3662
2109144 1471
2121734 444
2128933 548
2160734 444
2161011 0
2161012 444
2163144 382
2163444 444
2179333 548
2197334 444
2202733 1471
2209944 3662
2209966 4944
2231534 3917
2242333 4944
2245944 2754
2253166 1471
2262133 548
2271134 444
2278333 548
2292515 798
2307134 695
2314333 798
2335955 548
2343134 444
2353933 1471
2382734 444
2389933 1471
2419634 444
2440333 1471
2454734 444
2461933 1471
2490734 444
2497933 1471
2508744 1409
2509044 1471
2526734 444
2535733 548
2559144 2738
2564534 2635
2571733 2738
2595144 548
2600534 444
2605933 548
2618534 444
2627533 548
2654534 444
2663533 548
2681544 485
2681844 2738
2690534 2635
2699533 3662
2706766 4944
2728334 3917
2735533 4944
2749911 5195
2765234 4168
2784133 5195
2793155 4944
2793166 3662
2796744 1471
2802134 444
2807533 1471
2818333 548
2838134 444
2847133 548
2857944 485
2858244 548
2875934 444
2883133 1471
2911934 444
2922733 548
2947934 444
2955133 548
2987534 444
2994733 548
3024734 444
3027144 382
3027444 444
3045133 548
3059534 444
3066733 548
3066744 2738
3095534 2635
3102733 3662
3131534 2635
3138733 2738
3145944 548
3145955 798
3169334 695
3178333 798
3199944 736
3199955 485
3200244 548
3205334 444
3210733 548
3223334 444
3232333 548
3259334 444
3268333 548
3295334 444
3304333 1471
3333134 444
3340333 548
3370334 444
3390733 548
3406934 444
3412333 548
3444734 444
3451933 548
3480734 444
3487933 548
3516734 444
3525733 548
3545844 485
3546144 548
3552734 444
3561733 548
3590534 444
3599533 548
3629534 444
3649933 548
3665534 444
3671533 548
3700334 444
3707533 548
3736334 444
3743533 548
3774734 444
3779533 548
3808334 444
3822733 548
3864134 444
3873133 548
3891144 2738
3900134 2635
3909133 2738
3910944 548
3937934 444
3945133 548
3975134 444
3977523 240
3988333 344
3991944 2534
4009934 2431
4009944 240
4017133 344
4047734 240
4056733 344
4085534 240
4092733 344
4121534 240
4132333 344
4157534 240
4166533 344
4195334 240
4202533 344
4234334 240
4254733 344
4269134 240
4276333 344
4305134 240
4312333 344
4341134 240
4351933 344
4378934 240
4384333 344
4414934 240
4420333 344
4468934 240
4477933 344
4496244 281
4496544 344
4506734 240
4513933 344
4542734 240
4549933 344
4579934 240
4580211 0
4580212 240
4583244 178
4583544 240
5 events for M
1861 2650
2161860 0
2161861 2650
4581060 0
4581061 2650
5 events for N
1301 18
2161300 0
2161301 18
4580500 0
4580501 18
