14 instruments
A 10 100 431759.25152321503 367151977.05994737
B 10 100 2338 640000000
C 10 100 128045.25187067324 495183416.02819836
D 10 100 20412.132877845776 869835207.86274612
E 10 100 2022727.6804039259 699754440.78838515
F 10 100 141644.34804627756 547774564.8662138
G 10 100 2312500 800000000
H 10 100 352362.70723718189 299636114.68177354
I 10 100 154000 595557000
J 10 100 37632 50328700
K 10 100 2419.0747377101388 662193255.831689
L 10 100 6553.6061313363007 2560002395.0532427
M 10 100 1801610371.8348846 4747451505.5334387
N 10 100 0.00018113117344584602 933503441.77673233
100 downlinks
0 230 26089 8910.3347130000002
1 69275 89272 9263.3037550000008
2 92381 98613 8194.1372179999998
3 110326 122989 8812.3468479999992
4 141822 143653 28513.272391999999
5 170497 174658 29797.943813000002
6 178689 213521 9287.2106050000002
7 213522 224274 9493.8769009999996
8 227678 263758 29841.66733
9 264997 269675 9031.5484039999992
10 328475 340105 27058.173078
11 342214 345771 27764.822221999999
12 349714 366316 8866.3210920000001
13 378201 390361 30200.423556999998
14 393473 398317 9259.4321029999992
15 402509 426580 9457.3783449999992
16 428309 432137 29542.407908000001
17 437615 452458 8564.5545529999999
18 461609 484278 9335.3412189999999
19 486805 515531 27874.981927000001
20 523925 566080 30587.746092000001
21 566081 610233 9231.3874039999992
22 610234 626452 8609.2624169999999
23 627801 644033 8689.6108280000008
24 652386 654433 26609.79682
25 674075 693680 8915.2263710000007
26 696545 726495 9094.9622560000007
27 726496 744210 8333.9255690000009
28 744792 751133 27500.430241999999
29 765210 781563 8601.7316499999997
30 782856 817769 9100.8958739999998
31 831487 844776 9427.4328960000003
32 847747 858159 27243.904355999999
33 860587 882307 8431.3051790000009
34 911303 913625 27636.251289
35 933275 952563 8831.2619180000002
36 953671 970270 8966.6639699999996
37 977882 983633 54396.705881000002
38 987425 1001453 58970.262822999997
39 1004038 1033077 57826.355975999999
40 1033078 1043822 17374.699861000001
41 1059178 1085969 57611.601310999999
42 1086178 1118258 59023.283414999998
43 1119000 1124750 55193.106121999997
44 1128106 1170223 25530.421285
45 1170224 1214419 29269.697155999998
46 1214420 1218510 16830.732371999999
47 1231668 1246335 28226.256141999998
48 1248665 1251216 60093.408818999997
49 1291663 1321362 58272.632834999997
50 1321363 1328637 61499.660580999996
51 1342840 1364137 28538.149495000001
52 1377685 1383507 18090.695755000001
53 1387050 1402262 23661.293665000001
54 1404159 1432113 28757.617953000001
55 1432114 1474410 56137.919716999997
56 1475554 1492448 23437.772314999998
57 1507654 1520294 55980.942202999999
58 1533509 1547361 60635.164006999999
59 1550249 1581176 23619.145155999999
60 1601769 1610035 53049.165158000003
61 1612644 1635803 23042.764167000001
62 1635804 1640256 53421.323553000002
63 1643692 1648372 23396.302264000002
64 1651944 1664848 22759.633384000001
65 1688080 1692679 53785.922146999997
66 1703839 1720293 23595.771228000001
67 1722600 1729257 17076.713232999999
68 1732315 1767438 24932.393585000002
69 1767439 1777662 29494.590024000001
70 1780694 1786566 55821.075068999999
71 1789934 1807223 22968.383259999999
72 1808294 1812475 57490.653299999998
73 1830667 1835727 25500.801521000001
74 1877675 1901061 24904.219582000002
75 1904951 1909019 26817.789122999999
76 1921329 1951392 30236.225505999999
77 1954623 1975014 64968.303881
78 1981285 1987614 18980.648960999999
79 1991269 2032235 26276.326033000001
80 2033328 2075612 30209.873796
81 2077589 2081851 26595.764298999999
82 2112418 2119398 25812.000550000001
83 2138813 2150072 26242.243616
84 2153573 2157292 60521.572561000001
85 2165213 2182006 25759.527445
86 2196713 2208971 62910.21802
87 2212368 2246154 62402.514213000002
88 2250231 2262896 26087.487331
89 2278908 2296389 30312.554313000001
90 2303803 2315435 61079.659066
91 2326303 2338193 18673.221132999999
92 2341063 2343968 64240.288658999998
93 2348705 2358281 31143.729536999999
94 2362745 2373172 31955.262932000001
95 2378585 2417619 32548.652656999999
96 2422874 2433113 26591.031461999999
97 2438797 2448637 31032.775088999999
98 2482475 2503414 26518.557602000001
99 2509196 2513748 27135.491309000001
0 opportunities for A
0 opportunities for B
0 opportunities for C
0 opportunities for D
0 opportunities for E
0 opportunities for F
0 opportunities for G
0 opportunities for H
0 opportunities for I
0 opportunities for J
0 opportunities for K
0 opportunities for L
0 opportunities for M
0 opportunities for N
61 events for A
51775 0
52015 305
656215 0
656815 305
1261015 0
1261615 330
1865815 0
1880695 20
1880875 0
1883035 20
1883215 0
1883275 126
1909195 0
1909855 20
1910035 0
1912195 20
1912375 0
1912435 218
1927495 0
1928155 20
1928335 0
1930495 20
1930675 0
1930735 32
2068255 28
2068555 0
2069215 20
2069395 0
2071555 20
2071735 0
2071795 201
2098735 28
2099035 0
2099095 20
2099275 203
2125315 0
2137675 20
2137855 0
2140015 20
2140195 0
2140255 36
2159335 0
2159995 20
2160175 0
2162335 20
2162515 0
2162575 36
2181655 0
2182315 20
2182495 0
2184655 20
2184835 0
2184895 36
2214115 0
2410075 20
2410255 0
2412415 20
2412595 0
2412655 12
2470915 0
2471215 330
92 events for B
114575 3754
115295 0
117095 3754
120695 0
143375 3754
144095 0
145895 3754
149495 0
185675 3754
186395 0
188195 3754
191795 0
260375 3754
261095 0
262895 3754
266495 0
346775 1365
346955 0
348755 1365
349295 1979
363695 1365
363875 1979
378275 1365
378995 1979
393395 1365
393575 1979
407975 1365
408695 1979
423095 1365
423275 1979
437675 0
483575 665
515975 0
845615 3276
860615 0
875075 3754
875795 0
877595 3754
881195 0
893075 3754
893795 0
895595 3754
899195 0
963275 3754
963995 0
965795 3754
969395 0
984875 1365
985055 0
986855 1365
987395 2935
1001795 1365
1001975 2935
1016375 1365
1017095 2935
1031495 1365
1031675 2935
1046075 1365
1046795 2935
1061195 1365
1061375 2935
1075775 0
1432758 3276
1447758 0
1558254 665
1558255 0
1631012 665
1631013 0
1704910 3276
1719910 0
1875575 1979
1876775 0
1878575 1979
1882175 1365
1882895 1979
1897295 1365
1897475 1979
1926275 1365
1926995 1979
1941395 1365
1941575 1979
1975175 1365
1975895 1979
1990295 1365
1990475 1979
2009675 0
2051546 4096
2059746 0
2344001 665
2373161 0
2509089 665
2538609 0
2 events for C
1866118 0
1866119 74
28 events for D
441421 67463256
441426 0
1046221 47210957
1046226 0
1887176 4214960
1887180 0
1887606 4214960
1887610 0
1888346 4214960
1888350 0
1888776 4214960
1888780 0
2254743 4214960
2254747 0
2255173 4214960
2255177 0
2255913 4214960
2255917 0
2256343 4214960
2256347 0
2491976 4214960
2491980 0
2492406 4214960
2492410 0
2493146 4214960
2493150 0
2493576 4214960
2493580 0
20 events for E
51349 700
51394 0
69509 600
69689 1300
309769 700
309814 0
328709 600
328829 1300
656329 700
656374 0
674129 1300
915928 0
933329 1300
1261528 0
1272929 1950
1520728 0
1532129 1950
1866328 0
1866330 1944
2482529 1300
2 events for F
1866995 0
1866996 74
20 events for G
48895 700
48940 0
67055 600
67235 1300
307315 700
307360 0
326255 600
326375 1300
653875 700
653920 0
671675 1300
913474 0
930875 1300
1259074 0
1270475 1950
1518274 0
1529675 1950
1863874 0
1863876 1944
2480075 1300
61 events for H
50357 0
50597 305
654797 0
655397 305
1259597 0
1260197 330
1864397 0
1879277 20
1879457 0
1881617 20
1881797 0
1881857 126
1907777 0
1908437 20
1908617 0
1910777 20
1910957 0
1911017 218
1926077 0
1926737 20
1926917 0
1929077 20
1929257 0
1929317 32
2066837 28
2067137 0
2067797 20
2067977 0
2070137 20
2070317 0
2070377 201
2097317 28
2097617 0
2097677 20
2097857 203
2123897 0
2136257 20
2136437 0
2138597 20
2138777 0
2138837 36
2157917 0
2158577 20
2158757 0
2160917 20
2161097 0
2161157 36
2180237 0
2180897 20
2181077 0
2183237 20
2183417 0
2183477 36
2212697 0
2408657 20
2408837 0
2410997 20
2411177 0
2411237 12
2469497 0
2469797 330
2 events for I
1863875 0
1863876 74
2 events for J
1863875 0
1863876 18
92 events for K
117370 3754
118090 0
119890 3754
123490 0
146170 3754
146890 0
148690 3754
152290 0
188470 3754
189190 0
190990 3754
194590 0
263170 3754
263890 0
265690 3754
269290 0
349570 1365
349750 0
351550 1365
352090 1979
366490 1365
366670 1979
381070 1365
381790 1979
396190 1365
396370 1979
410770 1365
411490 1979
425890 1365
426070 1979
440470 0
486370 665
518770 0
848410 3276
863410 0
877870 3754
878590 0
880390 3754
883990 0
895870 3754
896590 0
898390 3754
901990 0
966070 3754
966790 0
968590 3754
972190 0
987670 1365
987850 0
989650 1365
990190 2935
1004590 1365
1004770 2935
1019170 1365
1019890 2935
1034290 1365
1034470 2935
1048870 1365
1049590 2935
1063990 1365
1064170 2935
1078570 0
1435553 3276
1450553 0
1561049 665
1561050 0
1633807 665
1633808 0
1707705 3276
1722705 0
1878370 1979
1879570 0
1881370 1979
1884970 1365
1885690 1979
1900090 1365
1900270 1979
1929070 1365
1929790 1979
1944190 1365
1944370 1979
1977970 1365
1978690 1979
1993090 1365
1993270 1979
2012470 0
2054341 4096
2062541 0
2346796 665
2375956 0
2511884 665
2541404 0
1079 events for L
16191 12910592
16192 0
16451 12910592
16452 0
17031 12910592
17032 0
17291 12910592
17292 0
33781 12910592
33782 0
34041 12910592
34042 0
34621 12910592
34622 0
34881 12910592
34882 0
51070 12910592
51071 0
51330 12910592
51331 0
51910 12910592
51911 0
52170 12910592
52171 0
69970 12910592
69971 0
70200 12910592
70201 0
70740 12910592
70741 0
70970 12910592
70971 0
89599 12910592
89600 0
89859 12910592
89860 0
90439 12910592
90440 0
90699 12910592
90700 0
108113 12910592
108114 0
108373 12910592
108374 0
108953 12910592
108954 0
109213 12910592
109214 0
126627 12910592
126628 0
126887 12910592
126888 0
127467 12910592
127468 0
127727 12910592
127728 0
145141 12910592
145142 0
145401 12910592
145402 0
145981 12910592
145982 0
146241 12910592
146242 0
163656 12910592
163657 0
163916 12910592
163917 0
164496 12910592
164497 0
164756 12910592
164757 0
182170 12910592
182171 0
182430 12910592
182431 0
183010 12910592
183011 0
183270 12910592
183271 0
200684 12910592
200685 0
200944 12910592
200945 0
201524 12910592
201525 0
201784 12910592
201785 0
219199 12910592
219200 0
219459 12910592
219460 0
220039 12910592
220040 0
220299 12910592
220300 0
237713 12910592
237714 0
237973 12910592
237974 0
238553 12910592
238554 0
238813 12910592
238814 0
256227 12910592
256228 0
256487 12910592
256488 0
257067 12910592
257068 0
257327 12910592
257328 0
274741 12910592
274742 0
275001 12910592
275002 0
275581 12910592
275582 0
275841 12910592
275842 0
292656 12910592
292657 0
292916 12910592
292917 0
293496 12910592
293497 0
293756 12910592
293757 0
310270 12910592
310271 0
310530 12910592
310531 0
311110 12910592
311111 0
311370 12910592
311371 0
329170 12910592
329171 0
329430 12910592
329431 0
330010 12910592
330011 0
330270 12910592
330271 0
348149 12910592
348150 0
348409 12910592
348410 0
348989 12910592
348990 0
349249 12910592
349250 0
366338 12910592
366339 0
366598 12910592
366599 0
367178 12910592
367179 0
367438 12910592
367439 0
384528 12910592
384529 0
384788 12910592
384789 0
385368 12910592
385369 0
385628 12910592
385629 0
402717 12910592
402718 0
402977 12910592
402978 0
403557 12910592
403558 0
403817 12910592
403818 0
420907 12910592
420908 0
421167 12910592
421168 0
421747 12910592
421748 0
422007 12910592
422008 0
439096 12910592
439097 0
439326 12910592
439327 0
439866 12910592
439867 0
440096 12910592
440097 0
526270 12910592
526271 0
526530 12910592
526531 0
527110 12910592
527111 0
527370 12910592
527371 0
548233 12910592
548234 0
548493 12910592
548494 0
549073 12910592
549074 0
549333 12910592
549334 0
566423 12910592
566424 0
566683 12910592
566684 0
567263 12910592
567264 0
567523 12910592
567524 0
584612 12910592
584613 0
584872 12910592
584873 0
585452 12910592
585453 0
585712 12910592
585713 0
602802 12910592
602803 0
603062 12910592
603063 0
603642 12910592
603643 0
603902 12910592
603903 0
620991 12910592
620992 0
621251 12910592
621252 0
621831 12910592
621832 0
622091 12910592
622092 0
638581 12910592
638582 0
638841 12910592
638842 0
639421 12910592
639422 0
639681 12910592
639682 0
655870 12910592
655871 0
656130 12910592
656131 0
656710 12910592
656711 0
656970 12910592
656971 0
674770 12910592
674771 0
675000 12910592
675001 0
675540 12910592
675541 0
675770 12910592
675771 0
694399 12910592
694400 0
694659 12910592
694660 0
695239 12910592
695240 0
695499 12910592
695500 0
712913 12910592
712914 0
713173 12910592
713174 0
713753 12910592
713754 0
714013 12910592
714014 0
731427 12910592
731428 0
731687 12910592
731688 0
732267 12910592
732268 0
732527 12910592
732528 0
749941 12910592
749942 0
750201 12910592
750202 0
750781 12910592
750782 0
751041 12910592
751042 0
768456 12910592
768457 0
768716 12910592
768717 0
769296 12910592
769297 0
769556 12910592
769557 0
786970 12910592
786971 0
787230 12910592
787231 0
787810 12910592
787811 0
788070 12910592
788071 0
805484 12910592
805485 0
805744 12910592
805745 0
806324 12910592
806325 0
806584 12910592
806585 0
823999 12910592
824000 0
824259 12910592
824260 0
824839 12910592
824840 0
825099 12910592
825100 0
842513 12910592
842514 0
842773 12910592
842774 0
843353 12910592
843354 0
843613 12910592
843614 0
861027 12910592
861028 0
861287 12910592
861288 0
861867 12910592
861868 0
862127 12910592
862128 0
879541 12910592
879542 0
879801 12910592
879802 0
880381 12910592
880382 0
880641 12910592
880642 0
897456 12910592
897457 0
897716 12910592
897717 0
898296 12910592
898297 0
898556 12910592
898557 0
915070 12910592
915071 0
915330 12910592
915331 0
915910 12910592
915911 0
916170 12910592
916171 0
933970 12910592
933971 0
934230 12910592
934231 0
934810 12910592
934811 0
935070 12910592
935071 0
952949 12910592
952950 0
953209 12910592
953210 0
953789 12910592
953790 0
954049 12910592
954050 0
971138 12910592
971139 0
971398 12910592
971399 0
971978 12910592
971979 0
972238 12910592
972239 0
989328 12910592
989329 0
989588 12910592
989589 0
990168 12910592
990169 0
990428 12910592
990429 0
1007517 12910592
1007518 0
1007777 12910592
1007778 0
1008357 12910592
1008358 0
1008617 12910592
1008618 0
1025707 12910592
1025708 0
1025967 12910592
1025968 0
1026547 12910592
1026548 0
1026807 12910592
1026808 0
1043896 12910592
1043897 0
1044126 12910592
1044127 0
1044666 12910592
1044667 0
1044896 12910592
1044897 0
1062086 12910592
1062087 0
1062346 12910592
1062347 0
1062926 12910592
1062927 0
1063186 12910592
1063187 0
1080275 12910592
1080276 0
1080535 12910592
1080536 0
1081115 12910592
1081116 0
1081375 12910592
1081376 0
1098465 12910592
1098466 0
1098725 12910592
1098726 0
1099305 12910592
1099306 0
1099565 12910592
1099566 0
1116654 12910592
1116655 0
1116914 12910592
1116915 0
1117494 12910592
1117495 0
1117754 12910592
1117755 0
1134844 12910592
1134845 0
1135104 12910592
1135105 0
1135684 12910592
1135685 0
1135944 12910592
1135945 0
1153033 12910592
1153034 0
1153293 12910592
1153294 0
1153873 12910592
1153874 0
1154133 12910592
1154134 0
1171223 12910592
1171224 0
1171483 12910592
1171484 0
1172063 12910592
1172064 0
1172323 12910592
1172324 0
1189412 12910592
1189413 0
1189672 12910592
1189673 0
1190252 12910592
1190253 0
1190512 12910592
1190513 0
1207602 12910592
1207603 0
1207862 12910592
1207863 0
1208442 12910592
1208443 0
1208702 12910592
1208703 0
1225791 12910592
1225792 0
1226051 12910592
1226052 0
1226631 12910592
1226632 0
1226891 12910592
1226892 0
1243381 12910592
1243382 0
1243641 12910592
1243642 0
1244221 12910592
1244222 0
1244481 12910592
1244482 0
1260670 12910592
1260671 0
1260930 12910592
1260931 0
1261510 12910592
1261511 0
1261770 12910592
1261771 0
1280684 12910592
1280685 0
1280914 12910592
1280915 0
1281454 12910592
1281455 0
1281684 12910592
1281685 0
1299199 12910592
1299200 0
1299459 12910592
1299460 0
1300039 12910592
1300040 0
1300299 12910592
1300300 0
1317713 12910592
1317714 0
1317973 12910592
1317974 0
1318553 12910592
1318554 0
1318813 12910592
1318814 0
1336227 12910592
1336228 0
1336487 12910592
1336488 0
1337067 12910592
1337068 0
1337327 12910592
1337328 0
1354741 12910592
1354742 0
1355001 12910592
1355002 0
1355581 12910592
1355582 0
1355841 12910592
1355842 0
1373256 12910592
1373257 0
1373516 12910592
1373517 0
1374096 12910592
1374097 0
1374356 12910592
1374357 0
1391770 12910592
1391771 0
1392030 12910592
1392031 0
1392610 12910592
1392611 0
1392870 12910592
1392871 0
1410284 12910592
1410285 0
1410544 12910592
1410545 0
1411124 12910592
1411125 0
1411384 12910592
1411385 0
1428799 12910592
1428800 0
1429059 12910592
1429060 0
1429639 12910592
1429640 0
1429899 12910592
1429900 0
1447313 12910592
1447314 0
1447573 12910592
1447574 0
1448153 12910592
1448154 0
1448413 12910592
1448414 0
1465827 12910592
1465828 0
1466087 12910592
1466088 0
1466667 12910592
1466668 0
1466927 12910592
1466928 0
1484341 12910592
1484342 0
1484601 12910592
1484602 0
1485181 12910592
1485182 0
1485441 12910592
1485442 0
1502256 12910592
1502257 0
1502516 12910592
1502517 0
1503096 12910592
1503097 0
1503356 12910592
1503357 0
1519870 12910592
1519871 0
1520130 12910592
1520131 0
1520710 12910592
1520711 0
1520970 12910592
1520971 0
1539559 12910592
1539560 0
1539819 12910592
1539820 0
1540399 12910592
1540400 0
1540659 12910592
1540660 0
1557749 12910592
1557750 0
1558009 12910592
1558010 0
1558589 12910592
1558590 0
1558849 12910592
1558850 0
1575938 12910592
1575939 0
1576198 12910592
1576199 0
1576778 12910592
1576779 0
1577038 12910592
1577039 0
1594128 12910592
1594129 0
1594388 12910592
1594389 0
1594968 12910592
1594969 0
1595228 12910592
1595229 0
1612317 12910592
1612318 0
1612577 12910592
1612578 0
1613157 12910592
1613158 0
1613417 12910592
1613418 0
1630507 12910592
1630508 0
1630767 12910592
1630768 0
1631347 12910592
1631348 0
1631607 12910592
1631608 0
1648696 12910592
1648697 0
1648926 12910592
1648927 0
1649466 12910592
1649467 0
1649696 12910592
1649697 0
1666886 12910592
1666887 0
1667146 12910592
1667147 0
1667726 12910592
1667727 0
1667986 12910592
1667987 0
1685075 12910592
1685076 0
1685335 12910592
1685336 0
1685915 12910592
1685916 0
1686175 12910592
1686176 0
1703265 12910592
1703266 0
1703525 12910592
1703526 0
1704105 12910592
1704106 0
1704365 12910592
1704366 0
1721454 12910592
1721455 0
1721714 12910592
1721715 0
1722294 12910592
1722295 0
1722554 12910592
1722555 0
1739644 12910592
1739645 0
1739904 12910592
1739905 0
1740484 12910592
1740485 0
1740744 12910592
1740745 0
1757833 12910592
1757834 0
1758093 12910592
1758094 0
1758673 12910592
1758674 0
1758933 12910592
1758934 0
1776023 12910592
1776024 0
1776283 12910592
1776284 0
1776863 12910592
1776864 0
1777123 12910592
1777124 0
1794212 12910592
1794213 0
1794472 12910592
1794473 0
1795052 12910592
1795053 0
1795312 12910592
1795313 0
1812402 12910592
1812403 0
1812662 12910592
1812663 0
1813242 12910592
1813243 0
1813502 12910592
1813503 0
1830591 12910592
1830592 0
1830851 12910592
1830852 0
1831431 12910592
1831432 0
1831691 12910592
1831692 0
1848181 12910592
1848182 0
1848441 12910592
1848442 0
1849021 12910592
1849022 0
1849281 12910592
1849282 0
1865470 12910592
1865471 0
1865730 12910592
1865731 0
1866310 12910592
1866311 0
1866570 12910592
1866571 0
1885318 215177
1885378 0
1885548 215177
1885608 0
1886088 215177
1886148 0
1886318 215177
1886378 0
1903725 215177
1903785 0
1903985 215177
1904045 0
1904565 215177
1904625 0
1904825 215177
1904885 0
1922132 215177
1922192 0
1922392 215177
1922452 0
1922972 215177
1923032 0
1923232 215177
1923292 0
1940540 215177
1940600 0
1940800 215177
1940860 0
1941380 215177
1941440 0
1941640 215177
1941700 0
1958947 215177
1959007 0
1959207 215177
1959267 0
1959787 215177
1959847 0
1960047 215177
1960107 0
1977354 215177
1977414 0
1977614 215177
1977674 0
1978194 215177
1978254 0
1978454 215177
1978514 0
1995761 215177
1995821 0
1996021 215177
1996081 0
1996601 215177
1996661 0
1996861 215177
1996921 0
2014168 215177
2014228 0
2014428 215177
2014488 0
2015008 215177
2015068 0
2015268 215177
2015328 0
2032575 215177
2032635 0
2032835 215177
2032895 0
2033415 215177
2033475 0
2033675 215177
2033735 0
2050982 215177
2051042 0
2051242 215177
2051302 0
2051822 215177
2051882 0
2052082 215177
2052142 0
2069390 215177
2069450 0
2069650 215177
2069710 0
2070230 215177
2070290 0
2070490 215177
2070550 0
2087797 215177
2087857 0
2088057 215177
2088117 0
2088637 215177
2088697 0
2088897 215177
2088957 0
2106204 215177
2106264 0
2106464 215177
2106524 0
2107044 215177
2107104 0
2107304 215177
2107364 0
2124611 215177
2124671 0
2124871 215177
2124931 0
2125451 215177
2125511 0
2125711 215177
2125771 0
2144222 215177
2144282 0
2144482 215177
2144542 0
2145062 215177
2145122 0
2145322 215177
2145382 0
2162332 215177
2162392 0
2162592 215177
2162652 0
2163172 215177
2163232 0
2163432 215177
2163492 0
2180443 215177
2180503 0
2180703 215177
2180763 0
2181283 215177
2181343 0
2181543 215177
2181603 0
2198553 215177
2198613 0
2198813 215177
2198873 0
2199393 215177
2199453 0
2199653 215177
2199713 0
2216664 215177
2216724 0
2216924 215177
2216984 0
2217504 215177
2217564 0
2217764 215177
2217824 0
2234774 215177
2234834 0
2235034 215177
2235094 0
2235614 215177
2235674 0
2235874 215177
2235934 0
2252885 215177
2252945 0
2253115 215177
2253175 0
2253655 215177
2253715 0
2253885 215177
2253945 0
2270995 215177
2271055 0
2271255 215177
2271315 0
2271835 215177
2271895 0
2272095 215177
2272155 0
2289106 215177
2289166 0
2289366 215177
2289426 0
2289946 215177
2290006 0
2290206 215177
2290266 0
2307216 215177
2307276 0
2307476 215177
2307536 0
2308056 215177
2308116 0
2308316 215177
2308376 0
2325327 215177
2325387 0
2325587 215177
2325647 0
2326167 215177
2326227 0
2326427 215177
2326487 0
2343437 215177
2343497 0
2343697 215177
2343757 0
2344277 215177
2344337 0
2344537 215177
2344597 0
2361548 215177
2361608 0
2361808 215177
2361868 0
2362388 215177
2362448 0
2362648 215177
2362708 0
2379658 215177
2379718 0
2379918 215177
2379978 0
2380498 215177
2380558 0
2380758 215177
2380818 0
2397769 215177
2397829 0
2398029 215177
2398089 0
2398609 215177
2398669 0
2398869 215177
2398929 0
2415879 215177
2415939 0
2416139 215177
2416199 0
2416719 215177
2416779 0
2416979 215177
2417039 0
2433990 215177
2434050 0
2434250 215177
2434310 0
2434830 215177
2434890 0
2435090 215177
2435150 0
2452100 215177
2452160 0
2452360 215177
2452420 0
2452940 215177
2453000 0
2453200 215177
2453260 0
2470211 215177
2470271 0
2470471 215177
2470531 0
2471051 215177
2471111 0
2471311 215177
2471371 0
2490118 215177
2490178 0
2490348 215177
2490408 0
2490888 215177
2490948 0
2491118 215177
2491178 0
2508525 215177
2508585 0
2508785 215177
2508845 0
2509365 215177
2509425 0
2509625 215177
2509685 0
2526932 215177
2526992 0
2527192 215177
2527252 0
2527772 215177
2527832 0
2528032 215177
2528092 0
2545340 215177
2545400 0
2545600 215177
2545660 0
2546180 215177
2546240 0
2546440 215177
310 events for M
334783 117965
334873 125479
336154 7514
336514 0
472453 3372
477634 0
497653 3372
506014 0
515053 3372
520414 0
542653 3372
545614 0
548531 3372
564332 0
704563 117965
704653 121337
706174 3372
706423 121337
707974 3372
708214 0
713006 117965
713096 121337
714437 3372
720266 121337
721637 3372
723857 0
733620 117965
733710 121337
735231 3372
739080 121337
740631 3372
740871 0
940453 3372
941323 121337
944074 3372
944923 121337
947614 3372
948514 0
955142 117965
955232 121337
956693 3372
957002 121337
958553 3372
962393 0
1309603 19661
1309693 25951
1311454 6290
1312243 25951
1314094 6290
1314634 0
1317943 19661
1318033 25951
1319794 6290
1320583 25951
1322434 6290
1323403 25951
1325254 6290
1325983 25951
1327834 6290
1328803 25951
1330654 6290
1331383 25951
1333234 6290
1333774 0
1338523 19661
1338613 25951
1340374 6290
1340503 25951
1342354 6290
1342723 25951
1344574 6290
1344703 25951
1346554 6290
1346923 25951
1348774 6290
1348903 25951
1350749 6290
1350754 0
1354834 117965
1354924 124709
1356385 6744
1371085 0
1375449 117965
1375539 124709
1377000 6744
1389780 0
1391863 117965
1391953 124709
1393414 6744
1406194 0
1541863 19661
1541953 25951
1543714 6290
1543843 25951
1545694 6290
1546063 25951
1547914 6290
1548043 25951
1549894 6290
1550263 25951
1552114 6290
1552243 25951
1554089 6290
1554094 0
1560043 19661
1560133 25951
1560994 6290
1561123 25951
1562074 6290
1562443 25951
1563394 6290
1563643 25951
1564594 6290
1564843 25951
1565794 6290
1565923 25951
1566874 6290
1566879 0
1568563 117965
1568653 124709
1570174 6744
1572179 0
1572223 117965
1573834 6744
1573894 0
1576031 117965
1576121 124709
1577642 6744
1581447 0
1581491 117965
1583102 6744
1588562 0
1596321 117965
1596411 124709
1597932 6744
1599937 0
1599981 117965
1601592 6744
1606752 0
1612500 6290
1623261 0
1632790 6290
1643551 0
1651122 6290
1654683 0
1892563 58982
1895314 7514
1898828 0
1905977 58982
1906067 66496
1907408 7514
1907717 66496
1909148 7514
1909397 66496
1910828 7514
1911077 66496
1912508 7514
1912757 66496
1914188 7514
1914198 0
1959099 58982
1959189 66496
1960530 7514
1960959 66496
1962390 7514
1962759 66496
1964190 7514
1964559 66496
1965990 7514
1966359 66496
1967790 7514
1968159 66496
1969590 7514
1969959 66496
1971390 7514
1971759 66496
1973190 7514
1973559 66496
1974990 7514
1975420 0
1979606 58982
1979696 66496
1981037 7514
1981466 66496
1982897 7514
1983266 66496
1984697 7514
1985066 66496
1986497 7514
1986866 66496
1988297 7514
1988666 66496
1990097 7514
1990466 66496
1991897 7514
1992266 66496
1993697 7514
1993827 0
1995913 58982
1996003 66496
1997464 7514
1997533 66496
1999084 7514
1999153 66496
2000584 7514
2000589 0
2043853 7514
2049034 0
2054824 7514
2067445 0
2069632 7514
2085853 0
2164603 58982
2164693 66496
2166034 7514
2166463 66496
2167894 7514
2168254 0
2168563 58982
2168653 66496
2169994 7514
2170243 66496
2171674 7514
2171983 66496
2173414 7514
2173419 0
2259763 58982
2259853 66496
2261194 7514
2261263 66496
2262694 7514
2262763 66496
2264194 7514
2264263 66496
2265694 7514
2265763 66496
2267194 7514
2267263 66496
2268694 7514
2269054 0
2273248 58982
2273338 66496
2274679 7514
2275108 66496
2276539 7514
2276908 66496
2278339 7514
2278708 58982
2280139 7514
2280508 66496
2281939 7514
2282308 58982
2283739 7514
2284108 66496
2285539 7514
2285728 66496
2287159 7514
2287164 0
2289261 58982
2289351 66496
2290692 7514
2290941 66496
2292372 7514
2292621 66496
2294052 7514
2294301 66496
2295732 7514
2295981 66496
2297412 7514
2297661 66496
2299092 7514
2299341 66496
2300772 7514
2301021 66496
2302452 7514
2302997 0
2492713 7514
2503679 0
2510923 58982
2511013 66496
2511734 7514
2511823 66496
2512634 7514
2512963 66496
2513774 7514
2513863 66496
2514674 7514
2515003 66496
2515814 7514
2515903 66496
2516714 7514
2517223 66496
2518034 7514
2518123 66496
2518934 7514
2519263 66496
2520074 7514
2520163 66496
2520974 7514
2521303 66496
2522114 7514
2522203 66496
2523014 7514
2523019 0
2527123 58982
2527213 65726
2532334 6744
2537983 65726
2543194 6744
2543314 0
466 events for N
20965 12910592
20966 0
23965 12910592
23966 0
26313 12910592
26314 0
28655 12910592
28656 0
31655 12910592
31656 0
34955 12910592
34956 0
37955 12910592
37956 0
41949 12910592
41950 0
45944 12910592
45945 0
48947 12910592
48948 0
73279 12910592
73280 0
80144 12910592
80145 0
87304 12910592
87305 0
96644 12910592
96645 0
105987 12910592
105988 0
109290 12910592
109291 0
116787 12910592
116788 0
124287 12910592
124288 0
132167 12910592
132168 0
139243 12910592
139244 0
146989 12910592
146990 0
153979 12910592
153980 0
160724 12910592
160725 0
168644 12910592
168645 0
179444 12910592
179445 0
183647 12910592
183648 0
197444 12910592
197445 0
206554 12910592
206555 0
213108 12910592
213109 0
223008 12910592
223009 0
229844 12910592
229845 0
233444 12910592
233445 0
242487 12910592
242488 0
246644 12910592
246645 0
250727 12910592
250728 0
258644 12910592
258645 0
262124 12910592
262125 0
267044 12910592
267045 0
272146 12910592
272147 0
289004 12910592
289005 0
333344 12910592
333345 0
338444 12910592
338445 0
345644 12910592
345645 0
353445 12910592
353446 0
363764 12910592
363765 0
367484 12910592
367485 0
373993 12910592
373994 0
382164 12910592
382165 0
391844 12910592
391845 0
398384 12910592
398385 0
404444 12910592
404445 0
411322 12910592
411323 0
417644 12910592
417645 0
425981 12910592
425982 0
431406 12910592
431407 0
443024 12910592
443025 0
449406 12910592
449407 0
456044 12910592
456045 0
471794 12910592
471795 0
477644 12910592
477645 0
492644 12910592
492645 0
505244 12910592
505245 0
520544 12910592
520545 0
531344 12910592
531345 0
538666 12910592
538667 0
545986 12910592
545987 0
549522 12910592
549523 0
556870 12910592
556871 0
564216 12910592
564217 0
571243 12910592
571244 0
577245 12910592
577246 0
582044 12910592
582045 0
593444 12910592
593445 0
599445 12910592
599446 0
607484 12910592
607485 0
618344 12910592
618345 0
631110 12910592
631111 0
642399 12910592
642400 0
648644 12910592
648645 0
653744 12910592
653745 0
681044 12910592
681045 0
688844 12910592
688845 0
699646 12910592
699647 0
705644 12910592
705645 0
710787 12910592
710788 0
714087 12910592
714088 0
721696 12910592
721697 0
729301 12910592
729302 0
736844 12910592
736845 0
741044 12910592
741045 0
745245 12910592
745246 0
747644 12910592
747645 0
752617 12910592
752618 0
756644 12910592
756645 0
760844 12910592
760845 0
764830 12910592
764831 0
773232 12910592
773233 0
779037 12910592
779038 0
784844 12910592
784845 0
789344 12910592
789345 0
833624 12910592
833625 0
836564 12910592
836565 0
840344 12910592
840345 0
847289 12910592
847290 0
850847 12910592
850848 0
854408 12910592
854409 0
862244 12910592
862245 0
867046 12910592
867047 0
871844 12910592
871845 0
876644 12910592
876645 0
935144 12910592
935145 0
940846 12910592
940847 0
946244 12910592
946245 0
950444 12910592
950445 0
957723 12910592
957724 0
962225 12910592
962226 0
965864 12910592
965865 0
994244 12910592
994245 0
998672 12910592
998673 0
1003243 12910592
1003244 0
1008826 12910592
1008827 0
1016024 12910592
1016025 0
1023224 12910592
1023225 0
1031506 12910592
1031507 0
1041164 12910592
1041165 0
1050644 12910592
1050645 0
1057844 12910592
1057845 0
1070444 12910592
1070445 0
1075844 12910592
1075845 0
1084244 12910592
1084245 0
1092044 12910592
1092045 0
1095644 12910592
1095645 0
1106444 12910592
1106445 0
1111844 12910592
1111845 0
1122644 12910592
1122645 0
1129844 12910592
1129845 0
1139026 12910592
1139027 0
1147784 12910592
1147785 0
1159756 12910592
1159757 0
1166144 12910592
1166145 0
1178444 12910592
1178445 0
1183844 12910592
1183845 0
1194188 12910592
1194189 0
1199831 12910592
1199832 0
1205476 12910592
1205477 0
1209044 12910592
1209045 0
1216222 12910592
1216223 0
1223665 12910592
1223666 0
1233644 12910592
1233645 0
1239044 12910592
1239045 0
1275944 12910592
1275945 0
1318844 12910592
1318845 0
1326389 12910592
1326390 0
1333887 12910592
1333888 0
1344044 12910592
1344045 0
1348845 12910592
1348846 0
1355915 12910592
1355916 0
1363522 12910592
1363523 0
1371046 12910592
1371047 0
1380044 12910592
1380045 0
1388444 12910592
1388445 0
1394446 12910592
1394447 0
1403444 12910592
1403445 0
1414844 12910592
1414845 0
1422644 12910592
1422645 0
1432544 12910592
1432545 0
1441724 12910592
1441725 0
1454984 12910592
1454985 0
1462844 12910592
1462845 0
1468246 12910592
1468247 0
1475444 12910592
1475445 0
1491406 12910592
1491407 0
1497344 12910592
1497345 0
1504724 12910592
1504725 0
1510424 12910592
1510425 0
1517264 12910592
1517265 0
1535684 12910592
1535685 0
1540733 12910592
1540734 0
1545644 12910592
1545645 0
1551166 12910592
1551167 0
1563644 12910592
1563645 0
1572046 12910592
1572047 0
1583444 12910592
1583445 0
1590644 12910592
1590645 0
1601444 12910592
1601445 0
1607744 12910592
1607745 0
1613491 12910592
1613492 0
1620936 12910592
1620937 0
1627844 12910592
1627845 0
1637445 12910592
1637446 0
1644644 12910592
1644645 0
1659045 12910592
1659046 0
1673444 12910592
1673445 0
1680644 12910592
1680645 0
1687844 12910592
1687845 0
1694444 12910592
1694445 0
1700444 12910592
1700445 0
1708039 12910592
1708040 0
1713683 12910592
1713684 0
1725645 12910592
1725646 0
1734644 12910592
1734645 0
1745445 12910592
1745446 0
1752644 12910592
1752645 0
1765244 12910592
1765245 0
1770644 12910592
1770645 0
1779044 12910592
1779045 0
1782946 12910592
1782947 0
1786544 12910592
1786545 0
1801604 12910592
1801605 0
1805326 12910592
1805327 0
1817804 12910592
1817805 0
1821404 12910592
1821405 0
1837244 12910592
1837245 0
1844444 12910592
1844445 0
1853444 12910592
1853445 0
1860644 12910592
1860645 0
1889446 26897
1889926 0
1900246 26897
1900726 0
1997445 26897
1997925 0
2008246 26897
2008726 0
2029846 26897
2030326 0
2046880 26897
2047360 0
2056245 26897
2056725 0
2067324 26897
2067804 0
2085045 26897
2085525 0
2141445 26897
2141925 0
2153446 26897
2153926 0
2176294 26897
2176774 0
2218246 26897
2218726 0
2239846 26897
2240326 0
2320546 26897
2321026 0
2340646 26897
2341126 0
2530246 26897
2530726 0
