14 instruments
A 10 100 141644.34804627756 547774564.8662138
B 10 100 199466000 880000000
C 10 100 4367744.2331614867 2240000119.5770016
D 10 100 1991925.5289842244 689098561.3783263
E 10 100 0.00017956089109901502 925410610.77784157
F 10 100 2665037.1650940888 921958803.05957663
G 10 100 20412.132877845776 869835207.86274612
H 10 100 804865230.11019051 7419592213.7182751
I 10 100 22018.298358889329 159480658.09969637
J 10 100 1517960000 4000000000
K 10 100 128045.25187067324 495183416.02819836
L 10 100 1801610371.8348846 4747451505.5334387
M 10 100 24955.266722182481 180753403.14844713
N 10 100 23264.147255000564 168504461.78361657
60 downlinks
0 862 44901 9462.077765
1 44902 60235 8739.387213
2 100749 115653 27177.101999999999
3 131202 155311 28867.988366000001
4 156252 178780 8757.0573490000006
5 217503 259751 30482.278361000001
6 259752 296645 9337.789702
7 296646 325107 8515.7706749999998
8 365949 380832 8900.7025030000004
9 383042 408831 8778.3355150000007
10 408842 437214 29886.497736000001
11 439739 466980 29243.536622
12 467699 471912 26517.245249
13 476408 490680 8834.4018649999998
14 509939 521314 9457.9623840000004
15 533335 553231 28164.872808
16 562710 604939 30503.298975000002
17 604940 627355 8691.2845450000004
18 627831 637826 8525.9525360000007
19 640491 644244 28086.786929000002
20 705549 733493 9305.8530659999997
21 735317 739831 9003.7058219999999
22 765228 780989 29720.859928999998
23 813982 817639 28196.056719
24 821621 838334 8724.7512220000008
25 839924 867259 9238.0711549999996
26 868180 907924 29465.914934
27 907925 915901 8736.7051790000005
28 938920 952934 8623.2506759999997
29 964749 986998 8421.9856619999991
30 991239 1011098 27549.328343000001
31 1022916 1040175 29572.320551000001
32 1042472 1072611 29086.290951999999
33 1072712 1101387 8813.8421070000004
34 1109612 1126578 29493.047434
35 1134508 1157999 27435.630709000001
36 1158890 1170418 29792.428981000001
37 1173508 1183391 8997.6095590000004
38 1186408 1209595 26654.011493000002
39 1223949 1247074 8664.3956859999998
40 1247304 1273163 8910.3347130000002
41 1316349 1336346 9263.3037550000008
42 1339455 1345687 8194.1372179999998
43 1357400 1370063 8812.3468479999992
44 1388896 1390727 28513.272391999999
45 1417571 1421732 29797.943813000002
46 1425763 1460595 9287.2106050000002
47 1460596 1471348 9493.8769009999996
48 1474752 1510832 29841.66733
49 1512071 1516749 9031.5484039999992
50 1575549 1587179 27058.173078
51 1589288 1592845 27764.822221999999
52 1596788 1613390 8866.3210920000001
53 1625275 1637435 30200.423556999998
54 1640547 1645391 9259.4321029999992
55 1649583 1673654 9457.3783449999992
56 1675383 1679211 29542.407908000001
57 1684689 1699532 8564.5545529999999
58 1708683 1731352 9335.3412189999999
59 1733879 1762605 27874.981927000001
0 opportunities for A
0 opportunities for B
0 opportunities for C
0 opportunities for D
0 opportunities for E
0 opportunities for F
0 opportunities for G
0 opportunities for H
0 opportunities for I
0 opportunities for J
0 opportunities for K
0 opportunities for L
0 opportunities for M
0 opportunities for N
2 events for A
694869 0
694870 74
133 events for B
2682 2738
11672 2635
20671 2738
22482 548
49472 444
56671 548
86672 444
89061 240
99871 344
103482 2534
121472 2431
121482 240
128671 344
159272 240
168271 344
197072 240
204271 344
233072 240
243871 344
269072 240
278071 344
306872 240
314071 344
345872 240
366271 344
380672 240
387871 344
416672 240
423871 344
452672 240
463471 344
490472 240
495871 344
526472 240
531871 344
580472 240
589471 344
607782 281
608082 344
618272 240
625471 344
654272 240
661471 344
691472 240
691749 0
691750 240
694782 178
695082 240
708271 344
728072 240
737071 344
764072 240
773071 344
801872 240
809071 344
837872 240
845071 344
867582 281
867882 344
873872 240
881071 344
911672 240
920671 344
949472 240
963871 344
967542 281
967842 344
1021472 240
1032271 344
1057472 240
1064671 344
1083582 281
1083882 344
1095272 240
1100671 344
1133072 240
1140271 344
1167272 240
1176271 344
1206872 240
1213182 178
1213482 240
1223071 344
1259072 240
1266271 344
1295072 240
1298661 444
1316671 548
1331072 444
1338271 548
1345471 1471
1367104 2754
1368872 1727
1374271 1830
1379361 1626
1385922 1564
1386222 3817
1388704 2534
1406672 2431
1413871 2534
1442672 2431
1449871 2534
1451022 344
1471461 548
1478672 444
1485871 548
1518272 444
1525471 548
1554272 444
1557861 240
1560162 178
1560462 240
1575871 344
1590272 240
1597471 344
1604671 1267
1626272 240
1637071 344
1664072 240
1669471 344
1669493 594
1669504 1877
1691061 2081
1691071 3004
1712661 2800
1712671 1877
1712704 594
1725272 491
1730693 240
1731642 178
1731942 240
1734271 344
1768472 240
2 events for C
694572 0
694573 2650
23 events for D
90472 0
101873 1300
349672 0
367073 1300
695272 0
707153 600
707333 1300
953953 700
953998 0
966173 600
966353 1300
1213093 700
1213138 0
1225253 600
1225433 1300
1299493 700
1299538 0
1317653 600
1317833 1300
1557913 700
1557958 0
1576853 600
1576973 1300
320 events for E
2335 12910592
2336 0
6415 12910592
6416 0
8875 12910592
8876 0
59815 12910592
59816 0
65086 12910592
65087 0
70426 12910592
70427 0
73726 12910592
73727 0
80720 12910592
80721 0
87720 12910592
87721 0
106020 12910592
106021 0
107815 12910592
107816 0
124015 12910592
124016 0
126300 12910592
126301 0
318291 12910592
318292 0
321286 12910592
321287 0
323793 12910592
323794 0
326301 12910592
326302 0
329301 12910592
329302 0
332601 12910592
332602 0
335601 12910592
335602 0
339763 12910592
339764 0
343915 12910592
343916 0
346915 12910592
346916 0
369420 12910592
369421 0
371215 12910592
371216 0
373015 12910592
373016 0
376615 12910592
376616 0
380215 12910592
380216 0
384415 12910592
384416 0
391620 12910592
391621 0
394015 12910592
394016 0
397015 12910592
397016 0
442782 12910592
442783 0
444480 12910592
444481 0
450017 12910592
450018 0
454252 12910592
454253 0
457252 12910592
457253 0
465715 12910592
465716 0
469020 12910592
469021 0
560215 12910592
560216 0
566515 12910592
566516 0
570115 12910592
570116 0
573715 12910592
573716 0
577315 12910592
577316 0
580974 12910592
580975 0
584869 12910592
584870 0
592015 12910592
592016 0
602760 12910592
602761 0
642752 12910592
642753 0
646615 12910592
646616 0
650215 12910592
650216 0
653815 12910592
653816 0
657636 12910592
657637 0
664541 12910592
664542 0
670015 12910592
670016 0
674815 12910592
674816 0
717950 12910592
717951 0
720953 12910592
720954 0
724497 12910592
724498 0
728044 12910592
728045 0
731044 12910592
731045 0
737944 12910592
737945 0
740944 12910592
740945 0
743754 12910592
743755 0
746558 12910592
746559 0
749558 12910592
749559 0
827158 12910592
827159 0
832015 12910592
832016 0
836815 12910592
836816 0
841735 12910592
841736 0
849058 12910592
849059 0
852595 12910592
852596 0
856135 12910592
856136 0
860515 12910592
860516 0
863995 12910592
863996 0
868015 12910592
868016 0
870478 12910592
870479 0
969359 12910592
969360 0
975295 12910592
975296 0
983335 12910592
983336 0
991378 12910592
991379 0
1014537 12910592
1014538 0
1019844 12910592
1019845 0
1025373 12910592
1025374 0
1032715 12910592
1032716 0
1037215 12910592
1037216 0
1042015 12910592
1042016 0
1047462 12910592
1047463 0
1054907 12910592
1054908 0
1062235 12910592
1062236 0
1069252 12910592
1069253 0
1074896 12910592
1074897 0
1080541 12910592
1080542 0
1086287 12910592
1086288 0
1092507 12910592
1092508 0
1098731 12910592
1098732 0
1108026 12910592
1108027 0
1269336 12910592
1269337 0
1272336 12910592
1272337 0
1274684 12910592
1274685 0
1277026 12910592
1277027 0
1280026 12910592
1280027 0
1283326 12910592
1283327 0
1286326 12910592
1286327 0
1290320 12910592
1290321 0
1294315 12910592
1294316 0
1297318 12910592
1297319 0
1321650 12910592
1321651 0
1328515 12910592
1328516 0
1335675 12910592
1335676 0
1345015 12910592
1345016 0
1354358 12910592
1354359 0
1357661 12910592
1357662 0
1365158 12910592
1365159 0
1372658 12910592
1372659 0
1380538 12910592
1380539 0
1387614 12910592
1387615 0
1395360 12910592
1395361 0
1402350 12910592
1402351 0
1409095 12910592
1409096 0
1417015 12910592
1417016 0
1427815 12910592
1427816 0
1432018 12910592
1432019 0
1445815 12910592
1445816 0
1454925 12910592
1454926 0
1461479 12910592
1461480 0
1471379 12910592
1471380 0
1478215 12910592
1478216 0
1481815 12910592
1481816 0
1490858 12910592
1490859 0
1495015 12910592
1495016 0
1499098 12910592
1499099 0
1507015 12910592
1507016 0
1510495 12910592
1510496 0
1515415 12910592
1515416 0
1520517 12910592
1520518 0
1537375 12910592
1537376 0
1581715 12910592
1581716 0
1586815 12910592
1586816 0
1594015 12910592
1594016 0
1601816 12910592
1601817 0
1612135 12910592
1612136 0
1615855 12910592
1615856 0
1622364 12910592
1622365 0
1630535 12910592
1630536 0
1640215 12910592
1640216 0
1646755 12910592
1646756 0
1652815 12910592
1652816 0
1659693 12910592
1659694 0
1666015 12910592
1666016 0
1674352 12910592
1674353 0
1679777 12910592
1679778 0
1691395 12910592
1691396 0
1697777 12910592
1697778 0
1704415 12910592
1704416 0
1720165 12910592
1720166 0
1726015 12910592
1726016 0
1741015 12910592
1741016 0
1753615 12910592
1753616 0
1768915 12910592
1768916 0
23 events for F
90086 0
101487 1300
349286 0
366687 1300
694886 0
706767 600
706947 1300
953567 700
953612 0
965787 600
965967 1300
1212707 700
1212752 0
1224867 600
1225047 1300
1299107 700
1299152 0
1317267 600
1317447 1300
1557527 700
1557572 0
1576467 600
1576587 1300
42 events for G
110357 4214960
110361 0
110787 4214960
110791 0
111527 4214960
111531 0
111957 4214960
111961 0
478369 4214960
478373 0
478799 4214960
478803 0
479539 4214960
479543 0
479969 4214960
479973 0
549343 4214960
549347 0
549773 4214960
549777 0
550513 4214960
550517 0
550943 4214960
550947 0
715157 4214960
715161 0
715587 4214960
715591 0
716327 4214960
716331 0
716757 4214960
716761 0
1083169 4214960
1083173 0
1083599 4214960
1083603 0
1084339 4214960
1084343 0
1084769 4214960
1084773 0
1688495 67463256
1688500 0
30 events for H
563583 26968906
563588 0
585183 134824032
585188 0
588109 20221556
588114 0
779523 83191028
779528 0
973923 38234987
973928 0
995523 107957608
995528 0
1017123 350862225
1017128 0
1017129 4498234
1017134 0
1038723 38234987
1038728 0
1362783 42873674
1362788 0
1384383 60808152
1384388 0
1470783 123650191
1470788 0
1492383 112353360
1492388 0
1513983 191051956
1513988 0
1535583 148359728
1535588 0
137 events for I
7716 0
58217 1714
69627 0
71167 906
71907 1714
86916 0
104196 1714
106930 0
107110 215
118586 0
122410 1714
125445 0
148616 1500
154631 0
168806 1500
174816 0
206856 906
207606 0
316767 906
328502 0
330042 906
346116 0
367596 906
383995 0
390175 906
397136 0
440963 906
456453 0
463716 906
470036 0
558435 906
565890 0
567430 906
584079 0
590319 906
602269 0
640188 906
656837 0
663017 906
674427 0
715391 906
730245 0
736425 906
748759 0
759439 1500
765551 0
773513 1500
779625 0
824356 906
841330 0
847510 906
859785 0
862125 906
870002 0
912096 906
912862 0
966396 1714
970005 0
973476 1714
990770 0
997346 1714
1005846 0
1011756 906
1012496 1714
1024574 0
1031354 1714
1043363 0
1045643 1714
1061553 0
1067733 1714
1079742 0
1083725 906
1084465 1714
1097932 0
1104112 1714
1109616 0
1140491 215
1151911 0
1257696 906
1258436 0
1267817 906
1279227 0
1281507 906
1296516 0
1319823 906
1335045 0
1342182 906
1353559 0
1355099 906
1371859 0
1378853 906
1390373 0
1393541 906
1408541 0
1415282 906
1427616 0
1429156 906
1446130 0
1452310 906
1455216 0
1455696 906
1464645 0
1466925 906
1482859 0
1489339 906
1498416 0
1498596 1087
1501306 0
1504253 906
1520187 0
1526341 593
1532008 0
1534027 906
1536987 0
1541462 593
1555023 0
1577196 906
1583916 0
1584996 906
1593578 0
1599775 906
1611756 0
1613352 906
1628016 0
1628496 906
1629956 0
1636154 906
1648098 0
1650507 906
1666259 0
1672533 1714
1684401 0
1688581 906
1689321 1714
1725216 0
1737996 1714
1768416 0
77 events for J
109312 117965
109402 124709
110263 6744
111172 124709
112063 6744
112972 124709
113863 6744
114772 124709
115663 6744
116572 124709
117463 6744
118372 124709
119263 6744
120163 0
127827 117965
127917 124709
128778 6744
129687 124709
130578 6744
131487 124709
132378 6744
133287 124709
134178 6744
135078 0
313059 7514
326700 0
328874 7514
344315 0
632598 58982
632688 66496
633969 6744
634458 66496
635829 6744
636249 0
638930 58982
639020 66496
640301 6744
640790 66496
642161 6744
642590 66496
643961 6744
653381 0
659219 58982
659309 66496
660590 6744
661079 66496
662450 6744
662879 66496
664250 6744
670070 0
1010498 235930
1010588 242674
1012349 6744
1012538 242674
1014389 6744
1014578 242674
1016429 6744
1016678 242674
1018529 6744
1019549 0
1027556 235930
1027646 242674
1028262 6744
1028267 0
1043049 169032
1044849 45609
1046654 0
1580418 117965
1580508 125479
1581789 7514
1582149 0
1718088 3372
1723269 0
1743288 3372
1751649 0
1760688 3372
1766049 0
2 events for K
693992 0
693993 74
77 events for L
110751 117965
110841 124709
111702 6744
112611 124709
113502 6744
114411 124709
115302 6744
116211 124709
117102 6744
118011 124709
118902 6744
119811 124709
120702 6744
121602 0
129266 117965
129356 124709
130217 6744
131126 124709
132017 6744
132926 124709
133817 6744
134726 124709
135617 6744
136517 0
314498 7514
328139 0
330313 7514
345754 0
634037 58982
634127 66496
635408 6744
635897 66496
637268 6744
637688 0
640369 58982
640459 66496
641740 6744
642229 66496
643600 6744
644029 66496
645400 6744
654820 0
660658 58982
660748 66496
662029 6744
662518 66496
663889 6744
664318 66496
665689 6744
671509 0
1011937 235930
1012027 242674
1013788 6744
1013977 242674
1015828 6744
1016017 242674
1017868 6744
1018117 242674
1019968 6744
1020988 0
1028995 235930
1029085 242674
1029701 6744
1029706 0
1044488 169032
1046288 45609
1048093 0
1581857 117965
1581947 125479
1583228 7514
1583588 0
1719527 3372
1724708 0
1744727 3372
1753088 0
1762127 3372
1767488 0
137 events for M
6711 0
57212 1714
68622 0
70162 906
70902 1714
85911 0
103191 1714
105925 0
106105 215
117581 0
121405 1714
124440 0
147611 1500
153626 0
167801 1500
173811 0
205851 906
206601 0
315762 906
327497 0
329037 906
345111 0
366591 906
382990 0
389170 906
396131 0
439958 906
455448 0
462711 906
469031 0
557430 906
564885 0
566425 906
583074 0
589314 906
601264 0
639183 906
655832 0
662012 906
673422 0
714386 906
729240 0
735420 906
747754 0
758434 1500
764546 0
772508 1500
778620 0
823351 906
840325 0
846505 906
858780 0
861120 906
868997 0
911091 906
911857 0
965391 1714
969000 0
972471 1714
989765 0
996341 1714
1004841 0
1010751 906
1011491 1714
1023569 0
1030349 1714
1042358 0
1044638 1714
1060548 0
1066728 1714
1078737 0
1082720 906
1083460 1714
1096927 0
1103107 1714
1108611 0
1139486 215
1150906 0
1256691 906
1257431 0
1266812 906
1278222 0
1280502 906
1295511 0
1318818 906
1334040 0
1341177 906
1352554 0
1354094 906
1370854 0
1377848 906
1389368 0
1392536 906
1407536 0
1414277 906
1426611 0
1428151 906
1445125 0
1451305 906
1454211 0
1454691 906
1463640 0
1465920 906
1481854 0
1488334 906
1497411 0
1497591 1087
1500301 0
1503248 906
1519182 0
1525336 593
1531003 0
1533022 906
1535982 0
1540457 593
1554018 0
1576191 906
1582911 0
1583991 906
1592573 0
1598770 906
1610751 0
1612347 906
1627011 0
1627491 906
1628951 0
1635149 906
1647093 0
1649502 906
1665254 0
1671528 1714
1683396 0
1687576 906
1688316 1714
1724211 0
1736991 1714
1767411 0
138 events for N
815 906
8662 0
59163 1714
70573 0
72113 906
72853 1714
87862 0
105142 1714
107876 0
108056 215
119532 0
123356 1714
126391 0
149562 1500
155577 0
169752 1500
175762 0
207802 906
208552 0
317713 906
329448 0
330988 906
347062 0
368542 906
384941 0
391121 906
398082 0
441909 906
457399 0
464662 906
470982 0
559381 906
566836 0
568376 906
585025 0
591265 906
603215 0
641134 906
657783 0
663963 906
675373 0
716337 906
731191 0
737371 906
749705 0
760385 1500
766497 0
774459 1500
780571 0
825302 906
842276 0
848456 906
860731 0
863071 906
870948 0
913042 906
913808 0
967342 1714
970951 0
974422 1714
991716 0
998292 1714
1006792 0
1012702 906
1013442 1714
1025520 0
1032300 1714
1044309 0
1046589 1714
1062499 0
1068679 1714
1080688 0
1084671 906
1085411 1714
1098878 0
1105058 1714
1110562 0
1141437 215
1152857 0
1258642 906
1259382 0
1268763 906
1280173 0
1282453 906
1297462 0
1320769 906
1335991 0
1343128 906
1354505 0
1356045 906
1372805 0
1379799 906
1391319 0
1394487 906
1409487 0
1416228 906
1428562 0
1430102 906
1447076 0
1453256 906
1456162 0
1456642 906
1465591 0
1467871 906
1483805 0
1490285 906
1499362 0
1499542 1087
1502252 0
1505199 906
1521133 0
1527287 593
1532954 0
1534973 906
1537933 0
1542408 593
1555969 0
1578142 906
1584862 0
1585942 906
1594524 0
1600721 906
1612702 0
1614298 906
1628962 0
1629442 906
1630902 0
1637100 906
1649044 0
1651453 906
1667205 0
1673479 1714
1685347 0
1689527 906
1690267 1714
1726162 0
1738942 1714
1769362 0
