14 instruments
A 10 100 2312500 800000000
B 10 100 0 974485132.8010211
C 10 100 157159.98672976866 607777468.940395
D 10 100 763800535.41096985 7041040280.2382517
E 10 100 177168740.44080633 781629408.46013641
F 10 100 0 938631764.34521866
G 10 100 5910082.7758317869 3030989320.3134623
H 10 100 37632 50328700
I 10 100 1935.2198577632046 529743673.63920057
J 10 100 24955.266722182481 180753403.14844713
K 10 100 40786.332763907049 54547276.407707497
L 10 100 154000 595557000
M 10 100 2665037.1650940888 921958803.05957663
N 10 100 22090 160000000
140 downlinks
0 230 26089 8910.3347130000002
1 69275 89272 9263.3037550000008
2 92381 98613 8194.1372179999998
3 110326 122989 8812.3468479999992
4 141822 143653 28513.272391999999
5 170497 174658 29797.943813000002
6 178689 213521 9287.2106050000002
7 213522 224274 9493.8769009999996
8 227678 263758 29841.66733
9 264997 269675 9031.5484039999992
10 328475 340105 27058.173078
11 342214 345771 27764.822221999999
12 349714 366316 8866.3210920000001
13 378201 390361 30200.423556999998
14 393473 398317 9259.4321029999992
15 402509 426580 9457.3783449999992
16 428309 432137 29542.407908000001
17 437615 452458 8564.5545529999999
18 461609 484278 9335.3412189999999
19 486805 515531 27874.981927000001
20 523925 566080 30587.746092000001
21 566081 610233 9231.3874039999992
22 610234 626452 8609.2624169999999
23 627801 644033 8689.6108280000008
24 652386 654433 26609.79682
25 674075 693680 8915.2263710000007
26 696545 726495 9094.9622560000007
27 726496 744210 8333.9255690000009
28 744792 751133 27500.430241999999
29 765210 781563 8601.7316499999997
30 782856 817769 9100.8958739999998
31 831487 844776 9427.4328960000003
32 847747 858159 27243.904355999999
33 860587 882307 8431.3051790000009
34 911303 913625 27636.251289
35 933275 952563 8831.2619180000002
36 953671 970270 8966.6639699999996
37 977882 983633 54396.705881000002
38 987425 1001453 58970.262822999997
39 1004038 1033077 57826.355975999999
40 1033078 1043822 17374.699861000001
41 1059178 1085969 57611.601310999999
42 1086178 1118258 59023.283414999998
43 1119000 1124750 55193.106121999997
44 1128106 1170223 25530.421285
45 1170224 1214419 29269.697155999998
46 1214420 1218510 16830.732371999999
47 1231668 1246335 28226.256141999998
48 1248665 1251216 60093.408818999997
49 1291663 1321362 58272.632834999997
50 1321363 1328637 61499.660580999996
51 1342840 1364137 28538.149495000001
52 1377685 1383507 18090.695755000001
53 1387050 1402262 23661.293665000001
54 1404159 1432113 28757.617953000001
55 1432114 1474410 56137.919716999997
56 1475554 1492448 23437.772314999998
57 1507654 1520294 55980.942202999999
58 1533509 1547361 60635.164006999999
59 1550249 1581176 23619.145155999999
60 1601769 1610035 53049.165158000003
61 1612644 1635803 23042.764167000001
62 1635804 1640256 53421.323553000002
63 1643692 1648372 23396.302264000002
64 1651944 1664848 22759.633384000001
65 1688080 1692679 53785.922146999997
66 1703839 1720293 23595.771228000001
67 1722600 1729257 17076.713232999999
68 1732315 1767438 24932.393585000002
69 1767439 1777662 29494.590024000001
70 1780694 1786566 55821.075068999999
71 1789934 1807223 22968.383259999999
72 1808294 1812475 57490.653299999998
73 1830667 1835727 25500.801521000001
74 1877675 1901061 24904.219582000002
75 1904951 1909019 26817.789122999999
76 1921329 1951392 30236.225505999999
77 1954623 1975014 64968.303881
78 1981285 1987614 18980.648960999999
79 1991269 2032235 26276.326033000001
80 2033328 2075612 30209.873796
81 2077589 2081851 26595.764298999999
82 2112418 2119398 25812.000550000001
83 2138813 2150072 26242.243616
84 2153573 2157292 60521.572561000001
85 2165213 2182006 25759.527445
86 2196713 2208971 62910.21802
87 2212368 2246154 62402.514213000002
88 2250231 2262896 26087.487331
89 2278908 2296389 30312.554313000001
90 2303803 2315435 61079.659066
91 2326303 2338193 18673.221132999999
92 2341063 2343968 64240.288658999998
93 2348705 2358281 31143.729536999999
94 2362745 2373172 31955.262932000001
95 2378585 2417619 32548.652656999999
96 2422874 2433113 26591.031461999999
97 2438797 2448637 31032.775088999999
98 2482475 2503414 26518.557602000001
99 2509196 2513748 27135.491309000001
100 2546492 2554449 30548.763144
101 2584895 2599227 61173.218094999997
102 2601986 2613197 25727.776897
103 2616459 2634963 60685.825332
104 2637534 2669078 31943.127114999999
105 2671281 2688734 26854.269729
106 2693359 2699369 60653.754335999998
107 2741675 2762686 25877.051024
108 2768169 2772987 26858.741764999999
109 2783776 2804097 30730.334417999999
110 2810170 2849164 64710.467042999997
111 2854493 2867280 26821.553663999999
112 2870770 2890002 30352.900559999998
113 2898763 2902619 62069.510897
114 2929865 2950755 24941.171042000002
115 2952425 2979426 64615.886477
116 2982808 3024989 29824.478802000001
117 3027146 3032386 25807.814231
118 3053459 3065205 30500.246913999999
119 3069127 3073478 63784.759174999999
120 3087275 3106929 26887.570243999999
121 3113473 3118589 26801.861517000001
122 3141669 3151371 30816.996993000001
123 3188748 3196245 30054.646581000001
124 3199802 3241768 25083.168038
125 3241769 3272974 31964.981436999999
126 3275142 3299827 26020.402946999999
127 3328091 3332595 65210.357319000002
128 3346475 3357999 26020.533994000001
129 3361237 3371654 25744.512599999998
130 3375545 3390392 62740.845427
131 3414414 3417800 59751.354583
132 3422285 3435015 26793.545150000002
133 3442565 3451727 25803.846627999999
134 3458789 3469977 25578.956714
135 3473731 3501295 37319.959895
136 3533725 3559855 26914.434292999998
137 3562585 3584304 37696.254029999996
138 3587061 3591813 40703.395508000001
139 3605675 3625544 25449.31221
0 opportunities for A
0 opportunities for B
0 opportunities for C
0 opportunities for D
0 opportunities for E
0 opportunities for F
0 opportunities for G
0 opportunities for H
0 opportunities for I
0 opportunities for J
0 opportunities for K
0 opportunities for L
0 opportunities for M
0 opportunities for N
28 events for A
48895 700
48940 0
67055 600
67235 1300
307315 700
307360 0
326255 600
326375 1300
653875 700
653920 0
671675 1300
913474 0
930875 1300
1259074 0
1270475 1950
1518274 0
1529675 1950
1863874 0
1863876 1944
2480075 1300
2727874 0
2739275 1300
3073474 0
3084875 1300
3332674 0
3344075 1300
3591874 0
3603275 1300
82 events for B
5708 1000
6708 0
50040 1000
51040 0
111893 1000
112893 0
173903 1000
174903 0
225571 1000
226571 0
269403 1000
270403 0
312952 1000
313952 0
356295 1000
357295 0
399405 1000
400405 0
442165 1000
443165 0
484714 1000
485714 0
527326 1000
528326 0
570258 1000
571258 0
613628 1000
614628 0
657275 1000
658275 0
700951 1000
701951 0
744682 1000
745682 0
788410 1000
789410 0
832562 1000
833562 0
871601 1000
872601 0
925095 1000
926095 0
965467 1000
966467 0
1011668 1000
1012668 0
1059459 1000
1060459 0
1108967 1000
1109967 0
1157298 1000
1158298 0
1203985 1000
1204985 0
1250148 1000
1251148 0
1295146 1000
1296146 0
1339851 1000
1340851 0
1384768 1000
1385768 0
1429952 1000
1430952 0
1475706 1000
1476706 0
1521041 1000
1522041 0
1565153 1000
1566153 0
1609012 1000
1610012 0
1652590 1000
1653590 0
1695826 1000
1696826 0
1738749 1000
1739749 0
1781577 1000
1782577 0
1824874 1000
1825874 0
2 events for C
1866956 0
1866957 74
87 events for D
117473 42873674
117478 0
139073 60808152
139078 0
225473 123650191
225478 0
247073 112353360
247078 0
268673 191051956
268678 0
290273 148359728
290278 0
951113 92231261
951118 0
981473 67412016
981478 0
1290160 67429102
1290165 0
1635760 42866846
1635765 0
1657360 36098616
1657365 0
1786960 15230225
1786965 0
1808560 42774218
1808565 0
1830160 51729687
1830165 0
1850066 67442760
1850071 0
1910213 51185344
1910218 0
1975013 36088368
1975018 0
2018213 46317017
2018218 0
2083013 62132584
2083018 0
2169413 55765577
2169418 0
2234213 60879901
2234218 0
2320613 79077832
2320618 0
2342213 48576383
2342218 0
2407013 294648376
2407018 0
2428613 296678458
2428618 0
2450213 98892820
2450218 0
2579873 164236787
2579878 0
2666273 62903535
2666278 0
2687873 107834631
2687878 0
2947073 75634496
2947078 0
2968673 54224800
2968678 0
2990273 63262266
2990278 0
3011873 64391949
3011878 0
3071515 30501450
3071520 0
3163073 48936228
3163078 0
3357473 299009561
3357478 0
3357583 4498234
3357585 3748528
3357588 0
3357608 4815876
3357622 0
3379073 74179864
3379078 0
3400673 283378476
3400678 0
3466673 384982799
3466678 0
3551873 110156519
3551878 0
3595073 113081558
3595078 0
291 events for E
12068 240
19267 344
48068 240
51657 444
69667 548
84068 444
91267 548
98467 1471
120100 2754
121868 1727
127267 1830
132357 1626
138918 1564
139218 3817
141700 2534
159668 2431
166867 2534
195668 2431
202867 2534
204018 344
224457 548
231668 444
238867 548
271268 444
278467 548
307268 444
310857 240
313158 178
313458 240
328867 344
343268 240
350467 344
357667 1267
379268 240
390067 344
417068 240
422467 344
422489 594
422500 1877
444057 2081
444067 3004
465657 2800
465667 1877
465700 594
478268 491
483689 240
484638 178
484938 240
487267 344
521468 240
530467 344
579068 240
586267 344
601567 1267
615968 240
624067 1267
652868 240
656478 2431
674467 2534
690668 2431
696067 2534
724900 3817
726668 3713
732067 3817
739278 1626
764468 1523
768100 240
771667 1267
793267 344
800468 240
807667 344
811257 548
829257 344
836468 240
843667 344
874268 240
883267 344
912068 240
933667 344
984068 240
991267 344
1020068 240
1027267 344
1056068 240
1065067 344
1093868 240
1099267 344
1124467 1267
1131657 1471
1146068 444
1156867 548
1164067 1471
1174878 1409
1175178 1471
1178478 3662
1178500 4944
1185668 3917
1192867 4944
1221668 3917
1221678 1727
1228867 2754
1243300 1471
1258868 444
1261278 2635
1272067 3662
1293668 2635
1300867 3662
1308057 3458
1329668 2431
1338667 2534
1369268 2431
1376467 2534
1405268 2431
1412467 3458
1434057 3662
1441268 2635
1448467 3662
1479068 2635
1488067 3662
1518068 2635
1520457 2431
1531267 2534
1554668 2431
1560067 2534
1588868 2431
1596067 2534
1624868 2431
1632067 2534
1662668 2431
1669867 2534
1671678 344
1700468 240
1707667 344
1750868 240
1761667 344
1788668 240
1797667 344
1824668 240
1833667 344
1863668 240
1863945 0
1863946 240
1866057 444
1867038 382
1867338 444
1876867 548
1898468 444
1905667 548
1936268 444
1943467 548
1952489 798
1972268 695
1979467 1722
1999300 3004
2010068 1977
2015467 3004
2038889 2754
2046068 1727
2053267 2754
2083868 1727
2088918 1664
2089218 3917
2089267 4944
2122568 3917
2125218 1727
2139667 2754
2158568 1727
2164867 2754
2172100 1471
2193668 444
2200867 548
2231468 444
2236867 1471
2247318 1409
2247618 3662
2258500 4944
2265668 3917
2272867 4944
2298018 2754
2301668 1727
2308867 2754
2337668 1727
2344867 2754
2373668 1727
2380867 2754
2386038 2691
2386338 2754
2388100 1471
2395267 548
2411468 444
2418667 548
2447468 444
2452867 548
2468168 444
2481667 548
2503268 444
2510467 548
2541068 444
2546467 1471
2557257 1267
2557278 1205
2557578 3458
2560900 4740
2578868 3713
2584267 3817
2614868 3713
2616678 1523
2623867 1626
2643657 1830
2652668 1727
2658067 1830
2665289 2081
2668900 798
2686868 695
2690500 1977
2694067 3004
2712067 2081
2712100 798
2727368 695
2730078 632
2730089 382
2730378 444
2742667 548
2762468 444
2769667 548
2798468 444
2805667 548
2834468 444
2841667 548
2870468 444
2877667 548
2902878 485
2903178 548
2908268 444
2913667 548
2942468 444
2951467 548
2980268 444
2987467 548
3016268 444
3021667 548
3052268 444
3057700 1727
3059467 2754
3072068 1727
3075678 1664
3075978 1727
3079300 444
3086467 1471
3108068 444
3115267 1471
3145868 444
3151267 1471
3181868 444
3189067 1471
3219668 444
3225067 1471
3257468 444
3262867 1471
3291668 444
3298867 548
3332168 444
3334518 382
3334818 2635
3334889 2885
3338500 4168
3345667 5195
3367268 4168
3374467 5195
3403268 4168
3410467 5195
3421289 4944
3441068 3917
3446467 4944
3477068 3917
3482467 4944
3486138 2754
3513068 1727
3518467 2754
3529289 3004
3549068 1977
3554467 3004
3590468 1977
3594018 1915
3594089 1664
3594318 3917
3600018 1727
3604867 2754
3619300 1471
3621968 444
3626467 1471
82 events for F
6819 1000
7819 0
51151 1000
52151 0
113004 1000
114004 0
175014 1000
176014 0
226682 1000
227682 0
270514 1000
271514 0
314063 1000
315063 0
357406 1000
358406 0
400516 1000
401516 0
443276 1000
444276 0
485825 1000
486825 0
528437 1000
529437 0
571369 1000
572369 0
614739 1000
615739 0
658386 1000
659386 0
702062 1000
703062 0
745793 1000
746793 0
789521 1000
790521 0
833673 1000
834673 0
872712 1000
873712 0
926206 1000
927206 0
966578 1000
967578 0
1012779 1000
1013779 0
1060570 1000
1061570 0
1110078 1000
1111078 0
1158409 1000
1159409 0
1205096 1000
1206096 0
1251259 1000
1252259 0
1296257 1000
1297257 0
1340962 1000
1341962 0
1385879 1000
1386879 0
1431063 1000
1432063 0
1476817 1000
1477817 0
1522152 1000
1523152 0
1566264 1000
1567264 0
1610123 1000
1611123 0
1653701 1000
1654701 0
1696937 1000
1697937 0
1739860 1000
1740860 0
1782688 1000
1783688 0
1825985 1000
1826985 0
2 events for G
1865512 0
1865513 2650
2 events for H
1863875 0
1863876 18
132 events for I
116106 3754
116826 0
118626 3754
122226 0
144906 3754
145626 0
147426 3754
151026 0
187206 3754
187926 0
189726 3754
193326 0
261906 3754
262626 0
264426 3754
268026 0
348306 1365
348486 0
350286 1365
350826 1979
365226 1365
365406 1979
379806 1365
380526 1979
394926 1365
395106 1979
409506 1365
410226 1979
424626 1365
424806 1979
439206 0
485106 665
517506 0
847146 3276
862146 0
876606 3754
877326 0
879126 3754
882726 0
894606 3754
895326 0
897126 3754
900726 0
964806 3754
965526 0
967326 3754
970926 0
986406 1365
986586 0
988386 1365
988926 2935
1003326 1365
1003506 2935
1017906 1365
1018626 2935
1033026 1365
1033206 2935
1047606 1365
1048326 2935
1062726 1365
1062906 2935
1077306 0
1434289 3276
1449289 0
1559785 665
1559786 0
1632543 665
1632544 0
1706441 3276
1721441 0
1877106 1979
1878306 0
1880106 1979
1883706 1365
1884426 1979
1898826 1365
1899006 1979
1927806 1365
1928526 1979
1942926 1365
1943106 1979
1976706 1365
1977426 1979
1991826 1365
1992006 1979
2011206 0
2053077 4096
2061277 0
2345532 665
2374692 0
2510620 665
2540140 0
2584249 4096
2592449 0
2657877 4096
2666077 0
2740806 4096
2749006 0
2841669 4096
2849869 0
2914111 4096
2922311 0
3022774 4096
3030974 0
3358986 3754
3359706 0
3361506 3754
3365106 0
3372306 3754
3373026 0
3374826 3754
3378426 0
3394026 3754
3394746 0
3396546 3754
3400146 0
3408546 3754
3409266 0
3411066 3754
3414666 0
3472386 3754
3473106 0
3474906 3754
3478506 0
3518106 3754
3518826 0
3520626 3754
3524226 0
3564906 3754
3565626 0
3567426 3754
3571026 0
362 events for J
9617 906
10357 0
19738 906
31148 0
33428 906
48437 0
71744 906
86966 0
94103 906
105480 0
107020 906
123780 0
130774 906
142294 0
145462 906
160462 0
167203 906
179537 0
181077 906
198051 0
204231 906
207137 0
207617 906
216566 0
218846 906
234780 0
241260 906
250337 0
250517 1087
253227 0
256174 906
272108 0
278262 593
283929 0
285948 906
288908 0
293383 593
306944 0
329117 906
335837 0
336917 906
345499 0
351696 906
363677 0
365273 906
379937 0
380417 906
381877 0
388075 906
400019 0
402428 906
418180 0
424454 1714
436322 0
440502 906
441242 1714
477137 0
489917 1714
520337 0
529817 1714
545479 0
547255 906
547995 1714
563709 0
566447 1714
581923 0
588159 1714
595937 0
596417 906
600157 0
601726 906
618358 0
624538 906
635948 0
638228 906
644537 0
645317 906
653237 0
676648 906
691761 0
697946 906
710280 0
711820 906
728794 0
734974 906
747308 0
751088 906
764323 0
772003 906
784337 0
785877 906
790037 0
832003 906
839880 0
846060 906
853901 0
859977 906
876137 0
883088 1600
893229 0
898327 1500
904585 0
905647 1500
907989 0
933917 906
950316 0
956496 906
961716 0
962196 906
964937 0
972295 906
973052 1500
978327 0
979652 1500
984937 0
992875 906
1004884 0
1007164 906
1023074 0
1029254 906
1041263 0
1045023 906
1059333 0
1065633 906
1077640 0
1079922 906
1092737 0
1093217 906
1095832 0
1102012 906
1114021 0
1116301 906
1132211 0
1133751 906
1150339 0
1156580 906
1168530 0
1170870 906
1186779 0
1192959 906
1204969 0
1206509 906
1223158 0
1229338 906
1240748 0
1245424 1500
1249439 0
1251124 1500
1255149 0
1273517 906
1276637 0
1283717 215
1295237 0
1317660 906
1333380 0
1339774 906
1352108 0
1354388 906
1370623 0
1376803 906
1389137 0
1390677 906
1407651 0
1413831 906
1426166 0
1428446 906
1444680 0
1450860 906
1463194 0
1464734 906
1481708 0
1487888 906
1499623 0
1501903 906
1517237 0
1532717 906
1536917 0
1539206 906
1555116 0
1561296 906
1573305 0
1574845 906
1591495 0
1597675 906
1609684 0
1611964 906
1627874 0
1634054 906
1646063 0
1649846 906
1664111 0
1670433 906
1682418 0
1684744 906
1700632 0
1706812 906
1718821 0
1721101 906
1737011 0
1738551 906
1755200 0
1761380 906
1773390 0
1775670 906
1789337 0
1797759 906
1808079 0
1811609 906
1827769 0
1834138 906
1845548 0
1847828 906
1862837 0
1878017 1087
1880727 0
1887247 906
1901151 0
1907331 215
1918751 0
1958653 906
1974780 0
1980960 906
1993367 0
1995467 906
2011288 0
2017774 906
2029636 0
2031544 906
2042357 0
2043317 906
2048405 0
2054588 906
2066815 0
2069096 906
2085223 0
2091403 906
2103082 0
2105639 906
2121492 0
2137517 906
2141237 0
2143928 906
2159758 0
2165938 906
2172737 0
2173217 906
2177537 0
2179650 906
2186075 0
2187077 906
2195731 0
2202159 906
2213899 0
2216717 1714
2232017 0
2238560 1714
2250260 0
2254863 1714
2258357 0
2258522 906
2268377 0
2274601 906
2286528 0
2288815 906
2302337 0
2302817 1714
2303853 0
2310822 1714
2312202 0
2313317 1714
2314316 0
2315117 1714
2315597 0
2315987 1714
2316587 0
2317957 1714
2320484 0
2324517 906
2325257 1714
2340437 0
2433856 906
2434776 593
2448697 0
2455766 593
2466807 0
2525937 906
2542637 0
2548946 906
2561173 0
2585760 906
2586510 0
2659388 906
2669708 0
2673156 906
2689616 0
2711864 1500
2717679 0
2719327 1500
2724972 0
2784209 906
2800779 0
2806959 906
2818890 0
2885957 906
2891221 0
2892872 906
2907832 0
2915622 906
2927613 0
2930177 906
2945537 0
2951843 906
2963537 0
2965377 906
2981884 0
2988064 906
2999777 0
3002417 906
3018077 0
3024285 906
3036521 0
3130698 906
3145937 0
3153746 906
3165973 0
3170417 215
3181837 0
3209717 906
3220937 0
3227374 906
3239297 0
3242117 906
3252737 0
3301003 906
3313230 0
3314770 906
3331637 0
3360917 906
3369488 0
3376138 906
3382217 0
3389277 906
3394221 0
3397267 906
3405437 0
3411759 906
3423450 0
3425970 906
3438500 0
3447980 906
3459911 0
3463599 906
3478021 0
3484201 906
3496132 0
3498412 906
3514242 0
3536477 906
3537217 1500
3543222 0
3556830 1500
3562835 0
2 events for K
1865175 0
1865176 18
2 events for L
1863875 0
1863876 74
28 events for M
52033 700
52078 0
70193 600
70373 1300
310453 700
310498 0
329393 600
329513 1300
657013 700
657058 0
674813 1300
916612 0
934013 1300
1262212 0
1273613 1950
1521412 0
1532813 1950
1867012 0
1867014 1944
2483213 1300
2731012 0
2742413 1300
3076612 0
3088013 1300
3335812 0
3347213 1300
3595012 0
3606413 1300
362 events for N
8675 906
9415 0
18796 906
30206 0
32486 906
47495 0
70802 906
86024 0
93161 906
104538 0
106078 906
122838 0
129832 906
141352 0
144520 906
159520 0
166261 906
178595 0
180135 906
197109 0
203289 906
206195 0
206675 906
215624 0
217904 906
233838 0
240318 906
249395 0
249575 1087
252285 0
255232 906
271166 0
277320 593
282987 0
285006 906
287966 0
292441 593
306002 0
328175 906
334895 0
335975 906
344557 0
350754 906
362735 0
364331 906
378995 0
379475 906
380935 0
387133 906
399077 0
401486 906
417238 0
423512 1714
435380 0
439560 906
440300 1714
476195 0
488975 1714
519395 0
528875 1714
544537 0
546313 906
547053 1714
562767 0
565505 1714
580981 0
587217 1714
594995 0
595475 906
599215 0
600784 906
617416 0
623596 906
635006 0
637286 906
643595 0
644375 906
652295 0
675706 906
690819 0
697004 906
709338 0
710878 906
727852 0
734032 906
746366 0
750146 906
763381 0
771061 906
783395 0
784935 906
789095 0
831061 906
838938 0
845118 906
852959 0
859035 906
875195 0
882146 1600
892287 0
897385 1500
903643 0
904705 1500
907047 0
932975 906
949374 0
955554 906
960774 0
961254 906
963995 0
971353 906
972110 1500
977385 0
978710 1500
983995 0
991933 906
1003942 0
1006222 906
1022132 0
1028312 906
1040321 0
1044081 906
1058391 0
1064691 906
1076698 0
1078980 906
1091795 0
1092275 906
1094890 0
1101070 906
1113079 0
1115359 906
1131269 0
1132809 906
1149397 0
1155638 906
1167588 0
1169928 906
1185837 0
1192017 906
1204027 0
1205567 906
1222216 0
1228396 906
1239806 0
1244482 1500
1248497 0
1250182 1500
1254207 0
1272575 906
1275695 0
1282775 215
1294295 0
1316718 906
1332438 0
1338832 906
1351166 0
1353446 906
1369681 0
1375861 906
1388195 0
1389735 906
1406709 0
1412889 906
1425224 0
1427504 906
1443738 0
1449918 906
1462252 0
1463792 906
1480766 0
1486946 906
1498681 0
1500961 906
1516295 0
1531775 906
1535975 0
1538264 906
1554174 0
1560354 906
1572363 0
1573903 906
1590553 0
1596733 906
1608742 0
1611022 906
1626932 0
1633112 906
1645121 0
1648904 906
1663169 0
1669491 906
1681476 0
1683802 906
1699690 0
1705870 906
1717879 0
1720159 906
1736069 0
1737609 906
1754258 0
1760438 906
1772448 0
1774728 906
1788395 0
1796817 906
1807137 0
1810667 906
1826827 0
1833196 906
1844606 0
1846886 906
1861895 0
1877075 1087
1879785 0
1886305 906
1900209 0
1906389 215
1917809 0
1957711 906
1973838 0
1980018 906
1992425 0
1994525 906
2010346 0
2016832 906
2028694 0
2030602 906
2041415 0
2042375 906
2047463 0
2053646 906
2065873 0
2068154 906
2084281 0
2090461 906
2102140 0
2104697 906
2120550 0
2136575 906
2140295 0
2142986 906
2158816 0
2164996 906
2171795 0
2172275 906
2176595 0
2178708 906
2185133 0
2186135 906
2194789 0
2201217 906
2212957 0
2215775 1714
2231075 0
2237618 1714
2249318 0
2253921 1714
2257415 0
2257580 906
2267435 0
2273659 906
2285586 0
2287873 906
2301395 0
2301875 1714
2302911 0
2309880 1714
2311260 0
2312375 1714
2313374 0
2314175 1714
2314655 0
2315045 1714
2315645 0
2317015 1714
2319542 0
2323575 906
2324315 1714
2339495 0
2432914 906
2433834 593
2447755 0
2454824 593
2465865 0
2524995 906
2541695 0
2548004 906
2560231 0
2584818 906
2585568 0
2658446 906
2668766 0
2672214 906
2688674 0
2710922 1500
2716737 0
2718385 1500
2724030 0
2783267 906
2799837 0
2806017 906
2817948 0
2885015 906
2890279 0
2891930 906
2906890 0
2914680 906
2926671 0
2929235 906
2944595 0
2950901 906
2962595 0
2964435 906
2980942 0
2987122 906
2998835 0
3001475 906
3017135 0
3023343 906
3035579 0
3129756 906
3144995 0
3152804 906
3165031 0
3169475 215
3180895 0
3208775 906
3219995 0
3226432 906
3238355 0
3241175 906
3251795 0
3300061 906
3312288 0
3313828 906
3330695 0
3359975 906
3368546 0
3375196 906
3381275 0
3388335 906
3393279 0
3396325 906
3404495 0
3410817 906
3422508 0
3425028 906
3437558 0
3447038 906
3458969 0
3462657 906
3477079 0
3483259 906
3495190 0
3497470 906
3513300 0
3535535 906
3536275 1500
3542280 0
3555888 1500
3561893 0
