14 instruments
A 10 100 0.000155227 800000000
B 10 100 22528 960000000
C 10 100 376310 320000000
D 10 100 763800535.41096985 7041040280.2382517
E 10 100 40786.332763907049 54547276.407707497
F 10 100 22090 160000000
G 10 100 20927.686835728317 891804836.74978614
H 10 100 45126217.813212499 1435691857.5629289
I 10 100 1538660356.7547786 4054547831.9712734
J 10 100 2238.0782914523293 612647607.58318675
K 10 100 2665037.1650940888 921958803.05957663
L 10 100 157159.98672976866 607777468.940395
M 10 100 6553.6061313363007 2560002395.0532427
N 10 100 431759.25152321503 367151977.05994737
100 downlinks
0 862 44901 9462.077765
1 44902 60235 8739.387213
2 100749 115653 27177.101999999999
3 131202 155311 28867.988366000001
4 156252 178780 8757.0573490000006
5 217503 259751 30482.278361000001
6 259752 296645 9337.789702
7 296646 325107 8515.7706749999998
8 365949 380832 8900.7025030000004
9 383042 408831 8778.3355150000007
10 408842 437214 29886.497736000001
11 439739 466980 29243.536622
12 467699 471912 26517.245249
13 476408 490680 8834.4018649999998
14 509939 521314 9457.9623840000004
15 533335 553231 28164.872808
16 562710 604939 30503.298975000002
17 604940 627355 8691.2845450000004
18 627831 637826 8525.9525360000007
19 640491 644244 28086.786929000002
20 705549 733493 9305.8530659999997
21 735317 739831 9003.7058219999999
22 765228 780989 29720.859928999998
23 813982 817639 28196.056719
24 821621 838334 8724.7512220000008
25 839924 867259 9238.0711549999996
26 868180 907924 29465.914934
27 907925 915901 8736.7051790000005
28 938920 952934 8623.2506759999997
29 964749 986998 8421.9856619999991
30 991239 1011098 27549.328343000001
31 1022916 1040175 29572.320551000001
32 1042472 1072611 29086.290951999999
33 1072712 1101387 8813.8421070000004
34 1109612 1126578 29493.047434
35 1134508 1157999 27435.630709000001
36 1158890 1170418 29792.428981000001
37 1173508 1183391 8997.6095590000004
38 1186408 1209595 26654.011493000002
39 1223949 1247074 8664.3956859999998
40 1247304 1273163 8910.3347130000002
41 1316349 1336346 9263.3037550000008
42 1339455 1345687 8194.1372179999998
43 1357400 1370063 8812.3468479999992
44 1388896 1390727 28513.272391999999
45 1417571 1421732 29797.943813000002
46 1425763 1460595 9287.2106050000002
47 1460596 1471348 9493.8769009999996
48 1474752 1510832 29841.66733
49 1512071 1516749 9031.5484039999992
50 1575549 1587179 27058.173078
51 1589288 1592845 27764.822221999999
52 1596788 1613390 8866.3210920000001
53 1625275 1637435 30200.423556999998
54 1640547 1645391 9259.4321029999992
55 1649583 1673654 9457.3783449999992
56 1675383 1679211 29542.407908000001
57 1684689 1699532 8564.5545529999999
58 1708683 1731352 9335.3412189999999
59 1733879 1762605 27874.981927000001
60 1770999 1813154 30587.746092000001
61 1813155 1857307 9231.3874039999992
62 1857308 1873526 8609.2624169999999
63 1874875 1891107 8689.6108280000008
64 1899460 1901507 26609.79682
65 1921149 1940754 8915.2263710000007
66 1943619 1973569 9094.9622560000007
67 1973570 1991284 8333.9255690000009
68 1991866 1998207 27500.430241999999
69 2012284 2028637 8601.7316499999997
70 2029930 2064843 9100.8958739999998
71 2078561 2091850 9427.4328960000003
72 2094821 2105233 27243.904355999999
73 2107661 2129381 8431.3051790000009
74 2158377 2160699 27636.251289
75 2180349 2199637 8831.2619180000002
76 2200745 2217344 8966.6639699999996
77 2224956 2230707 54396.705881000002
78 2234499 2248527 58970.262822999997
79 2251112 2280151 57826.355975999999
80 2280152 2290896 17374.699861000001
81 2306252 2333043 57611.601310999999
82 2333252 2365332 59023.283414999998
83 2366074 2371824 55193.106121999997
84 2375180 2417297 25530.421285
85 2417298 2461493 29269.697155999998
86 2461494 2465584 16830.732371999999
87 2478742 2493409 28226.256141999998
88 2495739 2498290 60093.408818999997
89 2538737 2568436 58272.632834999997
90 2568437 2575711 61499.660580999996
91 2589914 2611211 28538.149495000001
92 2624759 2630581 18090.695755000001
93 2634124 2649336 23661.293665000001
94 2651233 2679187 28757.617953000001
95 2679188 2721484 56137.919716999997
96 2722628 2739522 23437.772314999998
97 2754728 2767368 55980.942202999999
98 2780583 2794435 60635.164006999999
99 2797323 2828250 23619.145155999999
0 opportunities for A
0 opportunities for B
0 opportunities for C
0 opportunities for D
0 opportunities for E
0 opportunities for F
0 opportunities for G
0 opportunities for H
0 opportunities for I
0 opportunities for J
0 opportunities for K
0 opportunities for L
0 opportunities for M
0 opportunities for N
562 events for A
3249 12910592
3250 0
5709 12910592
5710 0
56649 12910592
56650 0
61920 12910592
61921 0
67260 12910592
67261 0
70560 12910592
70561 0
77554 12910592
77555 0
84554 12910592
84555 0
102854 12910592
102855 0
104649 12910592
104650 0
120849 12910592
120850 0
123134 12910592
123135 0
315125 12910592
315126 0
318120 12910592
318121 0
320627 12910592
320628 0
323135 12910592
323136 0
326135 12910592
326136 0
329435 12910592
329436 0
332435 12910592
332436 0
336597 12910592
336598 0
340749 12910592
340750 0
343749 12910592
343750 0
366254 12910592
366255 0
368049 12910592
368050 0
369849 12910592
369850 0
373449 12910592
373450 0
377049 12910592
377050 0
381249 12910592
381250 0
388454 12910592
388455 0
390849 12910592
390850 0
393849 12910592
393850 0
439616 12910592
439617 0
441314 12910592
441315 0
446851 12910592
446852 0
451086 12910592
451087 0
454086 12910592
454087 0
462549 12910592
462550 0
465854 12910592
465855 0
557049 12910592
557050 0
563349 12910592
563350 0
566949 12910592
566950 0
570549 12910592
570550 0
574149 12910592
574150 0
577808 12910592
577809 0
581703 12910592
581704 0
588849 12910592
588850 0
599594 12910592
599595 0
639586 12910592
639587 0
643449 12910592
643450 0
647049 12910592
647050 0
650649 12910592
650650 0
654470 12910592
654471 0
661375 12910592
661376 0
666849 12910592
666850 0
671649 12910592
671650 0
714784 12910592
714785 0
717787 12910592
717788 0
721331 12910592
721332 0
724878 12910592
724879 0
727878 12910592
727879 0
734778 12910592
734779 0
737778 12910592
737779 0
740588 12910592
740589 0
743392 12910592
743393 0
746392 12910592
746393 0
823992 12910592
823993 0
828849 12910592
828850 0
833649 12910592
833650 0
838569 12910592
838570 0
845892 12910592
845893 0
849429 12910592
849430 0
852969 12910592
852970 0
857349 12910592
857350 0
860829 12910592
860830 0
864849 12910592
864850 0
867312 12910592
867313 0
966193 12910592
966194 0
972129 12910592
972130 0
980169 12910592
980170 0
988212 12910592
988213 0
1011371 12910592
1011372 0
1016678 12910592
1016679 0
1022207 12910592
1022208 0
1029549 12910592
1029550 0
1034049 12910592
1034050 0
1038849 12910592
1038850 0
1044296 12910592
1044297 0
1051741 12910592
1051742 0
1059069 12910592
1059070 0
1066086 12910592
1066087 0
1071730 12910592
1071731 0
1077375 12910592
1077376 0
1083121 12910592
1083122 0
1089341 12910592
1089342 0
1095565 12910592
1095566 0
1104860 12910592
1104861 0
1266170 12910592
1266171 0
1269170 12910592
1269171 0
1271518 12910592
1271519 0
1273860 12910592
1273861 0
1276860 12910592
1276861 0
1280160 12910592
1280161 0
1283160 12910592
1283161 0
1287154 12910592
1287155 0
1291149 12910592
1291150 0
1294152 12910592
1294153 0
1318484 12910592
1318485 0
1325349 12910592
1325350 0
1332509 12910592
1332510 0
1341849 12910592
1341850 0
1351192 12910592
1351193 0
1354495 12910592
1354496 0
1361992 12910592
1361993 0
1369492 12910592
1369493 0
1377372 12910592
1377373 0
1384448 12910592
1384449 0
1392194 12910592
1392195 0
1399184 12910592
1399185 0
1405929 12910592
1405930 0
1413849 12910592
1413850 0
1424649 12910592
1424650 0
1428852 12910592
1428853 0
1442649 12910592
1442650 0
1451759 12910592
1451760 0
1458313 12910592
1458314 0
1468213 12910592
1468214 0
1475049 12910592
1475050 0
1478649 12910592
1478650 0
1487692 12910592
1487693 0
1491849 12910592
1491850 0
1495932 12910592
1495933 0
1503849 12910592
1503850 0
1507329 12910592
1507330 0
1512249 12910592
1512250 0
1517351 12910592
1517352 0
1534209 12910592
1534210 0
1578549 12910592
1578550 0
1583649 12910592
1583650 0
1590849 12910592
1590850 0
1598650 12910592
1598651 0
1608969 12910592
1608970 0
1612689 12910592
1612690 0
1619198 12910592
1619199 0
1627369 12910592
1627370 0
1637049 12910592
1637050 0
1643589 12910592
1643590 0
1649649 12910592
1649650 0
1656527 12910592
1656528 0
1662849 12910592
1662850 0
1671186 12910592
1671187 0
1676611 12910592
1676612 0
1688229 12910592
1688230 0
1694611 12910592
1694612 0
1701249 12910592
1701250 0
1716999 12910592
1717000 0
1722849 12910592
1722850 0
1737849 12910592
1737850 0
1750449 12910592
1750450 0
1765749 12910592
1765750 0
1776549 12910592
1776550 0
1783871 12910592
1783872 0
1791191 12910592
1791192 0
1794727 12910592
1794728 0
1802075 12910592
1802076 0
1809421 12910592
1809422 0
1816448 12910592
1816449 0
1822450 12910592
1822451 0
1827249 12910592
1827250 0
1838649 12910592
1838650 0
1844650 12910592
1844651 0
1852689 12910592
1852690 0
1863549 12910592
1863550 0
1876315 12910592
1876316 0
1887604 12910592
1887605 0
1893849 12910592
1893850 0
1898949 12910592
1898950 0
1926249 12910592
1926250 0
1934049 12910592
1934050 0
1944851 12910592
1944852 0
1950849 12910592
1950850 0
1955992 12910592
1955993 0
1959292 12910592
1959293 0
1966901 12910592
1966902 0
1974506 12910592
1974507 0
1982049 12910592
1982050 0
1986249 12910592
1986250 0
1990450 12910592
1990451 0
1992849 12910592
1992850 0
1997822 12910592
1997823 0
2001849 12910592
2001850 0
2006049 12910592
2006050 0
2010035 12910592
2010036 0
2018437 12910592
2018438 0
2024242 12910592
2024243 0
2030049 12910592
2030050 0
2034549 12910592
2034550 0
2078829 12910592
2078830 0
2081769 12910592
2081770 0
2085549 12910592
2085550 0
2092494 12910592
2092495 0
2096052 12910592
2096053 0
2099613 12910592
2099614 0
2107449 12910592
2107450 0
2112251 12910592
2112252 0
2117049 12910592
2117050 0
2121849 12910592
2121850 0
2180349 12910592
2180350 0
2186051 12910592
2186052 0
2191449 12910592
2191450 0
2195649 12910592
2195650 0
2202928 12910592
2202929 0
2207430 12910592
2207431 0
2211069 12910592
2211070 0
2239449 12910592
2239450 0
2243877 12910592
2243878 0
2248448 12910592
2248449 0
2254031 12910592
2254032 0
2261229 12910592
2261230 0
2268429 12910592
2268430 0
2276711 12910592
2276712 0
2286369 12910592
2286370 0
2295849 12910592
2295850 0
2303049 12910592
2303050 0
2315649 12910592
2315650 0
2321049 12910592
2321050 0
2329449 12910592
2329450 0
2337249 12910592
2337250 0
2340849 12910592
2340850 0
2351649 12910592
2351650 0
2357049 12910592
2357050 0
2367849 12910592
2367850 0
2375049 12910592
2375050 0
2384231 12910592
2384232 0
2392989 12910592
2392990 0
2404961 12910592
2404962 0
2411349 12910592
2411350 0
2423649 12910592
2423650 0
2429049 12910592
2429050 0
2439393 12910592
2439394 0
2445036 12910592
2445037 0
2450681 12910592
2450682 0
2454249 12910592
2454250 0
2461427 12910592
2461428 0
2468870 12910592
2468871 0
2478849 12910592
2478850 0
2484249 12910592
2484250 0
2521149 12910592
2521150 0
2564049 12910592
2564050 0
2571594 12910592
2571595 0
2579092 12910592
2579093 0
2589249 12910592
2589250 0
2594050 12910592
2594051 0
2601120 12910592
2601121 0
2608727 12910592
2608728 0
2616251 12910592
2616252 0
2625249 12910592
2625250 0
2633649 12910592
2633650 0
2639651 12910592
2639652 0
2648649 12910592
2648650 0
2660049 12910592
2660050 0
2667849 12910592
2667850 0
2677749 12910592
2677750 0
2686929 12910592
2686930 0
2700189 12910592
2700190 0
2708049 12910592
2708050 0
2713451 12910592
2713452 0
2720649 12910592
2720650 0
2736611 12910592
2736612 0
2742549 12910592
2742550 0
2749929 12910592
2749930 0
2755629 12910592
2755630 0
2762469 12910592
2762470 0
2780889 12910592
2780890 0
2785938 12910592
2785939 0
2790849 12910592
2790850 0
2796371 12910592
2796372 0
2808849 12910592
2808850 0
2817251 12910592
2817252 0
2828649 12910592
2828650 0
2835849 12910592
2835850 0
2846649 12910592
2846650 0
44 events for B
107273 4214960
107277 0
107703 4214960
107707 0
108443 4214960
108447 0
108873 4214960
108877 0
475285 4214960
475289 0
475715 4214960
475719 0
476455 4214960
476459 0
476885 4214960
476889 0
546259 4214960
546263 0
546689 4214960
546693 0
547429 4214960
547433 0
547859 4214960
547863 0
712073 4214960
712077 0
712503 4214960
712507 0
713243 4214960
713247 0
713673 4214960
713677 0
1080085 4214960
1080089 0
1080515 4214960
1080519 0
1081255 4214960
1081259 0
1081685 4214960
1081689 0
1685411 67463256
1685416 0
2290211 47210957
2290216 0
20 events for C
86349 0
86949 224
691149 0
1041189 20
1041369 0
1043529 20
1043709 0
1043769 28
1209909 0
1222209 20
1222389 0
1224549 20
1224729 0
1224789 126
1296309 0
1296549 305
1900749 0
1901349 305
2505549 0
2506149 330
36 events for D
565347 26968906
565352 0
586947 134824032
586952 0
589873 20221556
589878 0
781287 83191028
781292 0
975687 38234987
975692 0
997287 107957608
997292 0
1018887 350862225
1018892 0
1018893 4498234
1018898 0
1040487 38234987
1040492 0
1364547 42873674
1364552 0
1386147 60808152
1386152 0
1472547 123650191
1472552 0
1494147 112353360
1494152 0
1515747 191051956
1515752 0
1537347 148359728
1537352 0
2198187 92231261
2198192 0
2228547 67412016
2228552 0
2537234 67429102
2537239 0
2 events for E
693049 0
693050 18
262 events for F
5769 0
56270 1714
67680 0
69220 906
69960 1714
84969 0
102249 1714
104983 0
105163 215
116639 0
120463 1714
123498 0
146669 1500
152684 0
166859 1500
172869 0
204909 906
205659 0
314820 906
326555 0
328095 906
344169 0
365649 906
382048 0
388228 906
395189 0
439016 906
454506 0
461769 906
468089 0
556488 906
563943 0
565483 906
582132 0
588372 906
600322 0
638241 906
654890 0
661070 906
672480 0
713444 906
728298 0
734478 906
746812 0
757492 1500
763604 0
771566 1500
777678 0
822409 906
839383 0
845563 906
857838 0
860178 906
868055 0
910149 906
910915 0
964449 1714
968058 0
971529 1714
988823 0
995399 1714
1003899 0
1009809 906
1010549 1714
1022627 0
1029407 1714
1041416 0
1043696 1714
1059606 0
1065786 1714
1077795 0
1081778 906
1082518 1714
1095985 0
1102165 1714
1107669 0
1138544 215
1149964 0
1255749 906
1256489 0
1265870 906
1277280 0
1279560 906
1294569 0
1317876 906
1333098 0
1340235 906
1351612 0
1353152 906
1369912 0
1376906 906
1388426 0
1391594 906
1406594 0
1413335 906
1425669 0
1427209 906
1444183 0
1450363 906
1453269 0
1453749 906
1462698 0
1464978 906
1480912 0
1487392 906
1496469 0
1496649 1087
1499359 0
1502306 906
1518240 0
1524394 593
1530061 0
1532080 906
1535040 0
1539515 593
1553076 0
1575249 906
1581969 0
1583049 906
1591631 0
1597828 906
1609809 0
1611405 906
1626069 0
1626549 906
1628009 0
1634207 906
1646151 0
1648560 906
1664312 0
1670586 1714
1682454 0
1686634 906
1687374 1714
1723269 0
1736049 1714
1766469 0
1775949 1714
1791611 0
1793387 906
1794127 1714
1809841 0
1812579 1714
1828055 0
1834291 1714
1842069 0
1842549 906
1846289 0
1847858 906
1864490 0
1870670 906
1882080 0
1884360 906
1890669 0
1891449 906
1899369 0
1922780 906
1937893 0
1944078 906
1956412 0
1957952 906
1974926 0
1981106 906
1993440 0
1997220 906
2010455 0
2018135 906
2030469 0
2032009 906
2036169 0
2078135 906
2086012 0
2092192 906
2100033 0
2106109 906
2122269 0
2129220 1600
2139361 0
2144459 1500
2150717 0
2151779 1500
2154121 0
2180049 906
2196448 0
2202628 906
2207848 0
2208328 906
2211069 0
2218427 906
2219184 1500
2224459 0
2225784 1500
2231069 0
2239007 906
2251016 0
2253296 906
2269206 0
2275386 906
2287395 0
2291155 906
2305465 0
2311765 906
2323772 0
2326054 906
2338869 0
2339349 906
2341964 0
2348144 906
2360153 0
2362433 906
2378343 0
2379883 906
2396471 0
2402712 906
2414662 0
2417002 906
2432911 0
2439091 906
2451101 0
2452641 906
2469290 0
2475470 906
2486880 0
2491556 1500
2495571 0
2497256 1500
2501281 0
2519649 906
2522769 0
2529849 215
2541369 0
2563792 906
2579512 0
2585906 906
2598240 0
2600520 906
2616755 0
2622935 906
2635269 0
2636809 906
2653783 0
2659963 906
2672298 0
2674578 906
2690812 0
2696992 906
2709326 0
2710866 906
2727840 0
2734020 906
2745755 0
2748035 906
2763369 0
2778849 906
2783049 0
2785338 906
2801248 0
2807428 906
2819437 0
2820977 906
2837627 0
2843807 906
44 events for G
108975 4214960
108979 0
109405 4214960
109409 0
110145 4214960
110149 0
110575 4214960
110579 0
476987 4214960
476991 0
477417 4214960
477421 0
478157 4214960
478161 0
478587 4214960
478591 0
547961 4214960
547965 0
548391 4214960
548395 0
549131 4214960
549135 0
549561 4214960
549565 0
713775 4214960
713779 0
714205 4214960
714209 0
714945 4214960
714949 0
715375 4214960
715379 0
1081787 4214960
1081791 0
1082217 4214960
1082221 0
1082957 4214960
1082961 0
1083387 4214960
1083391 0
1687113 67463256
1687118 0
2291913 47210957
2291918 0
97 events for H
14295 706
18495 1285
50674 706
107467 2414
109307 706
136073 1285
141653 706
155784 1285
157764 706
395453 1285
419011 706
423211 1285
437200 706
439420 1772
455090 706
459710 1772
475479 2414
477839 1772
491469 706
546453 2414
556213 706
588296 1285
619073 706
623295 1285
632753 706
692153 0
692154 487
712267 2414
714107 487
786524 2414
802724 487
807139 2414
839967 487
844167 2414
876996 487
1080279 2414
1082119 487
1108553 2414
1132947 487
1137148 2414
1169326 487
1173527 2414
1177127 487
1195127 2414
1198727 487
1208406 2414
1210553 487
1221953 2414
1260274 487
1315953 2414
1333682 487
1337882 2414
1345853 487
1391393 2414
1407178 487
1596432 2414
1603853 487
1632856 2414
1664896 487
1685079 2414
1686919 487
1842953 2414
1865074 487
1869277 2414
1891253 487
1920753 2414
1938477 487
1942684 2414
1950353 487
2037053 2414
2049507 487
2053767 2414
2086596 487
2253700 2414
2269790 487
2273990 2414
2306049 487
2310429 2414
2339453 487
2381027 2414
2397055 487
2401316 2414
2425853 1285
2526667 2414
2528507 1285
2533560 2414
2543282 1285
2547482 2414
2555282 1285
2663453 2414
2691396 1285
2695596 2414
2706653 1285
2732624 2414
2763953 1285
2777153 2414
2787542 1285
204 events for I
111185 117965
111275 124709
112136 6744
113045 124709
113936 6744
114845 124709
115736 6744
116645 124709
117536 6744
118445 124709
119336 6744
120245 124709
121136 6744
122036 0
129700 117965
129790 124709
130651 6744
131560 124709
132451 6744
133360 124709
134251 6744
135160 124709
136051 6744
136951 0
314932 7514
328573 0
330747 7514
346188 0
634471 58982
634561 66496
635842 6744
636331 66496
637702 6744
638122 0
640803 58982
640893 66496
642174 6744
642663 66496
644034 6744
644463 66496
645834 6744
655254 0
661092 58982
661182 66496
662463 6744
662952 66496
664323 6744
664752 66496
666123 6744
671943 0
1012371 235930
1012461 242674
1014222 6744
1014411 242674
1016262 6744
1016451 242674
1018302 6744
1018551 242674
1020402 6744
1021422 0
1029429 235930
1029519 242674
1030135 6744
1030140 0
1044922 169032
1046722 45609
1048527 0
1582291 117965
1582381 125479
1583662 7514
1584022 0
1719961 3372
1725142 0
1745161 3372
1753522 0
1762561 3372
1767922 0
1790161 3372
1793122 0
1796039 3372
1811840 0
1952071 117965
1952161 121337
1953682 3372
1953931 121337
1955482 3372
1955722 0
1960514 117965
1960604 121337
1961945 3372
1967774 121337
1969145 3372
1971365 0
1981128 117965
1981218 121337
1982739 3372
1986588 121337
1988139 3372
1988379 0
2187961 3372
2188831 121337
2191582 3372
2192431 121337
2195122 3372
2196022 0
2202650 117965
2202740 121337
2204201 3372
2204510 121337
2206061 3372
2209901 0
2557111 19661
2557201 25951
2558962 6290
2559751 25951
2561602 6290
2562142 0
2565451 19661
2565541 25951
2567302 6290
2568091 25951
2569942 6290
2570911 25951
2572762 6290
2573491 25951
2575342 6290
2576311 25951
2578162 6290
2578891 25951
2580742 6290
2581282 0
2586031 19661
2586121 25951
2587882 6290
2588011 25951
2589862 6290
2590231 25951
2592082 6290
2592211 25951
2594062 6290
2594431 25951
2596282 6290
2596411 25951
2598257 6290
2598262 0
2602342 117965
2602432 124709
2603893 6744
2618593 0
2622957 117965
2623047 124709
2624508 6744
2637288 0
2639371 117965
2639461 124709
2640922 6744
2653702 0
2789371 19661
2789461 25951
2791222 6290
2791351 25951
2793202 6290
2793571 25951
2795422 6290
2795551 25951
2797402 6290
2797771 25951
2799622 6290
2799751 25951
2801597 6290
2801602 0
2807551 19661
2807641 25951
2808502 6290
2808631 25951
2809582 6290
2809951 25951
2810902 6290
2811151 25951
2812102 6290
2812351 25951
2813302 6290
2813431 25951
2814382 6290
2814387 0
2816071 117965
2816161 124709
2817682 6744
2819687 0
2819731 117965
2821342 6744
2821402 0
2823539 117965
2823629 124709
2825150 6744
2828955 0
2828999 117965
2830610 6744
2836070 0
2843829 117965
2843919 124709
2845440 6744
2847445 0
2847489 117965
123 events for J
18133 873
46933 0
98691 1365
98871 0
100671 1365
101211 3481
120411 0
201977 873
230777 0
276034 873
304834 0
363891 1365
364611 3481
383811 0
444168 3276
459168 0
694191 1979
695391 0
697191 1979
710391 0
879760 8
879761 0
880834 1365
881014 0
882814 1365
883354 1979
897754 1365
897934 1979
912334 1365
913054 1979
927454 1365
927634 1979
942034 1365
942754 1979
957154 1365
957334 1979
971734 0
1010134 3754
1010854 0
1012654 3754
1016254 0
1049691 3754
1050411 0
1052211 3754
1055811 0
1084791 3754
1085511 0
1087311 3754
1090911 0
1126191 3754
1126911 0
1128711 3754
1132311 0
1169391 3754
1170111 0
1171911 3754
1175511 0
1361991 3754
1362711 0
1364511 3754
1368111 0
1390791 3754
1391511 0
1393311 3754
1396911 0
1433091 3754
1433811 0
1435611 3754
1439211 0
1507791 3754
1508511 0
1510311 3754
1513911 0
1594191 1365
1594371 0
1596171 1365
1596711 1979
1611111 1365
1611291 1979
1625691 1365
1626411 1979
1640811 1365
1640991 1979
1655391 1365
1656111 1979
1670511 1365
1670691 1979
1685091 0
1730991 665
1763391 0
2093031 3276
2108031 0
2122491 3754
2123211 0
2125011 3754
2128611 0
2140491 3754
2141211 0
2143011 3754
2146611 0
2210691 3754
2211411 0
2213211 3754
2216811 0
2232291 1365
2232471 0
2234271 1365
2234811 2935
2249211 1365
2249391 2935
2263791 1365
2264511 2935
2278911 1365
2279091 2935
2293491 1365
2294211 2935
2308611 1365
2308791 2935
2323191 0
2680174 3276
2695174 0
2805670 665
2805671 0
32 events for K
90086 0
101487 1300
349286 0
366687 1300
694886 0
706767 600
706947 1300
953567 700
953612 0
965787 600
965967 1300
1212707 700
1212752 0
1224867 600
1225047 1300
1299107 700
1299152 0
1317267 600
1317447 1300
1557527 700
1557572 0
1576467 600
1576587 1300
1904087 700
1904132 0
1921887 1300
2163686 0
2181087 1300
2509286 0
2520687 1950
2768486 0
2779887 1950
2 events for L
694830 0
694831 74
1210 events for M
197 12910592
198 0
17286 12910592
17287 0
17546 12910592
17547 0
18126 12910592
18127 0
18386 12910592
18387 0
35476 12910592
35477 0
35736 12910592
35737 0
36316 12910592
36317 0
36576 12910592
36577 0
53665 12910592
53666 0
53925 12910592
53926 0
54505 12910592
54506 0
54765 12910592
54766 0
71255 12910592
71256 0
71515 12910592
71516 0
72095 12910592
72096 0
72355 12910592
72356 0
88544 12910592
88545 0
88804 12910592
88805 0
89384 12910592
89385 0
89644 12910592
89645 0
108558 12910592
108559 0
108788 12910592
108789 0
109328 12910592
109329 0
109558 12910592
109559 0
127073 12910592
127074 0
127333 12910592
127334 0
127913 12910592
127914 0
128173 12910592
128174 0
145587 12910592
145588 0
145847 12910592
145848 0
146427 12910592
146428 0
146687 12910592
146688 0
164101 12910592
164102 0
164361 12910592
164362 0
164941 12910592
164942 0
165201 12910592
165202 0
182615 12910592
182616 0
182875 12910592
182876 0
183455 12910592
183456 0
183715 12910592
183716 0
201130 12910592
201131 0
201390 12910592
201391 0
201970 12910592
201971 0
202230 12910592
202231 0
219644 12910592
219645 0
219904 12910592
219905 0
220484 12910592
220485 0
220744 12910592
220745 0
238158 12910592
238159 0
238418 12910592
238419 0
238998 12910592
238999 0
239258 12910592
239259 0
256673 12910592
256674 0
256933 12910592
256934 0
257513 12910592
257514 0
257773 12910592
257774 0
275187 12910592
275188 0
275447 12910592
275448 0
276027 12910592
276028 0
276287 12910592
276288 0
293701 12910592
293702 0
293961 12910592
293962 0
294541 12910592
294542 0
294801 12910592
294802 0
312215 12910592
312216 0
312475 12910592
312476 0
313055 12910592
313056 0
313315 12910592
313316 0
330130 12910592
330131 0
330390 12910592
330391 0
330970 12910592
330971 0
331230 12910592
331231 0
347744 12910592
347745 0
348004 12910592
348005 0
348584 12910592
348585 0
348844 12910592
348845 0
366644 12910592
366645 0
366904 12910592
366905 0
367484 12910592
367485 0
367744 12910592
367745 0
385623 12910592
385624 0
385883 12910592
385884 0
386463 12910592
386464 0
386723 12910592
386724 0
403812 12910592
403813 0
404072 12910592
404073 0
404652 12910592
404653 0
404912 12910592
404913 0
422002 12910592
422003 0
422262 12910592
422263 0
422842 12910592
422843 0
423102 12910592
423103 0
440191 12910592
440192 0
440451 12910592
440452 0
441031 12910592
441032 0
441291 12910592
441292 0
458381 12910592
458382 0
458641 12910592
458642 0
459221 12910592
459222 0
459481 12910592
459482 0
476570 12910592
476571 0
476800 12910592
476801 0
477340 12910592
477341 0
477570 12910592
477571 0
494760 12910592
494761 0
495020 12910592
495021 0
495600 12910592
495601 0
495860 12910592
495861 0
512949 12910592
512950 0
513209 12910592
513210 0
513789 12910592
513790 0
514049 12910592
514050 0
531139 12910592
531140 0
531399 12910592
531400 0
531979 12910592
531980 0
532239 12910592
532240 0
547544 12910592
547545 0
547774 12910592
547775 0
548314 12910592
548315 0
548544 12910592
548545 0
567518 12910592
567519 0
567778 12910592
567779 0
568358 12910592
568359 0
568618 12910592
568619 0
585707 12910592
585708 0
585967 12910592
585968 0
586547 12910592
586548 0
586807 12910592
586808 0
603897 12910592
603898 0
604157 12910592
604158 0
604737 12910592
604738 0
604997 12910592
604998 0
622086 12910592
622087 0
622346 12910592
622347 0
622926 12910592
622927 0
623186 12910592
623187 0
640276 12910592
640277 0
640536 12910592
640537 0
641116 12910592
641117 0
641376 12910592
641377 0
658465 12910592
658466 0
658725 12910592
658726 0
659305 12910592
659306 0
659565 12910592
659566 0
676055 12910592
676056 0
676315 12910592
676316 0
676895 12910592
676896 0
677155 12910592
677156 0
693344 12910592
693345 0
693604 12910592
693605 0
694184 12910592
694185 0
694444 12910592
694445 0
713358 12910592
713359 0
713588 12910592
713589 0
714128 12910592
714129 0
714358 12910592
714359 0
731873 12910592
731874 0
732133 12910592
732134 0
732713 12910592
732714 0
732973 12910592
732974 0
750387 12910592
750388 0
750647 12910592
750648 0
751227 12910592
751228 0
751487 12910592
751488 0
768901 12910592
768902 0
769161 12910592
769162 0
769741 12910592
769742 0
770001 12910592
770002 0
787415 12910592
787416 0
787675 12910592
787676 0
788255 12910592
788256 0
788515 12910592
788516 0
805930 12910592
805931 0
806190 12910592
806191 0
806770 12910592
806771 0
807030 12910592
807031 0
824444 12910592
824445 0
824704 12910592
824705 0
825284 12910592
825285 0
825544 12910592
825545 0
842958 12910592
842959 0
843218 12910592
843219 0
843798 12910592
843799 0
844058 12910592
844059 0
861473 12910592
861474 0
861733 12910592
861734 0
862313 12910592
862314 0
862573 12910592
862574 0
879987 12910592
879988 0
880247 12910592
880248 0
880827 12910592
880828 0
881087 12910592
881088 0
898501 12910592
898502 0
898761 12910592
898762 0
899341 12910592
899342 0
899601 12910592
899602 0
917015 12910592
917016 0
917275 12910592
917276 0
917855 12910592
917856 0
918115 12910592
918116 0
934930 12910592
934931 0
935190 12910592
935191 0
935770 12910592
935771 0
936030 12910592
936031 0
952544 12910592
952545 0
952804 12910592
952805 0
953384 12910592
953385 0
953644 12910592
953645 0
972233 12910592
972234 0
972493 12910592
972494 0
973073 12910592
973074 0
973333 12910592
973334 0
992794 12910592
992795 0
993054 12910592
993055 0
993634 12910592
993635 0
993894 12910592
993895 0
1007194 12910592
1007195 0
1007454 12910592
1007455 0
1008034 12910592
1008035 0
1008294 12910592
1008295 0
1026802 12910592
1026803 0
1027062 12910592
1027063 0
1027642 12910592
1027643 0
1027902 12910592
1027903 0
1044991 12910592
1044992 0
1045251 12910592
1045252 0
1045831 12910592
1045832 0
1046091 12910592
1046092 0
1063181 12910592
1063182 0
1063441 12910592
1063442 0
1064021 12910592
1064022 0
1064281 12910592
1064282 0
1081370 12910592
1081371 0
1081600 12910592
1081601 0
1082140 12910592
1082141 0
1082370 12910592
1082371 0
1099560 12910592
1099561 0
1099820 12910592
1099821 0
1100400 12910592
1100401 0
1100660 12910592
1100661 0
1117749 12910592
1117750 0
1118009 12910592
1118010 0
1118589 12910592
1118590 0
1118849 12910592
1118850 0
1135939 12910592
1135940 0
1136199 12910592
1136200 0
1136779 12910592
1136780 0
1137039 12910592
1137040 0
1154128 12910592
1154129 0
1154388 12910592
1154389 0
1154968 12910592
1154969 0
1155228 12910592
1155229 0
1172318 12910592
1172319 0
1172578 12910592
1172579 0
1173158 12910592
1173159 0
1173418 12910592
1173419 0
1190507 12910592
1190508 0
1190767 12910592
1190768 0
1191347 12910592
1191348 0
1191607 12910592
1191608 0
1208697 12910592
1208698 0
1208957 12910592
1208958 0
1209537 12910592
1209538 0
1209797 12910592
1209798 0
1226886 12910592
1226887 0
1227146 12910592
1227147 0
1227726 12910592
1227727 0
1227986 12910592
1227987 0
1245076 12910592
1245077 0
1245336 12910592
1245337 0
1245916 12910592
1245917 0
1246176 12910592
1246177 0
1263265 12910592
1263266 0
1263525 12910592
1263526 0
1264105 12910592
1264106 0
1264365 12910592
1264366 0
1280855 12910592
1280856 0
1281115 12910592
1281116 0
1281695 12910592
1281696 0
1281955 12910592
1281956 0
1298144 12910592
1298145 0
1298404 12910592
1298405 0
1298984 12910592
1298985 0
1299244 12910592
1299245 0
1317044 12910592
1317045 0
1317274 12910592
1317275 0
1317814 12910592
1317815 0
1318044 12910592
1318045 0
1336673 12910592
1336674 0
1336933 12910592
1336934 0
1337513 12910592
1337514 0
1337773 12910592
1337774 0
1355187 12910592
1355188 0
1355447 12910592
1355448 0
1356027 12910592
1356028 0
1356287 12910592
1356288 0
1373701 12910592
1373702 0
1373961 12910592
1373962 0
1374541 12910592
1374542 0
1374801 12910592
1374802 0
1392215 12910592
1392216 0
1392475 12910592
1392476 0
1393055 12910592
1393056 0
1393315 12910592
1393316 0
1410730 12910592
1410731 0
1410990 12910592
1410991 0
1411570 12910592
1411571 0
1411830 12910592
1411831 0
1429244 12910592
1429245 0
1429504 12910592
1429505 0
1430084 12910592
1430085 0
1430344 12910592
1430345 0
1447758 12910592
1447759 0
1448018 12910592
1448019 0
1448598 12910592
1448599 0
1448858 12910592
1448859 0
1466273 12910592
1466274 0
1466533 12910592
1466534 0
1467113 12910592
1467114 0
1467373 12910592
1467374 0
1484787 12910592
1484788 0
1485047 12910592
1485048 0
1485627 12910592
1485628 0
1485887 12910592
1485888 0
1503301 12910592
1503302 0
1503561 12910592
1503562 0
1504141 12910592
1504142 0
1504401 12910592
1504402 0
1521815 12910592
1521816 0
1522075 12910592
1522076 0
1522655 12910592
1522656 0
1522915 12910592
1522916 0
1539730 12910592
1539731 0
1539990 12910592
1539991 0
1540570 12910592
1540571 0
1540830 12910592
1540831 0
1557344 12910592
1557345 0
1557604 12910592
1557605 0
1558184 12910592
1558185 0
1558444 12910592
1558445 0
1576244 12910592
1576245 0
1576504 12910592
1576505 0
1577084 12910592
1577085 0
1577344 12910592
1577345 0
1595223 12910592
1595224 0
1595483 12910592
1595484 0
1596063 12910592
1596064 0
1596323 12910592
1596324 0
1613412 12910592
1613413 0
1613672 12910592
1613673 0
1614252 12910592
1614253 0
1614512 12910592
1614513 0
1631602 12910592
1631603 0
1631862 12910592
1631863 0
1632442 12910592
1632443 0
1632702 12910592
1632703 0
1649791 12910592
1649792 0
1650051 12910592
1650052 0
1650631 12910592
1650632 0
1650891 12910592
1650892 0
1667981 12910592
1667982 0
1668241 12910592
1668242 0
1668821 12910592
1668822 0
1669081 12910592
1669082 0
1686170 12910592
1686171 0
1686400 12910592
1686401 0
1686940 12910592
1686941 0
1687170 12910592
1687171 0
1773344 12910592
1773345 0
1773604 12910592
1773605 0
1774184 12910592
1774185 0
1774444 12910592
1774445 0
1795307 12910592
1795308 0
1795567 12910592
1795568 0
1796147 12910592
1796148 0
1796407 12910592
1796408 0
1813497 12910592
1813498 0
1813757 12910592
1813758 0
1814337 12910592
1814338 0
1814597 12910592
1814598 0
1831686 12910592
1831687 0
1831946 12910592
1831947 0
1832526 12910592
1832527 0
1832786 12910592
1832787 0
1849876 12910592
1849877 0
1850136 12910592
1850137 0
1850716 12910592
1850717 0
1850976 12910592
1850977 0
1868065 12910592
1868066 0
1868325 12910592
1868326 0
1868905 12910592
1868906 0
1869165 12910592
1869166 0
1885655 12910592
1885656 0
1885915 12910592
1885916 0
1886495 12910592
1886496 0
1886755 12910592
1886756 0
1902944 12910592
1902945 0
1903204 12910592
1903205 0
1903784 12910592
1903785 0
1904044 12910592
1904045 0
1921844 12910592
1921845 0
1922074 12910592
1922075 0
1922614 12910592
1922615 0
1922844 12910592
1922845 0
1941473 12910592
1941474 0
1941733 12910592
1941734 0
1942313 12910592
1942314 0
1942573 12910592
1942574 0
1959987 12910592
1959988 0
1960247 12910592
1960248 0
1960827 12910592
1960828 0
1961087 12910592
1961088 0
1978501 12910592
1978502 0
1978761 12910592
1978762 0
1979341 12910592
1979342 0
1979601 12910592
1979602 0
1997015 12910592
1997016 0
1997275 12910592
1997276 0
1997855 12910592
1997856 0
1998115 12910592
1998116 0
2015530 12910592
2015531 0
2015790 12910592
2015791 0
2016370 12910592
2016371 0
2016630 12910592
2016631 0
2034044 12910592
2034045 0
2034304 12910592
2034305 0
2034884 12910592
2034885 0
2035144 12910592
2035145 0
2052558 12910592
2052559 0
2052818 12910592
2052819 0
2053398 12910592
2053399 0
2053658 12910592
2053659 0
2071073 12910592
2071074 0
2071333 12910592
2071334 0
2071913 12910592
2071914 0
2072173 12910592
2072174 0
2089587 12910592
2089588 0
2089847 12910592
2089848 0
2090427 12910592
2090428 0
2090687 12910592
2090688 0
2108101 12910592
2108102 0
2108361 12910592
2108362 0
2108941 12910592
2108942 0
2109201 12910592
2109202 0
2126615 12910592
2126616 0
2126875 12910592
2126876 0
2127455 12910592
2127456 0
2127715 12910592
2127716 0
2144530 12910592
2144531 0
2144790 12910592
2144791 0
2145370 12910592
2145371 0
2145630 12910592
2145631 0
2162144 12910592
2162145 0
2162404 12910592
2162405 0
2162984 12910592
2162985 0
2163244 12910592
2163245 0
2181044 12910592
2181045 0
2181304 12910592
2181305 0
2181884 12910592
2181885 0
2182144 12910592
2182145 0
2200023 12910592
2200024 0
2200283 12910592
2200284 0
2200863 12910592
2200864 0
2201123 12910592
2201124 0
2218212 12910592
2218213 0
2218472 12910592
2218473 0
2219052 12910592
2219053 0
2219312 12910592
2219313 0
2236402 12910592
2236403 0
2236662 12910592
2236663 0
2237242 12910592
2237243 0
2237502 12910592
2237503 0
2254591 12910592
2254592 0
2254851 12910592
2254852 0
2255431 12910592
2255432 0
2255691 12910592
2255692 0
2272781 12910592
2272782 0
2273041 12910592
2273042 0
2273621 12910592
2273622 0
2273881 12910592
2273882 0
2290970 12910592
2290971 0
2291200 12910592
2291201 0
2291740 12910592
2291741 0
2291970 12910592
2291971 0
2309160 12910592
2309161 0
2309420 12910592
2309421 0
2310000 12910592
2310001 0
2310260 12910592
2310261 0
2327349 12910592
2327350 0
2327609 12910592
2327610 0
2328189 12910592
2328190 0
2328449 12910592
2328450 0
2345539 12910592
2345540 0
2345799 12910592
2345800 0
2346379 12910592
2346380 0
2346639 12910592
2346640 0
2363728 12910592
2363729 0
2363988 12910592
2363989 0
2364568 12910592
2364569 0
2364828 12910592
2364829 0
2381918 12910592
2381919 0
2382178 12910592
2382179 0
2382758 12910592
2382759 0
2383018 12910592
2383019 0
2400107 12910592
2400108 0
2400367 12910592
2400368 0
2400947 12910592
2400948 0
2401207 12910592
2401208 0
2418297 12910592
2418298 0
2418557 12910592
2418558 0
2419137 12910592
2419138 0
2419397 12910592
2419398 0
2436486 12910592
2436487 0
2436746 12910592
2436747 0
2437326 12910592
2437327 0
2437586 12910592
2437587 0
2454676 12910592
2454677 0
2454936 12910592
2454937 0
2455516 12910592
2455517 0
2455776 12910592
2455777 0
2472865 12910592
2472866 0
2473125 12910592
2473126 0
2473705 12910592
2473706 0
2473965 12910592
2473966 0
2490455 12910592
2490456 0
2490715 12910592
2490716 0
2491295 12910592
2491296 0
2491555 12910592
2491556 0
2507744 12910592
2507745 0
2508004 12910592
2508005 0
2508584 12910592
2508585 0
2508844 12910592
2508845 0
2527758 12910592
2527759 0
2527988 12910592
2527989 0
2528528 12910592
2528529 0
2528758 12910592
2528759 0
2546273 12910592
2546274 0
2546533 12910592
2546534 0
2547113 12910592
2547114 0
2547373 12910592
2547374 0
2564787 12910592
2564788 0
2565047 12910592
2565048 0
2565627 12910592
2565628 0
2565887 12910592
2565888 0
2583301 12910592
2583302 0
2583561 12910592
2583562 0
2584141 12910592
2584142 0
2584401 12910592
2584402 0
2601815 12910592
2601816 0
2602075 12910592
2602076 0
2602655 12910592
2602656 0
2602915 12910592
2602916 0
2620330 12910592
2620331 0
2620590 12910592
2620591 0
2621170 12910592
2621171 0
2621430 12910592
2621431 0
2638844 12910592
2638845 0
2639104 12910592
2639105 0
2639684 12910592
2639685 0
2639944 12910592
2639945 0
2657358 12910592
2657359 0
2657618 12910592
2657619 0
2658198 12910592
2658199 0
2658458 12910592
2658459 0
2675873 12910592
2675874 0
2676133 12910592
2676134 0
2676713 12910592
2676714 0
2676973 12910592
2676974 0
2694387 12910592
2694388 0
2694647 12910592
2694648 0
2695227 12910592
2695228 0
2695487 12910592
2695488 0
2712901 12910592
2712902 0
2713161 12910592
2713162 0
2713741 12910592
2713742 0
2714001 12910592
2714002 0
2731415 12910592
2731416 0
2731675 12910592
2731676 0
2732255 12910592
2732256 0
2732515 12910592
2732516 0
2749330 12910592
2749331 0
2749590 12910592
2749591 0
2750170 12910592
2750171 0
2750430 12910592
2750431 0
2766944 12910592
2766945 0
2767204 12910592
2767205 0
2767784 12910592
2767785 0
2768044 12910592
2768045 0
2786633 12910592
2786634 0
2786893 12910592
2786894 0
2787473 12910592
2787474 0
2787733 12910592
2787734 0
2804823 12910592
2804824 0
2805083 12910592
2805084 0
2805663 12910592
2805664 0
2805923 12910592
2805924 0
2823012 12910592
2823013 0
2823272 12910592
2823273 0
2823852 12910592
2823853 0
2824112 12910592
2824113 0
2841202 12910592
2841203 0
2841462 12910592
2841463 0
2842042 12910592
2842043 0
2842302 12910592
2842303 0
20 events for N
88889 0
89489 224
693689 0
1043729 20
1043909 0
1046069 20
1046249 0
1046309 28
1212449 0
1224749 20
1224929 0
1227089 20
1227269 0
1227329 126
1298849 0
1299089 305
1903289 0
1903889 305
2508089 0
2508689 330
