14 instruments
A 10 100 7196.0339286610251 2810950753.383213
B 10 100 50290700 1600000000
C 10 100 804865230.11019051 7419592213.7182751
D 10 100 2338 640000000
E 10 100 0 275897579.9041419
F 10 100 0 276873309.16802311
G 10 100 40786.332763907049 54547276.407707497
H 10 100 47192398.279190399 1501427445.7644184
I 10 100 6553.6061313363007 2560002395.0532427
J 10 100 0 938631764.34521866
K 10 100 352362.70723718189 299636114.68177354
L 10 100 2022727.6804039259 699754440.78838515
M 10 100 0 296462475.07613176
N 10 100 1801610371.8348846 4747451505.5334387
140 downlinks
0 862 44901 9462.077765
1 44902 60235 8739.387213
2 100749 115653 27177.101999999999
3 131202 155311 28867.988366000001
4 156252 178780 8757.0573490000006
5 217503 259751 30482.278361000001
6 259752 296645 9337.789702
7 296646 325107 8515.7706749999998
8 365949 380832 8900.7025030000004
9 383042 408831 8778.3355150000007
10 408842 437214 29886.497736000001
11 439739 466980 29243.536622
12 467699 471912 26517.245249
13 476408 490680 8834.4018649999998
14 509939 521314 9457.9623840000004
15 533335 553231 28164.872808
16 562710 604939 30503.298975000002
17 604940 627355 8691.2845450000004
18 627831 637826 8525.9525360000007
19 640491 644244 28086.786929000002
20 705549 733493 9305.8530659999997
21 735317 739831 9003.7058219999999
22 765228 780989 29720.859928999998
23 813982 817639 28196.056719
24 821621 838334 8724.7512220000008
25 839924 867259 9238.0711549999996
26 868180 907924 29465.914934
27 907925 915901 8736.7051790000005
28 938920 952934 8623.2506759999997
29 964749 986998 8421.9856619999991
30 991239 1011098 27549.328343000001
31 1022916 1040175 29572.320551000001
32 1042472 1072611 29086.290951999999
33 1072712 1101387 8813.8421070000004
34 1109612 1126578 29493.047434
35 1134508 1157999 27435.630709000001
36 1158890 1170418 29792.428981000001
37 1173508 1183391 8997.6095590000004
38 1186408 1209595 26654.011493000002
39 1223949 1247074 8664.3956859999998
40 1247304 1273163 8910.3347130000002
41 1316349 1336346 9263.3037550000008
42 1339455 1345687 8194.1372179999998
43 1357400 1370063 8812.3468479999992
44 1388896 1390727 28513.272391999999
45 1417571 1421732 29797.943813000002
46 1425763 1460595 9287.2106050000002
47 1460596 1471348 9493.8769009999996
48 1474752 1510832 29841.66733
49 1512071 1516749 9031.5484039999992
50 1575549 1587179 27058.173078
51 1589288 1592845 27764.822221999999
52 1596788 1613390 8866.3210920000001
53 1625275 1637435 30200.423556999998
54 1640547 1645391 9259.4321029999992
55 1649583 1673654 9457.3783449999992
56 1675383 1679211 29542.407908000001
57 1684689 1699532 8564.5545529999999
58 1708683 1731352 9335.3412189999999
59 1733879 1762605 27874.981927000001
60 1770999 1813154 30587.746092000001
61 1813155 1857307 9231.3874039999992
62 1857308 1873526 8609.2624169999999
63 1874875 1891107 8689.6108280000008
64 1899460 1901507 26609.79682
65 1921149 1940754 8915.2263710000007
66 1943619 1973569 9094.9622560000007
67 1973570 1991284 8333.9255690000009
68 1991866 1998207 27500.430241999999
69 2012284 2028637 8601.7316499999997
70 2029930 2064843 9100.8958739999998
71 2078561 2091850 9427.4328960000003
72 2094821 2105233 27243.904355999999
73 2107661 2129381 8431.3051790000009
74 2158377 2160699 27636.251289
75 2180349 2199637 8831.2619180000002
76 2200745 2217344 8966.6639699999996
77 2224956 2230707 54396.705881000002
78 2234499 2248527 58970.262822999997
79 2251112 2280151 57826.355975999999
80 2280152 2290896 17374.699861000001
81 2306252 2333043 57611.601310999999
82 2333252 2365332 59023.283414999998
83 2366074 2371824 55193.106121999997
84 2375180 2417297 25530.421285
85 2417298 2461493 29269.697155999998
86 2461494 2465584 16830.732371999999
87 2478742 2493409 28226.256141999998
88 2495739 2498290 60093.408818999997
89 2538737 2568436 58272.632834999997
90 2568437 2575711 61499.660580999996
91 2589914 2611211 28538.149495000001
92 2624759 2630581 18090.695755000001
93 2634124 2649336 23661.293665000001
94 2651233 2679187 28757.617953000001
95 2679188 2721484 56137.919716999997
96 2722628 2739522 23437.772314999998
97 2754728 2767368 55980.942202999999
98 2780583 2794435 60635.164006999999
99 2797323 2828250 23619.145155999999
100 2848843 2857109 53049.165158000003
101 2859718 2882877 23042.764167000001
102 2882878 2887330 53421.323553000002
103 2890766 2895446 23396.302264000002
104 2899018 2911922 22759.633384000001
105 2935154 2939753 53785.922146999997
106 2950913 2967367 23595.771228000001
107 2969674 2976331 17076.713232999999
108 2979389 3014512 24932.393585000002
109 3014513 3024736 29494.590024000001
110 3027768 3033640 55821.075068999999
111 3037008 3054297 22968.383259999999
112 3055368 3059549 57490.653299999998
113 3077741 3082801 25500.801521000001
114 3124749 3148135 24904.219582000002
115 3152025 3156093 26817.789122999999
116 3168403 3198466 30236.225505999999
117 3201697 3222088 64968.303881
118 3228359 3234688 18980.648960999999
119 3238343 3279309 26276.326033000001
120 3280402 3322686 30209.873796
121 3324663 3328925 26595.764298999999
122 3359492 3366472 25812.000550000001
123 3385887 3397146 26242.243616
124 3400647 3404366 60521.572561000001
125 3412287 3429080 25759.527445
126 3443787 3456045 62910.21802
127 3459442 3493228 62402.514213000002
128 3497305 3509970 26087.487331
129 3525982 3543463 30312.554313000001
130 3550877 3562509 61079.659066
131 3573377 3585267 18673.221132999999
132 3588137 3591042 64240.288658999998
133 3595779 3605355 31143.729536999999
134 3609819 3620246 31955.262932000001
135 3625659 3664693 32548.652656999999
136 3669948 3680187 26591.031461999999
137 3685871 3695711 31032.775088999999
138 3729549 3750488 26518.557602000001
139 3756270 3760822 27135.491309000001
0 opportunities for A
0 opportunities for B
0 opportunities for C
0 opportunities for D
0 opportunities for E
0 opportunities for F
0 opportunities for G
0 opportunities for H
0 opportunities for I
0 opportunities for J
0 opportunities for K
0 opportunities for L
0 opportunities for M
0 opportunities for N
1624 events for A
338 12910592
339 0
598 12910592
599 0
17687 12910592
17688 0
17947 12910592
17948 0
18527 12910592
18528 0
18787 12910592
18788 0
35877 12910592
35878 0
36137 12910592
36138 0
36717 12910592
36718 0
36977 12910592
36978 0
54066 12910592
54067 0
54326 12910592
54327 0
54906 12910592
54907 0
55166 12910592
55167 0
71656 12910592
71657 0
71916 12910592
71917 0
72496 12910592
72497 0
72756 12910592
72757 0
88945 12910592
88946 0
89205 12910592
89206 0
89785 12910592
89786 0
90045 12910592
90046 0
108959 12910592
108960 0
109189 12910592
109190 0
109729 12910592
109730 0
109959 12910592
109960 0
127474 12910592
127475 0
127734 12910592
127735 0
128314 12910592
128315 0
128574 12910592
128575 0
145988 12910592
145989 0
146248 12910592
146249 0
146828 12910592
146829 0
147088 12910592
147089 0
164502 12910592
164503 0
164762 12910592
164763 0
165342 12910592
165343 0
165602 12910592
165603 0
183016 12910592
183017 0
183276 12910592
183277 0
183856 12910592
183857 0
184116 12910592
184117 0
201531 12910592
201532 0
201791 12910592
201792 0
202371 12910592
202372 0
202631 12910592
202632 0
220045 12910592
220046 0
220305 12910592
220306 0
220885 12910592
220886 0
221145 12910592
221146 0
238559 12910592
238560 0
238819 12910592
238820 0
239399 12910592
239400 0
239659 12910592
239660 0
257074 12910592
257075 0
257334 12910592
257335 0
257914 12910592
257915 0
258174 12910592
258175 0
275588 12910592
275589 0
275848 12910592
275849 0
276428 12910592
276429 0
276688 12910592
276689 0
294102 12910592
294103 0
294362 12910592
294363 0
294942 12910592
294943 0
295202 12910592
295203 0
312616 12910592
312617 0
312876 12910592
312877 0
313456 12910592
313457 0
313716 12910592
313717 0
330531 12910592
330532 0
330791 12910592
330792 0
331371 12910592
331372 0
331631 12910592
331632 0
348145 12910592
348146 0
348405 12910592
348406 0
348985 12910592
348986 0
349245 12910592
349246 0
367045 12910592
367046 0
367305 12910592
367306 0
367885 12910592
367886 0
368145 12910592
368146 0
386024 12910592
386025 0
386284 12910592
386285 0
386864 12910592
386865 0
387124 12910592
387125 0
404213 12910592
404214 0
404473 12910592
404474 0
405053 12910592
405054 0
405313 12910592
405314 0
422403 12910592
422404 0
422663 12910592
422664 0
423243 12910592
423244 0
423503 12910592
423504 0
440592 12910592
440593 0
440852 12910592
440853 0
441432 12910592
441433 0
441692 12910592
441693 0
458782 12910592
458783 0
459042 12910592
459043 0
459622 12910592
459623 0
459882 12910592
459883 0
476971 12910592
476972 0
477201 12910592
477202 0
477741 12910592
477742 0
477971 12910592
477972 0
495161 12910592
495162 0
495421 12910592
495422 0
496001 12910592
496002 0
496261 12910592
496262 0
513350 12910592
513351 0
513610 12910592
513611 0
514190 12910592
514191 0
514450 12910592
514451 0
531540 12910592
531541 0
531800 12910592
531801 0
532380 12910592
532381 0
532640 12910592
532641 0
547945 12910592
547946 0
548175 12910592
548176 0
548715 12910592
548716 0
548945 12910592
548946 0
567919 12910592
567920 0
568179 12910592
568180 0
568759 12910592
568760 0
569019 12910592
569020 0
586108 12910592
586109 0
586368 12910592
586369 0
586948 12910592
586949 0
587208 12910592
587209 0
604298 12910592
604299 0
604558 12910592
604559 0
605138 12910592
605139 0
605398 12910592
605399 0
622487 12910592
622488 0
622747 12910592
622748 0
623327 12910592
623328 0
623587 12910592
623588 0
640677 12910592
640678 0
640937 12910592
640938 0
641517 12910592
641518 0
641777 12910592
641778 0
658866 12910592
658867 0
659126 12910592
659127 0
659706 12910592
659707 0
659966 12910592
659967 0
676456 12910592
676457 0
676716 12910592
676717 0
677296 12910592
677297 0
677556 12910592
677557 0
693745 12910592
693746 0
694005 12910592
694006 0
694585 12910592
694586 0
694845 12910592
694846 0
713759 12910592
713760 0
713989 12910592
713990 0
714529 12910592
714530 0
714759 12910592
714760 0
732274 12910592
732275 0
732534 12910592
732535 0
733114 12910592
733115 0
733374 12910592
733375 0
750788 12910592
750789 0
751048 12910592
751049 0
751628 12910592
751629 0
751888 12910592
751889 0
769302 12910592
769303 0
769562 12910592
769563 0
770142 12910592
770143 0
770402 12910592
770403 0
787816 12910592
787817 0
788076 12910592
788077 0
788656 12910592
788657 0
788916 12910592
788917 0
806331 12910592
806332 0
806591 12910592
806592 0
807171 12910592
807172 0
807431 12910592
807432 0
824845 12910592
824846 0
825105 12910592
825106 0
825685 12910592
825686 0
825945 12910592
825946 0
843359 12910592
843360 0
843619 12910592
843620 0
844199 12910592
844200 0
844459 12910592
844460 0
861874 12910592
861875 0
862134 12910592
862135 0
862714 12910592
862715 0
862974 12910592
862975 0
880388 12910592
880389 0
880648 12910592
880649 0
881228 12910592
881229 0
881488 12910592
881489 0
898902 12910592
898903 0
899162 12910592
899163 0
899742 12910592
899743 0
900002 12910592
900003 0
917416 12910592
917417 0
917676 12910592
917677 0
918256 12910592
918257 0
918516 12910592
918517 0
935331 12910592
935332 0
935591 12910592
935592 0
936171 12910592
936172 0
936431 12910592
936432 0
952945 12910592
952946 0
953205 12910592
953206 0
953785 12910592
953786 0
954045 12910592
954046 0
972634 12910592
972635 0
972894 12910592
972895 0
973474 12910592
973475 0
973734 12910592
973735 0
993195 12910592
993196 0
993455 12910592
993456 0
994035 12910592
994036 0
994295 12910592
994296 0
1007595 12910592
1007596 0
1007855 12910592
1007856 0
1008435 12910592
1008436 0
1008695 12910592
1008696 0
1027203 12910592
1027204 0
1027463 12910592
1027464 0
1028043 12910592
1028044 0
1028303 12910592
1028304 0
1045392 12910592
1045393 0
1045652 12910592
1045653 0
1046232 12910592
1046233 0
1046492 12910592
1046493 0
1063582 12910592
1063583 0
1063842 12910592
1063843 0
1064422 12910592
1064423 0
1064682 12910592
1064683 0
1081771 12910592
1081772 0
1082001 12910592
1082002 0
1082541 12910592
1082542 0
1082771 12910592
1082772 0
1099961 12910592
1099962 0
1100221 12910592
1100222 0
1100801 12910592
1100802 0
1101061 12910592
1101062 0
1118150 12910592
1118151 0
1118410 12910592
1118411 0
1118990 12910592
1118991 0
1119250 12910592
1119251 0
1136340 12910592
1136341 0
1136600 12910592
1136601 0
1137180 12910592
1137181 0
1137440 12910592
1137441 0
1154529 12910592
1154530 0
1154789 12910592
1154790 0
1155369 12910592
1155370 0
1155629 12910592
1155630 0
1172719 12910592
1172720 0
1172979 12910592
1172980 0
1173559 12910592
1173560 0
1173819 12910592
1173820 0
1190908 12910592
1190909 0
1191168 12910592
1191169 0
1191748 12910592
1191749 0
1192008 12910592
1192009 0
1209098 12910592
1209099 0
1209358 12910592
1209359 0
1209938 12910592
1209939 0
1210198 12910592
1210199 0
1227287 12910592
1227288 0
1227547 12910592
1227548 0
1228127 12910592
1228128 0
1228387 12910592
1228388 0
1245477 12910592
1245478 0
1245737 12910592
1245738 0
1246317 12910592
1246318 0
1246577 12910592
1246578 0
1263666 12910592
1263667 0
1263926 12910592
1263927 0
1264506 12910592
1264507 0
1264766 12910592
1264767 0
1281256 12910592
1281257 0
1281516 12910592
1281517 0
1282096 12910592
1282097 0
1282356 12910592
1282357 0
1298545 12910592
1298546 0
1298805 12910592
1298806 0
1299385 12910592
1299386 0
1299645 12910592
1299646 0
1317445 12910592
1317446 0
1317675 12910592
1317676 0
1318215 12910592
1318216 0
1318445 12910592
1318446 0
1337074 12910592
1337075 0
1337334 12910592
1337335 0
1337914 12910592
1337915 0
1338174 12910592
1338175 0
1355588 12910592
1355589 0
1355848 12910592
1355849 0
1356428 12910592
1356429 0
1356688 12910592
1356689 0
1374102 12910592
1374103 0
1374362 12910592
1374363 0
1374942 12910592
1374943 0
1375202 12910592
1375203 0
1392616 12910592
1392617 0
1392876 12910592
1392877 0
1393456 12910592
1393457 0
1393716 12910592
1393717 0
1411131 12910592
1411132 0
1411391 12910592
1411392 0
1411971 12910592
1411972 0
1412231 12910592
1412232 0
1429645 12910592
1429646 0
1429905 12910592
1429906 0
1430485 12910592
1430486 0
1430745 12910592
1430746 0
1448159 12910592
1448160 0
1448419 12910592
1448420 0
1448999 12910592
1449000 0
1449259 12910592
1449260 0
1466674 12910592
1466675 0
1466934 12910592
1466935 0
1467514 12910592
1467515 0
1467774 12910592
1467775 0
1485188 12910592
1485189 0
1485448 12910592
1485449 0
1486028 12910592
1486029 0
1486288 12910592
1486289 0
1503702 12910592
1503703 0
1503962 12910592
1503963 0
1504542 12910592
1504543 0
1504802 12910592
1504803 0
1522216 12910592
1522217 0
1522476 12910592
1522477 0
1523056 12910592
1523057 0
1523316 12910592
1523317 0
1540131 12910592
1540132 0
1540391 12910592
1540392 0
1540971 12910592
1540972 0
1541231 12910592
1541232 0
1557745 12910592
1557746 0
1558005 12910592
1558006 0
1558585 12910592
1558586 0
1558845 12910592
1558846 0
1576645 12910592
1576646 0
1576905 12910592
1576906 0
1577485 12910592
1577486 0
1577745 12910592
1577746 0
1595624 12910592
1595625 0
1595884 12910592
1595885 0
1596464 12910592
1596465 0
1596724 12910592
1596725 0
1613813 12910592
1613814 0
1614073 12910592
1614074 0
1614653 12910592
1614654 0
1614913 12910592
1614914 0
1632003 12910592
1632004 0
1632263 12910592
1632264 0
1632843 12910592
1632844 0
1633103 12910592
1633104 0
1650192 12910592
1650193 0
1650452 12910592
1650453 0
1651032 12910592
1651033 0
1651292 12910592
1651293 0
1668382 12910592
1668383 0
1668642 12910592
1668643 0
1669222 12910592
1669223 0
1669482 12910592
1669483 0
1686571 12910592
1686572 0
1686801 12910592
1686802 0
1687341 12910592
1687342 0
1687571 12910592
1687572 0
1773745 12910592
1773746 0
1774005 12910592
1774006 0
1774585 12910592
1774586 0
1774845 12910592
1774846 0
1795708 12910592
1795709 0
1795968 12910592
1795969 0
1796548 12910592
1796549 0
1796808 12910592
1796809 0
1813898 12910592
1813899 0
1814158 12910592
1814159 0
1814738 12910592
1814739 0
1814998 12910592
1814999 0
1832087 12910592
1832088 0
1832347 12910592
1832348 0
1832927 12910592
1832928 0
1833187 12910592
1833188 0
1850277 12910592
1850278 0
1850537 12910592
1850538 0
1851117 12910592
1851118 0
1851377 12910592
1851378 0
1868466 12910592
1868467 0
1868726 12910592
1868727 0
1869306 12910592
1869307 0
1869566 12910592
1869567 0
1886056 12910592
1886057 0
1886316 12910592
1886317 0
1886896 12910592
1886897 0
1887156 12910592
1887157 0
1903345 12910592
1903346 0
1903605 12910592
1903606 0
1904185 12910592
1904186 0
1904445 12910592
1904446 0
1922245 12910592
1922246 0
1922475 12910592
1922476 0
1923015 12910592
1923016 0
1923245 12910592
1923246 0
1941874 12910592
1941875 0
1942134 12910592
1942135 0
1942714 12910592
1942715 0
1942974 12910592
1942975 0
1960388 12910592
1960389 0
1960648 12910592
1960649 0
1961228 12910592
1961229 0
1961488 12910592
1961489 0
1978902 12910592
1978903 0
1979162 12910592
1979163 0
1979742 12910592
1979743 0
1980002 12910592
1980003 0
1997416 12910592
1997417 0
1997676 12910592
1997677 0
1998256 12910592
1998257 0
1998516 12910592
1998517 0
2015931 12910592
2015932 0
2016191 12910592
2016192 0
2016771 12910592
2016772 0
2017031 12910592
2017032 0
2034445 12910592
2034446 0
2034705 12910592
2034706 0
2035285 12910592
2035286 0
2035545 12910592
2035546 0
2052959 12910592
2052960 0
2053219 12910592
2053220 0
2053799 12910592
2053800 0
2054059 12910592
2054060 0
2071474 12910592
2071475 0
2071734 12910592
2071735 0
2072314 12910592
2072315 0
2072574 12910592
2072575 0
2089988 12910592
2089989 0
2090248 12910592
2090249 0
2090828 12910592
2090829 0
2091088 12910592
2091089 0
2108502 12910592
2108503 0
2108762 12910592
2108763 0
2109342 12910592
2109343 0
2109602 12910592
2109603 0
2127016 12910592
2127017 0
2127276 12910592
2127277 0
2127856 12910592
2127857 0
2128116 12910592
2128117 0
2144931 12910592
2144932 0
2145191 12910592
2145192 0
2145771 12910592
2145772 0
2146031 12910592
2146032 0
2162545 12910592
2162546 0
2162805 12910592
2162806 0
2163385 12910592
2163386 0
2163645 12910592
2163646 0
2181445 12910592
2181446 0
2181705 12910592
2181706 0
2182285 12910592
2182286 0
2182545 12910592
2182546 0
2200424 12910592
2200425 0
2200684 12910592
2200685 0
2201264 12910592
2201265 0
2201524 12910592
2201525 0
2218613 12910592
2218614 0
2218873 12910592
2218874 0
2219453 12910592
2219454 0
2219713 12910592
2219714 0
2236803 12910592
2236804 0
2237063 12910592
2237064 0
2237643 12910592
2237644 0
2237903 12910592
2237904 0
2254992 12910592
2254993 0
2255252 12910592
2255253 0
2255832 12910592
2255833 0
2256092 12910592
2256093 0
2273182 12910592
2273183 0
2273442 12910592
2273443 0
2274022 12910592
2274023 0
2274282 12910592
2274283 0
2291371 12910592
2291372 0
2291601 12910592
2291602 0
2292141 12910592
2292142 0
2292371 12910592
2292372 0
2309561 12910592
2309562 0
2309821 12910592
2309822 0
2310401 12910592
2310402 0
2310661 12910592
2310662 0
2327750 12910592
2327751 0
2328010 12910592
2328011 0
2328590 12910592
2328591 0
2328850 12910592
2328851 0
2345940 12910592
2345941 0
2346200 12910592
2346201 0
2346780 12910592
2346781 0
2347040 12910592
2347041 0
2364129 12910592
2364130 0
2364389 12910592
2364390 0
2364969 12910592
2364970 0
2365229 12910592
2365230 0
2382319 12910592
2382320 0
2382579 12910592
2382580 0
2383159 12910592
2383160 0
2383419 12910592
2383420 0
2400508 12910592
2400509 0
2400768 12910592
2400769 0
2401348 12910592
2401349 0
2401608 12910592
2401609 0
2418698 12910592
2418699 0
2418958 12910592
2418959 0
2419538 12910592
2419539 0
2419798 12910592
2419799 0
2436887 12910592
2436888 0
2437147 12910592
2437148 0
2437727 12910592
2437728 0
2437987 12910592
2437988 0
2455077 12910592
2455078 0
2455337 12910592
2455338 0
2455917 12910592
2455918 0
2456177 12910592
2456178 0
2473266 12910592
2473267 0
2473526 12910592
2473527 0
2474106 12910592
2474107 0
2474366 12910592
2474367 0
2490856 12910592
2490857 0
2491116 12910592
2491117 0
2491696 12910592
2491697 0
2491956 12910592
2491957 0
2508145 12910592
2508146 0
2508405 12910592
2508406 0
2508985 12910592
2508986 0
2509245 12910592
2509246 0
2528159 12910592
2528160 0
2528389 12910592
2528390 0
2528929 12910592
2528930 0
2529159 12910592
2529160 0
2546674 12910592
2546675 0
2546934 12910592
2546935 0
2547514 12910592
2547515 0
2547774 12910592
2547775 0
2565188 12910592
2565189 0
2565448 12910592
2565449 0
2566028 12910592
2566029 0
2566288 12910592
2566289 0
2583702 12910592
2583703 0
2583962 12910592
2583963 0
2584542 12910592
2584543 0
2584802 12910592
2584803 0
2602216 12910592
2602217 0
2602476 12910592
2602477 0
2603056 12910592
2603057 0
2603316 12910592
2603317 0
2620731 12910592
2620732 0
2620991 12910592
2620992 0
2621571 12910592
2621572 0
2621831 12910592
2621832 0
2639245 12910592
2639246 0
2639505 12910592
2639506 0
2640085 12910592
2640086 0
2640345 12910592
2640346 0
2657759 12910592
2657760 0
2658019 12910592
2658020 0
2658599 12910592
2658600 0
2658859 12910592
2658860 0
2676274 12910592
2676275 0
2676534 12910592
2676535 0
2677114 12910592
2677115 0
2677374 12910592
2677375 0
2694788 12910592
2694789 0
2695048 12910592
2695049 0
2695628 12910592
2695629 0
2695888 12910592
2695889 0
2713302 12910592
2713303 0
2713562 12910592
2713563 0
2714142 12910592
2714143 0
2714402 12910592
2714403 0
2731816 12910592
2731817 0
2732076 12910592
2732077 0
2732656 12910592
2732657 0
2732916 12910592
2732917 0
2749731 12910592
2749732 0
2749991 12910592
2749992 0
2750571 12910592
2750572 0
2750831 12910592
2750832 0
2767345 12910592
2767346 0
2767605 12910592
2767606 0
2768185 12910592
2768186 0
2768445 12910592
2768446 0
2787034 12910592
2787035 0
2787294 12910592
2787295 0
2787874 12910592
2787875 0
2788134 12910592
2788135 0
2805224 12910592
2805225 0
2805484 12910592
2805485 0
2806064 12910592
2806065 0
2806324 12910592
2806325 0
2823413 12910592
2823414 0
2823673 12910592
2823674 0
2824253 12910592
2824254 0
2824513 12910592
2824514 0
2841603 12910592
2841604 0
2841863 12910592
2841864 0
2842443 12910592
2842444 0
2842703 12910592
2842704 0
2859792 12910592
2859793 0
2860052 12910592
2860053 0
2860632 12910592
2860633 0
2860892 12910592
2860893 0
2877982 12910592
2877983 0
2878242 12910592
2878243 0
2878822 12910592
2878823 0
2879082 12910592
2879083 0
2896171 12910592
2896172 0
2896401 12910592
2896402 0
2896941 12910592
2896942 0
2897171 12910592
2897172 0
2914361 12910592
2914362 0
2914621 12910592
2914622 0
2915201 12910592
2915202 0
2915461 12910592
2915462 0
2932550 12910592
2932551 0
2932810 12910592
2932811 0
2933390 12910592
2933391 0
2933650 12910592
2933651 0
2950740 12910592
2950741 0
2951000 12910592
2951001 0
2951580 12910592
2951581 0
2951840 12910592
2951841 0
2968929 12910592
2968930 0
2969189 12910592
2969190 0
2969769 12910592
2969770 0
2970029 12910592
2970030 0
2987119 12910592
2987120 0
2987379 12910592
2987380 0
2987959 12910592
2987960 0
2988219 12910592
2988220 0
3005308 12910592
3005309 0
3005568 12910592
3005569 0
3006148 12910592
3006149 0
3006408 12910592
3006409 0
3023498 12910592
3023499 0
3023758 12910592
3023759 0
3024338 12910592
3024339 0
3024598 12910592
3024599 0
3041687 12910592
3041688 0
3041947 12910592
3041948 0
3042527 12910592
3042528 0
3042787 12910592
3042788 0
3059877 12910592
3059878 0
3060137 12910592
3060138 0
3060717 12910592
3060718 0
3060977 12910592
3060978 0
3078066 12910592
3078067 0
3078326 12910592
3078327 0
3078906 12910592
3078907 0
3079166 12910592
3079167 0
3095656 12910592
3095657 0
3095916 12910592
3095917 0
3096496 12910592
3096497 0
3096756 12910592
3096757 0
3112945 12910592
3112946 0
3113205 12910592
3113206 0
3113785 12910592
3113786 0
3114045 12910592
3114046 0
3132793 215177
3132853 0
3133023 215177
3133083 0
3133563 215177
3133623 0
3133793 215177
3133853 0
3151200 215177
3151260 0
3151460 215177
3151520 0
3152040 215177
3152100 0
3152300 215177
3152360 0
3169607 215177
3169667 0
3169867 215177
3169927 0
3170447 215177
3170507 0
3170707 215177
3170767 0
3188015 215177
3188075 0
3188275 215177
3188335 0
3188855 215177
3188915 0
3189115 215177
3189175 0
3206422 215177
3206482 0
3206682 215177
3206742 0
3207262 215177
3207322 0
3207522 215177
3207582 0
3224829 215177
3224889 0
3225089 215177
3225149 0
3225669 215177
3225729 0
3225929 215177
3225989 0
3243236 215177
3243296 0
3243496 215177
3243556 0
3244076 215177
3244136 0
3244336 215177
3244396 0
3261643 215177
3261703 0
3261903 215177
3261963 0
3262483 215177
3262543 0
3262743 215177
3262803 0
3280050 215177
3280110 0
3280310 215177
3280370 0
3280890 215177
3280950 0
3281150 215177
3281210 0
3298457 215177
3298517 0
3298717 215177
3298777 0
3299297 215177
3299357 0
3299557 215177
3299617 0
3316865 215177
3316925 0
3317125 215177
3317185 0
3317705 215177
3317765 0
3317965 215177
3318025 0
3335272 215177
3335332 0
3335532 215177
3335592 0
3336112 215177
3336172 0
3336372 215177
3336432 0
3353679 215177
3353739 0
3353939 215177
3353999 0
3354519 215177
3354579 0
3354779 215177
3354839 0
3372086 215177
3372146 0
3372346 215177
3372406 0
3372926 215177
3372986 0
3373186 215177
3373246 0
3391697 215177
3391757 0
3391957 215177
3392017 0
3392537 215177
3392597 0
3392797 215177
3392857 0
3409807 215177
3409867 0
3410067 215177
3410127 0
3410647 215177
3410707 0
3410907 215177
3410967 0
3427918 215177
3427978 0
3428178 215177
3428238 0
3428758 215177
3428818 0
3429018 215177
3429078 0
3446028 215177
3446088 0
3446288 215177
3446348 0
3446868 215177
3446928 0
3447128 215177
3447188 0
3464139 215177
3464199 0
3464399 215177
3464459 0
3464979 215177
3465039 0
3465239 215177
3465299 0
3482249 215177
3482309 0
3482509 215177
3482569 0
3483089 215177
3483149 0
3483349 215177
3483409 0
3500360 215177
3500420 0
3500590 215177
3500650 0
3501130 215177
3501190 0
3501360 215177
3501420 0
3518470 215177
3518530 0
3518730 215177
3518790 0
3519310 215177
3519370 0
3519570 215177
3519630 0
3536581 215177
3536641 0
3536841 215177
3536901 0
3537421 215177
3537481 0
3537681 215177
3537741 0
3554691 215177
3554751 0
3554951 215177
3555011 0
3555531 215177
3555591 0
3555791 215177
3555851 0
3572802 215177
3572862 0
3573062 215177
3573122 0
3573642 215177
3573702 0
3573902 215177
3573962 0
3590912 215177
3590972 0
3591172 215177
3591232 0
3591752 215177
3591812 0
3592012 215177
3592072 0
3609023 215177
3609083 0
3609283 215177
3609343 0
3609863 215177
3609923 0
3610123 215177
3610183 0
3627133 215177
3627193 0
3627393 215177
3627453 0
3627973 215177
3628033 0
3628233 215177
3628293 0
3645244 215177
3645304 0
3645504 215177
3645564 0
3646084 215177
3646144 0
3646344 215177
3646404 0
3663354 215177
3663414 0
3663614 215177
3663674 0
3664194 215177
3664254 0
3664454 215177
3664514 0
3681465 215177
3681525 0
3681725 215177
3681785 0
3682305 215177
3682365 0
3682565 215177
3682625 0
3699575 215177
3699635 0
3699835 215177
3699895 0
3700415 215177
3700475 0
3700675 215177
3700735 0
3717686 215177
3717746 0
3717946 215177
3718006 0
3718526 215177
3718586 0
3718786 215177
3718846 0
3737593 215177
3737653 0
3737823 215177
3737883 0
3738363 215177
3738423 0
3738593 215177
3738653 0
3756000 215177
3756060 0
3756260 215177
3756320 0
3756840 215177
3756900 0
3757100 215177
3757160 0
3774407 215177
3774467 0
3774667 215177
3774727 0
3775247 215177
3775307 0
3775507 215177
3775567 0
3792815 215177
3792875 0
3793075 215177
3793135 0
108 events for B
13891 706
18091 1285
50270 706
107063 2414
108903 706
135669 1285
141249 706
155380 1285
157360 706
395049 1285
418607 706
422807 1285
436796 706
439016 1772
454686 706
459306 1772
475075 2414
477435 1772
491065 706
546049 2414
555809 706
587892 1285
618669 706
622891 1285
632349 706
691749 0
691750 487
711863 2414
713703 487
786120 2414
802320 487
806735 2414
839563 487
843763 2414
876592 487
1079875 2414
1081715 487
1108149 2414
1132543 487
1136744 2414
1168922 487
1173123 2414
1176723 487
1194723 2414
1198323 487
1208002 2414
1210149 487
1221549 2414
1259870 487
1315549 2414
1333278 487
1337478 2414
1345449 487
1390989 2414
1406774 487
1596028 2414
1603449 487
1632452 2414
1664492 487
1684675 2414
1686515 487
1842549 2414
1864670 487
1868873 2414
1890849 487
1920349 2414
1938073 487
1942280 2414
1949949 487
2036649 2414
2049103 487
2053363 2414
2086192 487
2253296 2414
2269386 487
2273586 2414
2305645 487
2310025 2414
2339049 487
2380623 2414
2396651 487
2400912 2414
2425449 1285
2526263 2414
2528103 1285
2533156 2414
2542878 1285
2547078 2414
2554878 1285
2663049 2414
2690992 1285
2695192 2414
2706249 1285
2732220 2414
2763549 1285
2776749 2414
2787138 1285
2894275 2414
2896115 1285
2900649 2414
2910423 1285
2914786 2414
2943849 2057
3110949 0
3110950 2414
3715749 1772
3735756 2414
3737596 1772
70 events for C
563583 26968906
563588 0
585183 134824032
585188 0
588109 20221556
588114 0
779523 83191028
779528 0
973923 38234987
973928 0
995523 107957608
995528 0
1017123 350862225
1017128 0
1017129 4498234
1017134 0
1038723 38234987
1038728 0
1362783 42873674
1362788 0
1384383 60808152
1384388 0
1470783 123650191
1470788 0
1492383 112353360
1492388 0
1513983 191051956
1513988 0
1535583 148359728
1535588 0
2196423 92231261
2196428 0
2226783 67412016
2226788 0
2535470 67429102
2535475 0
2881070 42866846
2881075 0
2902670 36098616
2902675 0
3032270 15230225
3032275 0
3053870 42774218
3053875 0
3075470 51729687
3075475 0
3095376 67442760
3095381 0
3155523 51185344
3155528 0
3220323 36088368
3220328 0
3263523 46317017
3263528 0
3328323 62132584
3328328 0
3414723 55765577
3414728 0
3479523 60879901
3479528 0
3565923 79077832
3565928 0
3587523 48576383
3587528 0
3652323 294648376
3652328 0
3673923 296678458
3673928 0
3695523 98892820
3695528 0
149 events for D
17791 873
46591 0
98349 1365
98529 0
100329 1365
100869 3481
120069 0
201635 873
230435 0
275692 873
304492 0
363549 1365
364269 3481
383469 0
443826 3276
458826 0
693849 1979
695049 0
696849 1979
710049 0
879418 8
879419 0
880492 1365
880672 0
882472 1365
883012 1979
897412 1365
897592 1979
911992 1365
912712 1979
927112 1365
927292 1979
941692 1365
942412 1979
956812 1365
956992 1979
971392 0
1009792 3754
1010512 0
1012312 3754
1015912 0
1049349 3754
1050069 0
1051869 3754
1055469 0
1084449 3754
1085169 0
1086969 3754
1090569 0
1125849 3754
1126569 0
1128369 3754
1131969 0
1169049 3754
1169769 0
1171569 3754
1175169 0
1361649 3754
1362369 0
1364169 3754
1367769 0
1390449 3754
1391169 0
1392969 3754
1396569 0
1432749 3754
1433469 0
1435269 3754
1438869 0
1507449 3754
1508169 0
1509969 3754
1513569 0
1593849 1365
1594029 0
1595829 1365
1596369 1979
1610769 1365
1610949 1979
1625349 1365
1626069 1979
1640469 1365
1640649 1979
1655049 1365
1655769 1979
1670169 1365
1670349 1979
1684749 0
1730649 665
1763049 0
2092689 3276
2107689 0
2122149 3754
2122869 0
2124669 3754
2128269 0
2140149 3754
2140869 0
2142669 3754
2146269 0
2210349 3754
2211069 0
2212869 3754
2216469 0
2231949 1365
2232129 0
2233929 1365
2234469 2935
2248869 1365
2249049 2935
2263449 1365
2264169 2935
2278569 1365
2278749 2935
2293149 1365
2293869 2935
2308269 1365
2308449 2935
2322849 0
2679832 3276
2694832 0
2805328 665
2805329 0
2878086 665
2878087 0
2951984 3276
2966984 0
3122649 1979
3123849 0
3125649 1979
3129249 1365
3129969 1979
3144369 1365
3144549 1979
3173349 1365
3174069 1979
3188469 1365
3188649 1979
3222249 1365
3222969 1979
3237369 1365
3237549 1979
3256749 0
3298620 4096
3306820 0
3591075 665
3620235 0
3756163 665
3785683 0
0 events for E

0 events for F

4 events for G
693049 0
693050 18
3112249 0
3112250 18
108 events for H
15836 706
20036 1285
52215 706
109008 2414
110848 706
137614 1285
143194 706
157325 1285
159305 706
396994 1285
420552 706
424752 1285
438741 706
440961 1772
456631 706
461251 1772
477020 2414
479380 1772
493010 706
547994 2414
557754 706
589837 1285
620614 706
624836 1285
634294 706
693694 0
693695 487
713808 2414
715648 487
788065 2414
804265 487
808680 2414
841508 487
845708 2414
878537 487
1081820 2414
1083660 487
1110094 2414
1134488 487
1138689 2414
1170867 487
1175068 2414
1178668 487
1196668 2414
1200268 487
1209947 2414
1212094 487
1223494 2414
1261815 487
1317494 2414
1335223 487
1339423 2414
1347394 487
1392934 2414
1408719 487
1597973 2414
1605394 487
1634397 2414
1666437 487
1686620 2414
1688460 487
1844494 2414
1866615 487
1870818 2414
1892794 487
1922294 2414
1940018 487
1944225 2414
1951894 487
2038594 2414
2051048 487
2055308 2414
2088137 487
2255241 2414
2271331 487
2275531 2414
2307590 487
2311970 2414
2340994 487
2382568 2414
2398596 487
2402857 2414
2427394 1285
2528208 2414
2530048 1285
2535101 2414
2544823 1285
2549023 2414
2556823 1285
2664994 2414
2692937 1285
2697137 2414
2708194 1285
2734165 2414
2765494 1285
2778694 2414
2789083 1285
2896220 2414
2898060 1285
2902594 2414
2912368 1285
2916731 2414
2945794 2057
3112894 0
3112895 2414
3717694 1772
3737701 2414
3739541 1772
1625 events for I
197 12910592
198 0
17286 12910592
17287 0
17546 12910592
17547 0
18126 12910592
18127 0
18386 12910592
18387 0
35476 12910592
35477 0
35736 12910592
35737 0
36316 12910592
36317 0
36576 12910592
36577 0
53665 12910592
53666 0
53925 12910592
53926 0
54505 12910592
54506 0
54765 12910592
54766 0
71255 12910592
71256 0
71515 12910592
71516 0
72095 12910592
72096 0
72355 12910592
72356 0
88544 12910592
88545 0
88804 12910592
88805 0
89384 12910592
89385 0
89644 12910592
89645 0
108558 12910592
108559 0
108788 12910592
108789 0
109328 12910592
109329 0
109558 12910592
109559 0
127073 12910592
127074 0
127333 12910592
127334 0
127913 12910592
127914 0
128173 12910592
128174 0
145587 12910592
145588 0
145847 12910592
145848 0
146427 12910592
146428 0
146687 12910592
146688 0
164101 12910592
164102 0
164361 12910592
164362 0
164941 12910592
164942 0
165201 12910592
165202 0
182615 12910592
182616 0
182875 12910592
182876 0
183455 12910592
183456 0
183715 12910592
183716 0
201130 12910592
201131 0
201390 12910592
201391 0
201970 12910592
201971 0
202230 12910592
202231 0
219644 12910592
219645 0
219904 12910592
219905 0
220484 12910592
220485 0
220744 12910592
220745 0
238158 12910592
238159 0
238418 12910592
238419 0
238998 12910592
238999 0
239258 12910592
239259 0
256673 12910592
256674 0
256933 12910592
256934 0
257513 12910592
257514 0
257773 12910592
257774 0
275187 12910592
275188 0
275447 12910592
275448 0
276027 12910592
276028 0
276287 12910592
276288 0
293701 12910592
293702 0
293961 12910592
293962 0
294541 12910592
294542 0
294801 12910592
294802 0
312215 12910592
312216 0
312475 12910592
312476 0
313055 12910592
313056 0
313315 12910592
313316 0
330130 12910592
330131 0
330390 12910592
330391 0
330970 12910592
330971 0
331230 12910592
331231 0
347744 12910592
347745 0
348004 12910592
348005 0
348584 12910592
348585 0
348844 12910592
348845 0
366644 12910592
366645 0
366904 12910592
366905 0
367484 12910592
367485 0
367744 12910592
367745 0
385623 12910592
385624 0
385883 12910592
385884 0
386463 12910592
386464 0
386723 12910592
386724 0
403812 12910592
403813 0
404072 12910592
404073 0
404652 12910592
404653 0
404912 12910592
404913 0
422002 12910592
422003 0
422262 12910592
422263 0
422842 12910592
422843 0
423102 12910592
423103 0
440191 12910592
440192 0
440451 12910592
440452 0
441031 12910592
441032 0
441291 12910592
441292 0
458381 12910592
458382 0
458641 12910592
458642 0
459221 12910592
459222 0
459481 12910592
459482 0
476570 12910592
476571 0
476800 12910592
476801 0
477340 12910592
477341 0
477570 12910592
477571 0
494760 12910592
494761 0
495020 12910592
495021 0
495600 12910592
495601 0
495860 12910592
495861 0
512949 12910592
512950 0
513209 12910592
513210 0
513789 12910592
513790 0
514049 12910592
514050 0
531139 12910592
531140 0
531399 12910592
531400 0
531979 12910592
531980 0
532239 12910592
532240 0
547544 12910592
547545 0
547774 12910592
547775 0
548314 12910592
548315 0
548544 12910592
548545 0
567518 12910592
567519 0
567778 12910592
567779 0
568358 12910592
568359 0
568618 12910592
568619 0
585707 12910592
585708 0
585967 12910592
585968 0
586547 12910592
586548 0
586807 12910592
586808 0
603897 12910592
603898 0
604157 12910592
604158 0
604737 12910592
604738 0
604997 12910592
604998 0
622086 12910592
622087 0
622346 12910592
622347 0
622926 12910592
622927 0
623186 12910592
623187 0
640276 12910592
640277 0
640536 12910592
640537 0
641116 12910592
641117 0
641376 12910592
641377 0
658465 12910592
658466 0
658725 12910592
658726 0
659305 12910592
659306 0
659565 12910592
659566 0
676055 12910592
676056 0
676315 12910592
676316 0
676895 12910592
676896 0
677155 12910592
677156 0
693344 12910592
693345 0
693604 12910592
693605 0
694184 12910592
694185 0
694444 12910592
694445 0
713358 12910592
713359 0
713588 12910592
713589 0
714128 12910592
714129 0
714358 12910592
714359 0
731873 12910592
731874 0
732133 12910592
732134 0
732713 12910592
732714 0
732973 12910592
732974 0
750387 12910592
750388 0
750647 12910592
750648 0
751227 12910592
751228 0
751487 12910592
751488 0
768901 12910592
768902 0
769161 12910592
769162 0
769741 12910592
769742 0
770001 12910592
770002 0
787415 12910592
787416 0
787675 12910592
787676 0
788255 12910592
788256 0
788515 12910592
788516 0
805930 12910592
805931 0
806190 12910592
806191 0
806770 12910592
806771 0
807030 12910592
807031 0
824444 12910592
824445 0
824704 12910592
824705 0
825284 12910592
825285 0
825544 12910592
825545 0
842958 12910592
842959 0
843218 12910592
843219 0
843798 12910592
843799 0
844058 12910592
844059 0
861473 12910592
861474 0
861733 12910592
861734 0
862313 12910592
862314 0
862573 12910592
862574 0
879987 12910592
879988 0
880247 12910592
880248 0
880827 12910592
880828 0
881087 12910592
881088 0
898501 12910592
898502 0
898761 12910592
898762 0
899341 12910592
899342 0
899601 12910592
899602 0
917015 12910592
917016 0
917275 12910592
917276 0
917855 12910592
917856 0
918115 12910592
918116 0
934930 12910592
934931 0
935190 12910592
935191 0
935770 12910592
935771 0
936030 12910592
936031 0
952544 12910592
952545 0
952804 12910592
952805 0
953384 12910592
953385 0
953644 12910592
953645 0
972233 12910592
972234 0
972493 12910592
972494 0
973073 12910592
973074 0
973333 12910592
973334 0
992794 12910592
992795 0
993054 12910592
993055 0
993634 12910592
993635 0
993894 12910592
993895 0
1007194 12910592
1007195 0
1007454 12910592
1007455 0
1008034 12910592
1008035 0
1008294 12910592
1008295 0
1026802 12910592
1026803 0
1027062 12910592
1027063 0
1027642 12910592
1027643 0
1027902 12910592
1027903 0
1044991 12910592
1044992 0
1045251 12910592
1045252 0
1045831 12910592
1045832 0
1046091 12910592
1046092 0
1063181 12910592
1063182 0
1063441 12910592
1063442 0
1064021 12910592
1064022 0
1064281 12910592
1064282 0
1081370 12910592
1081371 0
1081600 12910592
1081601 0
1082140 12910592
1082141 0
1082370 12910592
1082371 0
1099560 12910592
1099561 0
1099820 12910592
1099821 0
1100400 12910592
1100401 0
1100660 12910592
1100661 0
1117749 12910592
1117750 0
1118009 12910592
1118010 0
1118589 12910592
1118590 0
1118849 12910592
1118850 0
1135939 12910592
1135940 0
1136199 12910592
1136200 0
1136779 12910592
1136780 0
1137039 12910592
1137040 0
1154128 12910592
1154129 0
1154388 12910592
1154389 0
1154968 12910592
1154969 0
1155228 12910592
1155229 0
1172318 12910592
1172319 0
1172578 12910592
1172579 0
1173158 12910592
1173159 0
1173418 12910592
1173419 0
1190507 12910592
1190508 0
1190767 12910592
1190768 0
1191347 12910592
1191348 0
1191607 12910592
1191608 0
1208697 12910592
1208698 0
1208957 12910592
1208958 0
1209537 12910592
1209538 0
1209797 12910592
1209798 0
1226886 12910592
1226887 0
1227146 12910592
1227147 0
1227726 12910592
1227727 0
1227986 12910592
1227987 0
1245076 12910592
1245077 0
1245336 12910592
1245337 0
1245916 12910592
1245917 0
1246176 12910592
1246177 0
1263265 12910592
1263266 0
1263525 12910592
1263526 0
1264105 12910592
1264106 0
1264365 12910592
1264366 0
1280855 12910592
1280856 0
1281115 12910592
1281116 0
1281695 12910592
1281696 0
1281955 12910592
1281956 0
1298144 12910592
1298145 0
1298404 12910592
1298405 0
1298984 12910592
1298985 0
1299244 12910592
1299245 0
1317044 12910592
1317045 0
1317274 12910592
1317275 0
1317814 12910592
1317815 0
1318044 12910592
1318045 0
1336673 12910592
1336674 0
1336933 12910592
1336934 0
1337513 12910592
1337514 0
1337773 12910592
1337774 0
1355187 12910592
1355188 0
1355447 12910592
1355448 0
1356027 12910592
1356028 0
1356287 12910592
1356288 0
1373701 12910592
1373702 0
1373961 12910592
1373962 0
1374541 12910592
1374542 0
1374801 12910592
1374802 0
1392215 12910592
1392216 0
1392475 12910592
1392476 0
1393055 12910592
1393056 0
1393315 12910592
1393316 0
1410730 12910592
1410731 0
1410990 12910592
1410991 0
1411570 12910592
1411571 0
1411830 12910592
1411831 0
1429244 12910592
1429245 0
1429504 12910592
1429505 0
1430084 12910592
1430085 0
1430344 12910592
1430345 0
1447758 12910592
1447759 0
1448018 12910592
1448019 0
1448598 12910592
1448599 0
1448858 12910592
1448859 0
1466273 12910592
1466274 0
1466533 12910592
1466534 0
1467113 12910592
1467114 0
1467373 12910592
1467374 0
1484787 12910592
1484788 0
1485047 12910592
1485048 0
1485627 12910592
1485628 0
1485887 12910592
1485888 0
1503301 12910592
1503302 0
1503561 12910592
1503562 0
1504141 12910592
1504142 0
1504401 12910592
1504402 0
1521815 12910592
1521816 0
1522075 12910592
1522076 0
1522655 12910592
1522656 0
1522915 12910592
1522916 0
1539730 12910592
1539731 0
1539990 12910592
1539991 0
1540570 12910592
1540571 0
1540830 12910592
1540831 0
1557344 12910592
1557345 0
1557604 12910592
1557605 0
1558184 12910592
1558185 0
1558444 12910592
1558445 0
1576244 12910592
1576245 0
1576504 12910592
1576505 0
1577084 12910592
1577085 0
1577344 12910592
1577345 0
1595223 12910592
1595224 0
1595483 12910592
1595484 0
1596063 12910592
1596064 0
1596323 12910592
1596324 0
1613412 12910592
1613413 0
1613672 12910592
1613673 0
1614252 12910592
1614253 0
1614512 12910592
1614513 0
1631602 12910592
1631603 0
1631862 12910592
1631863 0
1632442 12910592
1632443 0
1632702 12910592
1632703 0
1649791 12910592
1649792 0
1650051 12910592
1650052 0
1650631 12910592
1650632 0
1650891 12910592
1650892 0
1667981 12910592
1667982 0
1668241 12910592
1668242 0
1668821 12910592
1668822 0
1669081 12910592
1669082 0
1686170 12910592
1686171 0
1686400 12910592
1686401 0
1686940 12910592
1686941 0
1687170 12910592
1687171 0
1773344 12910592
1773345 0
1773604 12910592
1773605 0
1774184 12910592
1774185 0
1774444 12910592
1774445 0
1795307 12910592
1795308 0
1795567 12910592
1795568 0
1796147 12910592
1796148 0
1796407 12910592
1796408 0
1813497 12910592
1813498 0
1813757 12910592
1813758 0
1814337 12910592
1814338 0
1814597 12910592
1814598 0
1831686 12910592
1831687 0
1831946 12910592
1831947 0
1832526 12910592
1832527 0
1832786 12910592
1832787 0
1849876 12910592
1849877 0
1850136 12910592
1850137 0
1850716 12910592
1850717 0
1850976 12910592
1850977 0
1868065 12910592
1868066 0
1868325 12910592
1868326 0
1868905 12910592
1868906 0
1869165 12910592
1869166 0
1885655 12910592
1885656 0
1885915 12910592
1885916 0
1886495 12910592
1886496 0
1886755 12910592
1886756 0
1902944 12910592
1902945 0
1903204 12910592
1903205 0
1903784 12910592
1903785 0
1904044 12910592
1904045 0
1921844 12910592
1921845 0
1922074 12910592
1922075 0
1922614 12910592
1922615 0
1922844 12910592
1922845 0
1941473 12910592
1941474 0
1941733 12910592
1941734 0
1942313 12910592
1942314 0
1942573 12910592
1942574 0
1959987 12910592
1959988 0
1960247 12910592
1960248 0
1960827 12910592
1960828 0
1961087 12910592
1961088 0
1978501 12910592
1978502 0
1978761 12910592
1978762 0
1979341 12910592
1979342 0
1979601 12910592
1979602 0
1997015 12910592
1997016 0
1997275 12910592
1997276 0
1997855 12910592
1997856 0
1998115 12910592
1998116 0
2015530 12910592
2015531 0
2015790 12910592
2015791 0
2016370 12910592
2016371 0
2016630 12910592
2016631 0
2034044 12910592
2034045 0
2034304 12910592
2034305 0
2034884 12910592
2034885 0
2035144 12910592
2035145 0
2052558 12910592
2052559 0
2052818 12910592
2052819 0
2053398 12910592
2053399 0
2053658 12910592
2053659 0
2071073 12910592
2071074 0
2071333 12910592
2071334 0
2071913 12910592
2071914 0
2072173 12910592
2072174 0
2089587 12910592
2089588 0
2089847 12910592
2089848 0
2090427 12910592
2090428 0
2090687 12910592
2090688 0
2108101 12910592
2108102 0
2108361 12910592
2108362 0
2108941 12910592
2108942 0
2109201 12910592
2109202 0
2126615 12910592
2126616 0
2126875 12910592
2126876 0
2127455 12910592
2127456 0
2127715 12910592
2127716 0
2144530 12910592
2144531 0
2144790 12910592
2144791 0
2145370 12910592
2145371 0
2145630 12910592
2145631 0
2162144 12910592
2162145 0
2162404 12910592
2162405 0
2162984 12910592
2162985 0
2163244 12910592
2163245 0
2181044 12910592
2181045 0
2181304 12910592
2181305 0
2181884 12910592
2181885 0
2182144 12910592
2182145 0
2200023 12910592
2200024 0
2200283 12910592
2200284 0
2200863 12910592
2200864 0
2201123 12910592
2201124 0
2218212 12910592
2218213 0
2218472 12910592
2218473 0
2219052 12910592
2219053 0
2219312 12910592
2219313 0
2236402 12910592
2236403 0
2236662 12910592
2236663 0
2237242 12910592
2237243 0
2237502 12910592
2237503 0
2254591 12910592
2254592 0
2254851 12910592
2254852 0
2255431 12910592
2255432 0
2255691 12910592
2255692 0
2272781 12910592
2272782 0
2273041 12910592
2273042 0
2273621 12910592
2273622 0
2273881 12910592
2273882 0
2290970 12910592
2290971 0
2291200 12910592
2291201 0
2291740 12910592
2291741 0
2291970 12910592
2291971 0
2309160 12910592
2309161 0
2309420 12910592
2309421 0
2310000 12910592
2310001 0
2310260 12910592
2310261 0
2327349 12910592
2327350 0
2327609 12910592
2327610 0
2328189 12910592
2328190 0
2328449 12910592
2328450 0
2345539 12910592
2345540 0
2345799 12910592
2345800 0
2346379 12910592
2346380 0
2346639 12910592
2346640 0
2363728 12910592
2363729 0
2363988 12910592
2363989 0
2364568 12910592
2364569 0
2364828 12910592
2364829 0
2381918 12910592
2381919 0
2382178 12910592
2382179 0
2382758 12910592
2382759 0
2383018 12910592
2383019 0
2400107 12910592
2400108 0
2400367 12910592
2400368 0
2400947 12910592
2400948 0
2401207 12910592
2401208 0
2418297 12910592
2418298 0
2418557 12910592
2418558 0
2419137 12910592
2419138 0
2419397 12910592
2419398 0
2436486 12910592
2436487 0
2436746 12910592
2436747 0
2437326 12910592
2437327 0
2437586 12910592
2437587 0
2454676 12910592
2454677 0
2454936 12910592
2454937 0
2455516 12910592
2455517 0
2455776 12910592
2455777 0
2472865 12910592
2472866 0
2473125 12910592
2473126 0
2473705 12910592
2473706 0
2473965 12910592
2473966 0
2490455 12910592
2490456 0
2490715 12910592
2490716 0
2491295 12910592
2491296 0
2491555 12910592
2491556 0
2507744 12910592
2507745 0
2508004 12910592
2508005 0
2508584 12910592
2508585 0
2508844 12910592
2508845 0
2527758 12910592
2527759 0
2527988 12910592
2527989 0
2528528 12910592
2528529 0
2528758 12910592
2528759 0
2546273 12910592
2546274 0
2546533 12910592
2546534 0
2547113 12910592
2547114 0
2547373 12910592
2547374 0
2564787 12910592
2564788 0
2565047 12910592
2565048 0
2565627 12910592
2565628 0
2565887 12910592
2565888 0
2583301 12910592
2583302 0
2583561 12910592
2583562 0
2584141 12910592
2584142 0
2584401 12910592
2584402 0
2601815 12910592
2601816 0
2602075 12910592
2602076 0
2602655 12910592
2602656 0
2602915 12910592
2602916 0
2620330 12910592
2620331 0
2620590 12910592
2620591 0
2621170 12910592
2621171 0
2621430 12910592
2621431 0
2638844 12910592
2638845 0
2639104 12910592
2639105 0
2639684 12910592
2639685 0
2639944 12910592
2639945 0
2657358 12910592
2657359 0
2657618 12910592
2657619 0
2658198 12910592
2658199 0
2658458 12910592
2658459 0
2675873 12910592
2675874 0
2676133 12910592
2676134 0
2676713 12910592
2676714 0
2676973 12910592
2676974 0
2694387 12910592
2694388 0
2694647 12910592
2694648 0
2695227 12910592
2695228 0
2695487 12910592
2695488 0
2712901 12910592
2712902 0
2713161 12910592
2713162 0
2713741 12910592
2713742 0
2714001 12910592
2714002 0
2731415 12910592
2731416 0
2731675 12910592
2731676 0
2732255 12910592
2732256 0
2732515 12910592
2732516 0
2749330 12910592
2749331 0
2749590 12910592
2749591 0
2750170 12910592
2750171 0
2750430 12910592
2750431 0
2766944 12910592
2766945 0
2767204 12910592
2767205 0
2767784 12910592
2767785 0
2768044 12910592
2768045 0
2786633 12910592
2786634 0
2786893 12910592
2786894 0
2787473 12910592
2787474 0
2787733 12910592
2787734 0
2804823 12910592
2804824 0
2805083 12910592
2805084 0
2805663 12910592
2805664 0
2805923 12910592
2805924 0
2823012 12910592
2823013 0
2823272 12910592
2823273 0
2823852 12910592
2823853 0
2824112 12910592
2824113 0
2841202 12910592
2841203 0
2841462 12910592
2841463 0
2842042 12910592
2842043 0
2842302 12910592
2842303 0
2859391 12910592
2859392 0
2859651 12910592
2859652 0
2860231 12910592
2860232 0
2860491 12910592
2860492 0
2877581 12910592
2877582 0
2877841 12910592
2877842 0
2878421 12910592
2878422 0
2878681 12910592
2878682 0
2895770 12910592
2895771 0
2896000 12910592
2896001 0
2896540 12910592
2896541 0
2896770 12910592
2896771 0
2913960 12910592
2913961 0
2914220 12910592
2914221 0
2914800 12910592
2914801 0
2915060 12910592
2915061 0
2932149 12910592
2932150 0
2932409 12910592
2932410 0
2932989 12910592
2932990 0
2933249 12910592
2933250 0
2950339 12910592
2950340 0
2950599 12910592
2950600 0
2951179 12910592
2951180 0
2951439 12910592
2951440 0
2968528 12910592
2968529 0
2968788 12910592
2968789 0
2969368 12910592
2969369 0
2969628 12910592
2969629 0
2986718 12910592
2986719 0
2986978 12910592
2986979 0
2987558 12910592
2987559 0
2987818 12910592
2987819 0
3004907 12910592
3004908 0
3005167 12910592
3005168 0
3005747 12910592
3005748 0
3006007 12910592
3006008 0
3023097 12910592
3023098 0
3023357 12910592
3023358 0
3023937 12910592
3023938 0
3024197 12910592
3024198 0
3041286 12910592
3041287 0
3041546 12910592
3041547 0
3042126 12910592
3042127 0
3042386 12910592
3042387 0
3059476 12910592
3059477 0
3059736 12910592
3059737 0
3060316 12910592
3060317 0
3060576 12910592
3060577 0
3077665 12910592
3077666 0
3077925 12910592
3077926 0
3078505 12910592
3078506 0
3078765 12910592
3078766 0
3095255 12910592
3095256 0
3095515 12910592
3095516 0
3096095 12910592
3096096 0
3096355 12910592
3096356 0
3112544 12910592
3112545 0
3112804 12910592
3112805 0
3113384 12910592
3113385 0
3113644 12910592
3113645 0
3132392 215177
3132452 0
3132622 215177
3132682 0
3133162 215177
3133222 0
3133392 215177
3133452 0
3150799 215177
3150859 0
3151059 215177
3151119 0
3151639 215177
3151699 0
3151899 215177
3151959 0
3169206 215177
3169266 0
3169466 215177
3169526 0
3170046 215177
3170106 0
3170306 215177
3170366 0
3187614 215177
3187674 0
3187874 215177
3187934 0
3188454 215177
3188514 0
3188714 215177
3188774 0
3206021 215177
3206081 0
3206281 215177
3206341 0
3206861 215177
3206921 0
3207121 215177
3207181 0
3224428 215177
3224488 0
3224688 215177
3224748 0
3225268 215177
3225328 0
3225528 215177
3225588 0
3242835 215177
3242895 0
3243095 215177
3243155 0
3243675 215177
3243735 0
3243935 215177
3243995 0
3261242 215177
3261302 0
3261502 215177
3261562 0
3262082 215177
3262142 0
3262342 215177
3262402 0
3279649 215177
3279709 0
3279909 215177
3279969 0
3280489 215177
3280549 0
3280749 215177
3280809 0
3298056 215177
3298116 0
3298316 215177
3298376 0
3298896 215177
3298956 0
3299156 215177
3299216 0
3316464 215177
3316524 0
3316724 215177
3316784 0
3317304 215177
3317364 0
3317564 215177
3317624 0
3334871 215177
3334931 0
3335131 215177
3335191 0
3335711 215177
3335771 0
3335971 215177
3336031 0
3353278 215177
3353338 0
3353538 215177
3353598 0
3354118 215177
3354178 0
3354378 215177
3354438 0
3371685 215177
3371745 0
3371945 215177
3372005 0
3372525 215177
3372585 0
3372785 215177
3372845 0
3391296 215177
3391356 0
3391556 215177
3391616 0
3392136 215177
3392196 0
3392396 215177
3392456 0
3409406 215177
3409466 0
3409666 215177
3409726 0
3410246 215177
3410306 0
3410506 215177
3410566 0
3427517 215177
3427577 0
3427777 215177
3427837 0
3428357 215177
3428417 0
3428617 215177
3428677 0
3445627 215177
3445687 0
3445887 215177
3445947 0
3446467 215177
3446527 0
3446727 215177
3446787 0
3463738 215177
3463798 0
3463998 215177
3464058 0
3464578 215177
3464638 0
3464838 215177
3464898 0
3481848 215177
3481908 0
3482108 215177
3482168 0
3482688 215177
3482748 0
3482948 215177
3483008 0
3499959 215177
3500019 0
3500189 215177
3500249 0
3500729 215177
3500789 0
3500959 215177
3501019 0
3518069 215177
3518129 0
3518329 215177
3518389 0
3518909 215177
3518969 0
3519169 215177
3519229 0
3536180 215177
3536240 0
3536440 215177
3536500 0
3537020 215177
3537080 0
3537280 215177
3537340 0
3554290 215177
3554350 0
3554550 215177
3554610 0
3555130 215177
3555190 0
3555390 215177
3555450 0
3572401 215177
3572461 0
3572661 215177
3572721 0
3573241 215177
3573301 0
3573501 215177
3573561 0
3590511 215177
3590571 0
3590771 215177
3590831 0
3591351 215177
3591411 0
3591611 215177
3591671 0
3608622 215177
3608682 0
3608882 215177
3608942 0
3609462 215177
3609522 0
3609722 215177
3609782 0
3626732 215177
3626792 0
3626992 215177
3627052 0
3627572 215177
3627632 0
3627832 215177
3627892 0
3644843 215177
3644903 0
3645103 215177
3645163 0
3645683 215177
3645743 0
3645943 215177
3646003 0
3662953 215177
3663013 0
3663213 215177
3663273 0
3663793 215177
3663853 0
3664053 215177
3664113 0
3681064 215177
3681124 0
3681324 215177
3681384 0
3681904 215177
3681964 0
3682164 215177
3682224 0
3699174 215177
3699234 0
3699434 215177
3699494 0
3700014 215177
3700074 0
3700274 215177
3700334 0
3717285 215177
3717345 0
3717545 215177
3717605 0
3718125 215177
3718185 0
3718385 215177
3718445 0
3737192 215177
3737252 0
3737422 215177
3737482 0
3737962 215177
3738022 0
3738192 215177
3738252 0
3755599 215177
3755659 0
3755859 215177
3755919 0
3756439 215177
3756499 0
3756699 215177
3756759 0
3774006 215177
3774066 0
3774266 215177
3774326 0
3774846 215177
3774906 0
3775106 215177
3775166 0
3792414 215177
3792474 0
3792674 215177
3792734 0
3793254 215177
3793314 0
3793514 215177
106 events for J
733615 1000
734615 0
779323 1000
780323 0
825222 1000
826222 0
871345 1000
872345 0
917793 1000
918793 0
964600 1000
965600 0
1029408 1000
1030408 0
1075027 1000
1076027 0
1119902 1000
1120902 0
1160274 1000
1160338 0
1172885 1000
1173885 0
1209492 1000
1210492 0
1253893 1000
1254893 0
1298225 1000
1299225 0
1360078 1000
1361078 0
1422088 1000
1423088 0
1473756 1000
1474756 0
1517588 1000
1518588 0
1561137 1000
1562137 0
1604480 1000
1605480 0
1647590 1000
1648590 0
1690350 1000
1691350 0
1732899 1000
1733899 0
1775511 1000
1776511 0
1818443 1000
1819443 0
1861813 1000
1862813 0
1905460 1000
1906460 0
1949136 1000
1950136 0
1992867 1000
1993867 0
2036595 1000
2037595 0
2080747 1000
2081747 0
2119786 1000
2120786 0
2173280 1000
2174280 0
2213652 1000
2214652 0
2259853 1000
2260853 0
2307644 1000
2308644 0
2357152 1000
2358152 0
2405483 1000
2406483 0
2452170 1000
2453170 0
2498333 1000
2499333 0
2543331 1000
2544331 0
2588036 1000
2589036 0
2632953 1000
2633953 0
2678137 1000
2679137 0
2723891 1000
2724891 0
2769226 1000
2770226 0
2813338 1000
2814338 0
2857197 1000
2858197 0
2900775 1000
2901775 0
2944011 1000
2945011 0
2986934 1000
2987934 0
3029762 1000
3030762 0
3073059 1000
3074059 0
75 events for K
87471 0
88071 224
692271 0
1042311 20
1042491 0
1044651 20
1044831 0
1044891 28
1211031 0
1223331 20
1223511 0
1225671 20
1225851 0
1225911 126
1297431 0
1297671 305
1901871 0
1902471 305
2506671 0
2507271 330
3111471 0
3126351 20
3126531 0
3128691 20
3128871 0
3128931 126
3154851 0
3155511 20
3155691 0
3157851 20
3158031 0
3158091 218
3173151 0
3173811 20
3173991 0
3176151 20
3176331 0
3176391 32
3313911 28
3314211 0
3314871 20
3315051 0
3317211 20
3317391 0
3317451 201
3344391 28
3344691 0
3344751 20
3344931 203
3370971 0
3383331 20
3383511 0
3385671 20
3385851 0
3385911 36
3404991 0
3405651 20
3405831 0
3407991 20
3408171 0
3408231 36
3427311 0
3427971 20
3428151 0
3430311 20
3430491 0
3430551 36
3459771 0
3655731 20
3655911 0
3658071 20
3658251 0
3658311 12
3716571 0
3716871 330
35 events for L
89402 0
100803 1300
348602 0
366003 1300
694202 0
706083 600
706263 1300
952883 700
952928 0
965103 600
965283 1300
1212023 700
1212068 0
1224183 600
1224363 1300
1298423 700
1298468 0
1316583 600
1316763 1300
1556843 700
1556888 0
1575783 600
1575903 1300
1903403 700
1903448 0
1921203 1300
2163002 0
2180403 1300
2508602 0
2520003 1950
2767802 0
2779203 1950
3113402 0
3113404 1944
3729603 1300
0 events for M

377 events for N
110751 117965
110841 124709
111702 6744
112611 124709
113502 6744
114411 124709
115302 6744
116211 124709
117102 6744
118011 124709
118902 6744
119811 124709
120702 6744
121602 0
129266 117965
129356 124709
130217 6744
131126 124709
132017 6744
132926 124709
133817 6744
134726 124709
135617 6744
136517 0
314498 7514
328139 0
330313 7514
345754 0
634037 58982
634127 66496
635408 6744
635897 66496
637268 6744
637688 0
640369 58982
640459 66496
641740 6744
642229 66496
643600 6744
644029 66496
645400 6744
654820 0
660658 58982
660748 66496
662029 6744
662518 66496
663889 6744
664318 66496
665689 6744
671509 0
1011937 235930
1012027 242674
1013788 6744
1013977 242674
1015828 6744
1016017 242674
1017868 6744
1018117 242674
1019968 6744
1020988 0
1028995 235930
1029085 242674
1029701 6744
1029706 0
1044488 169032
1046288 45609
1048093 0
1581857 117965
1581947 125479
1583228 7514
1583588 0
1719527 3372
1724708 0
1744727 3372
1753088 0
1762127 3372
1767488 0
1789727 3372
1792688 0
1795605 3372
1811406 0
1951637 117965
1951727 121337
1953248 3372
1953497 121337
1955048 3372
1955288 0
1960080 117965
1960170 121337
1961511 3372
1967340 121337
1968711 3372
1970931 0
1980694 117965
1980784 121337
1982305 3372
1986154 121337
1987705 3372
1987945 0
2187527 3372
2188397 121337
2191148 3372
2191997 121337
2194688 3372
2195588 0
2202216 117965
2202306 121337
2203767 3372
2204076 121337
2205627 3372
2209467 0
2556677 19661
2556767 25951
2558528 6290
2559317 25951
2561168 6290
2561708 0
2565017 19661
2565107 25951
2566868 6290
2567657 25951
2569508 6290
2570477 25951
2572328 6290
2573057 25951
2574908 6290
2575877 25951
2577728 6290
2578457 25951
2580308 6290
2580848 0
2585597 19661
2585687 25951
2587448 6290
2587577 25951
2589428 6290
2589797 25951
2591648 6290
2591777 25951
2593628 6290
2593997 25951
2595848 6290
2595977 25951
2597823 6290
2597828 0
2601908 117965
2601998 124709
2603459 6744
2618159 0
2622523 117965
2622613 124709
2624074 6744
2636854 0
2638937 117965
2639027 124709
2640488 6744
2653268 0
2788937 19661
2789027 25951
2790788 6290
2790917 25951
2792768 6290
2793137 25951
2794988 6290
2795117 25951
2796968 6290
2797337 25951
2799188 6290
2799317 25951
2801163 6290
2801168 0
2807117 19661
2807207 25951
2808068 6290
2808197 25951
2809148 6290
2809517 25951
2810468 6290
2810717 25951
2811668 6290
2811917 25951
2812868 6290
2812997 25951
2813948 6290
2813953 0
2815637 117965
2815727 124709
2817248 6744
2819253 0
2819297 117965
2820908 6744
2820968 0
2823105 117965
2823195 124709
2824716 6744
2828521 0
2828565 117965
2830176 6744
2835636 0
2843395 117965
2843485 124709
2845006 6744
2847011 0
2847055 117965
2848666 6744
2853826 0
2859574 6290
2870335 0
2879864 6290
2890625 0
2898196 6290
2901757 0
3139637 58982
3142388 7514
3145902 0
3153051 58982
3153141 66496
3154482 7514
3154791 66496
3156222 7514
3156471 66496
3157902 7514
3158151 66496
3159582 7514
3159831 66496
3161262 7514
3161272 0
3206173 58982
3206263 66496
3207604 7514
3208033 66496
3209464 7514
3209833 66496
3211264 7514
3211633 66496
3213064 7514
3213433 66496
3214864 7514
3215233 66496
3216664 7514
3217033 66496
3218464 7514
3218833 66496
3220264 7514
3220633 66496
3222064 7514
3222494 0
3226680 58982
3226770 66496
3228111 7514
3228540 66496
3229971 7514
3230340 66496
3231771 7514
3232140 66496
3233571 7514
3233940 66496
3235371 7514
3235740 66496
3237171 7514
3237540 66496
3238971 7514
3239340 66496
3240771 7514
3240901 0
3242987 58982
3243077 66496
3244538 7514
3244607 66496
3246158 7514
3246227 66496
3247658 7514
3247663 0
3290927 7514
3296108 0
3301898 7514
3314519 0
3316706 7514
3332927 0
3411677 58982
3411767 66496
3413108 7514
3413537 66496
3414968 7514
3415328 0
3415637 58982
3415727 66496
3417068 7514
3417317 66496
3418748 7514
3419057 66496
3420488 7514
3420493 0
3506837 58982
3506927 66496
3508268 7514
3508337 66496
3509768 7514
3509837 66496
3511268 7514
3511337 66496
3512768 7514
3512837 66496
3514268 7514
3514337 66496
3515768 7514
3516128 0
3520322 58982
3520412 66496
3521753 7514
3522182 66496
3523613 7514
3523982 66496
3525413 7514
3525782 58982
3527213 7514
3527582 66496
3529013 7514
3529382 58982
3530813 7514
3531182 66496
3532613 7514
3532802 66496
3534233 7514
3534238 0
3536335 58982
3536425 66496
3537766 7514
3538015 66496
3539446 7514
3539695 66496
3541126 7514
3541375 66496
3542806 7514
3543055 66496
3544486 7514
3544735 66496
3546166 7514
3546415 66496
3547846 7514
3548095 66496
3549526 7514
3550071 0
3739787 7514
3750753 0
3757997 58982
3758087 66496
3758808 7514
3758897 66496
3759708 7514
3760037 66496
3760848 7514
3760937 66496
3761748 7514
3762077 66496
3762888 7514
3762977 66496
3763788 7514
3764297 66496
3765108 7514
3765197 66496
3766008 7514
3766337 66496
3767148 7514
3767237 66496
3768048 7514
3768377 66496
3769188 7514
3769277 66496
3770088 7514
3770093 0
3774197 58982
3774287 65726
3779408 6744
3785057 65726
3790268 6744
3790388 0
