14 instruments
A 10 100 0 296462475.07613176
B 10 100 50290700 1600000000
C 10 100 6553.6061313363007 2560002395.0532427
D 10 100 4367744.2331614867 2240000119.5770016
E 10 100 728287279.5071317 6713663885.8674479
F 10 100 352362.70723718189 299636114.68177354
G 10 100 54084010.43300014 1720684275.4783733
H 10 100 0.000155227 800000000
I 10 100 22528 960000000
J 10 100 141644.34804627756 547774564.8662138
K 10 100 2238.0782914523293 612647607.58318675
L 10 100 376310 320000000
M 10 100 1538660356.7547786 4054547831.9712734
N 10 100 192158478.34180248 847760826.1096437
60 downlinks
0 230 26089 8910.3347130000002
1 69275 89272 9263.3037550000008
2 92381 98613 8194.1372179999998
3 110326 122989 8812.3468479999992
4 141822 143653 28513.272391999999
5 170497 174658 29797.943813000002
6 178689 213521 9287.2106050000002
7 213522 224274 9493.8769009999996
8 227678 263758 29841.66733
9 264997 269675 9031.5484039999992
10 328475 340105 27058.173078
11 342214 345771 27764.822221999999
12 349714 366316 8866.3210920000001
13 378201 390361 30200.423556999998
14 393473 398317 9259.4321029999992
15 402509 426580 9457.3783449999992
16 428309 432137 29542.407908000001
17 437615 452458 8564.5545529999999
18 461609 484278 9335.3412189999999
19 486805 515531 27874.981927000001
20 523925 566080 30587.746092000001
21 566081 610233 9231.3874039999992
22 610234 626452 8609.2624169999999
23 627801 644033 8689.6108280000008
24 652386 654433 26609.79682
25 674075 693680 8915.2263710000007
26 696545 726495 9094.9622560000007
27 726496 744210 8333.9255690000009
28 744792 751133 27500.430241999999
29 765210 781563 8601.7316499999997
30 782856 817769 9100.8958739999998
31 831487 844776 9427.4328960000003
32 847747 858159 27243.904355999999
33 860587 882307 8431.3051790000009
34 911303 913625 27636.251289
35 933275 952563 8831.2619180000002
36 953671 970270 8966.6639699999996
37 977882 983633 54396.705881000002
38 987425 1001453 58970.262822999997
39 1004038 1033077 57826.355975999999
40 1033078 1043822 17374.699861000001
41 1059178 1085969 57611.601310999999
42 1086178 1118258 59023.283414999998
43 1119000 1124750 55193.106121999997
44 1128106 1170223 25530.421285
45 1170224 1214419 29269.697155999998
46 1214420 1218510 16830.732371999999
47 1231668 1246335 28226.256141999998
48 1248665 1251216 60093.408818999997
49 1291663 1321362 58272.632834999997
50 1321363 1328637 61499.660580999996
51 1342840 1364137 28538.149495000001
52 1377685 1383507 18090.695755000001
53 1387050 1402262 23661.293665000001
54 1404159 1432113 28757.617953000001
55 1432114 1474410 56137.919716999997
56 1475554 1492448 23437.772314999998
57 1507654 1520294 55980.942202999999
58 1533509 1547361 60635.164006999999
59 1550249 1581176 23619.145155999999
0 opportunities for A
0 opportunities for B
0 opportunities for C
0 opportunities for D
0 opportunities for E
0 opportunities for F
0 opportunities for G
0 opportunities for H
0 opportunities for I
0 opportunities for J
0 opportunities for K
0 opportunities for L
0 opportunities for M
0 opportunities for N
0 events for A

49 events for B
12796 487
68475 2414
86204 487
90404 2414
98375 487
143915 2414
159700 487
348954 2414
356375 487
385378 2414
417418 487
437601 2414
439441 487
595475 2414
617596 487
621799 2414
643775 487
673275 2414
690999 487
695206 2414
702875 487
789575 2414
802029 487
806289 2414
839118 487
1006222 2414
1022312 487
1026512 2414
1058571 487
1062951 2414
1091975 487
1133549 2414
1149577 487
1153838 2414
1178375 1285
1279189 2414
1281029 1285
1286082 2414
1295804 1285
1300004 2414
1307804 1285
1415975 2414
1443918 1285
1448118 2414
1459175 1285
1485146 2414
1516475 1285
1529675 2414
1540064 1285
664 events for C
16191 12910592
16192 0
16451 12910592
16452 0
17031 12910592
17032 0
17291 12910592
17292 0
33781 12910592
33782 0
34041 12910592
34042 0
34621 12910592
34622 0
34881 12910592
34882 0
51070 12910592
51071 0
51330 12910592
51331 0
51910 12910592
51911 0
52170 12910592
52171 0
69970 12910592
69971 0
70200 12910592
70201 0
70740 12910592
70741 0
70970 12910592
70971 0
89599 12910592
89600 0
89859 12910592
89860 0
90439 12910592
90440 0
90699 12910592
90700 0
108113 12910592
108114 0
108373 12910592
108374 0
108953 12910592
108954 0
109213 12910592
109214 0
126627 12910592
126628 0
126887 12910592
126888 0
127467 12910592
127468 0
127727 12910592
127728 0
145141 12910592
145142 0
145401 12910592
145402 0
145981 12910592
145982 0
146241 12910592
146242 0
163656 12910592
163657 0
163916 12910592
163917 0
164496 12910592
164497 0
164756 12910592
164757 0
182170 12910592
182171 0
182430 12910592
182431 0
183010 12910592
183011 0
183270 12910592
183271 0
200684 12910592
200685 0
200944 12910592
200945 0
201524 12910592
201525 0
201784 12910592
201785 0
219199 12910592
219200 0
219459 12910592
219460 0
220039 12910592
220040 0
220299 12910592
220300 0
237713 12910592
237714 0
237973 12910592
237974 0
238553 12910592
238554 0
238813 12910592
238814 0
256227 12910592
256228 0
256487 12910592
256488 0
257067 12910592
257068 0
257327 12910592
257328 0
274741 12910592
274742 0
275001 12910592
275002 0
275581 12910592
275582 0
275841 12910592
275842 0
292656 12910592
292657 0
292916 12910592
292917 0
293496 12910592
293497 0
293756 12910592
293757 0
310270 12910592
310271 0
310530 12910592
310531 0
311110 12910592
311111 0
311370 12910592
311371 0
329170 12910592
329171 0
329430 12910592
329431 0
330010 12910592
330011 0
330270 12910592
330271 0
348149 12910592
348150 0
348409 12910592
348410 0
348989 12910592
348990 0
349249 12910592
349250 0
366338 12910592
366339 0
366598 12910592
366599 0
367178 12910592
367179 0
367438 12910592
367439 0
384528 12910592
384529 0
384788 12910592
384789 0
385368 12910592
385369 0
385628 12910592
385629 0
402717 12910592
402718 0
402977 12910592
402978 0
403557 12910592
403558 0
403817 12910592
403818 0
420907 12910592
420908 0
421167 12910592
421168 0
421747 12910592
421748 0
422007 12910592
422008 0
439096 12910592
439097 0
439326 12910592
439327 0
439866 12910592
439867 0
440096 12910592
440097 0
526270 12910592
526271 0
526530 12910592
526531 0
527110 12910592
527111 0
527370 12910592
527371 0
548233 12910592
548234 0
548493 12910592
548494 0
549073 12910592
549074 0
549333 12910592
549334 0
566423 12910592
566424 0
566683 12910592
566684 0
567263 12910592
567264 0
567523 12910592
567524 0
584612 12910592
584613 0
584872 12910592
584873 0
585452 12910592
585453 0
585712 12910592
585713 0
602802 12910592
602803 0
603062 12910592
603063 0
603642 12910592
603643 0
603902 12910592
603903 0
620991 12910592
620992 0
621251 12910592
621252 0
621831 12910592
621832 0
622091 12910592
622092 0
638581 12910592
638582 0
638841 12910592
638842 0
639421 12910592
639422 0
639681 12910592
639682 0
655870 12910592
655871 0
656130 12910592
656131 0
656710 12910592
656711 0
656970 12910592
656971 0
674770 12910592
674771 0
675000 12910592
675001 0
675540 12910592
675541 0
675770 12910592
675771 0
694399 12910592
694400 0
694659 12910592
694660 0
695239 12910592
695240 0
695499 12910592
695500 0
712913 12910592
712914 0
713173 12910592
713174 0
713753 12910592
713754 0
714013 12910592
714014 0
731427 12910592
731428 0
731687 12910592
731688 0
732267 12910592
732268 0
732527 12910592
732528 0
749941 12910592
749942 0
750201 12910592
750202 0
750781 12910592
750782 0
751041 12910592
751042 0
768456 12910592
768457 0
768716 12910592
768717 0
769296 12910592
769297 0
769556 12910592
769557 0
786970 12910592
786971 0
787230 12910592
787231 0
787810 12910592
787811 0
788070 12910592
788071 0
805484 12910592
805485 0
805744 12910592
805745 0
806324 12910592
806325 0
806584 12910592
806585 0
823999 12910592
824000 0
824259 12910592
824260 0
824839 12910592
824840 0
825099 12910592
825100 0
842513 12910592
842514 0
842773 12910592
842774 0
843353 12910592
843354 0
843613 12910592
843614 0
861027 12910592
861028 0
861287 12910592
861288 0
861867 12910592
861868 0
862127 12910592
862128 0
879541 12910592
879542 0
879801 12910592
879802 0
880381 12910592
880382 0
880641 12910592
880642 0
897456 12910592
897457 0
897716 12910592
897717 0
898296 12910592
898297 0
898556 12910592
898557 0
915070 12910592
915071 0
915330 12910592
915331 0
915910 12910592
915911 0
916170 12910592
916171 0
933970 12910592
933971 0
934230 12910592
934231 0
934810 12910592
934811 0
935070 12910592
935071 0
952949 12910592
952950 0
953209 12910592
953210 0
953789 12910592
953790 0
954049 12910592
954050 0
971138 12910592
971139 0
971398 12910592
971399 0
971978 12910592
971979 0
972238 12910592
972239 0
989328 12910592
989329 0
989588 12910592
989589 0
990168 12910592
990169 0
990428 12910592
990429 0
1007517 12910592
1007518 0
1007777 12910592
1007778 0
1008357 12910592
1008358 0
1008617 12910592
1008618 0
1025707 12910592
1025708 0
1025967 12910592
1025968 0
1026547 12910592
1026548 0
1026807 12910592
1026808 0
1043896 12910592
1043897 0
1044126 12910592
1044127 0
1044666 12910592
1044667 0
1044896 12910592
1044897 0
1062086 12910592
1062087 0
1062346 12910592
1062347 0
1062926 12910592
1062927 0
1063186 12910592
1063187 0
1080275 12910592
1080276 0
1080535 12910592
1080536 0
1081115 12910592
1081116 0
1081375 12910592
1081376 0
1098465 12910592
1098466 0
1098725 12910592
1098726 0
1099305 12910592
1099306 0
1099565 12910592
1099566 0
1116654 12910592
1116655 0
1116914 12910592
1116915 0
1117494 12910592
1117495 0
1117754 12910592
1117755 0
1134844 12910592
1134845 0
1135104 12910592
1135105 0
1135684 12910592
1135685 0
1135944 12910592
1135945 0
1153033 12910592
1153034 0
1153293 12910592
1153294 0
1153873 12910592
1153874 0
1154133 12910592
1154134 0
1171223 12910592
1171224 0
1171483 12910592
1171484 0
1172063 12910592
1172064 0
1172323 12910592
1172324 0
1189412 12910592
1189413 0
1189672 12910592
1189673 0
1190252 12910592
1190253 0
1190512 12910592
1190513 0
1207602 12910592
1207603 0
1207862 12910592
1207863 0
1208442 12910592
1208443 0
1208702 12910592
1208703 0
1225791 12910592
1225792 0
1226051 12910592
1226052 0
1226631 12910592
1226632 0
1226891 12910592
1226892 0
1243381 12910592
1243382 0
1243641 12910592
1243642 0
1244221 12910592
1244222 0
1244481 12910592
1244482 0
1260670 12910592
1260671 0
1260930 12910592
1260931 0
1261510 12910592
1261511 0
1261770 12910592
1261771 0
1280684 12910592
1280685 0
1280914 12910592
1280915 0
1281454 12910592
1281455 0
1281684 12910592
1281685 0
1299199 12910592
1299200 0
1299459 12910592
1299460 0
1300039 12910592
1300040 0
1300299 12910592
1300300 0
1317713 12910592
1317714 0
1317973 12910592
1317974 0
1318553 12910592
1318554 0
1318813 12910592
1318814 0
1336227 12910592
1336228 0
1336487 12910592
1336488 0
1337067 12910592
1337068 0
1337327 12910592
1337328 0
1354741 12910592
1354742 0
1355001 12910592
1355002 0
1355581 12910592
1355582 0
1355841 12910592
1355842 0
1373256 12910592
1373257 0
1373516 12910592
1373517 0
1374096 12910592
1374097 0
1374356 12910592
1374357 0
1391770 12910592
1391771 0
1392030 12910592
1392031 0
1392610 12910592
1392611 0
1392870 12910592
1392871 0
1410284 12910592
1410285 0
1410544 12910592
1410545 0
1411124 12910592
1411125 0
1411384 12910592
1411385 0
1428799 12910592
1428800 0
1429059 12910592
1429060 0
1429639 12910592
1429640 0
1429899 12910592
1429900 0
1447313 12910592
1447314 0
1447573 12910592
1447574 0
1448153 12910592
1448154 0
1448413 12910592
1448414 0
1465827 12910592
1465828 0
1466087 12910592
1466088 0
1466667 12910592
1466668 0
1466927 12910592
1466928 0
1484341 12910592
1484342 0
1484601 12910592
1484602 0
1485181 12910592
1485182 0
1485441 12910592
1485442 0
1502256 12910592
1502257 0
1502516 12910592
1502517 0
1503096 12910592
1503097 0
1503356 12910592
1503357 0
1519870 12910592
1519871 0
1520130 12910592
1520131 0
1520710 12910592
1520711 0
1520970 12910592
1520971 0
1539559 12910592
1539560 0
1539819 12910592
1539820 0
1540399 12910592
1540400 0
1540659 12910592
1540660 0
1557749 12910592
1557750 0
1558009 12910592
1558010 0
1558589 12910592
1558590 0
1558849 12910592
1558850 0
1575938 12910592
1575939 0
1576198 12910592
1576199 0
1576778 12910592
1576779 0
1577038 12910592
1577039 0
1594128 12910592
1594129 0
1594388 12910592
1594389 0
1594968 12910592
1594969 0
1595228 12910592
1595229 0
0 events for D

18 events for E
115997 42873674
116002 0
137597 60808152
137602 0
223997 123650191
224002 0
245597 112353360
245602 0
267197 191051956
267202 0
288797 148359728
288802 0
949637 92231261
949642 0
979997 67412016
980002 0
1288684 67429102
1288689 0
6 events for F
50357 0
50597 305
654797 0
655397 305
1259597 0
1260197 330
49 events for G
12941 487
68620 2414
86349 487
90549 2414
98520 487
144060 2414
159845 487
349099 2414
356520 487
385523 2414
417563 487
437746 2414
439586 487
595620 2414
617741 487
621944 2414
643920 487
673420 2414
691144 487
695351 2414
703020 487
789720 2414
802174 487
806434 2414
839263 487
1006367 2414
1022457 487
1026657 2414
1058716 487
1063096 2414
1092120 487
1133694 2414
1149722 487
1153983 2414
1178520 1285
1279334 2414
1281174 1285
1286227 2414
1295949 1285
1300149 2414
1307949 1285
1416120 2414
1444063 1285
1448263 2414
1459320 1285
1485291 2414
1516620 1285
1529820 2414
1540209 1285
370 events for H
19096 12910592
19097 0
22096 12910592
22097 0
24444 12910592
24445 0
26786 12910592
26787 0
29786 12910592
29787 0
33086 12910592
33087 0
36086 12910592
36087 0
40080 12910592
40081 0
44075 12910592
44076 0
47078 12910592
47079 0
71410 12910592
71411 0
78275 12910592
78276 0
85435 12910592
85436 0
94775 12910592
94776 0
104118 12910592
104119 0
107421 12910592
107422 0
114918 12910592
114919 0
122418 12910592
122419 0
130298 12910592
130299 0
137374 12910592
137375 0
145120 12910592
145121 0
152110 12910592
152111 0
158855 12910592
158856 0
166775 12910592
166776 0
177575 12910592
177576 0
181778 12910592
181779 0
195575 12910592
195576 0
204685 12910592
204686 0
211239 12910592
211240 0
221139 12910592
221140 0
227975 12910592
227976 0
231575 12910592
231576 0
240618 12910592
240619 0
244775 12910592
244776 0
248858 12910592
248859 0
256775 12910592
256776 0
260255 12910592
260256 0
265175 12910592
265176 0
270277 12910592
270278 0
287135 12910592
287136 0
331475 12910592
331476 0
336575 12910592
336576 0
343775 12910592
343776 0
351576 12910592
351577 0
361895 12910592
361896 0
365615 12910592
365616 0
372124 12910592
372125 0
380295 12910592
380296 0
389975 12910592
389976 0
396515 12910592
396516 0
402575 12910592
402576 0
409453 12910592
409454 0
415775 12910592
415776 0
424112 12910592
424113 0
429537 12910592
429538 0
441155 12910592
441156 0
447537 12910592
447538 0
454175 12910592
454176 0
469925 12910592
469926 0
475775 12910592
475776 0
490775 12910592
490776 0
503375 12910592
503376 0
518675 12910592
518676 0
529475 12910592
529476 0
536797 12910592
536798 0
544117 12910592
544118 0
547653 12910592
547654 0
555001 12910592
555002 0
562347 12910592
562348 0
569374 12910592
569375 0
575376 12910592
575377 0
580175 12910592
580176 0
591575 12910592
591576 0
597576 12910592
597577 0
605615 12910592
605616 0
616475 12910592
616476 0
629241 12910592
629242 0
640530 12910592
640531 0
646775 12910592
646776 0
651875 12910592
651876 0
679175 12910592
679176 0
686975 12910592
686976 0
697777 12910592
697778 0
703775 12910592
703776 0
708918 12910592
708919 0
712218 12910592
712219 0
719827 12910592
719828 0
727432 12910592
727433 0
734975 12910592
734976 0
739175 12910592
739176 0
743376 12910592
743377 0
745775 12910592
745776 0
750748 12910592
750749 0
754775 12910592
754776 0
758975 12910592
758976 0
762961 12910592
762962 0
771363 12910592
771364 0
777168 12910592
777169 0
782975 12910592
782976 0
787475 12910592
787476 0
831755 12910592
831756 0
834695 12910592
834696 0
838475 12910592
838476 0
845420 12910592
845421 0
848978 12910592
848979 0
852539 12910592
852540 0
860375 12910592
860376 0
865177 12910592
865178 0
869975 12910592
869976 0
874775 12910592
874776 0
933275 12910592
933276 0
938977 12910592
938978 0
944375 12910592
944376 0
948575 12910592
948576 0
955854 12910592
955855 0
960356 12910592
960357 0
963995 12910592
963996 0
992375 12910592
992376 0
996803 12910592
996804 0
1001374 12910592
1001375 0
1006957 12910592
1006958 0
1014155 12910592
1014156 0
1021355 12910592
1021356 0
1029637 12910592
1029638 0
1039295 12910592
1039296 0
1048775 12910592
1048776 0
1055975 12910592
1055976 0
1068575 12910592
1068576 0
1073975 12910592
1073976 0
1082375 12910592
1082376 0
1090175 12910592
1090176 0
1093775 12910592
1093776 0
1104575 12910592
1104576 0
1109975 12910592
1109976 0
1120775 12910592
1120776 0
1127975 12910592
1127976 0
1137157 12910592
1137158 0
1145915 12910592
1145916 0
1157887 12910592
1157888 0
1164275 12910592
1164276 0
1176575 12910592
1176576 0
1181975 12910592
1181976 0
1192319 12910592
1192320 0
1197962 12910592
1197963 0
1203607 12910592
1203608 0
1207175 12910592
1207176 0
1214353 12910592
1214354 0
1221796 12910592
1221797 0
1231775 12910592
1231776 0
1237175 12910592
1237176 0
1274075 12910592
1274076 0
1316975 12910592
1316976 0
1324520 12910592
1324521 0
1332018 12910592
1332019 0
1342175 12910592
1342176 0
1346976 12910592
1346977 0
1354046 12910592
1354047 0
1361653 12910592
1361654 0
1369177 12910592
1369178 0
1378175 12910592
1378176 0
1386575 12910592
1386576 0
1392577 12910592
1392578 0
1401575 12910592
1401576 0
1412975 12910592
1412976 0
1420775 12910592
1420776 0
1430675 12910592
1430676 0
1439855 12910592
1439856 0
1453115 12910592
1453116 0
1460975 12910592
1460976 0
1466377 12910592
1466378 0
1473575 12910592
1473576 0
1489537 12910592
1489538 0
1495475 12910592
1495476 0
1502855 12910592
1502856 0
1508555 12910592
1508556 0
1515395 12910592
1515396 0
1533815 12910592
1533816 0
1538864 12910592
1538865 0
1543775 12910592
1543776 0
1549297 12910592
1549298 0
1561775 12910592
1561776 0
1570177 12910592
1570178 0
1581575 12910592
1581576 0
1588775 12910592
1588776 0
1599575 12910592
1599576 0
4 events for I
438337 67463256
438342 0
1043137 47210957
1043142 0
0 events for J

66 events for K
114917 3754
115637 0
117437 3754
121037 0
143717 3754
144437 0
146237 3754
149837 0
186017 3754
186737 0
188537 3754
192137 0
260717 3754
261437 0
263237 3754
266837 0
347117 1365
347297 0
349097 1365
349637 1979
364037 1365
364217 1979
378617 1365
379337 1979
393737 1365
393917 1979
408317 1365
409037 1979
423437 1365
423617 1979
438017 0
483917 665
516317 0
845957 3276
860957 0
875417 3754
876137 0
877937 3754
881537 0
893417 3754
894137 0
895937 3754
899537 0
963617 3754
964337 0
966137 3754
969737 0
985217 1365
985397 0
987197 1365
987737 2935
1002137 1365
1002317 2935
1016717 1365
1017437 2935
1031837 1365
1032017 2935
1046417 1365
1047137 2935
1061537 1365
1061717 2935
1076117 0
1433100 3276
1448100 0
1558596 665
1558597 0
6 events for L
49235 0
49475 305
653675 0
654275 305
1258475 0
1259075 330
137 events for M
335217 117965
335307 125479
336588 7514
336948 0
472887 3372
478068 0
498087 3372
506448 0
515487 3372
520848 0
543087 3372
546048 0
548965 3372
564766 0
704997 117965
705087 121337
706608 3372
706857 121337
708408 3372
708648 0
713440 117965
713530 121337
714871 3372
720700 121337
722071 3372
724291 0
734054 117965
734144 121337
735665 3372
739514 121337
741065 3372
741305 0
940887 3372
941757 121337
944508 3372
945357 121337
948048 3372
948948 0
955576 117965
955666 121337
957127 3372
957436 121337
958987 3372
962827 0
1310037 19661
1310127 25951
1311888 6290
1312677 25951
1314528 6290
1315068 0
1318377 19661
1318467 25951
1320228 6290
1321017 25951
1322868 6290
1323837 25951
1325688 6290
1326417 25951
1328268 6290
1329237 25951
1331088 6290
1331817 25951
1333668 6290
1334208 0
1338957 19661
1339047 25951
1340808 6290
1340937 25951
1342788 6290
1343157 25951
1345008 6290
1345137 25951
1346988 6290
1347357 25951
1349208 6290
1349337 25951
1351183 6290
1351188 0
1355268 117965
1355358 124709
1356819 6744
1371519 0
1375883 117965
1375973 124709
1377434 6744
1390214 0
1392297 117965
1392387 124709
1393848 6744
1406628 0
1542297 19661
1542387 25951
1544148 6290
1544277 25951
1546128 6290
1546497 25951
1548348 6290
1548477 25951
1550328 6290
1550697 25951
1552548 6290
1552677 25951
1554523 6290
1554528 0
1560477 19661
1560567 25951
1561428 6290
1561557 25951
1562508 6290
1562877 25951
1563828 6290
1564077 25951
1565028 6290
1565277 25951
1566228 6290
1566357 25951
1567308 6290
1567313 0
1568997 117965
1569087 124709
1570608 6744
1572613 0
1572657 117965
1574268 6744
1574328 0
1576465 117965
1576555 124709
1578076 6744
1581881 0
1581925 117965
1583536 6744
1588996 0
1596755 117965
1596845 124709
1598366 6744
1600371 0
1600415 117965
126 events for N
13009 240
20208 344
49009 240
52598 444
70608 548
85009 444
92208 548
99408 1471
121041 2754
122809 1727
128208 1830
133298 1626
139859 1564
140159 3817
142641 2534
160609 2431
167808 2534
196609 2431
203808 2534
204959 344
225398 548
232609 444
239808 548
272209 444
279408 548
308209 444
311798 240
314099 178
314399 240
329808 344
344209 240
351408 344
358608 1267
380209 240
391008 344
418009 240
423408 344
423430 594
423441 1877
444998 2081
445008 3004
466598 2800
466608 1877
466641 594
479209 491
484630 240
485579 178
485879 240
488208 344
522409 240
531408 344
580009 240
587208 344
602508 1267
616909 240
625008 1267
653809 240
657419 2431
675408 2534
691609 2431
697008 2534
725841 3817
727609 3713
733008 3817
740219 1626
765409 1523
769041 240
772608 1267
794208 344
801409 240
808608 344
812198 548
830198 344
837409 240
844608 344
875209 240
884208 344
913009 240
934608 344
985009 240
992208 344
1021009 240
1028208 344
1057009 240
1066008 344
1094809 240
1100208 344
1125408 1267
1132598 1471
1147009 444
1157808 548
1165008 1471
1175819 1409
1176119 1471
1179419 3662
1179441 4944
1186609 3917
1193808 4944
1222609 3917
1222619 1727
1229808 2754
1244241 1471
1259809 444
1262219 2635
1273008 3662
1294609 2635
1301808 3662
1308998 3458
1330609 2431
1339608 2534
1370209 2431
1377408 2534
1406209 2431
1413408 3458
1434998 3662
1442209 2635
1449408 3662
1480009 2635
1489008 3662
1519009 2635
1521398 2431
1532208 2534
1555609 2431
1561008 2534
1589809 2431
1597008 2534
