14 instruments
A 10 100 0 895660078.44187188
B 10 100 1289849390.9659207 3398902187.0561032
C 10 100 20927.686835728317 891804836.74978614
D 10 100 7196.0339286610251 2810950753.383213
E 10 100 24955.266722182481 180753403.14844713
F 10 100 1517960000 4000000000
G 10 100 2238.0782914523293 612647607.58318675
H 10 100 2338 640000000
I 10 100 1935.2198577632046 529743673.63920057
J 10 100 0 974485132.8010211
K 10 100 6553.6061313363007 2560002395.0532427
L 10 100 0 888000000
M 10 100 22090 160000000
N 10 100 40786.332763907049 54547276.407707497
60 downlinks
0 1 10745 17374.699861000001
1 26101 52892 57611.601310999999
2 53101 85181 59023.283414999998
3 85923 91673 55193.106121999997
4 95029 137146 25530.421285
5 137147 181342 29269.697155999998
6 181343 185433 16830.732371999999
7 198591 213258 28226.256141999998
8 215588 218139 60093.408818999997
9 258586 288285 58272.632834999997
10 288286 295560 61499.660580999996
11 309763 331060 28538.149495000001
12 344608 350430 18090.695755000001
13 353973 369185 23661.293665000001
14 371082 399036 28757.617953000001
15 399037 441333 56137.919716999997
16 442477 459371 23437.772314999998
17 474577 487217 55980.942202999999
18 500432 514284 60635.164006999999
19 517172 548099 23619.145155999999
20 568692 576958 53049.165158000003
21 579567 602726 23042.764167000001
22 602727 607179 53421.323553000002
23 610615 615295 23396.302264000002
24 618867 631771 22759.633384000001
25 655003 659602 53785.922146999997
26 670762 687216 23595.771228000001
27 689523 696180 17076.713232999999
28 699238 734361 24932.393585000002
29 734362 744585 29494.590024000001
30 747617 753489 55821.075068999999
31 756857 774146 22968.383259999999
32 775217 779398 57490.653299999998
33 797590 802650 25500.801521000001
34 844598 867984 24904.219582000002
35 871874 875942 26817.789122999999
36 888252 918315 30236.225505999999
37 921546 941937 64968.303881
38 948208 954537 18980.648960999999
39 958192 999158 26276.326033000001
40 1000251 1042535 30209.873796
41 1044512 1048774 26595.764298999999
42 1079341 1086321 25812.000550000001
43 1105736 1116995 26242.243616
44 1120496 1124215 60521.572561000001
45 1132136 1148929 25759.527445
46 1163636 1175894 62910.21802
47 1179291 1213077 62402.514213000002
48 1217154 1229819 26087.487331
49 1245831 1263312 30312.554313000001
50 1270726 1282358 61079.659066
51 1293226 1305116 18673.221132999999
52 1307986 1310891 64240.288658999998
53 1315628 1325204 31143.729536999999
54 1329668 1340095 31955.262932000001
55 1345508 1384542 32548.652656999999
56 1389797 1400036 26591.031461999999
57 1405720 1415560 31032.775088999999
58 1449398 1470337 26518.557602000001
59 1476119 1480671 27135.491309000001
0 opportunities for A
0 opportunities for B
0 opportunities for C
0 opportunities for D
0 opportunities for E
0 opportunities for F
0 opportunities for G
0 opportunities for H
0 opportunities for I
0 opportunities for J
0 opportunities for K
0 opportunities for L
0 opportunities for M
0 opportunities for N
36 events for A
26057 1000
27057 0
75565 1000
76565 0
123896 1000
124896 0
170583 1000
171583 0
216746 1000
217746 0
261744 1000
262744 0
306449 1000
307449 0
351366 1000
352366 0
396550 1000
397550 0
442304 1000
443304 0
487639 1000
488639 0
531751 1000
532751 0
575610 1000
576610 0
619188 1000
620188 0
662424 1000
663424 0
705347 1000
706347 0
748175 1000
749175 0
791472 1000
792472 0
266 events for B
278518 19661
278608 25951
280369 6290
281158 25951
283009 6290
283549 0
286858 19661
286948 25951
288709 6290
289498 25951
291349 6290
292318 25951
294169 6290
294898 25951
296749 6290
297718 25951
299569 6290
300298 25951
302149 6290
302689 0
307438 19661
307528 25951
309289 6290
309418 25951
311269 6290
311638 25951
313489 6290
313618 25951
315469 6290
315838 25951
317689 6290
317818 25951
319664 6290
319669 0
323749 117965
323839 124709
325300 6744
340000 0
344364 117965
344454 124709
345915 6744
358695 0
360778 117965
360868 124709
362329 6744
375109 0
510778 19661
510868 25951
512629 6290
512758 25951
514609 6290
514978 25951
516829 6290
516958 25951
518809 6290
519178 25951
521029 6290
521158 25951
523004 6290
523009 0
528958 19661
529048 25951
529909 6290
530038 25951
530989 6290
531358 25951
532309 6290
532558 25951
533509 6290
533758 25951
534709 6290
534838 25951
535789 6290
535794 0
537478 117965
537568 124709
539089 6744
541094 0
541138 117965
542749 6744
542809 0
544946 117965
545036 124709
546557 6744
550362 0
550406 117965
552017 6744
557477 0
565236 117965
565326 124709
566847 6744
568852 0
568896 117965
570507 6744
575667 0
581415 6290
592176 0
601705 6290
612466 0
620037 6290
623598 0
861478 58982
864229 7514
867743 0
874892 58982
874982 66496
876323 7514
876632 66496
878063 7514
878312 66496
879743 7514
879992 66496
881423 7514
881672 66496
883103 7514
883113 0
928014 58982
928104 66496
929445 7514
929874 66496
931305 7514
931674 66496
933105 7514
933474 66496
934905 7514
935274 66496
936705 7514
937074 66496
938505 7514
938874 66496
940305 7514
940674 66496
942105 7514
942474 66496
943905 7514
944335 0
948521 58982
948611 66496
949952 7514
950381 66496
951812 7514
952181 66496
953612 7514
953981 66496
955412 7514
955781 66496
957212 7514
957581 66496
959012 7514
959381 66496
960812 7514
961181 66496
962612 7514
962742 0
964828 58982
964918 66496
966379 7514
966448 66496
967999 7514
968068 66496
969499 7514
969504 0
1012768 7514
1017949 0
1023739 7514
1036360 0
1038547 7514
1054768 0
1133518 58982
1133608 66496
1134949 7514
1135378 66496
1136809 7514
1137169 0
1137478 58982
1137568 66496
1138909 7514
1139158 66496
1140589 7514
1140898 66496
1142329 7514
1142334 0
1228678 58982
1228768 66496
1230109 7514
1230178 66496
1231609 7514
1231678 66496
1233109 7514
1233178 66496
1234609 7514
1234678 66496
1236109 7514
1236178 66496
1237609 7514
1237969 0
1242163 58982
1242253 66496
1243594 7514
1244023 66496
1245454 7514
1245823 66496
1247254 7514
1247623 58982
1249054 7514
1249423 66496
1250854 7514
1251223 58982
1252654 7514
1253023 66496
1254454 7514
1254643 66496
1256074 7514
1256079 0
1258176 58982
1258266 66496
1259607 7514
1259856 66496
1261287 7514
1261536 66496
1262967 7514
1263216 66496
1264647 7514
1264896 66496
1266327 7514
1266576 66496
1268007 7514
1268256 66496
1269687 7514
1269936 66496
1271367 7514
1271912 0
1461628 7514
1472594 0
1479838 58982
1479928 66496
1480649 7514
1480738 66496
1481549 7514
1481878 66496
1482689 7514
1482778 66496
1483589 7514
1483918 66496
1484729 7514
1484818 66496
1485629 7514
1486138 66496
1486949 7514
1487038 66496
1487849 7514
1488178 66496
1488989 7514
1489078 66496
1489889 7514
1490218 66496
1491029 7514
1491118 66496
1491929 7514
1491934 0
1496038 58982
1496128 65726
1501249 6744
1506898 65726
1512109 6744
1512229 0
26 events for C
11762 47210957
11767 0
852717 4214960
852721 0
853147 4214960
853151 0
853887 4214960
853891 0
854317 4214960
854321 0
1220284 4214960
1220288 0
1220714 4214960
1220718 0
1221454 4214960
1221458 0
1221884 4214960
1221888 0
1457517 4214960
1457521 0
1457947 4214960
1457951 0
1458687 4214960
1458691 0
1459117 4214960
1459121 0
660 events for D
11220 12910592
11221 0
11450 12910592
11451 0
11990 12910592
11991 0
12220 12910592
12221 0
29410 12910592
29411 0
29670 12910592
29671 0
30250 12910592
30251 0
30510 12910592
30511 0
47599 12910592
47600 0
47859 12910592
47860 0
48439 12910592
48440 0
48699 12910592
48700 0
65789 12910592
65790 0
66049 12910592
66050 0
66629 12910592
66630 0
66889 12910592
66890 0
83978 12910592
83979 0
84238 12910592
84239 0
84818 12910592
84819 0
85078 12910592
85079 0
102168 12910592
102169 0
102428 12910592
102429 0
103008 12910592
103009 0
103268 12910592
103269 0
120357 12910592
120358 0
120617 12910592
120618 0
121197 12910592
121198 0
121457 12910592
121458 0
138547 12910592
138548 0
138807 12910592
138808 0
139387 12910592
139388 0
139647 12910592
139648 0
156736 12910592
156737 0
156996 12910592
156997 0
157576 12910592
157577 0
157836 12910592
157837 0
174926 12910592
174927 0
175186 12910592
175187 0
175766 12910592
175767 0
176026 12910592
176027 0
193115 12910592
193116 0
193375 12910592
193376 0
193955 12910592
193956 0
194215 12910592
194216 0
210705 12910592
210706 0
210965 12910592
210966 0
211545 12910592
211546 0
211805 12910592
211806 0
227994 12910592
227995 0
228254 12910592
228255 0
228834 12910592
228835 0
229094 12910592
229095 0
248008 12910592
248009 0
248238 12910592
248239 0
248778 12910592
248779 0
249008 12910592
249009 0
266523 12910592
266524 0
266783 12910592
266784 0
267363 12910592
267364 0
267623 12910592
267624 0
285037 12910592
285038 0
285297 12910592
285298 0
285877 12910592
285878 0
286137 12910592
286138 0
303551 12910592
303552 0
303811 12910592
303812 0
304391 12910592
304392 0
304651 12910592
304652 0
322065 12910592
322066 0
322325 12910592
322326 0
322905 12910592
322906 0
323165 12910592
323166 0
340580 12910592
340581 0
340840 12910592
340841 0
341420 12910592
341421 0
341680 12910592
341681 0
359094 12910592
359095 0
359354 12910592
359355 0
359934 12910592
359935 0
360194 12910592
360195 0
377608 12910592
377609 0
377868 12910592
377869 0
378448 12910592
378449 0
378708 12910592
378709 0
396123 12910592
396124 0
396383 12910592
396384 0
396963 12910592
396964 0
397223 12910592
397224 0
414637 12910592
414638 0
414897 12910592
414898 0
415477 12910592
415478 0
415737 12910592
415738 0
433151 12910592
433152 0
433411 12910592
433412 0
433991 12910592
433992 0
434251 12910592
434252 0
451665 12910592
451666 0
451925 12910592
451926 0
452505 12910592
452506 0
452765 12910592
452766 0
469580 12910592
469581 0
469840 12910592
469841 0
470420 12910592
470421 0
470680 12910592
470681 0
487194 12910592
487195 0
487454 12910592
487455 0
488034 12910592
488035 0
488294 12910592
488295 0
506883 12910592
506884 0
507143 12910592
507144 0
507723 12910592
507724 0
507983 12910592
507984 0
525073 12910592
525074 0
525333 12910592
525334 0
525913 12910592
525914 0
526173 12910592
526174 0
543262 12910592
543263 0
543522 12910592
543523 0
544102 12910592
544103 0
544362 12910592
544363 0
561452 12910592
561453 0
561712 12910592
561713 0
562292 12910592
562293 0
562552 12910592
562553 0
579641 12910592
579642 0
579901 12910592
579902 0
580481 12910592
580482 0
580741 12910592
580742 0
597831 12910592
597832 0
598091 12910592
598092 0
598671 12910592
598672 0
598931 12910592
598932 0
616020 12910592
616021 0
616250 12910592
616251 0
616790 12910592
616791 0
617020 12910592
617021 0
634210 12910592
634211 0
634470 12910592
634471 0
635050 12910592
635051 0
635310 12910592
635311 0
652399 12910592
652400 0
652659 12910592
652660 0
653239 12910592
653240 0
653499 12910592
653500 0
670589 12910592
670590 0
670849 12910592
670850 0
671429 12910592
671430 0
671689 12910592
671690 0
688778 12910592
688779 0
689038 12910592
689039 0
689618 12910592
689619 0
689878 12910592
689879 0
706968 12910592
706969 0
707228 12910592
707229 0
707808 12910592
707809 0
708068 12910592
708069 0
725157 12910592
725158 0
725417 12910592
725418 0
725997 12910592
725998 0
726257 12910592
726258 0
743347 12910592
743348 0
743607 12910592
743608 0
744187 12910592
744188 0
744447 12910592
744448 0
761536 12910592
761537 0
761796 12910592
761797 0
762376 12910592
762377 0
762636 12910592
762637 0
779726 12910592
779727 0
779986 12910592
779987 0
780566 12910592
780567 0
780826 12910592
780827 0
797915 12910592
797916 0
798175 12910592
798176 0
798755 12910592
798756 0
799015 12910592
799016 0
815505 12910592
815506 0
815765 12910592
815766 0
816345 12910592
816346 0
816605 12910592
816606 0
832794 12910592
832795 0
833054 12910592
833055 0
833634 12910592
833635 0
833894 12910592
833895 0
852642 215177
852702 0
852872 215177
852932 0
853412 215177
853472 0
853642 215177
853702 0
871049 215177
871109 0
871309 215177
871369 0
871889 215177
871949 0
872149 215177
872209 0
889456 215177
889516 0
889716 215177
889776 0
890296 215177
890356 0
890556 215177
890616 0
907864 215177
907924 0
908124 215177
908184 0
908704 215177
908764 0
908964 215177
909024 0
926271 215177
926331 0
926531 215177
926591 0
927111 215177
927171 0
927371 215177
927431 0
944678 215177
944738 0
944938 215177
944998 0
945518 215177
945578 0
945778 215177
945838 0
963085 215177
963145 0
963345 215177
963405 0
963925 215177
963985 0
964185 215177
964245 0
981492 215177
981552 0
981752 215177
981812 0
982332 215177
982392 0
982592 215177
982652 0
999899 215177
999959 0
1000159 215177
1000219 0
1000739 215177
1000799 0
1000999 215177
1001059 0
1018306 215177
1018366 0
1018566 215177
1018626 0
1019146 215177
1019206 0
1019406 215177
1019466 0
1036714 215177
1036774 0
1036974 215177
1037034 0
1037554 215177
1037614 0
1037814 215177
1037874 0
1055121 215177
1055181 0
1055381 215177
1055441 0
1055961 215177
1056021 0
1056221 215177
1056281 0
1073528 215177
1073588 0
1073788 215177
1073848 0
1074368 215177
1074428 0
1074628 215177
1074688 0
1091935 215177
1091995 0
1092195 215177
1092255 0
1092775 215177
1092835 0
1093035 215177
1093095 0
1111546 215177
1111606 0
1111806 215177
1111866 0
1112386 215177
1112446 0
1112646 215177
1112706 0
1129656 215177
1129716 0
1129916 215177
1129976 0
1130496 215177
1130556 0
1130756 215177
1130816 0
1147767 215177
1147827 0
1148027 215177
1148087 0
1148607 215177
1148667 0
1148867 215177
1148927 0
1165877 215177
1165937 0
1166137 215177
1166197 0
1166717 215177
1166777 0
1166977 215177
1167037 0
1183988 215177
1184048 0
1184248 215177
1184308 0
1184828 215177
1184888 0
1185088 215177
1185148 0
1202098 215177
1202158 0
1202358 215177
1202418 0
1202938 215177
1202998 0
1203198 215177
1203258 0
1220209 215177
1220269 0
1220439 215177
1220499 0
1220979 215177
1221039 0
1221209 215177
1221269 0
1238319 215177
1238379 0
1238579 215177
1238639 0
1239159 215177
1239219 0
1239419 215177
1239479 0
1256430 215177
1256490 0
1256690 215177
1256750 0
1257270 215177
1257330 0
1257530 215177
1257590 0
1274540 215177
1274600 0
1274800 215177
1274860 0
1275380 215177
1275440 0
1275640 215177
1275700 0
1292651 215177
1292711 0
1292911 215177
1292971 0
1293491 215177
1293551 0
1293751 215177
1293811 0
1310761 215177
1310821 0
1311021 215177
1311081 0
1311601 215177
1311661 0
1311861 215177
1311921 0
1328872 215177
1328932 0
1329132 215177
1329192 0
1329712 215177
1329772 0
1329972 215177
1330032 0
1346982 215177
1347042 0
1347242 215177
1347302 0
1347822 215177
1347882 0
1348082 215177
1348142 0
1365093 215177
1365153 0
1365353 215177
1365413 0
1365933 215177
1365993 0
1366193 215177
1366253 0
1383203 215177
1383263 0
1383463 215177
1383523 0
1384043 215177
1384103 0
1384303 215177
1384363 0
1401314 215177
1401374 0
1401574 215177
1401634 0
1402154 215177
1402214 0
1402414 215177
1402474 0
1419424 215177
1419484 0
1419684 215177
1419744 0
1420264 215177
1420324 0
1420524 215177
1420584 0
1437535 215177
1437595 0
1437795 215177
1437855 0
1438375 215177
1438435 0
1438635 215177
1438695 0
1457442 215177
1457502 0
1457672 215177
1457732 0
1458212 215177
1458272 0
1458442 215177
1458502 0
1475849 215177
1475909 0
1476109 215177
1476169 0
1476689 215177
1476749 0
1476949 215177
1477009 0
1494256 215177
1494316 0
1494516 215177
1494576 0
1495096 215177
1495156 0
1495356 215177
1495416 0
1512664 215177
1512724 0
1512924 215177
1512984 0
167 events for E
8186 0
11946 906
26256 0
32556 906
44563 0
46845 906
59660 0
60140 906
62755 0
68935 906
80944 0
83224 906
99134 0
100674 906
117262 0
123503 906
135453 0
137793 906
153702 0
159882 906
171892 0
173432 906
190081 0
196261 906
207671 0
212347 1500
216362 0
218047 1500
222072 0
240440 906
243560 0
250640 215
262160 0
284583 906
300303 0
306697 906
319031 0
321311 906
337546 0
343726 906
356060 0
357600 906
374574 0
380754 906
393089 0
395369 906
411603 0
417783 906
430117 0
431657 906
448631 0
454811 906
466546 0
468826 906
484160 0
499640 906
503840 0
506129 906
522039 0
528219 906
540228 0
541768 906
558418 0
564598 906
576607 0
578887 906
594797 0
600977 906
612986 0
616769 906
631034 0
637356 906
649341 0
651667 906
667555 0
673735 906
685744 0
688024 906
703934 0
705474 906
722123 0
728303 906
740313 0
742593 906
756260 0
764682 906
775002 0
778532 906
794692 0
801061 906
812471 0
814751 906
829760 0
844940 1087
847650 0
854170 906
868074 0
874254 215
885674 0
925576 906
941703 0
947883 906
960290 0
962390 906
978211 0
984697 906
996559 0
998467 906
1009280 0
1010240 906
1015328 0
1021511 906
1033738 0
1036019 906
1052146 0
1058326 906
1070005 0
1072562 906
1088415 0
1104440 906
1108160 0
1110851 906
1126681 0
1132861 906
1139660 0
1140140 906
1144460 0
1146573 906
1152998 0
1154000 906
1162654 0
1169082 906
1180822 0
1183640 1714
1198940 0
1205483 1714
1217183 0
1221786 1714
1225280 0
1225445 906
1235300 0
1241524 906
1253451 0
1255738 906
1269260 0
1269740 1714
1270776 0
1277745 1714
1279125 0
1280240 1714
1281239 0
1282040 1714
1282520 0
1282910 1714
1283510 0
1284880 1714
1287407 0
1291440 906
1292180 1714
1307360 0
1400779 906
1401699 593
1415620 0
1422689 593
1433730 0
1492860 906
1509560 0
268 events for F
275087 19661
275177 25951
276938 6290
277727 25951
279578 6290
280118 0
283427 19661
283517 25951
285278 6290
286067 25951
287918 6290
288887 25951
290738 6290
291467 25951
293318 6290
294287 25951
296138 6290
296867 25951
298718 6290
299258 0
304007 19661
304097 25951
305858 6290
305987 25951
307838 6290
308207 25951
310058 6290
310187 25951
312038 6290
312407 25951
314258 6290
314387 25951
316233 6290
316238 0
320318 117965
320408 124709
321869 6744
336569 0
340933 117965
341023 124709
342484 6744
355264 0
357347 117965
357437 124709
358898 6744
371678 0
507347 19661
507437 25951
509198 6290
509327 25951
511178 6290
511547 25951
513398 6290
513527 25951
515378 6290
515747 25951
517598 6290
517727 25951
519573 6290
519578 0
525527 19661
525617 25951
526478 6290
526607 25951
527558 6290
527927 25951
528878 6290
529127 25951
530078 6290
530327 25951
531278 6290
531407 25951
532358 6290
532363 0
534047 117965
534137 124709
535658 6744
537663 0
537707 117965
539318 6744
539378 0
541515 117965
541605 124709
543126 6744
546931 0
546975 117965
548586 6744
554046 0
561805 117965
561895 124709
563416 6744
565421 0
565465 117965
567076 6744
572236 0
577984 6290
588745 0
598274 6290
609035 0
616606 6290
620167 0
858047 58982
860798 7514
864312 0
871461 58982
871551 66496
872892 7514
873201 66496
874632 7514
874881 66496
876312 7514
876561 66496
877992 7514
878241 66496
879672 7514
879682 0
924583 58982
924673 66496
926014 7514
926443 66496
927874 7514
928243 66496
929674 7514
930043 66496
931474 7514
931843 66496
933274 7514
933643 66496
935074 7514
935443 66496
936874 7514
937243 66496
938674 7514
939043 66496
940474 7514
940904 0
945090 58982
945180 66496
946521 7514
946950 66496
948381 7514
948750 66496
950181 7514
950550 66496
951981 7514
952350 66496
953781 7514
954150 66496
955581 7514
955950 66496
957381 7514
957750 66496
959181 7514
959311 0
961397 58982
961487 66496
962948 7514
963017 66496
964568 7514
964637 66496
966068 7514
966073 0
1009337 7514
1014518 0
1020308 7514
1032929 0
1035116 7514
1051337 0
1130087 58982
1130177 66496
1131518 7514
1131947 66496
1133378 7514
1133738 0
1134047 58982
1134137 66496
1135478 7514
1135727 66496
1137158 7514
1137467 66496
1138898 7514
1138903 0
1225247 58982
1225337 66496
1226678 7514
1226747 66496
1228178 7514
1228247 66496
1229678 7514
1229747 66496
1231178 7514
1231247 66496
1232678 7514
1232747 66496
1234178 7514
1234538 0
1238732 58982
1238822 66496
1240163 7514
1240592 66496
1242023 7514
1242392 66496
1243823 7514
1244192 58982
1245623 7514
1245992 66496
1247423 7514
1247792 58982
1249223 7514
1249592 66496
1251023 7514
1251212 66496
1252643 7514
1252648 0
1254745 58982
1254835 66496
1256176 7514
1256425 66496
1257856 7514
1258105 66496
1259536 7514
1259785 66496
1261216 7514
1261465 66496
1262896 7514
1263145 66496
1264576 7514
1264825 66496
1266256 7514
1266505 66496
1267936 7514
1268481 0
1458197 7514
1469163 0
1476407 58982
1476497 66496
1477218 7514
1477307 66496
1478118 7514
1478447 66496
1479258 7514
1479347 66496
1480158 7514
1480487 66496
1481298 7514
1481387 66496
1482198 7514
1482707 66496
1483518 7514
1483607 66496
1484418 7514
1484747 66496
1485558 7514
1485647 66496
1486458 7514
1486787 66496
1487598 7514
1487687 66496
1488498 7514
1488503 0
1492607 58982
1492697 65726
1497818 6744
1503467 65726
1508678 6744
1508798 0
1513076 58982
1513166 65726
35 events for G
13340 1365
14060 2935
28460 1365
28640 2935
43040 0
400023 3276
415023 0
525519 665
525520 0
598277 665
598278 0
672175 3276
687175 0
842840 1979
844040 0
845840 1979
849440 1365
850160 1979
864560 1365
864740 1979
893540 1365
894260 1979
908660 1365
908840 1979
942440 1365
943160 1979
957560 1365
957740 1979
976940 0
1018811 4096
1027011 0
1311266 665
1340426 0
1476354 665
1505874 0
35 events for H
12998 1365
13718 2935
28118 1365
28298 2935
42698 0
399681 3276
414681 0
525177 665
525178 0
597935 665
597936 0
671833 3276
686833 0
842498 1979
843698 0
845498 1979
849098 1365
849818 1979
864218 1365
864398 1979
893198 1365
893918 1979
908318 1365
908498 1979
942098 1365
942818 1979
957218 1365
957398 1979
976598 0
1018469 4096
1026669 0
1310924 665
1340084 0
1476012 665
1505532 0
36 events for I
129 2935
14529 1365
15249 2935
29649 1365
29829 2935
44229 0
401212 3276
416212 0
526708 665
526709 0
599466 665
599467 0
673364 3276
688364 0
844029 1979
845229 0
847029 1979
850629 1365
851349 1979
865749 1365
865929 1979
894729 1365
895449 1979
909849 1365
910029 1979
943629 1365
944349 1979
958749 1365
958929 1979
978129 0
1020000 4096
1028200 0
1312455 665
1341615 0
1477543 665
1507063 0
36 events for J
26382 1000
27382 0
75890 1000
76890 0
124221 1000
125221 0
170908 1000
171908 0
217071 1000
218071 0
262069 1000
263069 0
306774 1000
307774 0
351691 1000
352691 0
396875 1000
397875 0
442629 1000
443629 0
487964 1000
488964 0
532076 1000
533076 0
575935 1000
576935 0
619513 1000
620513 0
662749 1000
663749 0
705672 1000
706672 0
748500 1000
749500 0
791797 1000
792797 0
663 events for K
10819 12910592
10820 0
11049 12910592
11050 0
11589 12910592
11590 0
11819 12910592
11820 0
29009 12910592
29010 0
29269 12910592
29270 0
29849 12910592
29850 0
30109 12910592
30110 0
47198 12910592
47199 0
47458 12910592
47459 0
48038 12910592
48039 0
48298 12910592
48299 0
65388 12910592
65389 0
65648 12910592
65649 0
66228 12910592
66229 0
66488 12910592
66489 0
83577 12910592
83578 0
83837 12910592
83838 0
84417 12910592
84418 0
84677 12910592
84678 0
101767 12910592
101768 0
102027 12910592
102028 0
102607 12910592
102608 0
102867 12910592
102868 0
119956 12910592
119957 0
120216 12910592
120217 0
120796 12910592
120797 0
121056 12910592
121057 0
138146 12910592
138147 0
138406 12910592
138407 0
138986 12910592
138987 0
139246 12910592
139247 0
156335 12910592
156336 0
156595 12910592
156596 0
157175 12910592
157176 0
157435 12910592
157436 0
174525 12910592
174526 0
174785 12910592
174786 0
175365 12910592
175366 0
175625 12910592
175626 0
192714 12910592
192715 0
192974 12910592
192975 0
193554 12910592
193555 0
193814 12910592
193815 0
210304 12910592
210305 0
210564 12910592
210565 0
211144 12910592
211145 0
211404 12910592
211405 0
227593 12910592
227594 0
227853 12910592
227854 0
228433 12910592
228434 0
228693 12910592
228694 0
247607 12910592
247608 0
247837 12910592
247838 0
248377 12910592
248378 0
248607 12910592
248608 0
266122 12910592
266123 0
266382 12910592
266383 0
266962 12910592
266963 0
267222 12910592
267223 0
284636 12910592
284637 0
284896 12910592
284897 0
285476 12910592
285477 0
285736 12910592
285737 0
303150 12910592
303151 0
303410 12910592
303411 0
303990 12910592
303991 0
304250 12910592
304251 0
321664 12910592
321665 0
321924 12910592
321925 0
322504 12910592
322505 0
322764 12910592
322765 0
340179 12910592
340180 0
340439 12910592
340440 0
341019 12910592
341020 0
341279 12910592
341280 0
358693 12910592
358694 0
358953 12910592
358954 0
359533 12910592
359534 0
359793 12910592
359794 0
377207 12910592
377208 0
377467 12910592
377468 0
378047 12910592
378048 0
378307 12910592
378308 0
395722 12910592
395723 0
395982 12910592
395983 0
396562 12910592
396563 0
396822 12910592
396823 0
414236 12910592
414237 0
414496 12910592
414497 0
415076 12910592
415077 0
415336 12910592
415337 0
432750 12910592
432751 0
433010 12910592
433011 0
433590 12910592
433591 0
433850 12910592
433851 0
451264 12910592
451265 0
451524 12910592
451525 0
452104 12910592
452105 0
452364 12910592
452365 0
469179 12910592
469180 0
469439 12910592
469440 0
470019 12910592
470020 0
470279 12910592
470280 0
486793 12910592
486794 0
487053 12910592
487054 0
487633 12910592
487634 0
487893 12910592
487894 0
506482 12910592
506483 0
506742 12910592
506743 0
507322 12910592
507323 0
507582 12910592
507583 0
524672 12910592
524673 0
524932 12910592
524933 0
525512 12910592
525513 0
525772 12910592
525773 0
542861 12910592
542862 0
543121 12910592
543122 0
543701 12910592
543702 0
543961 12910592
543962 0
561051 12910592
561052 0
561311 12910592
561312 0
561891 12910592
561892 0
562151 12910592
562152 0
579240 12910592
579241 0
579500 12910592
579501 0
580080 12910592
580081 0
580340 12910592
580341 0
597430 12910592
597431 0
597690 12910592
597691 0
598270 12910592
598271 0
598530 12910592
598531 0
615619 12910592
615620 0
615849 12910592
615850 0
616389 12910592
616390 0
616619 12910592
616620 0
633809 12910592
633810 0
634069 12910592
634070 0
634649 12910592
634650 0
634909 12910592
634910 0
651998 12910592
651999 0
652258 12910592
652259 0
652838 12910592
652839 0
653098 12910592
653099 0
670188 12910592
670189 0
670448 12910592
670449 0
671028 12910592
671029 0
671288 12910592
671289 0
688377 12910592
688378 0
688637 12910592
688638 0
689217 12910592
689218 0
689477 12910592
689478 0
706567 12910592
706568 0
706827 12910592
706828 0
707407 12910592
707408 0
707667 12910592
707668 0
724756 12910592
724757 0
725016 12910592
725017 0
725596 12910592
725597 0
725856 12910592
725857 0
742946 12910592
742947 0
743206 12910592
743207 0
743786 12910592
743787 0
744046 12910592
744047 0
761135 12910592
761136 0
761395 12910592
761396 0
761975 12910592
761976 0
762235 12910592
762236 0
779325 12910592
779326 0
779585 12910592
779586 0
780165 12910592
780166 0
780425 12910592
780426 0
797514 12910592
797515 0
797774 12910592
797775 0
798354 12910592
798355 0
798614 12910592
798615 0
815104 12910592
815105 0
815364 12910592
815365 0
815944 12910592
815945 0
816204 12910592
816205 0
832393 12910592
832394 0
832653 12910592
832654 0
833233 12910592
833234 0
833493 12910592
833494 0
852241 215177
852301 0
852471 215177
852531 0
853011 215177
853071 0
853241 215177
853301 0
870648 215177
870708 0
870908 215177
870968 0
871488 215177
871548 0
871748 215177
871808 0
889055 215177
889115 0
889315 215177
889375 0
889895 215177
889955 0
890155 215177
890215 0
907463 215177
907523 0
907723 215177
907783 0
908303 215177
908363 0
908563 215177
908623 0
925870 215177
925930 0
926130 215177
926190 0
926710 215177
926770 0
926970 215177
927030 0
944277 215177
944337 0
944537 215177
944597 0
945117 215177
945177 0
945377 215177
945437 0
962684 215177
962744 0
962944 215177
963004 0
963524 215177
963584 0
963784 215177
963844 0
981091 215177
981151 0
981351 215177
981411 0
981931 215177
981991 0
982191 215177
982251 0
999498 215177
999558 0
999758 215177
999818 0
1000338 215177
1000398 0
1000598 215177
1000658 0
1017905 215177
1017965 0
1018165 215177
1018225 0
1018745 215177
1018805 0
1019005 215177
1019065 0
1036313 215177
1036373 0
1036573 215177
1036633 0
1037153 215177
1037213 0
1037413 215177
1037473 0
1054720 215177
1054780 0
1054980 215177
1055040 0
1055560 215177
1055620 0
1055820 215177
1055880 0
1073127 215177
1073187 0
1073387 215177
1073447 0
1073967 215177
1074027 0
1074227 215177
1074287 0
1091534 215177
1091594 0
1091794 215177
1091854 0
1092374 215177
1092434 0
1092634 215177
1092694 0
1111145 215177
1111205 0
1111405 215177
1111465 0
1111985 215177
1112045 0
1112245 215177
1112305 0
1129255 215177
1129315 0
1129515 215177
1129575 0
1130095 215177
1130155 0
1130355 215177
1130415 0
1147366 215177
1147426 0
1147626 215177
1147686 0
1148206 215177
1148266 0
1148466 215177
1148526 0
1165476 215177
1165536 0
1165736 215177
1165796 0
1166316 215177
1166376 0
1166576 215177
1166636 0
1183587 215177
1183647 0
1183847 215177
1183907 0
1184427 215177
1184487 0
1184687 215177
1184747 0
1201697 215177
1201757 0
1201957 215177
1202017 0
1202537 215177
1202597 0
1202797 215177
1202857 0
1219808 215177
1219868 0
1220038 215177
1220098 0
1220578 215177
1220638 0
1220808 215177
1220868 0
1237918 215177
1237978 0
1238178 215177
1238238 0
1238758 215177
1238818 0
1239018 215177
1239078 0
1256029 215177
1256089 0
1256289 215177
1256349 0
1256869 215177
1256929 0
1257129 215177
1257189 0
1274139 215177
1274199 0
1274399 215177
1274459 0
1274979 215177
1275039 0
1275239 215177
1275299 0
1292250 215177
1292310 0
1292510 215177
1292570 0
1293090 215177
1293150 0
1293350 215177
1293410 0
1310360 215177
1310420 0
1310620 215177
1310680 0
1311200 215177
1311260 0
1311460 215177
1311520 0
1328471 215177
1328531 0
1328731 215177
1328791 0
1329311 215177
1329371 0
1329571 215177
1329631 0
1346581 215177
1346641 0
1346841 215177
1346901 0
1347421 215177
1347481 0
1347681 215177
1347741 0
1364692 215177
1364752 0
1364952 215177
1365012 0
1365532 215177
1365592 0
1365792 215177
1365852 0
1382802 215177
1382862 0
1383062 215177
1383122 0
1383642 215177
1383702 0
1383902 215177
1383962 0
1400913 215177
1400973 0
1401173 215177
1401233 0
1401753 215177
1401813 0
1402013 215177
1402073 0
1419023 215177
1419083 0
1419283 215177
1419343 0
1419863 215177
1419923 0
1420123 215177
1420183 0
1437134 215177
1437194 0
1437394 215177
1437454 0
1437974 215177
1438034 0
1438234 215177
1438294 0
1457041 215177
1457101 0
1457271 215177
1457331 0
1457811 215177
1457871 0
1458041 215177
1458101 0
1475448 215177
1475508 0
1475708 215177
1475768 0
1476288 215177
1476348 0
1476548 215177
1476608 0
1493855 215177
1493915 0
1494115 215177
1494175 0
1494695 215177
1494755 0
1494955 215177
1495015 0
1512263 215177
1512323 0
1512523 215177
1512583 0
1513103 215177
1513163 0
1513363 215177
36 events for L
25812 1000
26812 0
75320 1000
76320 0
123651 1000
124651 0
170338 1000
171338 0
216501 1000
217501 0
261499 1000
262499 0
306204 1000
307204 0
351121 1000
352121 0
396305 1000
397305 0
442059 1000
443059 0
487394 1000
488394 0
531506 1000
532506 0
575365 1000
576365 0
618943 1000
619943 0
662179 1000
663179 0
705102 1000
706102 0
747930 1000
748930 0
791227 1000
792227 0
167 events for M
7244 0
11004 906
25314 0
31614 906
43621 0
45903 906
58718 0
59198 906
61813 0
67993 906
80002 0
82282 906
98192 0
99732 906
116320 0
122561 906
134511 0
136851 906
152760 0
158940 906
170950 0
172490 906
189139 0
195319 906
206729 0
211405 1500
215420 0
217105 1500
221130 0
239498 906
242618 0
249698 215
261218 0
283641 906
299361 0
305755 906
318089 0
320369 906
336604 0
342784 906
355118 0
356658 906
373632 0
379812 906
392147 0
394427 906
410661 0
416841 906
429175 0
430715 906
447689 0
453869 906
465604 0
467884 906
483218 0
498698 906
502898 0
505187 906
521097 0
527277 906
539286 0
540826 906
557476 0
563656 906
575665 0
577945 906
593855 0
600035 906
612044 0
615827 906
630092 0
636414 906
648399 0
650725 906
666613 0
672793 906
684802 0
687082 906
702992 0
704532 906
721181 0
727361 906
739371 0
741651 906
755318 0
763740 906
774060 0
777590 906
793750 0
800119 906
811529 0
813809 906
828818 0
843998 1087
846708 0
853228 906
867132 0
873312 215
884732 0
924634 906
940761 0
946941 906
959348 0
961448 906
977269 0
983755 906
995617 0
997525 906
1008338 0
1009298 906
1014386 0
1020569 906
1032796 0
1035077 906
1051204 0
1057384 906
1069063 0
1071620 906
1087473 0
1103498 906
1107218 0
1109909 906
1125739 0
1131919 906
1138718 0
1139198 906
1143518 0
1145631 906
1152056 0
1153058 906
1161712 0
1168140 906
1179880 0
1182698 1714
1197998 0
1204541 1714
1216241 0
1220844 1714
1224338 0
1224503 906
1234358 0
1240582 906
1252509 0
1254796 906
1268318 0
1268798 1714
1269834 0
1276803 1714
1278183 0
1279298 1714
1280297 0
1281098 1714
1281578 0
1281968 1714
1282568 0
1283938 1714
1286465 0
1290498 906
1291238 1714
1306418 0
1399837 906
1400757 593
1414678 0
1421747 593
1432788 0
1491918 906
1508618 0
2 events for N
832098 0
832099 18
