14 instruments
A 10 100 47192398.279190399 1501427445.7644184
B 10 100 6499613.0472409306 3333330256.035996
C 10 100 40530.039409419333 54204511.969197564
D 10 100 0 895660078.44187188
E 10 100 141644.34804627756 547774564.8662138
F 10 100 192158478.34180248 847760826.1096437
G 10 100 1935.2198577632046 529743673.63920057
H 10 100 45126217.813212499 1435691857.5629289
I 10 100 24955.266722182481 180753403.14844713
J 10 100 23264.147255000564 168504461.78361657
K 10 100 0 938631764.34521866
L 10 100 5459680 2800000000
M 10 100 177168740.44080633 781629408.46013641
N 10 100 6553.6061313363007 2560002395.0532427
60 downlinks
0 1093 43377 30209.873796
1 45354 49616 26595.764298999999
2 80183 87163 25812.000550000001
3 106578 117837 26242.243616
4 121338 125057 60521.572561000001
5 132978 149771 25759.527445
6 164478 176736 62910.21802
7 180133 213919 62402.514213000002
8 217996 230661 26087.487331
9 246673 264154 30312.554313000001
10 271568 283200 61079.659066
11 294068 305958 18673.221132999999
12 308828 311733 64240.288658999998
13 316470 326046 31143.729536999999
14 330510 340937 31955.262932000001
15 346350 385384 32548.652656999999
16 390639 400878 26591.031461999999
17 406562 416402 31032.775088999999
18 450240 471179 26518.557602000001
19 476961 481513 27135.491309000001
20 514257 522214 30548.763144
21 552660 566992 61173.218094999997
22 569751 580962 25727.776897
23 584224 602728 60685.825332
24 605299 636843 31943.127114999999
25 639046 656499 26854.269729
26 661124 667134 60653.754335999998
27 709440 730451 25877.051024
28 735934 740752 26858.741764999999
29 751541 771862 30730.334417999999
30 777935 816929 64710.467042999997
31 822258 835045 26821.553663999999
32 838535 857767 30352.900559999998
33 866528 870384 62069.510897
34 897630 918520 24941.171042000002
35 920190 947191 64615.886477
36 950573 992754 29824.478802000001
37 994911 1000151 25807.814231
38 1021224 1032970 30500.246913999999
39 1036892 1041243 63784.759174999999
40 1055040 1074694 26887.570243999999
41 1081238 1086354 26801.861517000001
42 1109434 1119136 30816.996993000001
43 1156513 1164010 30054.646581000001
44 1167567 1209533 25083.168038
45 1209534 1240739 31964.981436999999
46 1242907 1267592 26020.402946999999
47 1295856 1300360 65210.357319000002
48 1314240 1325764 26020.533994000001
49 1329002 1339419 25744.512599999998
50 1343310 1358157 62740.845427
51 1382179 1385565 59751.354583
52 1390050 1402780 26793.545150000002
53 1410330 1419492 25803.846627999999
54 1426554 1437742 25578.956714
55 1441496 1469060 37319.959895
56 1501490 1527620 26914.434292999998
57 1530350 1552069 37696.254029999996
58 1554826 1559578 40703.395508000001
59 1573440 1593309 25449.31221
0 opportunities for A
0 opportunities for B
0 opportunities for C
0 opportunities for D
0 opportunities for E
0 opportunities for F
0 opportunities for G
0 opportunities for H
0 opportunities for I
0 opportunities for J
0 opportunities for K
0 opportunities for L
0 opportunities for M
0 opportunities for N
8 events for A
438385 1772
458392 2414
460232 1772
552728 2414
615786 1772
789938 2414
854469 1772
1043185 2414
0 events for B

0 events for C

0 events for D

0 events for E

135 events for F
7595 2754
14774 1727
21973 2754
52574 1727
57624 1664
57924 3917
57973 4944
91274 3917
93924 1727
108373 2754
127274 1727
133573 2754
140806 1471
162374 444
169573 548
200174 444
205573 1471
216024 1409
216324 3662
227206 4944
234374 3917
241573 4944
266724 2754
270374 1727
277573 2754
306374 1727
313573 2754
342374 1727
349573 2754
354744 2691
355044 2754
356806 1471
363973 548
380174 444
387373 548
416174 444
421573 548
436874 444
450373 548
471974 444
479173 548
509774 444
515173 1471
525963 1267
525984 1205
526284 3458
529606 4740
547574 3713
552973 3817
583574 3713
585384 1523
592573 1626
612363 1830
621374 1727
626773 1830
633995 2081
637606 798
655574 695
659206 1977
662773 3004
680773 2081
680806 798
696074 695
698784 632
698795 382
699084 444
711373 548
731174 444
738373 548
767174 444
774373 548
803174 444
810373 548
839174 444
846373 548
871584 485
871884 548
876974 444
882373 548
911174 444
920173 548
948974 444
956173 548
984974 444
990373 548
1020974 444
1026406 1727
1028173 2754
1040774 1727
1044384 1664
1044684 1727
1048006 444
1055173 1471
1076774 444
1083973 1471
1114574 444
1119973 1471
1150574 444
1157773 1471
1188374 444
1193773 1471
1226174 444
1231573 1471
1260374 444
1267573 548
1300874 444
1303224 382
1303524 2635
1303595 2885
1307206 4168
1314373 5195
1335974 4168
1343173 5195
1371974 4168
1379173 5195
1389995 4944
1409774 3917
1415173 4944
1445774 3917
1451173 4944
1454844 2754
1481774 1727
1487173 2754
1497995 3004
1517774 1977
1523173 3004
1559174 1977
1562724 1915
1562795 1664
1563024 3917
1568724 1727
1573573 2754
1588006 1471
1590674 444
1595173 1471
46 events for G
20842 4096
29042 0
313297 665
342457 0
478385 665
507905 0
552014 4096
560214 0
625642 4096
633842 0
708571 4096
716771 0
809434 4096
817634 0
881876 4096
890076 0
990539 4096
998739 0
1326751 3754
1327471 0
1329271 3754
1332871 0
1340071 3754
1340791 0
1342591 3754
1346191 0
1361791 3754
1362511 0
1364311 3754
1367911 0
1376311 3754
1377031 0
1378831 3754
1382431 0
1440151 3754
1440871 0
1442671 3754
1446271 0
1485871 3754
1486591 0
1488391 3754
1491991 0
1532671 3754
1533391 0
1535191 3754
1538791 0
8 events for H
436844 1772
456851 2414
458691 1772
551187 2414
614245 1772
788397 2414
852928 1772
1041644 2414
134 events for I
10122 0
11082 906
16170 0
22353 906
34580 0
36861 906
52988 0
59168 906
70847 0
73404 906
89257 0
105282 906
109002 0
111693 906
127523 0
133703 906
140502 0
140982 906
145302 0
147415 906
153840 0
154842 906
163496 0
169924 906
181664 0
184482 1714
199782 0
206325 1714
218025 0
222628 1714
226122 0
226287 906
236142 0
242366 906
254293 0
256580 906
270102 0
270582 1714
271618 0
278587 1714
279967 0
281082 1714
282081 0
282882 1714
283362 0
283752 1714
284352 0
285722 1714
288249 0
292282 906
293022 1714
308202 0
401621 906
402541 593
416462 0
423531 593
434572 0
493702 906
510402 0
516711 906
528938 0
553525 906
554275 0
627153 906
637473 0
640921 906
657381 0
679629 1500
685444 0
687092 1500
692737 0
751974 906
768544 0
774724 906
786655 0
853722 906
858986 0
860637 906
875597 0
883387 906
895378 0
897942 906
913302 0
919608 906
931302 0
933142 906
949649 0
955829 906
967542 0
970182 906
985842 0
992050 906
1004286 0
1098463 906
1113702 0
1121511 906
1133738 0
1138182 215
1149602 0
1177482 906
1188702 0
1195139 906
1207062 0
1209882 906
1220502 0
1268768 906
1280995 0
1282535 906
1299402 0
1328682 906
1337253 0
1343903 906
1349982 0
1357042 906
1361986 0
1365032 906
1373202 0
1379524 906
1391215 0
1393735 906
1406265 0
1415745 906
1427676 0
1431364 906
1445786 0
1451966 906
1463897 0
1466177 906
1482007 0
1504242 906
1504982 1500
1510987 0
1524595 1500
1530600 0
135 events for J
1260 906
12073 0
13033 906
18121 0
24304 906
36531 0
38812 906
54939 0
61119 906
72798 0
75355 906
91208 0
107233 906
110953 0
113644 906
129474 0
135654 906
142453 0
142933 906
147253 0
149366 906
155791 0
156793 906
165447 0
171875 906
183615 0
186433 1714
201733 0
208276 1714
219976 0
224579 1714
228073 0
228238 906
238093 0
244317 906
256244 0
258531 906
272053 0
272533 1714
273569 0
280538 1714
281918 0
283033 1714
284032 0
284833 1714
285313 0
285703 1714
286303 0
287673 1714
290200 0
294233 906
294973 1714
310153 0
403572 906
404492 593
418413 0
425482 593
436523 0
495653 906
512353 0
518662 906
530889 0
555476 906
556226 0
629104 906
639424 0
642872 906
659332 0
681580 1500
687395 0
689043 1500
694688 0
753925 906
770495 0
776675 906
788606 0
855673 906
860937 0
862588 906
877548 0
885338 906
897329 0
899893 906
915253 0
921559 906
933253 0
935093 906
951600 0
957780 906
969493 0
972133 906
987793 0
994001 906
1006237 0
1100414 906
1115653 0
1123462 906
1135689 0
1140133 215
1151553 0
1179433 906
1190653 0
1197090 906
1209013 0
1211833 906
1222453 0
1270719 906
1282946 0
1284486 906
1301353 0
1330633 906
1339204 0
1345854 906
1351933 0
1358993 906
1363937 0
1366983 906
1375153 0
1381475 906
1393166 0
1395686 906
1408216 0
1417696 906
1429627 0
1433315 906
1447737 0
1453917 906
1465848 0
1468128 906
1483958 0
1506193 906
1506933 1500
1512938 0
1526546 1500
1532551 0
0 events for K

0 events for L

135 events for M
6654 2754
13833 1727
21032 2754
51633 1727
56683 1664
56983 3917
57032 4944
90333 3917
92983 1727
107432 2754
126333 1727
132632 2754
139865 1471
161433 444
168632 548
199233 444
204632 1471
215083 1409
215383 3662
226265 4944
233433 3917
240632 4944
265783 2754
269433 1727
276632 2754
305433 1727
312632 2754
341433 1727
348632 2754
353803 2691
354103 2754
355865 1471
363032 548
379233 444
386432 548
415233 444
420632 548
435933 444
449432 548
471033 444
478232 548
508833 444
514232 1471
525022 1267
525043 1205
525343 3458
528665 4740
546633 3713
552032 3817
582633 3713
584443 1523
591632 1626
611422 1830
620433 1727
625832 1830
633054 2081
636665 798
654633 695
658265 1977
661832 3004
679832 2081
679865 798
695133 695
697843 632
697854 382
698143 444
710432 548
730233 444
737432 548
766233 444
773432 548
802233 444
809432 548
838233 444
845432 548
870643 485
870943 548
876033 444
881432 548
910233 444
919232 548
948033 444
955232 548
984033 444
989432 548
1020033 444
1025465 1727
1027232 2754
1039833 1727
1043443 1664
1043743 1727
1047065 444
1054232 1471
1075833 444
1083032 1471
1113633 444
1119032 1471
1149633 444
1156832 1471
1187433 444
1192832 1471
1225233 444
1230632 1471
1259433 444
1266632 548
1299933 444
1302283 382
1302583 2635
1302654 2885
1306265 4168
1313432 5195
1335033 4168
1342232 5195
1371033 4168
1378232 5195
1389054 4944
1408833 3917
1414232 4944
1444833 3917
1450232 4944
1453903 2754
1480833 1727
1486232 2754
1497054 3004
1516833 1977
1522232 3004
1558233 1977
1561783 1915
1561854 1664
1562083 3917
1567783 1727
1572632 2754
1587065 1471
1589733 444
1594232 1471
704 events for N
340 215177
400 0
600 215177
660 0
1180 215177
1240 0
1440 215177
1500 0
18747 215177
18807 0
19007 215177
19067 0
19587 215177
19647 0
19847 215177
19907 0
37155 215177
37215 0
37415 215177
37475 0
37995 215177
38055 0
38255 215177
38315 0
55562 215177
55622 0
55822 215177
55882 0
56402 215177
56462 0
56662 215177
56722 0
73969 215177
74029 0
74229 215177
74289 0
74809 215177
74869 0
75069 215177
75129 0
92376 215177
92436 0
92636 215177
92696 0
93216 215177
93276 0
93476 215177
93536 0
111987 215177
112047 0
112247 215177
112307 0
112827 215177
112887 0
113087 215177
113147 0
130097 215177
130157 0
130357 215177
130417 0
130937 215177
130997 0
131197 215177
131257 0
148208 215177
148268 0
148468 215177
148528 0
149048 215177
149108 0
149308 215177
149368 0
166318 215177
166378 0
166578 215177
166638 0
167158 215177
167218 0
167418 215177
167478 0
184429 215177
184489 0
184689 215177
184749 0
185269 215177
185329 0
185529 215177
185589 0
202539 215177
202599 0
202799 215177
202859 0
203379 215177
203439 0
203639 215177
203699 0
220650 215177
220710 0
220880 215177
220940 0
221420 215177
221480 0
221650 215177
221710 0
238760 215177
238820 0
239020 215177
239080 0
239600 215177
239660 0
239860 215177
239920 0
256871 215177
256931 0
257131 215177
257191 0
257711 215177
257771 0
257971 215177
258031 0
274981 215177
275041 0
275241 215177
275301 0
275821 215177
275881 0
276081 215177
276141 0
293092 215177
293152 0
293352 215177
293412 0
293932 215177
293992 0
294192 215177
294252 0
311202 215177
311262 0
311462 215177
311522 0
312042 215177
312102 0
312302 215177
312362 0
329313 215177
329373 0
329573 215177
329633 0
330153 215177
330213 0
330413 215177
330473 0
347423 215177
347483 0
347683 215177
347743 0
348263 215177
348323 0
348523 215177
348583 0
365534 215177
365594 0
365794 215177
365854 0
366374 215177
366434 0
366634 215177
366694 0
383644 215177
383704 0
383904 215177
383964 0
384484 215177
384544 0
384744 215177
384804 0
401755 215177
401815 0
402015 215177
402075 0
402595 215177
402655 0
402855 215177
402915 0
419865 215177
419925 0
420125 215177
420185 0
420705 215177
420765 0
420965 215177
421025 0
437976 215177
438036 0
438236 215177
438296 0
438816 215177
438876 0
439076 215177
439136 0
457883 215177
457943 0
458113 215177
458173 0
458653 215177
458713 0
458883 215177
458943 0
476290 215177
476350 0
476550 215177
476610 0
477130 215177
477190 0
477390 215177
477450 0
494697 215177
494757 0
494957 215177
495017 0
495537 215177
495597 0
495797 215177
495857 0
513105 215177
513165 0
513365 215177
513425 0
513945 215177
514005 0
514205 215177
514265 0
531512 215177
531572 0
531772 215177
531832 0
532352 215177
532412 0
532612 215177
532672 0
549919 215177
549979 0
550179 215177
550239 0
550759 215177
550819 0
551019 215177
551079 0
568326 215177
568386 0
568586 215177
568646 0
569166 215177
569226 0
569426 215177
569486 0
586733 215177
586793 0
586993 215177
587053 0
587573 215177
587633 0
587833 215177
587893 0
605140 215177
605200 0
605400 215177
605460 0
605980 215177
606040 0
606240 215177
606300 0
623547 215177
623607 0
623807 215177
623867 0
624387 215177
624447 0
624647 215177
624707 0
641955 215177
642015 0
642215 215177
642275 0
642795 215177
642855 0
643055 215177
643115 0
660362 215177
660422 0
660622 215177
660682 0
661202 215177
661262 0
661462 215177
661522 0
678769 215177
678829 0
679029 215177
679089 0
679609 215177
679669 0
679869 215177
679929 0
697176 215177
697236 0
697436 215177
697496 0
698016 215177
698076 0
698276 215177
698336 0
716787 215177
716847 0
717047 215177
717107 0
717627 215177
717687 0
717887 215177
717947 0
734897 215177
734957 0
735157 215177
735217 0
735737 215177
735797 0
735997 215177
736057 0
753008 215177
753068 0
753268 215177
753328 0
753848 215177
753908 0
754108 215177
754168 0
771118 215177
771178 0
771378 215177
771438 0
771958 215177
772018 0
772218 215177
772278 0
789229 215177
789289 0
789489 215177
789549 0
790069 215177
790129 0
790329 215177
790389 0
807339 215177
807399 0
807599 215177
807659 0
808179 215177
808239 0
808439 215177
808499 0
825450 215177
825510 0
825680 215177
825740 0
826220 215177
826280 0
826450 215177
826510 0
843560 215177
843620 0
843820 215177
843880 0
844400 215177
844460 0
844660 215177
844720 0
861671 215177
861731 0
861931 215177
861991 0
862511 215177
862571 0
862771 215177
862831 0
879781 215177
879841 0
880041 215177
880101 0
880621 215177
880681 0
880881 215177
880941 0
897892 215177
897952 0
898152 215177
898212 0
898732 215177
898792 0
898992 215177
899052 0
916002 215177
916062 0
916262 215177
916322 0
916842 215177
916902 0
917102 215177
917162 0
934113 215177
934173 0
934373 215177
934433 0
934953 215177
935013 0
935213 215177
935273 0
952223 215177
952283 0
952483 215177
952543 0
953063 215177
953123 0
953323 215177
953383 0
970334 215177
970394 0
970594 215177
970654 0
971174 215177
971234 0
971434 215177
971494 0
988444 215177
988504 0
988704 215177
988764 0
989284 215177
989344 0
989544 215177
989604 0
1006555 215177
1006615 0
1006815 215177
1006875 0
1007395 215177
1007455 0
1007655 215177
1007715 0
1024665 215177
1024725 0
1024925 215177
1024985 0
1025505 215177
1025565 0
1025765 215177
1025825 0
1042776 215177
1042836 0
1043036 215177
1043096 0
1043616 215177
1043676 0
1043876 215177
1043936 0
1062683 215177
1062743 0
1062913 215177
1062973 0
1063453 215177
1063513 0
1063683 215177
1063743 0
1081090 215177
1081150 0
1081350 215177
1081410 0
1081930 215177
1081990 0
1082190 215177
1082250 0
1099497 215177
1099557 0
1099757 215177
1099817 0
1100337 215177
1100397 0
1100597 215177
1100657 0
1117905 215177
1117965 0
1118165 215177
1118225 0
1118745 215177
1118805 0
1119005 215177
1119065 0
1136312 215177
1136372 0
1136572 215177
1136632 0
1137152 215177
1137212 0
1137412 215177
1137472 0
1154719 215177
1154779 0
1154979 215177
1155039 0
1155559 215177
1155619 0
1155819 215177
1155879 0
1173126 215177
1173186 0
1173386 215177
1173446 0
1173966 215177
1174026 0
1174226 215177
1174286 0
1191533 215177
1191593 0
1191793 215177
1191853 0
1192373 215177
1192433 0
1192633 215177
1192693 0
1209940 215177
1210000 0
1210200 215177
1210260 0
1210780 215177
1210840 0
1211040 215177
1211100 0
1228347 215177
1228407 0
1228607 215177
1228667 0
1229187 215177
1229247 0
1229447 215177
1229507 0
1246755 215177
1246815 0
1247015 215177
1247075 0
1247595 215177
1247655 0
1247855 215177
1247915 0
1265162 215177
1265222 0
1265422 215177
1265482 0
1266002 215177
1266062 0
1266262 215177
1266322 0
1283569 215177
1283629 0
1283829 215177
1283889 0
1284409 215177
1284469 0
1284669 215177
1284729 0
1301976 215177
1302036 0
1302236 215177
1302296 0
1302816 215177
1302876 0
1303076 215177
1303136 0
1321587 215177
1321647 0
1321847 215177
1321907 0
1322427 215177
1322487 0
1322687 215177
1322747 0
1339697 215177
1339757 0
1339957 215177
1340017 0
1340537 215177
1340597 0
1340797 215177
1340857 0
1357808 215177
1357868 0
1358068 215177
1358128 0
1358648 215177
1358708 0
1358908 215177
1358968 0
1375918 215177
1375978 0
1376178 215177
1376238 0
1376758 215177
1376818 0
1377018 215177
1377078 0
1394029 215177
1394089 0
1394289 215177
1394349 0
1394869 215177
1394929 0
1395129 215177
1395189 0
1412139 215177
1412199 0
1412399 215177
1412459 0
1412979 215177
1413039 0
1413239 215177
1413299 0
1430250 215177
1430310 0
1430480 215177
1430540 0
1431020 215177
1431080 0
1431250 215177
1431310 0
1448360 215177
1448420 0
1448620 215177
1448680 0
1449200 215177
1449260 0
1449460 215177
1449520 0
1466471 215177
1466531 0
1466731 215177
1466791 0
1467311 215177
1467371 0
1467571 215177
1467631 0
1484581 215177
1484641 0
1484841 215177
1484901 0
1485421 215177
1485481 0
1485681 215177
1485741 0
1502692 215177
1502752 0
1502952 215177
1503012 0
1503532 215177
1503592 0
1503792 215177
1503852 0
1520802 215177
1520862 0
1521062 215177
1521122 0
1521642 215177
1521702 0
1521902 215177
1521962 0
1538913 215177
1538973 0
1539173 215177
1539233 0
1539753 215177
1539813 0
1540013 215177
1540073 0
1557023 215177
1557083 0
1557283 215177
1557343 0
1557863 215177
1557923 0
1558123 215177
1558183 0
1574076 215177
1574136 0
1574336 215177
1574396 0
1574916 215177
1574976 0
1575176 215177
1575236 0
1593244 215177
1593304 0
1593504 215177
1593564 0
1594084 215177
1594144 0
1594344 215177
1594404 0
