14 instruments
A 10 100 38499.176269411204 51488453.781630412
B 10 100 7196.0339286610251 2810950753.383213
C 10 100 157159.98672976866 607777468.940395
D 10 100 0 276873309.16802311
E 10 100 2665037.1650940888 921958803.05957663
F 10 100 1991925.5289842244 689098561.3783263
G 10 100 815344000 7516190000
H 10 100 0 320000000
I 10 100 0.000155227 800000000
J 10 100 763800535.41096985 7041040280.2382517
K 10 100 1517960000 4000000000
L 10 100 2338 640000000
M 10 100 309096.09667920991 262843801.48639998
N 10 100 177168740.44080633 781629408.46013641
100 downlinks
0 1 10745 17374.699861000001
1 26101 52892 57611.601310999999
2 53101 85181 59023.283414999998
3 85923 91673 55193.106121999997
4 95029 137146 25530.421285
5 137147 181342 29269.697155999998
6 181343 185433 16830.732371999999
7 198591 213258 28226.256141999998
8 215588 218139 60093.408818999997
9 258586 288285 58272.632834999997
10 288286 295560 61499.660580999996
11 309763 331060 28538.149495000001
12 344608 350430 18090.695755000001
13 353973 369185 23661.293665000001
14 371082 399036 28757.617953000001
15 399037 441333 56137.919716999997
16 442477 459371 23437.772314999998
17 474577 487217 55980.942202999999
18 500432 514284 60635.164006999999
19 517172 548099 23619.145155999999
20 568692 576958 53049.165158000003
21 579567 602726 23042.764167000001
22 602727 607179 53421.323553000002
23 610615 615295 23396.302264000002
24 618867 631771 22759.633384000001
25 655003 659602 53785.922146999997
26 670762 687216 23595.771228000001
27 689523 696180 17076.713232999999
28 699238 734361 24932.393585000002
29 734362 744585 29494.590024000001
30 747617 753489 55821.075068999999
31 756857 774146 22968.383259999999
32 775217 779398 57490.653299999998
33 797590 802650 25500.801521000001
34 844598 867984 24904.219582000002
35 871874 875942 26817.789122999999
36 888252 918315 30236.225505999999
37 921546 941937 64968.303881
38 948208 954537 18980.648960999999
39 958192 999158 26276.326033000001
40 1000251 1042535 30209.873796
41 1044512 1048774 26595.764298999999
42 1079341 1086321 25812.000550000001
43 1105736 1116995 26242.243616
44 1120496 1124215 60521.572561000001
45 1132136 1148929 25759.527445
46 1163636 1175894 62910.21802
47 1179291 1213077 62402.514213000002
48 1217154 1229819 26087.487331
49 1245831 1263312 30312.554313000001
50 1270726 1282358 61079.659066
51 1293226 1305116 18673.221132999999
52 1307986 1310891 64240.288658999998
53 1315628 1325204 31143.729536999999
54 1329668 1340095 31955.262932000001
55 1345508 1384542 32548.652656999999
56 1389797 1400036 26591.031461999999
57 1405720 1415560 31032.775088999999
58 1449398 1470337 26518.557602000001
59 1476119 1480671 27135.491309000001
60 1513415 1521372 30548.763144
61 1551818 1566150 61173.218094999997
62 1568909 1580120 25727.776897
63 1583382 1601886 60685.825332
64 1604457 1636001 31943.127114999999
65 1638204 1655657 26854.269729
66 1660282 1666292 60653.754335999998
67 1708598 1729609 25877.051024
68 1735092 1739910 26858.741764999999
69 1750699 1771020 30730.334417999999
70 1777093 1816087 64710.467042999997
71 1821416 1834203 26821.553663999999
72 1837693 1856925 30352.900559999998
73 1865686 1869542 62069.510897
74 1896788 1917678 24941.171042000002
75 1919348 1946349 64615.886477
76 1949731 1991912 29824.478802000001
77 1994069 1999309 25807.814231
78 2020382 2032128 30500.246913999999
79 2036050 2040401 63784.759174999999
80 2054198 2073852 26887.570243999999
81 2080396 2085512 26801.861517000001
82 2108592 2118294 30816.996993000001
83 2155671 2163168 30054.646581000001
84 2166725 2208691 25083.168038
85 2208692 2239897 31964.981436999999
86 2242065 2266750 26020.402946999999
87 2295014 2299518 65210.357319000002
88 2313398 2324922 26020.533994000001
89 2328160 2338577 25744.512599999998
90 2342468 2357315 62740.845427
91 2381337 2384723 59751.354583
92 2389208 2401938 26793.545150000002
93 2409488 2418650 25803.846627999999
94 2425712 2436900 25578.956714
95 2440654 2468218 37319.959895
96 2500648 2526778 26914.434292999998
97 2529508 2551227 37696.254029999996
98 2553984 2558736 40703.395508000001
99 2572598 2592467 25449.31221
0 opportunities for A
0 opportunities for B
0 opportunities for C
0 opportunities for D
0 opportunities for E
0 opportunities for F
0 opportunities for G
0 opportunities for H
0 opportunities for I
0 opportunities for J
0 opportunities for K
0 opportunities for L
0 opportunities for M
0 opportunities for N
2 events for A
832416 0
832417 18
1136 events for B
11220 12910592
11221 0
11450 12910592
11451 0
11990 12910592
11991 0
12220 12910592
12221 0
29410 12910592
29411 0
29670 12910592
29671 0
30250 12910592
30251 0
30510 12910592
30511 0
47599 12910592
47600 0
47859 12910592
47860 0
48439 12910592
48440 0
48699 12910592
48700 0
65789 12910592
65790 0
66049 12910592
66050 0
66629 12910592
66630 0
66889 12910592
66890 0
83978 12910592
83979 0
84238 12910592
84239 0
84818 12910592
84819 0
85078 12910592
85079 0
102168 12910592
102169 0
102428 12910592
102429 0
103008 12910592
103009 0
103268 12910592
103269 0
120357 12910592
120358 0
120617 12910592
120618 0
121197 12910592
121198 0
121457 12910592
121458 0
138547 12910592
138548 0
138807 12910592
138808 0
139387 12910592
139388 0
139647 12910592
139648 0
156736 12910592
156737 0
156996 12910592
156997 0
157576 12910592
157577 0
157836 12910592
157837 0
174926 12910592
174927 0
175186 12910592
175187 0
175766 12910592
175767 0
176026 12910592
176027 0
193115 12910592
193116 0
193375 12910592
193376 0
193955 12910592
193956 0
194215 12910592
194216 0
210705 12910592
210706 0
210965 12910592
210966 0
211545 12910592
211546 0
211805 12910592
211806 0
227994 12910592
227995 0
228254 12910592
228255 0
228834 12910592
228835 0
229094 12910592
229095 0
248008 12910592
248009 0
248238 12910592
248239 0
248778 12910592
248779 0
249008 12910592
249009 0
266523 12910592
266524 0
266783 12910592
266784 0
267363 12910592
267364 0
267623 12910592
267624 0
285037 12910592
285038 0
285297 12910592
285298 0
285877 12910592
285878 0
286137 12910592
286138 0
303551 12910592
303552 0
303811 12910592
303812 0
304391 12910592
304392 0
304651 12910592
304652 0
322065 12910592
322066 0
322325 12910592
322326 0
322905 12910592
322906 0
323165 12910592
323166 0
340580 12910592
340581 0
340840 12910592
340841 0
341420 12910592
341421 0
341680 12910592
341681 0
359094 12910592
359095 0
359354 12910592
359355 0
359934 12910592
359935 0
360194 12910592
360195 0
377608 12910592
377609 0
377868 12910592
377869 0
378448 12910592
378449 0
378708 12910592
378709 0
396123 12910592
396124 0
396383 12910592
396384 0
396963 12910592
396964 0
397223 12910592
397224 0
414637 12910592
414638 0
414897 12910592
414898 0
415477 12910592
415478 0
415737 12910592
415738 0
433151 12910592
433152 0
433411 12910592
433412 0
433991 12910592
433992 0
434251 12910592
434252 0
451665 12910592
451666 0
451925 12910592
451926 0
452505 12910592
452506 0
452765 12910592
452766 0
469580 12910592
469581 0
469840 12910592
469841 0
470420 12910592
470421 0
470680 12910592
470681 0
487194 12910592
487195 0
487454 12910592
487455 0
488034 12910592
488035 0
488294 12910592
488295 0
506883 12910592
506884 0
507143 12910592
507144 0
507723 12910592
507724 0
507983 12910592
507984 0
525073 12910592
525074 0
525333 12910592
525334 0
525913 12910592
525914 0
526173 12910592
526174 0
543262 12910592
543263 0
543522 12910592
543523 0
544102 12910592
544103 0
544362 12910592
544363 0
561452 12910592
561453 0
561712 12910592
561713 0
562292 12910592
562293 0
562552 12910592
562553 0
579641 12910592
579642 0
579901 12910592
579902 0
580481 12910592
580482 0
580741 12910592
580742 0
597831 12910592
597832 0
598091 12910592
598092 0
598671 12910592
598672 0
598931 12910592
598932 0
616020 12910592
616021 0
616250 12910592
616251 0
616790 12910592
616791 0
617020 12910592
617021 0
634210 12910592
634211 0
634470 12910592
634471 0
635050 12910592
635051 0
635310 12910592
635311 0
652399 12910592
652400 0
652659 12910592
652660 0
653239 12910592
653240 0
653499 12910592
653500 0
670589 12910592
670590 0
670849 12910592
670850 0
671429 12910592
671430 0
671689 12910592
671690 0
688778 12910592
688779 0
689038 12910592
689039 0
689618 12910592
689619 0
689878 12910592
689879 0
706968 12910592
706969 0
707228 12910592
707229 0
707808 12910592
707809 0
708068 12910592
708069 0
725157 12910592
725158 0
725417 12910592
725418 0
725997 12910592
725998 0
726257 12910592
726258 0
743347 12910592
743348 0
743607 12910592
743608 0
744187 12910592
744188 0
744447 12910592
744448 0
761536 12910592
761537 0
761796 12910592
761797 0
762376 12910592
762377 0
762636 12910592
762637 0
779726 12910592
779727 0
779986 12910592
779987 0
780566 12910592
780567 0
780826 12910592
780827 0
797915 12910592
797916 0
798175 12910592
798176 0
798755 12910592
798756 0
799015 12910592
799016 0
815505 12910592
815506 0
815765 12910592
815766 0
816345 12910592
816346 0
816605 12910592
816606 0
832794 12910592
832795 0
833054 12910592
833055 0
833634 12910592
833635 0
833894 12910592
833895 0
852642 215177
852702 0
852872 215177
852932 0
853412 215177
853472 0
853642 215177
853702 0
871049 215177
871109 0
871309 215177
871369 0
871889 215177
871949 0
872149 215177
872209 0
889456 215177
889516 0
889716 215177
889776 0
890296 215177
890356 0
890556 215177
890616 0
907864 215177
907924 0
908124 215177
908184 0
908704 215177
908764 0
908964 215177
909024 0
926271 215177
926331 0
926531 215177
926591 0
927111 215177
927171 0
927371 215177
927431 0
944678 215177
944738 0
944938 215177
944998 0
945518 215177
945578 0
945778 215177
945838 0
963085 215177
963145 0
963345 215177
963405 0
963925 215177
963985 0
964185 215177
964245 0
981492 215177
981552 0
981752 215177
981812 0
982332 215177
982392 0
982592 215177
982652 0
999899 215177
999959 0
1000159 215177
1000219 0
1000739 215177
1000799 0
1000999 215177
1001059 0
1018306 215177
1018366 0
1018566 215177
1018626 0
1019146 215177
1019206 0
1019406 215177
1019466 0
1036714 215177
1036774 0
1036974 215177
1037034 0
1037554 215177
1037614 0
1037814 215177
1037874 0
1055121 215177
1055181 0
1055381 215177
1055441 0
1055961 215177
1056021 0
1056221 215177
1056281 0
1073528 215177
1073588 0
1073788 215177
1073848 0
1074368 215177
1074428 0
1074628 215177
1074688 0
1091935 215177
1091995 0
1092195 215177
1092255 0
1092775 215177
1092835 0
1093035 215177
1093095 0
1111546 215177
1111606 0
1111806 215177
1111866 0
1112386 215177
1112446 0
1112646 215177
1112706 0
1129656 215177
1129716 0
1129916 215177
1129976 0
1130496 215177
1130556 0
1130756 215177
1130816 0
1147767 215177
1147827 0
1148027 215177
1148087 0
1148607 215177
1148667 0
1148867 215177
1148927 0
1165877 215177
1165937 0
1166137 215177
1166197 0
1166717 215177
1166777 0
1166977 215177
1167037 0
1183988 215177
1184048 0
1184248 215177
1184308 0
1184828 215177
1184888 0
1185088 215177
1185148 0
1202098 215177
1202158 0
1202358 215177
1202418 0
1202938 215177
1202998 0
1203198 215177
1203258 0
1220209 215177
1220269 0
1220439 215177
1220499 0
1220979 215177
1221039 0
1221209 215177
1221269 0
1238319 215177
1238379 0
1238579 215177
1238639 0
1239159 215177
1239219 0
1239419 215177
1239479 0
1256430 215177
1256490 0
1256690 215177
1256750 0
1257270 215177
1257330 0
1257530 215177
1257590 0
1274540 215177
1274600 0
1274800 215177
1274860 0
1275380 215177
1275440 0
1275640 215177
1275700 0
1292651 215177
1292711 0
1292911 215177
1292971 0
1293491 215177
1293551 0
1293751 215177
1293811 0
1310761 215177
1310821 0
1311021 215177
1311081 0
1311601 215177
1311661 0
1311861 215177
1311921 0
1328872 215177
1328932 0
1329132 215177
1329192 0
1329712 215177
1329772 0
1329972 215177
1330032 0
1346982 215177
1347042 0
1347242 215177
1347302 0
1347822 215177
1347882 0
1348082 215177
1348142 0
1365093 215177
1365153 0
1365353 215177
1365413 0
1365933 215177
1365993 0
1366193 215177
1366253 0
1383203 215177
1383263 0
1383463 215177
1383523 0
1384043 215177
1384103 0
1384303 215177
1384363 0
1401314 215177
1401374 0
1401574 215177
1401634 0
1402154 215177
1402214 0
1402414 215177
1402474 0
1419424 215177
1419484 0
1419684 215177
1419744 0
1420264 215177
1420324 0
1420524 215177
1420584 0
1437535 215177
1437595 0
1437795 215177
1437855 0
1438375 215177
1438435 0
1438635 215177
1438695 0
1457442 215177
1457502 0
1457672 215177
1457732 0
1458212 215177
1458272 0
1458442 215177
1458502 0
1475849 215177
1475909 0
1476109 215177
1476169 0
1476689 215177
1476749 0
1476949 215177
1477009 0
1494256 215177
1494316 0
1494516 215177
1494576 0
1495096 215177
1495156 0
1495356 215177
1495416 0
1512664 215177
1512724 0
1512924 215177
1512984 0
1513504 215177
1513564 0
1513764 215177
1513824 0
1531071 215177
1531131 0
1531331 215177
1531391 0
1531911 215177
1531971 0
1532171 215177
1532231 0
1549478 215177
1549538 0
1549738 215177
1549798 0
1550318 215177
1550378 0
1550578 215177
1550638 0
1567885 215177
1567945 0
1568145 215177
1568205 0
1568725 215177
1568785 0
1568985 215177
1569045 0
1586292 215177
1586352 0
1586552 215177
1586612 0
1587132 215177
1587192 0
1587392 215177
1587452 0
1604699 215177
1604759 0
1604959 215177
1605019 0
1605539 215177
1605599 0
1605799 215177
1605859 0
1623106 215177
1623166 0
1623366 215177
1623426 0
1623946 215177
1624006 0
1624206 215177
1624266 0
1641514 215177
1641574 0
1641774 215177
1641834 0
1642354 215177
1642414 0
1642614 215177
1642674 0
1659921 215177
1659981 0
1660181 215177
1660241 0
1660761 215177
1660821 0
1661021 215177
1661081 0
1678328 215177
1678388 0
1678588 215177
1678648 0
1679168 215177
1679228 0
1679428 215177
1679488 0
1696735 215177
1696795 0
1696995 215177
1697055 0
1697575 215177
1697635 0
1697835 215177
1697895 0
1716346 215177
1716406 0
1716606 215177
1716666 0
1717186 215177
1717246 0
1717446 215177
1717506 0
1734456 215177
1734516 0
1734716 215177
1734776 0
1735296 215177
1735356 0
1735556 215177
1735616 0
1752567 215177
1752627 0
1752827 215177
1752887 0
1753407 215177
1753467 0
1753667 215177
1753727 0
1770677 215177
1770737 0
1770937 215177
1770997 0
1771517 215177
1771577 0
1771777 215177
1771837 0
1788788 215177
1788848 0
1789048 215177
1789108 0
1789628 215177
1789688 0
1789888 215177
1789948 0
1806898 215177
1806958 0
1807158 215177
1807218 0
1807738 215177
1807798 0
1807998 215177
1808058 0
1825009 215177
1825069 0
1825239 215177
1825299 0
1825779 215177
1825839 0
1826009 215177
1826069 0
1843119 215177
1843179 0
1843379 215177
1843439 0
1843959 215177
1844019 0
1844219 215177
1844279 0
1861230 215177
1861290 0
1861490 215177
1861550 0
1862070 215177
1862130 0
1862330 215177
1862390 0
1879340 215177
1879400 0
1879600 215177
1879660 0
1880180 215177
1880240 0
1880440 215177
1880500 0
1897451 215177
1897511 0
1897711 215177
1897771 0
1898291 215177
1898351 0
1898551 215177
1898611 0
1915561 215177
1915621 0
1915821 215177
1915881 0
1916401 215177
1916461 0
1916661 215177
1916721 0
1933672 215177
1933732 0
1933932 215177
1933992 0
1934512 215177
1934572 0
1934772 215177
1934832 0
1951782 215177
1951842 0
1952042 215177
1952102 0
1952622 215177
1952682 0
1952882 215177
1952942 0
1969893 215177
1969953 0
1970153 215177
1970213 0
1970733 215177
1970793 0
1970993 215177
1971053 0
1988003 215177
1988063 0
1988263 215177
1988323 0
1988843 215177
1988903 0
1989103 215177
1989163 0
2006114 215177
2006174 0
2006374 215177
2006434 0
2006954 215177
2007014 0
2007214 215177
2007274 0
2024224 215177
2024284 0
2024484 215177
2024544 0
2025064 215177
2025124 0
2025324 215177
2025384 0
2042335 215177
2042395 0
2042595 215177
2042655 0
2043175 215177
2043235 0
2043435 215177
2043495 0
2062242 215177
2062302 0
2062472 215177
2062532 0
2063012 215177
2063072 0
2063242 215177
2063302 0
2080649 215177
2080709 0
2080909 215177
2080969 0
2081489 215177
2081549 0
2081749 215177
2081809 0
2099056 215177
2099116 0
2099316 215177
2099376 0
2099896 215177
2099956 0
2100156 215177
2100216 0
2117464 215177
2117524 0
2117724 215177
2117784 0
2118304 215177
2118364 0
2118564 215177
2118624 0
2135871 215177
2135931 0
2136131 215177
2136191 0
2136711 215177
2136771 0
2136971 215177
2137031 0
2154278 215177
2154338 0
2154538 215177
2154598 0
2155118 215177
2155178 0
2155378 215177
2155438 0
2172685 215177
2172745 0
2172945 215177
2173005 0
2173525 215177
2173585 0
2173785 215177
2173845 0
2191092 215177
2191152 0
2191352 215177
2191412 0
2191932 215177
2191992 0
2192192 215177
2192252 0
2209499 215177
2209559 0
2209759 215177
2209819 0
2210339 215177
2210399 0
2210599 215177
2210659 0
2227906 215177
2227966 0
2228166 215177
2228226 0
2228746 215177
2228806 0
2229006 215177
2229066 0
2246314 215177
2246374 0
2246574 215177
2246634 0
2247154 215177
2247214 0
2247414 215177
2247474 0
2264721 215177
2264781 0
2264981 215177
2265041 0
2265561 215177
2265621 0
2265821 215177
2265881 0
2283128 215177
2283188 0
2283388 215177
2283448 0
2283968 215177
2284028 0
2284228 215177
2284288 0
2301535 215177
2301595 0
2301795 215177
2301855 0
2302375 215177
2302435 0
2302635 215177
2302695 0
2321146 215177
2321206 0
2321406 215177
2321466 0
2321986 215177
2322046 0
2322246 215177
2322306 0
2339256 215177
2339316 0
2339516 215177
2339576 0
2340096 215177
2340156 0
2340356 215177
2340416 0
2357367 215177
2357427 0
2357627 215177
2357687 0
2358207 215177
2358267 0
2358467 215177
2358527 0
2375477 215177
2375537 0
2375737 215177
2375797 0
2376317 215177
2376377 0
2376577 215177
2376637 0
2393588 215177
2393648 0
2393848 215177
2393908 0
2394428 215177
2394488 0
2394688 215177
2394748 0
2411698 215177
2411758 0
2411958 215177
2412018 0
2412538 215177
2412598 0
2412798 215177
2412858 0
2429809 215177
2429869 0
2430039 215177
2430099 0
2430579 215177
2430639 0
2430809 215177
2430869 0
2447919 215177
2447979 0
2448179 215177
2448239 0
2448759 215177
2448819 0
2449019 215177
2449079 0
2466030 215177
2466090 0
2466290 215177
2466350 0
2466870 215177
2466930 0
2467130 215177
2467190 0
2484140 215177
2484200 0
2484400 215177
2484460 0
2484980 215177
2485040 0
2485240 215177
2485300 0
2502251 215177
2502311 0
2502511 215177
2502571 0
2503091 215177
2503151 0
2503351 215177
2503411 0
2520361 215177
2520421 0
2520621 215177
2520681 0
2521201 215177
2521261 0
2521461 215177
2521521 0
2538472 215177
2538532 0
2538732 215177
2538792 0
2539312 215177
2539372 0
2539572 215177
2539632 0
2556582 215177
2556642 0
2556842 215177
2556902 0
2557422 215177
2557482 0
2557682 215177
2557742 0
2573635 215177
2573695 0
2573895 215177
2573955 0
2574475 215177
2574535 0
2574735 215177
2574795 0
2592803 215177
2592863 0
2593063 215177
2593123 0
2593643 215177
2593703 0
2593903 215177
2593963 0
2 events for C
833879 0
833880 74
0 events for D

15 events for E
229135 0
240536 1950
488335 0
499736 1950
833935 0
833937 1944
1450136 1300
1697935 0
1709336 1300
2043535 0
2054936 1300
2302735 0
2314136 1300
2561935 0
2573336 1300
15 events for F
229521 0
240922 1950
488721 0
500122 1950
834321 0
834323 1944
1450522 1300
1698321 0
1709722 1300
2043921 0
2055322 1300
2303121 0
2314522 1300
2562321 0
2573722 1300
71 events for G
253947 67429102
253952 0
599547 42866846
599552 0
621147 36098616
621152 0
750747 15230225
750752 0
772347 42774218
772352 0
793947 51729687
793952 0
813853 67442760
813858 0
874000 51185344
874005 0
938800 36088368
938805 0
982000 46317017
982005 0
1046800 62132584
1046805 0
1133200 55765577
1133205 0
1198000 60879901
1198005 0
1284400 79077832
1284405 0
1306000 48576383
1306005 0
1370800 294648376
1370805 0
1392400 296678458
1392405 0
1414000 98892820
1414005 0
1543660 164236787
1543665 0
1630060 62903535
1630065 0
1651660 107834631
1651665 0
1910860 75634496
1910865 0
1932460 54224800
1932465 0
1954060 63262266
1954065 0
1975660 64391949
1975665 0
2035302 30501450
2035307 0
2126860 48936228
2126865 0
2321260 299009561
2321265 0
2321370 4498234
2321372 3748528
2321375 0
2321395 4815876
2321409 0
2342860 74179864
2342865 0
2364460 283378476
2364465 0
2430460 384982799
2430465 0
2515660 110156519
2515665 0
2558860 113081558
2558865 0
0 events for H

320 events for I
6218 12910592
6219 0
15698 12910592
15699 0
22898 12910592
22899 0
35498 12910592
35499 0
40898 12910592
40899 0
49298 12910592
49299 0
57098 12910592
57099 0
60698 12910592
60699 0
71498 12910592
71499 0
76898 12910592
76899 0
87698 12910592
87699 0
94898 12910592
94899 0
104080 12910592
104081 0
112838 12910592
112839 0
124810 12910592
124811 0
131198 12910592
131199 0
143498 12910592
143499 0
148898 12910592
148899 0
159242 12910592
159243 0
164885 12910592
164886 0
170530 12910592
170531 0
174098 12910592
174099 0
181276 12910592
181277 0
188719 12910592
188720 0
198698 12910592
198699 0
204098 12910592
204099 0
240998 12910592
240999 0
283898 12910592
283899 0
291443 12910592
291444 0
298941 12910592
298942 0
309098 12910592
309099 0
313899 12910592
313900 0
320969 12910592
320970 0
328576 12910592
328577 0
336100 12910592
336101 0
345098 12910592
345099 0
353498 12910592
353499 0
359500 12910592
359501 0
368498 12910592
368499 0
379898 12910592
379899 0
387698 12910592
387699 0
397598 12910592
397599 0
406778 12910592
406779 0
420038 12910592
420039 0
427898 12910592
427899 0
433300 12910592
433301 0
440498 12910592
440499 0
456460 12910592
456461 0
462398 12910592
462399 0
469778 12910592
469779 0
475478 12910592
475479 0
482318 12910592
482319 0
500738 12910592
500739 0
505787 12910592
505788 0
510698 12910592
510699 0
516220 12910592
516221 0
528698 12910592
528699 0
537100 12910592
537101 0
548498 12910592
548499 0
555698 12910592
555699 0
566498 12910592
566499 0
572798 12910592
572799 0
578545 12910592
578546 0
585990 12910592
585991 0
592898 12910592
592899 0
602499 12910592
602500 0
609698 12910592
609699 0
624099 12910592
624100 0
638498 12910592
638499 0
645698 12910592
645699 0
652898 12910592
652899 0
659498 12910592
659499 0
665498 12910592
665499 0
673093 12910592
673094 0
678737 12910592
678738 0
690699 12910592
690700 0
699698 12910592
699699 0
710499 12910592
710500 0
717698 12910592
717699 0
730298 12910592
730299 0
735698 12910592
735699 0
744098 12910592
744099 0
748000 12910592
748001 0
751598 12910592
751599 0
766658 12910592
766659 0
770380 12910592
770381 0
782858 12910592
782859 0
786458 12910592
786459 0
802298 12910592
802299 0
809498 12910592
809499 0
818498 12910592
818499 0
825698 12910592
825699 0
854500 26897
854980 0
865300 26897
865780 0
962499 26897
962979 0
973300 26897
973780 0
994900 26897
995380 0
1011934 26897
1012414 0
1021299 26897
1021779 0
1032378 26897
1032858 0
1050099 26897
1050579 0
1106499 26897
1106979 0
1118500 26897
1118980 0
1141348 26897
1141828 0
1183300 26897
1183780 0
1204900 26897
1205380 0
1285600 26897
1286080 0
1305700 26897
1306180 0
1495300 26897
1495780 0
1516900 26897
1517380 0
1629100 26897
1629580 0
1650100 26897
1650580 0
1755700 26897
1756180 0
1773700 26897
1774180 0
1868800 26897
1869280 0
1896760 26897
1897240 0
1918126 26897
1918606 0
1983641 26897
1984121 0
2098022 26897
2098502 0
2100699 26897
2101179 0
2106099 26897
2106579 0
2109699 26897
2110179 0
2120030 26897
2120510 0
2124163 26897
2124643 0
2127763 26897
2128243 0
2130999 26897
2131479 0
2176301 26897
2176781 0
2181099 26897
2181579 0
2186259 26897
2186739 0
2194299 26897
2194779 0
2198981 26897
2199461 0
2203637 26897
2204117 0
2209269 26897
2209749 0
2214698 26897
2215178 0
2217699 26897
2218179 0
2267287 26897
2267767 0
2272899 26897
2273379 0
2278792 26897
2279272 0
2283699 26897
2284179 0
2289647 26897
2290127 0
2297199 26897
2297679 0
2327499 26897
2327979 0
2334700 26897
2335180 0
2343099 26897
2343579 0
2347899 26897
2348379 0
2356900 26897
2357380 0
2367819 26897
2368299 0
2382699 26897
2383179 0
2387498 26897
2387978 0
2392552 26897
2393032 0
2422421 26897
2422901 0
2425299 26897
2425779 0
2431312 26897
2431792 0
2436712 26897
2437192 0
2442114 26897
2442594 0
2452908 26897
2453388 0
2461694 26897
2462174 0
2469446 26897
2469926 0
2475701 26897
2476181 0
2479806 26897
2480286 0
71 events for J
257083 67429102
257088 0
602683 42866846
602688 0
624283 36098616
624288 0
753883 15230225
753888 0
775483 42774218
775488 0
797083 51729687
797088 0
816989 67442760
816994 0
877136 51185344
877141 0
941936 36088368
941941 0
985136 46317017
985141 0
1049936 62132584
1049941 0
1136336 55765577
1136341 0
1201136 60879901
1201141 0
1287536 79077832
1287541 0
1309136 48576383
1309141 0
1373936 294648376
1373941 0
1395536 296678458
1395541 0
1417136 98892820
1417141 0
1546796 164236787
1546801 0
1633196 62903535
1633201 0
1654796 107834631
1654801 0
1913996 75634496
1914001 0
1935596 54224800
1935601 0
1957196 63262266
1957201 0
1978796 64391949
1978801 0
2038438 30501450
2038443 0
2129996 48936228
2130001 0
2324396 299009561
2324401 0
2324506 4498234
2324508 3748528
2324511 0
2324531 4815876
2324545 0
2345996 74179864
2346001 0
2367596 283378476
2367601 0
2433596 384982799
2433601 0
2518796 110156519
2518801 0
2561996 113081558
2562001 0
404 events for K
275087 19661
275177 25951
276938 6290
277727 25951
279578 6290
280118 0
283427 19661
283517 25951
285278 6290
286067 25951
287918 6290
288887 25951
290738 6290
291467 25951
293318 6290
294287 25951
296138 6290
296867 25951
298718 6290
299258 0
304007 19661
304097 25951
305858 6290
305987 25951
307838 6290
308207 25951
310058 6290
310187 25951
312038 6290
312407 25951
314258 6290
314387 25951
316233 6290
316238 0
320318 117965
320408 124709
321869 6744
336569 0
340933 117965
341023 124709
342484 6744
355264 0
357347 117965
357437 124709
358898 6744
371678 0
507347 19661
507437 25951
509198 6290
509327 25951
511178 6290
511547 25951
513398 6290
513527 25951
515378 6290
515747 25951
517598 6290
517727 25951
519573 6290
519578 0
525527 19661
525617 25951
526478 6290
526607 25951
527558 6290
527927 25951
528878 6290
529127 25951
530078 6290
530327 25951
531278 6290
531407 25951
532358 6290
532363 0
534047 117965
534137 124709
535658 6744
537663 0
537707 117965
539318 6744
539378 0
541515 117965
541605 124709
543126 6744
546931 0
546975 117965
548586 6744
554046 0
561805 117965
561895 124709
563416 6744
565421 0
565465 117965
567076 6744
572236 0
577984 6290
588745 0
598274 6290
609035 0
616606 6290
620167 0
858047 58982
860798 7514
864312 0
871461 58982
871551 66496
872892 7514
873201 66496
874632 7514
874881 66496
876312 7514
876561 66496
877992 7514
878241 66496
879672 7514
879682 0
924583 58982
924673 66496
926014 7514
926443 66496
927874 7514
928243 66496
929674 7514
930043 66496
931474 7514
931843 66496
933274 7514
933643 66496
935074 7514
935443 66496
936874 7514
937243 66496
938674 7514
939043 66496
940474 7514
940904 0
945090 58982
945180 66496
946521 7514
946950 66496
948381 7514
948750 66496
950181 7514
950550 66496
951981 7514
952350 66496
953781 7514
954150 66496
955581 7514
955950 66496
957381 7514
957750 66496
959181 7514
959311 0
961397 58982
961487 66496
962948 7514
963017 66496
964568 7514
964637 66496
966068 7514
966073 0
1009337 7514
1014518 0
1020308 7514
1032929 0
1035116 7514
1051337 0
1130087 58982
1130177 66496
1131518 7514
1131947 66496
1133378 7514
1133738 0
1134047 58982
1134137 66496
1135478 7514
1135727 66496
1137158 7514
1137467 66496
1138898 7514
1138903 0
1225247 58982
1225337 66496
1226678 7514
1226747 66496
1228178 7514
1228247 66496
1229678 7514
1229747 66496
1231178 7514
1231247 66496
1232678 7514
1232747 66496
1234178 7514
1234538 0
1238732 58982
1238822 66496
1240163 7514
1240592 66496
1242023 7514
1242392 66496
1243823 7514
1244192 58982
1245623 7514
1245992 66496
1247423 7514
1247792 58982
1249223 7514
1249592 66496
1251023 7514
1251212 66496
1252643 7514
1252648 0
1254745 58982
1254835 66496
1256176 7514
1256425 66496
1257856 7514
1258105 66496
1259536 7514
1259785 66496
1261216 7514
1261465 66496
1262896 7514
1263145 66496
1264576 7514
1264825 66496
1266256 7514
1266505 66496
1267936 7514
1268481 0
1458197 7514
1469163 0
1476407 58982
1476497 66496
1477218 7514
1477307 66496
1478118 7514
1478447 66496
1479258 7514
1479347 66496
1480158 7514
1480487 66496
1481298 7514
1481387 66496
1482198 7514
1482707 66496
1483518 7514
1483607 66496
1484418 7514
1484747 66496
1485558 7514
1485647 66496
1486458 7514
1486787 66496
1487598 7514
1487687 66496
1488498 7514
1488503 0
1492607 58982
1492697 65726
1497818 6744
1503467 65726
1508678 6744
1508798 0
1513076 58982
1513166 65726
1518287 6744
1520336 65726
1525547 6744
1525718 0
1527698 169032
1529018 45609
1529683 0
1714658 58982
1714748 66496
1716089 7514
1718318 66496
1719749 7514
1721918 66496
1723349 7514
1725518 66496
1726949 7514
1727318 66496
1728749 7514
1729109 0
1734868 58982
1734958 66496
1736299 7514
1736728 66496
1738159 7514
1738528 66496
1739959 7514
1740328 66496
1741759 7514
1742119 0
1743647 58982
1743737 65726
1746278 6744
1746347 65726
1748798 6744
1748803 0
1750879 58982
1750969 62354
1753510 3372
1754539 62354
1757170 3372
1758139 62354
1760770 3372
1761739 62354
1764370 3372
1766890 0
1771089 58982
1771179 62354
1773720 3372
1774749 62354
1777380 3372
1778349 62354
1780980 3372
1781949 62354
1784580 3372
1785000 0
1851931 58982
1852021 66496
1853362 7514
1853747 0
1853791 58982
1855222 7514
1855591 66496
1857022 7514
1857382 0
1859542 58982
1859632 66496
1860973 7514
1863202 66496
1864633 7514
1865002 66496
1866433 7514
1866802 66496
1868233 7514
1868602 66496
1870033 7514
1872202 66496
1873633 7514
1873993 0
1879752 58982
1879842 66496
1881183 7514
1883412 66496
1884843 7514
1885212 66496
1886643 7514
1887012 66496
1888443 7514
1890612 66496
1892043 7514
1892403 0
2062726 58982
2062816 65726
2064157 6744
2066386 65726
2067817 6744
2068186 65726
2069617 6744
2071786 65726
2073217 6744
2075386 65726
2076817 6744
2076912 0
2081061 58982
2081151 65726
2082432 6744
2082621 65726
2083992 6744
2084181 65726
2085552 6744
2085741 65726
2087112 6744
2087301 65726
2088672 6744
2088998 0
2117876 58982
2117965 248143
2118167 58982
2118326 65726
2119247 6744
2122616 65726
2123987 6744
2127296 65726
2128667 6744
2131727 0
2326847 235930
2326937 7514
2333978 6744
2335519 0
2339668 235930
2339758 242674
2346799 6744
2348340 0
2391990 7514
2392247 243444
2395898 7514
2407961 0
75 events for L
12998 1365
13718 2935
28118 1365
28298 2935
42698 0
399681 3276
414681 0
525177 665
525178 0
597935 665
597936 0
671833 3276
686833 0
842498 1979
843698 0
845498 1979
849098 1365
849818 1979
864218 1365
864398 1979
893198 1365
893918 1979
908318 1365
908498 1979
942098 1365
942818 1979
957218 1365
957398 1979
976598 0
1018469 4096
1026669 0
1310924 665
1340084 0
1476012 665
1505532 0
1549641 4096
1557841 0
1623269 4096
1631469 0
1706198 4096
1714398 0
1807061 4096
1815261 0
1879503 4096
1887703 0
1988166 4096
1996366 0
2324378 3754
2325098 0
2326898 3754
2330498 0
2337698 3754
2338418 0
2340218 3754
2343818 0
2359418 3754
2360138 0
2361938 3754
2365538 0
2373938 3754
2374658 0
2376458 3754
2380058 0
2437778 3754
2438498 0
2440298 3754
2443898 0
2483498 3754
2484218 0
2486018 3754
2489618 0
2530298 3754
2531018 0
2532818 3754
2536418 0
59 events for M
225488 0
226088 330
830288 0
845168 20
845348 0
847508 20
847688 0
847748 126
873668 0
874328 20
874508 0
876668 20
876848 0
876908 218
891968 0
892628 20
892808 0
894968 20
895148 0
895208 32
1032728 28
1033028 0
1033688 20
1033868 0
1036028 20
1036208 0
1036268 201
1063208 28
1063508 0
1063568 20
1063748 203
1089788 0
1102148 20
1102328 0
1104488 20
1104668 0
1104728 36
1123808 0
1124468 20
1124648 0
1126808 20
1126988 0
1127048 36
1146128 0
1146788 20
1146968 0
1149128 20
1149308 0
1149368 36
1178588 0
1374548 20
1374728 0
1376888 20
1377068 0
1377128 12
1435388 0
1435688 330
2039888 0
2040488 330
208 events for N
22991 240
31990 344
60791 240
66190 344
91390 1267
98580 1471
112991 444
123790 548
130990 1471
141801 1409
142101 1471
145401 3662
145423 4944
152591 3917
159790 4944
188591 3917
188601 1727
195790 2754
210223 1471
225791 444
228201 2635
238990 3662
260591 2635
267790 3662
274980 3458
296591 2431
305590 2534
336191 2431
343390 2534
372191 2431
379390 3458
400980 3662
408191 2635
415390 3662
445991 2635
454990 3662
484991 2635
487380 2431
498190 2534
521591 2431
526990 2534
555791 2431
562990 2534
591791 2431
598990 2534
629591 2431
636790 2534
638601 344
667391 240
674590 344
717791 240
728590 344
755591 240
764590 344
791591 240
800590 344
830591 240
830868 0
830869 240
832980 444
833961 382
834261 444
843790 548
865391 444
872590 548
903191 444
910390 548
919412 798
939191 695
946390 1722
966223 3004
976991 1977
982390 3004
1005812 2754
1012991 1727
1020190 2754
1050791 1727
1055841 1664
1056141 3917
1056190 4944
1089491 3917
1092141 1727
1106590 2754
1125491 1727
1131790 2754
1139023 1471
1160591 444
1167790 548
1198391 444
1203790 1471
1214241 1409
1214541 3662
1225423 4944
1232591 3917
1239790 4944
1264941 2754
1268591 1727
1275790 2754
1304591 1727
1311790 2754
1340591 1727
1347790 2754
1352961 2691
1353261 2754
1355023 1471
1362190 548
1378391 444
1385590 548
1414391 444
1419790 548
1435091 444
1448590 548
1470191 444
1477390 548
1507991 444
1513390 1471
1524180 1267
1524201 1205
1524501 3458
1527823 4740
1545791 3713
1551190 3817
1581791 3713
1583601 1523
1590790 1626
1610580 1830
1619591 1727
1624990 1830
1632212 2081
1635823 798
1653791 695
1657423 1977
1660990 3004
1678990 2081
1679023 798
1694291 695
1697001 632
1697012 382
1697301 444
1709590 548
1729391 444
1736590 548
1765391 444
1772590 548
1801391 444
1808590 548
1837391 444
1844590 548
1869801 485
1870101 548
1875191 444
1880590 548
1909391 444
1918390 548
1947191 444
1954390 548
1983191 444
1988590 548
2019191 444
2024623 1727
2026390 2754
2038991 1727
2042601 1664
2042901 1727
2046223 444
2053390 1471
2074991 444
2082190 1471
2112791 444
2118190 1471
2148791 444
2155990 1471
2186591 444
2191990 1471
2224391 444
2229790 1471
2258591 444
2265790 548
2299091 444
2301441 382
2301741 2635
2301812 2885
2305423 4168
2312590 5195
2334191 4168
2341390 5195
2370191 4168
2377390 5195
2388212 4944
2407991 3917
2413390 4944
2443991 3917
2449390 4944
2453061 2754
2479991 1727
2485390 2754
2496212 3004
2515991 1977
2521390 3004
2557391 1977
2560941 1915
2561012 1664
2561241 3917
2566941 1727
2571790 2754
2586223 1471
2588891 444
2593390 1471
