14 instruments
A 10 100 37632 50328700
B 10 100 0 888000000
C 10 100 2665037.1650940888 921958803.05957663
D 10 100 2419.0747377101388 662193255.831689
E 10 100 5910082.7758317869 3030989320.3134623
F 10 100 1991925.5289842244 689098561.3783263
G 10 100 1538660356.7547786 4054547831.9712734
H 10 100 23264.147255000564 168504461.78361657
I 10 100 0.00017956089109901502 925410610.77784157
J 10 100 192158478.34180248 847760826.1096437
K 10 100 0 275897579.9041419
L 10 100 20805.899747385713 886615046.05336845
M 10 100 1801610371.8348846 4747451505.5334387
N 10 100 0 320000000
100 downlinks
0 4798 53082 56661.696495999997
1 53083 65378 56748.807657999998
2 69583 81788 58852.465277000003
3 101982 128282 17334.486729
4 134983 177358 60764.045818999999
5 177359 224775 24005.080918
6 232481 236678 18969.341575999999
7 242081 263441 18036.499982000001
8 286480 298552 52719.905522000001
9 307554 338163 54389.954824
10 362078 373852 17991.02982
11 393839 435558 61717.871531999997
12 436206 481755 24930.695499000001
13 500677 524316 22398.438724
14 539312 567759 17244.778962
15 570575 582913 18220.925300999999
16 599675 611235 58678.576760000004
17 614434 654273 58555.537063999996
18 654274 669159 18992.23504
19 686974 723495 13796.402593000001
20 738990 777271 59962.626314000001
21 777272 783181 23204.996364999999
22 800612 823747 60314.874481999999
23 826171 842579 18020.649063000001
24 884912 912352 17416.188300000002
25 938369 958655 17116.766715000002
26 959367 965865 60234.572946
27 969867 989960 16963.427941999998
28 997858 1040196 60809.052052999999
29 1040197 1065276 23716.228502000002
30 1065865 1073367 18029.108412000001
31 1077025 1080105 60100.563959999999
32 1144112 1170537 17729.224104000001
33 1203863 1215945 17589.138943000002
34 1218621 1250960 58302.529763999999
35 1250961 1268405 18080.346756999999
36 1276761 1304397 55874.873438000002
37 1310359 1333585 60291.091052000003
38 1343024 1385346 60832.041154999999
39 1385347 1423456 24945.773354000001
40 1423457 1447270 18650.039686
41 1489712 1515327 17801.393711000001
42 1515760 1518903 18241.361444999999
43 1535354 1558187 24067.369501000001
44 1559352 1583335 56712.888793999999
45 1609452 1618307 58370.132263
46 1621823 1642663 58005.525035999999
47 1644214 1682049 24930.123806
48 1682050 1703223 16739.689300999999
49 1748912 1773479 18181.419744999999
50 1795447 1821063 18610.315675999998
51 1822505 1860893 59847.283359000001
52 1862345 1878420 18063.419893999999
53 1883045 1907850 18186.627066000001
54 1908902 1924749 56843.492619999997
55 1947082 1980541 9175.5815739999998
56 1980542 1992031 9288.5908459999991
57 1995299 2033298 29976.478185
58 2035439 2052476 8340.6453669999992
59 2061839 2072142 28164.287346000001
60 2094512 2117095 9615.6592349999992
61 2139237 2167733 8936.4976299999998
62 2167734 2171557 29078.912095
63 2187234 2194681 8738.7729049999998
64 2212862 2248251 9283.3064869999998
65 2248252 2294030 9136.56639
66 2294031 2310438 8867.2325060000003
67 2325865 2330271 30843.021497000002
68 2353712 2370481 8651.5363890000008
69 2372028 2394935 8598.6086899999991
70 2397828 2426324 28620.571626000001
71 2426325 2437245 29488.2804
72 2440485 2462885 29574.456625999999
73 2468925 2482262 8990.2936559999998
74 2484825 2513707 27889.095755999999
75 2515722 2525851 27279.489213000001
76 2528702 2531927 29339.122920000002
77 2538222 2547048 30467.823106
78 2556522 2568072 9273.8508989999991
79 2571327 2592563 28091.132868000001
80 2593425 2637464 9462.077765
81 2637465 2652798 8739.387213
82 2693312 2708216 27177.101999999999
83 2723765 2747874 28867.988366000001
84 2748815 2771343 8757.0573490000006
85 2810066 2852314 30482.278361000001
86 2852315 2889208 9337.789702
87 2889209 2917670 8515.7706749999998
88 2958512 2973395 8900.7025030000004
89 2975605 3001394 8778.3355150000007
90 3001405 3029777 29886.497736000001
91 3032302 3059543 29243.536622
92 3060262 3064475 26517.245249
93 3068971 3083243 8834.4018649999998
94 3102502 3113877 9457.9623840000004
95 3125898 3145794 28164.872808
96 3155273 3197502 30503.298975000002
97 3197503 3219918 8691.2845450000004
98 3220394 3230389 8525.9525360000007
99 3233054 3236807 28086.786929000002
0 opportunities for A
0 opportunities for B
0 opportunities for C
0 opportunities for D
0 opportunities for E
0 opportunities for F
0 opportunities for G
0 opportunities for H
0 opportunities for I
0 opportunities for J
0 opportunities for K
0 opportunities for L
0 opportunities for M
0 opportunities for N
4 events for A
865112 0
865113 18
3284312 0
3284313 18
32 events for B
208634 10000000
208635 0
250563 10000000
250564 0
293211 10000000
293212 0
336129 10000000
336130 0
379107 10000000
379108 0
421964 10000000
421965 0
464494 10000000
464495 0
506479 10000000
506480 0
547972 10000000
547973 0
589622 10000000
589623 0
632079 10000000
632080 0
675380 10000000
675381 0
719295 10000000
719296 0
763651 10000000
763652 0
808388 10000000
808389 0
853610 10000000
853611 0
29 events for C
263330 0
280850 1370
522530 0
540050 1370
868130 0
885830 600
886010 1300
1125890 600
1126090 0
1145030 600
1145210 1300
1472374 700
1472419 0
1490630 600
1490870 1300
1731690 700
1731735 0
1749830 600
1750070 1300
2077030 700
2077075 0
2095250 1300
2337049 0
2354450 1300
2682649 0
2694050 1300
2941849 0
2959250 1300
3287449 0
103 events for D
28683 0
55976 3276
70976 0
71036 873
99836 0
144918 3276
159918 0
159978 873
188778 0
216071 3276
231071 0
231131 873
259931 0
399761 3276
414761 0
414821 873
443621 0
562286 873
591086 0
635044 873
663844 0
783689 3276
798689 0
798749 873
827549 0
885307 4096
893507 0
982593 4096
990793 0
1056650 4096
1064850 0
1144507 4096
1152707 0
1167086 665
1196246 0
1239844 4096
1248044 0
1312602 4096
1320802 0
1403549 4096
1411749 0
1490107 4096
1498307 0
1587393 4096
1595593 0
1661450 4096
1669650 0
1749307 4096
1757507 0
1771886 665
1801046 0
1844644 4096
1852844 0
1917402 4096
1925602 0
2008349 4096
2016549 0
2094907 1365
2095087 0
2096887 1365
2097427 3481
2116627 1365
2117347 3481
2136547 1365
2137267 3481
2156193 0
2192193 873
2220993 0
2266250 873
2295050 0
2354107 873
2382907 0
2449444 3481
2463844 0
2463859 2252
2467459 0
2467474 2252
2471074 0
2471089 2252
2474689 0
2474704 2252
2478304 0
2511847 3276
2526847 0
2613149 873
2641949 0
2693707 1365
2693887 0
2695687 1365
2696227 3481
2715427 0
2796993 873
2825793 0
2871050 873
2899850 0
2958907 1365
2959627 3481
2978827 0
3039184 3276
3054184 0
3289207 1979
3290407 0
3292207 1979
4 events for E
866749 0
866750 2650
3285949 0
3285950 2650
29 events for F
263716 0
281236 1370
522916 0
540436 1370
868516 0
886216 600
886396 1300
1126276 600
1126476 0
1145416 600
1145596 1300
1472760 700
1472805 0
1491016 600
1491256 1300
1732076 700
1732121 0
1750216 600
1750456 1300
2077416 700
2077461 0
2095636 1300
2337435 0
2354836 1300
2683035 0
2694436 1300
2942235 0
2959636 1300
3287835 0
426 events for G
1690 0
8934 117965
9024 125479
9765 7514
10794 125479
11565 7514
12585 0
16999 117965
17089 119538
17830 1573
18859 119538
19630 1573
20659 119538
21430 1573
22459 119538
23230 1573
24259 119538
25030 1573
30250 0
34787 117965
34877 119538
35618 1573
36647 119538
37418 1573
38447 119538
39218 1573
40247 119538
41018 7514
42047 119538
42818 1573
48038 0
50475 117965
50565 125479
51306 7514
51726 0
289674 117965
289824 125479
290445 7514
290874 125479
291645 7514
292074 125479
292845 7514
293454 125479
294225 7514
298485 0
303063 117965
303153 125479
303894 7514
304323 125479
305094 7514
305523 125479
306294 7514
306723 125479
307494 7514
310314 0
311334 117965
311424 124709
312165 6744
312594 124709
313365 6744
313794 124709
314565 6744
314994 124709
315765 6744
316785 0
319477 117965
319567 124709
320308 6744
320737 124709
321508 6744
321937 124709
322708 6744
323137 124709
323908 6744
324937 124709
325708 6744
326737 124709
327508 6744
328537 124709
329308 6744
335728 0
340091 117965
340181 124709
340922 6744
341351 124709
342122 6744
342551 124709
343322 6744
343751 124709
344522 6744
345551 124709
346322 6744
353942 0
356505 117965
356595 124709
357336 7514
357341 6744
357765 124709
358536 6744
358965 124709
359736 6744
360165 124709
360936 6744
361965 124709
362736 6744
363765 124709
364536 6744
372756 0
377120 117965
377210 124709
377951 6744
378380 124709
379151 6744
379580 124709
380351 6744
380780 124709
381551 6744
381980 124709
382751 6744
384380 124709
385151 6744
390971 0
393534 117965
393624 124709
394365 6744
394794 124709
395565 6744
395994 124709
396765 6744
397185 0
546774 117965
546924 119538
546945 1573
547974 119538
548745 1573
549174 119538
549945 1573
550554 119538
551325 1573
551754 119538
552525 1573
553014 119538
553785 1573
554214 119538
554985 1573
556185 0
561613 117965
561703 119538
562444 1573
562873 119538
563644 1573
564073 119538
564844 1573
565273 119538
566044 1573
566473 119538
567244 1573
570064 0
892584 14189
893265 58982
893364 7514
893650 0
893694 73171
895065 7514
900414 66496
901785 7514
902685 0
907863 58982
907953 66496
909294 7514
911523 66496
912894 7514
913323 66496
914694 7514
915114 0
915834 58982
915924 66496
917265 7514
917650 0
917694 58982
919065 7514
922185 0
924277 58982
924367 66496
925708 7514
926093 0
926137 58982
927508 7514
930928 0
931211 58982
931301 66496
932642 7514
933027 0
933071 58982
934442 7514
940742 0
944891 58982
944981 66496
946322 7514
950642 0
950934 58982
951024 66496
952365 7514
956685 0
1152624 7514
1162245 0
1166503 7514
1169644 0
1170024 7514
1175085 0
1283124 7514
1289565 0
1291728 179338
1291830 0
1293419 7514
1307770 0
1312019 7514
1325960 0
1496634 19661
1496724 27175
1497405 7514
1498074 27175
1498845 7514
1499094 27175
1499865 7514
1500534 27175
1501305 7514
1501554 27175
1502325 7514
1502994 27175
1503765 7514
1504014 27175
1504785 7514
1505454 27175
1506225 7514
1506474 27175
1507245 7514
1507485 0
1512774 19661
1512864 27175
1513425 7514
1513554 27175
1514205 7514
1514754 27175
1515345 7514
1515534 27175
1516185 7514
1516734 27175
1517385 7514
1517514 27175
1518165 7514
1518714 27175
1519365 7514
1519494 27175
1520145 7514
1520694 27175
1521345 7514
1521474 27175
1522125 7514
1522674 27175
1523325 7514
1523454 27175
1524105 7514
1524225 0
1755924 7514
1757994 66496
1759365 7514
1762554 66496
1763925 7514
1767045 0
1771213 58982
1771303 66496
1772584 7514
1775833 66496
1777204 7514
1777444 0
1777734 58982
1777824 66496
1779105 7514
1782354 66496
1783725 7514
1785225 0
1787302 58982
1787392 66496
1788673 7514
1791922 66496
1793293 7514
1797253 0
1797534 58982
1797624 66496
1798905 7514
1801854 66496
1803225 7514
1803405 0
1807592 58982
1807682 66496
1808963 7514
1810352 66496
1811723 7514
1812263 0
1812534 58982
1812624 66496
1813905 7514
1818894 66496
1820265 7514
1821585 0
1823681 117965
1823771 124709
1824632 6744
1825541 124709
1826432 6744
1827341 124709
1828232 6744
1829141 124709
1830032 6744
1830941 124709
1831832 6744
1832741 124709
1833632 6744
1834541 124709
1835432 6744
1839812 0
1843971 117965
1844061 124709
1844922 6744
1845831 124709
1846722 6744
1847631 124709
1848522 6744
1849431 124709
1850322 6744
1851231 124709
1852122 6744
1853031 124709
1853922 6744
1854831 124709
1855722 6744
1856631 124709
1857522 6744
1858002 0
1862160 117965
1862250 124709
1863111 6744
1864020 124709
1864911 6744
1865811 0
1880685 169032
1882005 45609
1883330 0
2059635 7514
2066796 0
2360454 117965
2360544 124709
2361345 6744
2361474 124709
2362180 6744
2362185 0
2363034 58982
2363124 66496
2364405 7514
2371845 0
2376013 58982
2376103 7514
2384644 0
2384934 117965
2385024 124709
2385885 6744
2389605 0
2392102 117965
2392192 124709
2393053 6744
2402953 0
2412392 117965
2412482 124709
2413343 6744
2423243 0
2703748 117965
2703838 124709
2704699 6744
2705608 124709
2706499 6744
2707408 124709
2708299 6744
2709208 124709
2710099 6744
2711008 124709
2711899 6744
2712808 124709
2713699 6744
2714599 0
2722263 117965
2722353 124709
2723214 6744
2724123 124709
2725014 6744
2725923 124709
2726814 6744
2727723 124709
2728614 6744
2729514 0
2907495 7514
2921136 0
2923310 7514
2938751 0
3227034 58982
3227124 66496
3228405 6744
3228894 66496
3230265 6744
3230685 0
3233366 58982
3233456 66496
3234737 6744
3235226 66496
3236597 6744
3237026 66496
3238397 6744
3247817 0
3253655 58982
3253745 66496
3255026 6744
3255515 66496
3256886 6744
3257315 66496
3258686 6744
3264506 0
242 events for H
2081 906
13690 0
18070 906
31478 0
37658 906
49266 0
52425 906
67054 0
73234 906
84843 0
87123 906
95625 0
97005 593
101635 0
108511 593
112355 0
114045 593
119935 0
123645 593
127595 0
129405 593
135886 0
141195 1500
147215 0
148515 1500
154535 0
164805 215
176225 0
233329 906
244337 0
249525 906
257925 0
284805 906
299754 0
305934 906
318268 0
319768 906
336782 0
379991 906
392325 0
393825 906
410539 0
468962 906
484725 0
491376 906
498525 0
500265 906
502811 0
504911 906
520425 0
571605 906
572385 0
579073 906
594683 0
600863 906
612872 0
658005 906
658785 0
710000 906
722009 0
724289 906
741144 0
820005 906
820785 0
889605 906
903525 0
910734 906
941582 0
947762 906
959925 0
962376 906
978611 0
984791 906
997125 0
998625 906
1003125 0
1049205 906
1050255 0
1146705 906
1163104 0
1169284 906
1175925 0
1176945 906
1180965 0
1183445 906
1199445 0
1205663 906
1217372 0
1219952 906
1235622 0
1242042 906
1253691 0
1257651 906
1271821 0
1322591 906
1323621 0
1406426 906
1407166 0
1442116 1500
1447295 0
1452795 479
1454035 0
1455515 479
1457625 1500
1463605 0
1469265 479
1471325 0
1493365 906
1508507 0
1515825 906
1525255 0
1530448 906
1546082 0
1552562 906
1564596 0
1567476 906
1583411 0
1589591 906
1601625 0
1604505 906
1620139 0
1626105 1087
1628815 0
1629319 215
1640739 0
1700665 1600
1710850 0
1715805 906
1716705 1500
1723188 0
1724255 1500
1727155 0
1751505 906
1767904 0
1774084 906
1786093 0
1787593 906
1804283 0
1810463 906
1822472 0
1848152 906
1848892 0
1929152 906
1929902 0
2047086 593
2057775 0
2060615 906
2061365 593
2074205 0
2098165 906
2113125 0
2120334 906
2132668 0
2134948 906
2151182 0
2157362 906
2169696 0
2171976 906
2188211 0
2194391 906
2206725 0
2209765 906
2225404 0
2231419 906
2243754 0
2246034 906
2261454 0
2268448 906
2280782 0
2282322 906
2299296 0
2305476 906
2317211 0
2319791 906
2334825 0
2356305 906
2372704 0
2378884 906
2390445 0
2392433 906
2408833 0
2415263 906
2427143 0
2429552 906
2445462 0
2451642 906
2463651 0
2467291 906
2481841 0
2488021 906
2500030 0
2502310 906
2515725 0
2529105 906
2536409 0
2538689 906
2554179 0
2556259 906
2572608 0
2578968 906
2590858 0
2593378 906
2601225 0
2651726 1714
2663136 0
2664676 906
2665416 1714
2680425 0
2697705 1714
2700439 0
2700619 215
2712095 0
2715919 1714
2718954 0
2742125 1500
2748140 0
2762315 1500
2768325 0
2800365 906
2801115 0
2910276 906
2922011 0
2923551 906
2939625 0
2961105 906
2977504 0
2983684 906
2990645 0
3034472 906
3049962 0
3057225 906
3063545 0
3151944 906
3159399 0
3160939 906
3177588 0
3183828 906
3195778 0
3233697 906
3250346 0
3256526 906
3267936 0
470 events for I
6678 12910592
6679 0
18918 1089536
18919 0
27983 12910592
27984 0
38178 12910592
38179 0
47783 12910592
47784 0
56778 12910592
56779 0
65778 1089536
65779 0
75078 12910592
75079 0
83478 1089536
83479 0
90978 12910592
90979 0
94883 12910592
94884 0
233903 12910592
233904 0
236778 1089536
236779 0
240378 12910592
240379 0
244158 12910592
244159 0
251178 1089536
251179 0
254483 12910592
254484 0
257778 12910592
257779 0
285378 12910592
285379 0
292458 1089536
292459 0
299598 12910592
299599 0
306503 12910592
306504 0
311778 1089536
311779 0
318078 12910592
318079 0
321378 12910592
321379 0
326783 12910592
326784 0
332178 1089536
332179 0
336618 12910592
336619 0
380538 12910592
380539 0
384378 1089536
384379 0
387983 12910592
387984 0
392178 1089536
392179 0
395478 12910592
395479 0
398178 12910592
398179 0
404178 1089536
404179 0
407003 12910592
407004 0
469823 12910592
469824 0
474378 12910592
474379 0
479478 1089536
479479 0
483978 12910592
483979 0
492203 12910592
492204 0
506538 12910592
506539 0
510378 1089536
510379 0
513978 12910592
513979 0
517578 1089536
517579 0
520278 12910592
520279 0
579618 12910592
579619 0
583583 12910592
583584 0
587178 1089536
587179 0
590778 12910592
590779 0
594498 1089536
594499 0
601398 12910592
601399 0
605003 12910592
605004 0
608598 1089536
608599 0
612678 12910592
612679 0
710538 12910592
710539 0
714143 12910592
714144 0
717738 1089536
717739 0
721818 12910592
721819 0
725118 1089536
725119 0
728718 12910592
728719 0
732318 1089536
732319 0
735923 12910592
735924 0
739998 12910592
739999 0
891083 12910592
891084 0
895728 12910592
895729 0
903378 12910592
903379 0
911312 12910592
911313 0
922771 12910592
922772 0
941435 12910592
941436 0
948335 12910592
948336 0
950816 12910592
950817 0
954978 12910592
954979 0
958579 12910592
958580 0
963254 12910592
963255 0
970856 12910592
970857 0
978464 12910592
978465 0
985596 12910592
985597 0
992778 12910592
992779 0
1002978 12910592
1002979 0
1147278 12910592
1147279 0
1155117 12910592
1155118 0
1169857 12910592
1169858 0
1175483 12910592
1175484 0
1184746 12910592
1184747 0
1192041 12910592
1192042 0
1197683 12910592
1197684 0
1208778 12910592
1208779 0
1216579 12910592
1216580 0
1220825 12910592
1220826 0
1224550 12910592
1224551 0
1228150 12910592
1228151 0
1235475 12910592
1235476 0
1243040 12910592
1243041 0
1251984 12910592
1251985 0
1259484 12910592
1259485 0
1265663 12910592
1265664 0
1271674 12910592
1271675 0
1495608 12910592
1495609 0
1507578 12910592
1507579 0
1516107 12910592
1516108 0
1521057 12910592
1521058 0
1523183 12910592
1523184 0
1531321 12910592
1531322 0
1539378 12910592
1539379 0
1544663 12910592
1544664 0
1554378 12910592
1554379 0
1560977 12910592
1560978 0
1562179 12910592
1562180 0
1568354 12910592
1568355 0
1575078 12910592
1575079 0
1583264 12910592
1583265 0
1590169 12910592
1590170 0
1595821 12910592
1595822 0
1601478 12910592
1601479 0
1612685 12910592
1612686 0
1619992 12910592
1619993 0
1752083 12910592
1752084 0
1763517 12910592
1763518 0
1774662 12910592
1774663 0
1785946 12910592
1785947 0
1789246 12910592
1789247 0
1796691 12910592
1796692 0
1804136 12910592
1804137 0
1811178 12910592
1811179 0
1817178 12910592
1817179 0
1822283 12910592
1822284 0
2099778 12910592
2099779 0
2110578 12910592
2110579 0
2120912 12910592
2120913 0
2125578 12910592
2125579 0
2136138 12910592
2136139 0
2142383 12910592
2142384 0
2149578 12910592
2149579 0
2158578 12910592
2158579 0
2165777 12910592
2165778 0
2168264 12910592
2168265 0
2177178 12910592
2177179 0
2187978 12910592
2187979 0
2195178 12910592
2195179 0
2205078 12910592
2205079 0
2231783 12910592
2231784 0
2243607 12910592
2243608 0
2252182 12910592
2252183 0
2257343 12910592
2257344 0
2269021 12910592
2269022 0
2274828 12910592
2274829 0
2283935 12910592
2283936 0
2291542 12910592
2291543 0
2311561 12910592
2311562 0
2317064 12910592
2317065 0
2324821 12910592
2324822 0
2334683 12910592
2334684 0
2356878 12910592
2356879 0
2365278 12910592
2365279 0
2379457 12910592
2379458 0
2390298 12910592
2390299 0
2394051 12910592
2394052 0
2408686 12910592
2408687 0
2416811 12910592
2416812 0
2424977 12910592
2424978 0
2430378 12910592
2430379 0
2440578 12910592
2440579 0
2457864 12910592
2457865 0
2469419 12910592
2469420 0
2479583 12910592
2479584 0
2489178 12910592
2489179 0
2497578 12910592
2497579 0
2504820 12910592
2504821 0
2508378 12910592
2508379 0
2515279 12910592
2515280 0
2529378 12910592
2529379 0
2535730 12910592
2535731 0
2540797 12910592
2540798 0
2547978 12910592
2547979 0
2552797 12910592
2552798 0
2568863 12910592
2568864 0
2579958 12910592
2579959 0
2590043 12910592
2590044 0
2594898 12910592
2594899 0
2598978 12910592
2598979 0
2601438 12910592
2601439 0
2652378 12910592
2652379 0
2657649 12910592
2657650 0
2662989 12910592
2662990 0
2666289 12910592
2666290 0
2673283 12910592
2673284 0
2680283 12910592
2680284 0
2698583 12910592
2698584 0
2700378 12910592
2700379 0
2716578 12910592
2716579 0
2718863 12910592
2718864 0
2910854 12910592
2910855 0
2913849 12910592
2913850 0
2916356 12910592
2916357 0
2918864 12910592
2918865 0
2921864 12910592
2921865 0
2925164 12910592
2925165 0
2928164 12910592
2928165 0
2932326 12910592
2932327 0
2936478 12910592
2936479 0
2939478 12910592
2939479 0
2961983 12910592
2961984 0
2963778 12910592
2963779 0
2965578 12910592
2965579 0
2969178 12910592
2969179 0
2972778 12910592
2972779 0
2976978 12910592
2976979 0
2984183 12910592
2984184 0
2986578 12910592
2986579 0
2989578 12910592
2989579 0
3035345 12910592
3035346 0
3037043 12910592
3037044 0
3042580 12910592
3042581 0
3046815 12910592
3046816 0
3049815 12910592
3049816 0
3058278 12910592
3058279 0
3061583 12910592
3061584 0
3152778 12910592
3152779 0
3159078 12910592
3159079 0
3162678 12910592
3162679 0
3166278 12910592
3166279 0
3169878 12910592
3169879 0
3173537 12910592
3173538 0
3177432 12910592
3177433 0
3184578 12910592
3184579 0
3195323 12910592
3195324 0
3235315 12910592
3235316 0
3239178 12910592
3239179 0
3242778 12910592
3242779 0
3246378 12910592
3246379 0
3250199 12910592
3250200 0
3257104 12910592
3257105 0
3262578 12910592
3262579 0
3267378 12910592
3267379 0
235 events for J
27646 1727
34845 2754
63646 1727
70845 2754
99646 1727
106845 2754
151846 1727
160845 1830
187846 1727
196845 1830
223846 1727
223856 3917
232845 4021
243645 4944
245456 2754
259546 1727
281445 2754
295846 1727
303045 2754
331846 1727
339045 1830
371446 1727
378645 1830
407446 1727
414645 1830
443446 1727
450645 2754
481246 1727
488445 2754
520246 1727
522956 1664
523256 1727
526256 3917
538845 4944
556846 3917
562245 4944
589246 3917
591056 1727
600045 2754
612618 1471
628846 444
636045 1471
664846 444
672045 1471
700846 444
708045 1471
709856 3662
753046 2635
762045 2738
764647 2685
790846 2581
801645 3608
813847 3662
814256 1471
826846 444
834045 548
865846 444
866123 0
866124 444
868256 382
868556 444
884445 548
902446 444
907845 1471
915056 3662
915078 4944
936646 3917
947445 4944
951056 2754
958278 1471
967245 548
976246 444
983445 548
997627 798
1012246 695
1019445 798
1041067 548
1048246 444
1059045 1471
1087846 444
1095045 1471
1124746 444
1145445 1471
1159846 444
1167045 1471
1195846 444
1203045 1471
1213856 1409
1214156 1471
1231846 444
1240845 548
1264256 2738
1269646 2635
1276845 2738
1300256 548
1305646 444
1311045 548
1323646 444
1332645 548
1359646 444
1368645 548
1386656 485
1386956 2738
1395646 2635
1404645 3662
1411878 4944
1433446 3917
1440645 4944
1455023 5195
1470346 4168
1489245 5195
1498267 4944
1498278 3662
1501856 1471
1507246 444
1512645 1471
1523445 548
1543246 444
1552245 548
1563056 485
1563356 548
1581046 444
1588245 1471
1617046 444
1627845 548
1653046 444
1660245 548
1692646 444
1699845 548
1729846 444
1732256 382
1732556 444
1750245 548
1764646 444
1771845 548
1771856 2738
1800646 2635
1807845 3662
1836646 2635
1843845 2738
1851056 548
1851067 798
1874446 695
1883445 798
1905056 736
1905067 485
1905356 548
1910446 444
1915845 548
1928446 444
1937445 548
1964446 444
1973445 548
2000446 444
2009445 1471
2038246 444
2045445 548
2075446 444
2095845 548
2112046 444
2117445 548
2149846 444
2157045 548
2185846 444
2193045 548
2221846 444
2230845 548
2250956 485
2251256 548
2257846 444
2266845 548
2295646 444
2304645 548
2334646 444
2355045 548
2370646 444
2376645 548
2405446 444
2412645 548
2441446 444
2448645 548
2479846 444
2484645 548
2513446 444
2527845 548
2569246 444
2578245 548
2596256 2738
2605246 2635
2614245 2738
2616056 548
2643046 444
2650245 548
2680246 444
2682635 240
2693445 344
2697056 2534
2715046 2431
2715056 240
2722245 344
2752846 240
2761845 344
2790646 240
2797845 344
2826646 240
2837445 344
2862646 240
2871645 344
2900446 240
2907645 344
2939446 240
2959845 344
2974246 240
2981445 344
3010246 240
3017445 344
3046246 240
3057045 344
3084046 240
3089445 344
3120046 240
3125445 344
3174046 240
3183045 344
3201356 281
3201656 344
3211846 240
3219045 344
3247846 240
3255045 344
3285046 240
3285323 0
3285324 240
3288356 178
3288656 240
3 events for K
771763 90
782683 3500
806743 0
104 events for L
14360 4214960
14364 0
14790 4214960
14794 0
15530 4214960
15534 0
15960 4214960
15964 0
280795 4214960
280799 0
281225 4214960
281229 0
281965 4214960
281969 0
282395 4214960
282399 0
649921 4214960
649925 0
650351 4214960
650355 0
651091 4214960
651095 0
651521 4214960
651525 0
885595 4214960
885599 0
886025 4214960
886029 0
886765 4214960
886769 0
887195 4214960
887199 0
1254721 4214960
1254725 0
1255151 4214960
1255155 0
1255891 4214960
1255895 0
1256321 4214960
1256325 0
1490395 4214960
1490399 0
1490825 4214960
1490829 0
1491565 4214960
1491569 0
1491995 4214960
1491999 0
1859521 4214960
1859525 0
1859951 4214960
1859955 0
1860691 4214960
1860695 0
1861121 4214960
1861125 0
2095195 4214960
2095199 0
2095625 4214960
2095629 0
2096365 4214960
2096369 0
2096795 4214960
2096799 0
2464321 4214960
2464325 0
2464751 4214960
2464755 0
2465491 4214960
2465495 0
2465921 4214960
2465925 0
2516395 4214960
2516399 0
2516825 4214960
2516829 0
2517565 4214960
2517569 0
2517995 4214960
2517999 0
2701109 4214960
2701113 0
2701539 4214960
2701543 0
2702279 4214960
2702283 0
2702709 4214960
2702713 0
3069121 4214960
3069125 0
3069551 4214960
3069555 0
3070291 4214960
3070295 0
3070721 4214960
3070725 0
3140095 4214960
3140099 0
3140525 4214960
3140529 0
3141265 4214960
3141269 0
3141695 4214960
3141699 0
426 events for M
1256 0
8500 117965
8590 125479
9331 7514
10360 125479
11131 7514
12151 0
16565 117965
16655 119538
17396 1573
18425 119538
19196 1573
20225 119538
20996 1573
22025 119538
22796 1573
23825 119538
24596 1573
29816 0
34353 117965
34443 119538
35184 1573
36213 119538
36984 1573
38013 119538
38784 1573
39813 119538
40584 7514
41613 119538
42384 1573
47604 0
50041 117965
50131 125479
50872 7514
51292 0
289240 117965
289390 125479
290011 7514
290440 125479
291211 7514
291640 125479
292411 7514
293020 125479
293791 7514
298051 0
302629 117965
302719 125479
303460 7514
303889 125479
304660 7514
305089 125479
305860 7514
306289 125479
307060 7514
309880 0
310900 117965
310990 124709
311731 6744
312160 124709
312931 6744
313360 124709
314131 6744
314560 124709
315331 6744
316351 0
319043 117965
319133 124709
319874 6744
320303 124709
321074 6744
321503 124709
322274 6744
322703 124709
323474 6744
324503 124709
325274 6744
326303 124709
327074 6744
328103 124709
328874 6744
335294 0
339657 117965
339747 124709
340488 6744
340917 124709
341688 6744
342117 124709
342888 6744
343317 124709
344088 6744
345117 124709
345888 6744
353508 0
356071 117965
356161 124709
356902 7514
356907 6744
357331 124709
358102 6744
358531 124709
359302 6744
359731 124709
360502 6744
361531 124709
362302 6744
363331 124709
364102 6744
372322 0
376686 117965
376776 124709
377517 6744
377946 124709
378717 6744
379146 124709
379917 6744
380346 124709
381117 6744
381546 124709
382317 6744
383946 124709
384717 6744
390537 0
393100 117965
393190 124709
393931 6744
394360 124709
395131 6744
395560 124709
396331 6744
396751 0
546340 117965
546490 119538
546511 1573
547540 119538
548311 1573
548740 119538
549511 1573
550120 119538
550891 1573
551320 119538
552091 1573
552580 119538
553351 1573
553780 119538
554551 1573
555751 0
561179 117965
561269 119538
562010 1573
562439 119538
563210 1573
563639 119538
564410 1573
564839 119538
565610 1573
566039 119538
566810 1573
569630 0
892150 14189
892831 58982
892930 7514
893216 0
893260 73171
894631 7514
899980 66496
901351 7514
902251 0
907429 58982
907519 66496
908860 7514
911089 66496
912460 7514
912889 66496
914260 7514
914680 0
915400 58982
915490 66496
916831 7514
917216 0
917260 58982
918631 7514
921751 0
923843 58982
923933 66496
925274 7514
925659 0
925703 58982
927074 7514
930494 0
930777 58982
930867 66496
932208 7514
932593 0
932637 58982
934008 7514
940308 0
944457 58982
944547 66496
945888 7514
950208 0
950500 58982
950590 66496
951931 7514
956251 0
1152190 7514
1161811 0
1166069 7514
1169210 0
1169590 7514
1174651 0
1282690 7514
1289131 0
1291294 179338
1291396 0
1292985 7514
1307336 0
1311585 7514
1325526 0
1496200 19661
1496290 27175
1496971 7514
1497640 27175
1498411 7514
1498660 27175
1499431 7514
1500100 27175
1500871 7514
1501120 27175
1501891 7514
1502560 27175
1503331 7514
1503580 27175
1504351 7514
1505020 27175
1505791 7514
1506040 27175
1506811 7514
1507051 0
1512340 19661
1512430 27175
1512991 7514
1513120 27175
1513771 7514
1514320 27175
1514911 7514
1515100 27175
1515751 7514
1516300 27175
1516951 7514
1517080 27175
1517731 7514
1518280 27175
1518931 7514
1519060 27175
1519711 7514
1520260 27175
1520911 7514
1521040 27175
1521691 7514
1522240 27175
1522891 7514
1523020 27175
1523671 7514
1523791 0
1755490 7514
1757560 66496
1758931 7514
1762120 66496
1763491 7514
1766611 0
1770779 58982
1770869 66496
1772150 7514
1775399 66496
1776770 7514
1777010 0
1777300 58982
1777390 66496
1778671 7514
1781920 66496
1783291 7514
1784791 0
1786868 58982
1786958 66496
1788239 7514
1791488 66496
1792859 7514
1796819 0
1797100 58982
1797190 66496
1798471 7514
1801420 66496
1802791 7514
1802971 0
1807158 58982
1807248 66496
1808529 7514
1809918 66496
1811289 7514
1811829 0
1812100 58982
1812190 66496
1813471 7514
1818460 66496
1819831 7514
1821151 0
1823247 117965
1823337 124709
1824198 6744
1825107 124709
1825998 6744
1826907 124709
1827798 6744
1828707 124709
1829598 6744
1830507 124709
1831398 6744
1832307 124709
1833198 6744
1834107 124709
1834998 6744
1839378 0
1843537 117965
1843627 124709
1844488 6744
1845397 124709
1846288 6744
1847197 124709
1848088 6744
1848997 124709
1849888 6744
1850797 124709
1851688 6744
1852597 124709
1853488 6744
1854397 124709
1855288 6744
1856197 124709
1857088 6744
1857568 0
1861726 117965
1861816 124709
1862677 6744
1863586 124709
1864477 6744
1865377 0
1880251 169032
1881571 45609
1882896 0
2059201 7514
2066362 0
2360020 117965
2360110 124709
2360911 6744
2361040 124709
2361746 6744
2361751 0
2362600 58982
2362690 66496
2363971 7514
2371411 0
2375579 58982
2375669 7514
2384210 0
2384500 117965
2384590 124709
2385451 6744
2389171 0
2391668 117965
2391758 124709
2392619 6744
2402519 0
2411958 117965
2412048 124709
2412909 6744
2422809 0
2703314 117965
2703404 124709
2704265 6744
2705174 124709
2706065 6744
2706974 124709
2707865 6744
2708774 124709
2709665 6744
2710574 124709
2711465 6744
2712374 124709
2713265 6744
2714165 0
2721829 117965
2721919 124709
2722780 6744
2723689 124709
2724580 6744
2725489 124709
2726380 6744
2727289 124709
2728180 6744
2729080 0
2907061 7514
2920702 0
2922876 7514
2938317 0
3226600 58982
3226690 66496
3227971 6744
3228460 66496
3229831 6744
3230251 0
3232932 58982
3233022 66496
3234303 6744
3234792 66496
3236163 6744
3236592 66496
3237963 6744
3247383 0
3253221 58982
3253311 66496
3254592 6744
3255081 66496
3256452 6744
3256881 66496
3258252 6744
3264072 0
3 events for N
770732 90
781652 3500
805712 0
