14 instruments
A 10 100 0.00018444817663405244 950598422.35720563
B 10 100 0 296462475.07613176
C 10 100 1517960000 4000000000
D 10 100 154000 595557000
E 10 100 815344000 7516190000
F 10 100 1935.2198577632046 529743673.63920057
G 10 100 54084010.43300014 1720684275.4783733
H 10 100 20412.132877845776 869835207.86274612
I 10 100 141644.34804627756 547774564.8662138
J 10 100 1991925.5289842244 689098561.3783263
K 10 100 2022727.6804039259 699754440.78838515
L 10 100 8192 3200000000
M 10 100 40786.332763907049 54547276.407707497
N 10 100 0 320000000
140 downlinks
0 4798 53082 56661.696495999997
1 53083 65378 56748.807657999998
2 69583 81788 58852.465277000003
3 101982 128282 17334.486729
4 134983 177358 60764.045818999999
5 177359 224775 24005.080918
6 232481 236678 18969.341575999999
7 242081 263441 18036.499982000001
8 286480 298552 52719.905522000001
9 307554 338163 54389.954824
10 362078 373852 17991.02982
11 393839 435558 61717.871531999997
12 436206 481755 24930.695499000001
13 500677 524316 22398.438724
14 539312 567759 17244.778962
15 570575 582913 18220.925300999999
16 599675 611235 58678.576760000004
17 614434 654273 58555.537063999996
18 654274 669159 18992.23504
19 686974 723495 13796.402593000001
20 738990 777271 59962.626314000001
21 777272 783181 23204.996364999999
22 800612 823747 60314.874481999999
23 826171 842579 18020.649063000001
24 884912 912352 17416.188300000002
25 938369 958655 17116.766715000002
26 959367 965865 60234.572946
27 969867 989960 16963.427941999998
28 997858 1040196 60809.052052999999
29 1040197 1065276 23716.228502000002
30 1065865 1073367 18029.108412000001
31 1077025 1080105 60100.563959999999
32 1144112 1170537 17729.224104000001
33 1203863 1215945 17589.138943000002
34 1218621 1250960 58302.529763999999
35 1250961 1268405 18080.346756999999
36 1276761 1304397 55874.873438000002
37 1310359 1333585 60291.091052000003
38 1343024 1385346 60832.041154999999
39 1385347 1423456 24945.773354000001
40 1423457 1447270 18650.039686
41 1489712 1515327 17801.393711000001
42 1515760 1518903 18241.361444999999
43 1535354 1558187 24067.369501000001
44 1559352 1583335 56712.888793999999
45 1609452 1618307 58370.132263
46 1621823 1642663 58005.525035999999
47 1644214 1682049 24930.123806
48 1682050 1703223 16739.689300999999
49 1748912 1773479 18181.419744999999
50 1795447 1821063 18610.315675999998
51 1822505 1860893 59847.283359000001
52 1862345 1878420 18063.419893999999
53 1883045 1907850 18186.627066000001
54 1908902 1924749 56843.492619999997
55 1947082 1980541 9175.5815739999998
56 1980542 1992031 9288.5908459999991
57 1995299 2033298 29976.478185
58 2035439 2052476 8340.6453669999992
59 2061839 2072142 28164.287346000001
60 2094512 2117095 9615.6592349999992
61 2139237 2167733 8936.4976299999998
62 2167734 2171557 29078.912095
63 2187234 2194681 8738.7729049999998
64 2212862 2248251 9283.3064869999998
65 2248252 2294030 9136.56639
66 2294031 2310438 8867.2325060000003
67 2325865 2330271 30843.021497000002
68 2353712 2370481 8651.5363890000008
69 2372028 2394935 8598.6086899999991
70 2397828 2426324 28620.571626000001
71 2426325 2437245 29488.2804
72 2440485 2462885 29574.456625999999
73 2468925 2482262 8990.2936559999998
74 2484825 2513707 27889.095755999999
75 2515722 2525851 27279.489213000001
76 2528702 2531927 29339.122920000002
77 2538222 2547048 30467.823106
78 2556522 2568072 9273.8508989999991
79 2571327 2592563 28091.132868000001
80 2593425 2637464 9462.077765
81 2637465 2652798 8739.387213
82 2693312 2708216 27177.101999999999
83 2723765 2747874 28867.988366000001
84 2748815 2771343 8757.0573490000006
85 2810066 2852314 30482.278361000001
86 2852315 2889208 9337.789702
87 2889209 2917670 8515.7706749999998
88 2958512 2973395 8900.7025030000004
89 2975605 3001394 8778.3355150000007
90 3001405 3029777 29886.497736000001
91 3032302 3059543 29243.536622
92 3060262 3064475 26517.245249
93 3068971 3083243 8834.4018649999998
94 3102502 3113877 9457.9623840000004
95 3125898 3145794 28164.872808
96 3155273 3197502 30503.298975000002
97 3197503 3219918 8691.2845450000004
98 3220394 3230389 8525.9525360000007
99 3233054 3236807 28086.786929000002
100 3298112 3326056 9305.8530659999997
101 3327880 3332394 9003.7058219999999
102 3357791 3373552 29720.859928999998
103 3406545 3410202 28196.056719
104 3414184 3430897 8724.7512220000008
105 3432487 3459822 9238.0711549999996
106 3460743 3500487 29465.914934
107 3500488 3508464 8736.7051790000005
108 3531483 3545497 8623.2506759999997
109 3557312 3579561 8421.9856619999991
110 3583802 3603661 27549.328343000001
111 3615479 3632738 29572.320551000001
112 3635035 3665174 29086.290951999999
113 3665275 3693950 8813.8421070000004
114 3702175 3719141 29493.047434
115 3727071 3750562 27435.630709000001
116 3751453 3762981 29792.428981000001
117 3766071 3775954 8997.6095590000004
118 3778971 3802158 26654.011493000002
119 3816512 3839637 8664.3956859999998
120 3839867 3865726 8910.3347130000002
121 3908912 3928909 9263.3037550000008
122 3932018 3938250 8194.1372179999998
123 3949963 3962626 8812.3468479999992
124 3981459 3983290 28513.272391999999
125 4010134 4014295 29797.943813000002
126 4018326 4053158 9287.2106050000002
127 4053159 4063911 9493.8769009999996
128 4067315 4103395 29841.66733
129 4104634 4109312 9031.5484039999992
130 4168112 4179742 27058.173078
131 4181851 4185408 27764.822221999999
132 4189351 4205953 8866.3210920000001
133 4217838 4229998 30200.423556999998
134 4233110 4237954 9259.4321029999992
135 4242146 4266217 9457.3783449999992
136 4267946 4271774 29542.407908000001
137 4277252 4292095 8564.5545529999999
138 4301246 4323915 9335.3412189999999
139 4326442 4355168 27874.981927000001
0 opportunities for A
0 opportunities for B
0 opportunities for C
0 opportunities for D
0 opportunities for E
0 opportunities for F
0 opportunities for G
0 opportunities for H
0 opportunities for I
0 opportunities for J
0 opportunities for K
0 opportunities for L
0 opportunities for M
0 opportunities for N
678 events for A
4207 12910592
4208 0
16447 1089536
16448 0
25512 12910592
25513 0
35707 12910592
35708 0
45312 12910592
45313 0
54307 12910592
54308 0
63307 1089536
63308 0
72607 12910592
72608 0
81007 1089536
81008 0
88507 12910592
88508 0
92412 12910592
92413 0
231432 12910592
231433 0
234307 1089536
234308 0
237907 12910592
237908 0
241687 12910592
241688 0
248707 1089536
248708 0
252012 12910592
252013 0
255307 12910592
255308 0
282907 12910592
282908 0
289987 1089536
289988 0
297127 12910592
297128 0
304032 12910592
304033 0
309307 1089536
309308 0
315607 12910592
315608 0
318907 12910592
318908 0
324312 12910592
324313 0
329707 1089536
329708 0
334147 12910592
334148 0
378067 12910592
378068 0
381907 1089536
381908 0
385512 12910592
385513 0
389707 1089536
389708 0
393007 12910592
393008 0
395707 12910592
395708 0
401707 1089536
401708 0
404532 12910592
404533 0
467352 12910592
467353 0
471907 12910592
471908 0
477007 1089536
477008 0
481507 12910592
481508 0
489732 12910592
489733 0
504067 12910592
504068 0
507907 1089536
507908 0
511507 12910592
511508 0
515107 1089536
515108 0
517807 12910592
517808 0
577147 12910592
577148 0
581112 12910592
581113 0
584707 1089536
584708 0
588307 12910592
588308 0
592027 1089536
592028 0
598927 12910592
598928 0
602532 12910592
602533 0
606127 1089536
606128 0
610207 12910592
610208 0
708067 12910592
708068 0
711672 12910592
711673 0
715267 1089536
715268 0
719347 12910592
719348 0
722647 1089536
722648 0
726247 12910592
726248 0
729847 1089536
729848 0
733452 12910592
733453 0
737527 12910592
737528 0
888612 12910592
888613 0
893257 12910592
893258 0
900907 12910592
900908 0
908841 12910592
908842 0
920300 12910592
920301 0
938964 12910592
938965 0
945864 12910592
945865 0
948345 12910592
948346 0
952507 12910592
952508 0
956108 12910592
956109 0
960783 12910592
960784 0
968385 12910592
968386 0
975993 12910592
975994 0
983125 12910592
983126 0
990307 12910592
990308 0
1000507 12910592
1000508 0
1144807 12910592
1144808 0
1152646 12910592
1152647 0
1167386 12910592
1167387 0
1173012 12910592
1173013 0
1182275 12910592
1182276 0
1189570 12910592
1189571 0
1195212 12910592
1195213 0
1206307 12910592
1206308 0
1214108 12910592
1214109 0
1218354 12910592
1218355 0
1222079 12910592
1222080 0
1225679 12910592
1225680 0
1233004 12910592
1233005 0
1240569 12910592
1240570 0
1249513 12910592
1249514 0
1257013 12910592
1257014 0
1263192 12910592
1263193 0
1269203 12910592
1269204 0
1493137 12910592
1493138 0
1505107 12910592
1505108 0
1513636 12910592
1513637 0
1518586 12910592
1518587 0
1520712 12910592
1520713 0
1528850 12910592
1528851 0
1536907 12910592
1536908 0
1542192 12910592
1542193 0
1551907 12910592
1551908 0
1558506 12910592
1558507 0
1559708 12910592
1559709 0
1565883 12910592
1565884 0
1572607 12910592
1572608 0
1580793 12910592
1580794 0
1587698 12910592
1587699 0
1593350 12910592
1593351 0
1599007 12910592
1599008 0
1610214 12910592
1610215 0
1617521 12910592
1617522 0
1749612 12910592
1749613 0
1761046 12910592
1761047 0
1772191 12910592
1772192 0
1783475 12910592
1783476 0
1786775 12910592
1786776 0
1794220 12910592
1794221 0
1801665 12910592
1801666 0
1808707 12910592
1808708 0
1814707 12910592
1814708 0
1819812 12910592
1819813 0
2097307 12910592
2097308 0
2108107 12910592
2108108 0
2118441 12910592
2118442 0
2123107 12910592
2123108 0
2133667 12910592
2133668 0
2139912 12910592
2139913 0
2147107 12910592
2147108 0
2156107 12910592
2156108 0
2163306 12910592
2163307 0
2165793 12910592
2165794 0
2174707 12910592
2174708 0
2185507 12910592
2185508 0
2192707 12910592
2192708 0
2202607 12910592
2202608 0
2229312 12910592
2229313 0
2241136 12910592
2241137 0
2249711 12910592
2249712 0
2254872 12910592
2254873 0
2266550 12910592
2266551 0
2272357 12910592
2272358 0
2281464 12910592
2281465 0
2289071 12910592
2289072 0
2309090 12910592
2309091 0
2314593 12910592
2314594 0
2322350 12910592
2322351 0
2332212 12910592
2332213 0
2354407 12910592
2354408 0
2362807 12910592
2362808 0
2376986 12910592
2376987 0
2387827 12910592
2387828 0
2391580 12910592
2391581 0
2406215 12910592
2406216 0
2414340 12910592
2414341 0
2422506 12910592
2422507 0
2427907 12910592
2427908 0
2438107 12910592
2438108 0
2455393 12910592
2455394 0
2466948 12910592
2466949 0
2477112 12910592
2477113 0
2486707 12910592
2486708 0
2495107 12910592
2495108 0
2502349 12910592
2502350 0
2505907 12910592
2505908 0
2512808 12910592
2512809 0
2526907 12910592
2526908 0
2533259 12910592
2533260 0
2538326 12910592
2538327 0
2545507 12910592
2545508 0
2550326 12910592
2550327 0
2566392 12910592
2566393 0
2577487 12910592
2577488 0
2587572 12910592
2587573 0
2592427 12910592
2592428 0
2596507 12910592
2596508 0
2598967 12910592
2598968 0
2649907 12910592
2649908 0
2655178 12910592
2655179 0
2660518 12910592
2660519 0
2663818 12910592
2663819 0
2670812 12910592
2670813 0
2677812 12910592
2677813 0
2696112 12910592
2696113 0
2697907 12910592
2697908 0
2714107 12910592
2714108 0
2716392 12910592
2716393 0
2908383 12910592
2908384 0
2911378 12910592
2911379 0
2913885 12910592
2913886 0
2916393 12910592
2916394 0
2919393 12910592
2919394 0
2922693 12910592
2922694 0
2925693 12910592
2925694 0
2929855 12910592
2929856 0
2934007 12910592
2934008 0
2937007 12910592
2937008 0
2959512 12910592
2959513 0
2961307 12910592
2961308 0
2963107 12910592
2963108 0
2966707 12910592
2966708 0
2970307 12910592
2970308 0
2974507 12910592
2974508 0
2981712 12910592
2981713 0
2984107 12910592
2984108 0
2987107 12910592
2987108 0
3032874 12910592
3032875 0
3034572 12910592
3034573 0
3040109 12910592
3040110 0
3044344 12910592
3044345 0
3047344 12910592
3047345 0
3055807 12910592
3055808 0
3059112 12910592
3059113 0
3150307 12910592
3150308 0
3156607 12910592
3156608 0
3160207 12910592
3160208 0
3163807 12910592
3163808 0
3167407 12910592
3167408 0
3171066 12910592
3171067 0
3174961 12910592
3174962 0
3182107 12910592
3182108 0
3192852 12910592
3192853 0
3232844 12910592
3232845 0
3236707 12910592
3236708 0
3240307 12910592
3240308 0
3243907 12910592
3243908 0
3247728 12910592
3247729 0
3254633 12910592
3254634 0
3260107 12910592
3260108 0
3264907 12910592
3264908 0
3308042 12910592
3308043 0
3311045 12910592
3311046 0
3314589 12910592
3314590 0
3318136 12910592
3318137 0
3321136 12910592
3321137 0
3328036 12910592
3328037 0
3331036 12910592
3331037 0
3333846 12910592
3333847 0
3336650 12910592
3336651 0
3339650 12910592
3339651 0
3417250 12910592
3417251 0
3422107 12910592
3422108 0
3426907 12910592
3426908 0
3431827 12910592
3431828 0
3439150 12910592
3439151 0
3442687 12910592
3442688 0
3446227 12910592
3446228 0
3450607 12910592
3450608 0
3454087 12910592
3454088 0
3458107 12910592
3458108 0
3460570 12910592
3460571 0
3559451 12910592
3559452 0
3565387 12910592
3565388 0
3573427 12910592
3573428 0
3581470 12910592
3581471 0
3604629 12910592
3604630 0
3609936 12910592
3609937 0
3615465 12910592
3615466 0
3622807 12910592
3622808 0
3627307 12910592
3627308 0
3632107 12910592
3632108 0
3637554 12910592
3637555 0
3644999 12910592
3645000 0
3652327 12910592
3652328 0
3659344 12910592
3659345 0
3664988 12910592
3664989 0
3670633 12910592
3670634 0
3676379 12910592
3676380 0
3682599 12910592
3682600 0
3688823 12910592
3688824 0
3698118 12910592
3698119 0
3859428 12910592
3859429 0
3862428 12910592
3862429 0
3864776 12910592
3864777 0
3867118 12910592
3867119 0
3870118 12910592
3870119 0
3873418 12910592
3873419 0
3876418 12910592
3876419 0
3880412 12910592
3880413 0
3884407 12910592
3884408 0
3887410 12910592
3887411 0
3911742 12910592
3911743 0
3918607 12910592
3918608 0
3925767 12910592
3925768 0
3935107 12910592
3935108 0
3944450 12910592
3944451 0
3947753 12910592
3947754 0
3955250 12910592
3955251 0
3962750 12910592
3962751 0
3970630 12910592
3970631 0
3977706 12910592
3977707 0
3985452 12910592
3985453 0
3992442 12910592
3992443 0
3999187 12910592
3999188 0
4007107 12910592
4007108 0
4017907 12910592
4017908 0
4022110 12910592
4022111 0
4035907 12910592
4035908 0
4045017 12910592
4045018 0
4051571 12910592
4051572 0
4061471 12910592
4061472 0
4068307 12910592
4068308 0
4071907 12910592
4071908 0
4080950 12910592
4080951 0
4085107 12910592
4085108 0
4089190 12910592
4089191 0
4097107 12910592
4097108 0
4100587 12910592
4100588 0
4105507 12910592
4105508 0
4110609 12910592
4110610 0
4127467 12910592
4127468 0
4171807 12910592
4171808 0
4176907 12910592
4176908 0
4184107 12910592
4184108 0
4191908 12910592
4191909 0
4202227 12910592
4202228 0
4205947 12910592
4205948 0
4212456 12910592
4212457 0
4220627 12910592
4220628 0
4230307 12910592
4230308 0
4236847 12910592
4236848 0
4242907 12910592
4242908 0
4249785 12910592
4249786 0
4256107 12910592
4256108 0
4264444 12910592
4264445 0
4269869 12910592
4269870 0
4281487 12910592
4281488 0
4287869 12910592
4287870 0
4294507 12910592
4294508 0
4310257 12910592
4310258 0
4316107 12910592
4316108 0
4331107 12910592
4331108 0
4343707 12910592
4343708 0
4359007 12910592
4359008 0
3 events for B
771718 90
782638 3500
806698 0
452 events for C
7061 117965
7151 125479
7892 7514
8921 125479
9692 7514
10712 0
15126 117965
15216 119538
15957 1573
16986 119538
17757 1573
18786 119538
19557 1573
20586 119538
21357 1573
22386 119538
23157 1573
28377 0
32914 117965
33004 119538
33745 1573
34774 119538
35545 1573
36574 119538
37345 1573
38374 119538
39145 7514
40174 119538
40945 1573
46165 0
48602 117965
48692 125479
49433 7514
49853 0
287801 117965
287951 125479
288572 7514
289001 125479
289772 7514
290201 125479
290972 7514
291581 125479
292352 7514
296612 0
301190 117965
301280 125479
302021 7514
302450 125479
303221 7514
303650 125479
304421 7514
304850 125479
305621 7514
308441 0
309461 117965
309551 124709
310292 6744
310721 124709
311492 6744
311921 124709
312692 6744
313121 124709
313892 6744
314912 0
317604 117965
317694 124709
318435 6744
318864 124709
319635 6744
320064 124709
320835 6744
321264 124709
322035 6744
323064 124709
323835 6744
324864 124709
325635 6744
326664 124709
327435 6744
333855 0
338218 117965
338308 124709
339049 6744
339478 124709
340249 6744
340678 124709
341449 6744
341878 124709
342649 6744
343678 124709
344449 6744
352069 0
354632 117965
354722 124709
355463 7514
355468 6744
355892 124709
356663 6744
357092 124709
357863 6744
358292 124709
359063 6744
360092 124709
360863 6744
361892 124709
362663 6744
370883 0
375247 117965
375337 124709
376078 6744
376507 124709
377278 6744
377707 124709
378478 6744
378907 124709
379678 6744
380107 124709
380878 6744
382507 124709
383278 6744
389098 0
391661 117965
391751 124709
392492 6744
392921 124709
393692 6744
394121 124709
394892 6744
395312 0
544901 117965
545051 119538
545072 1573
546101 119538
546872 1573
547301 119538
548072 1573
548681 119538
549452 1573
549881 119538
550652 1573
551141 119538
551912 1573
552341 119538
553112 1573
554312 0
559740 117965
559830 119538
560571 1573
561000 119538
561771 1573
562200 119538
562971 1573
563400 119538
564171 1573
564600 119538
565371 1573
568191 0
890711 14189
891392 58982
891491 7514
891777 0
891821 73171
893192 7514
898541 66496
899912 7514
900812 0
905990 58982
906080 66496
907421 7514
909650 66496
911021 7514
911450 66496
912821 7514
913241 0
913961 58982
914051 66496
915392 7514
915777 0
915821 58982
917192 7514
920312 0
922404 58982
922494 66496
923835 7514
924220 0
924264 58982
925635 7514
929055 0
929338 58982
929428 66496
930769 7514
931154 0
931198 58982
932569 7514
938869 0
943018 58982
943108 66496
944449 7514
948769 0
949061 58982
949151 66496
950492 7514
954812 0
1150751 7514
1160372 0
1164630 7514
1167771 0
1168151 7514
1173212 0
1281251 7514
1287692 0
1289855 179338
1289957 0
1291546 7514
1305897 0
1310146 7514
1324087 0
1494761 19661
1494851 27175
1495532 7514
1496201 27175
1496972 7514
1497221 27175
1497992 7514
1498661 27175
1499432 7514
1499681 27175
1500452 7514
1501121 27175
1501892 7514
1502141 27175
1502912 7514
1503581 27175
1504352 7514
1504601 27175
1505372 7514
1505612 0
1510901 19661
1510991 27175
1511552 7514
1511681 27175
1512332 7514
1512881 27175
1513472 7514
1513661 27175
1514312 7514
1514861 27175
1515512 7514
1515641 27175
1516292 7514
1516841 27175
1517492 7514
1517621 27175
1518272 7514
1518821 27175
1519472 7514
1519601 27175
1520252 7514
1520801 27175
1521452 7514
1521581 27175
1522232 7514
1522352 0
1754051 7514
1756121 66496
1757492 7514
1760681 66496
1762052 7514
1765172 0
1769340 58982
1769430 66496
1770711 7514
1773960 66496
1775331 7514
1775571 0
1775861 58982
1775951 66496
1777232 7514
1780481 66496
1781852 7514
1783352 0
1785429 58982
1785519 66496
1786800 7514
1790049 66496
1791420 7514
1795380 0
1795661 58982
1795751 66496
1797032 7514
1799981 66496
1801352 7514
1801532 0
1805719 58982
1805809 66496
1807090 7514
1808479 66496
1809850 7514
1810390 0
1810661 58982
1810751 66496
1812032 7514
1817021 66496
1818392 7514
1819712 0
1821808 117965
1821898 124709
1822759 6744
1823668 124709
1824559 6744
1825468 124709
1826359 6744
1827268 124709
1828159 6744
1829068 124709
1829959 6744
1830868 124709
1831759 6744
1832668 124709
1833559 6744
1837939 0
1842098 117965
1842188 124709
1843049 6744
1843958 124709
1844849 6744
1845758 124709
1846649 6744
1847558 124709
1848449 6744
1849358 124709
1850249 6744
1851158 124709
1852049 6744
1852958 124709
1853849 6744
1854758 124709
1855649 6744
1856129 0
1860287 117965
1860377 124709
1861238 6744
1862147 124709
1863038 6744
1863938 0
1878812 169032
1880132 45609
1881457 0
2057762 7514
2064923 0
2358581 117965
2358671 124709
2359472 6744
2359601 124709
2360307 6744
2360312 0
2361161 58982
2361251 66496
2362532 7514
2369972 0
2374140 58982
2374230 7514
2382771 0
2383061 117965
2383151 124709
2384012 6744
2387732 0
2390229 117965
2390319 124709
2391180 6744
2401080 0
2410519 117965
2410609 124709
2411470 6744
2421370 0
2701875 117965
2701965 124709
2702826 6744
2703735 124709
2704626 6744
2705535 124709
2706426 6744
2707335 124709
2708226 6744
2709135 124709
2710026 6744
2710935 124709
2711826 6744
2712726 0
2720390 117965
2720480 124709
2721341 6744
2722250 124709
2723141 6744
2724050 124709
2724941 6744
2725850 124709
2726741 6744
2727641 0
2905622 7514
2919263 0
2921437 7514
2936878 0
3225161 58982
3225251 66496
3226532 6744
3227021 66496
3228392 6744
3228812 0
3231493 58982
3231583 66496
3232864 6744
3233353 66496
3234724 6744
3235153 66496
3236524 6744
3245944 0
3251782 58982
3251872 66496
3253153 6744
3253642 66496
3255013 6744
3255442 66496
3256813 6744
3262633 0
3603061 235930
3603151 242674
3604912 6744
3605101 242674
3606952 6744
3607141 242674
3608992 6744
3609241 242674
3611092 6744
3612112 0
3620119 235930
3620209 242674
3620825 6744
3620830 0
3635612 169032
3637412 45609
3639217 0
4172981 117965
4173071 125479
4174352 7514
4174712 0
4310651 3372
4315832 0
4335851 3372
4344212 0
4353251 3372
4358612 0
4 events for D
865112 0
865113 74
3284312 0
3284313 74
542 events for E
93893 718864
93894 0
94503 718864
94504 0
95134 3748528
95137 0
95393 718864
95394 0
96003 718864
96004 0
96634 3748528
96637 0
96893 718864
96894 0
97503 718864
97504 0
98134 3748528
98137 0
105653 718864
105654 0
106263 718864
106264 0
106894 3748528
106897 0
107153 718864
107154 0
107763 718864
107764 0
108394 3748528
108397 0
108653 718864
108654 0
109263 718864
109264 0
109894 3748528
109897 0
140314 4313184
140315 2310336
140316 0
140445 4313184
140447 0
140590 192528
140591 0
140895 2156592
140896 0
141214 3594320
141215 962640
141216 0
141262 3594320
141263 962640
141264 0
141533 718864
141534 0
141543 718864
141544 0
141553 718864
141554 0
141563 718864
141564 0
141573 718864
141574 0
141583 718864
141584 0
141593 718864
141594 0
141603 718864
141604 0
141613 718864
141614 0
141623 718864
141624 0
141633 718864
141634 0
141643 718864
141644 0
141653 718864
141654 0
141663 718864
141664 0
141673 718864
141674 0
141683 718864
141684 0
141693 718864
141694 0
141713 192528
141714 0
141723 192528
141724 0
141733 192528
141734 0
141743 192528
141744 0
141753 192528
141754 0
141763 192528
141764 0
141773 192528
141774 0
141783 192528
141784 0
141793 192528
141794 0
141803 192528
141804 0
141813 192528
141814 0
141823 192528
141824 0
141833 192528
141834 0
247414 4494818
247415 3748528
247418 0
247424 4494818
247429 0
247474 4494818
247479 0
247534 4494818
247535 3748528
247538 0
247544 4494818
247549 0
247594 4494818
247599 0
247654 4494818
247659 0
247664 4494818
247669 0
247714 4494818
247715 3748528
247718 0
251614 4494818
251615 3748528
251618 0
251624 4494818
251629 0
251674 4494818
251679 0
251734 4494818
251735 3748528
251738 0
251744 4494818
251749 0
251794 4494818
251799 0
251854 4494818
251859 0
251864 4494818
251869 0
251914 4494818
251915 3748528
251918 0
288838 82880
288839 0
288848 82880
288849 0
288858 82880
288859 0
288889 82880
288890 0
288899 82880
288900 0
288909 82880
288910 0
338290 3748528
338293 0
341890 3748528
341893 0
345490 3748528
345493 0
349090 3748528
349093 0
352510 3748528
352513 0
354704 3748528
354707 0
358304 3748528
358307 0
361904 3748528
361907 0
365504 3748528
365507 0
369104 3748528
369107 0
375319 3748528
375322 0
378919 3748528
378922 0
382519 3748528
382522 0
386119 3748528
386122 0
389539 3748528
389542 0
391733 3748528
391736 0
395333 3748528
395336 0
396907 3748528
396910 0
396917 3748528
396920 0
397507 3748528
397510 0
397517 3748528
397520 0
399821 3748528
399824 0
399831 3748528
399834 0
400421 3748528
400424 0
400431 3748528
400434 0
406721 3748528
406724 0
406731 3748528
406734 0
407321 3748528
407324 0
407331 3748528
407334 0
425321 3748528
425324 0
425331 3748528
425334 0
425921 3748528
425924 0
425931 3748528
425934 0
488804 2824208
488805 0
488924 2824208
488925 0
489044 2824208
489045 0
489524 2824208
489525 0
489644 2824208
489645 0
489764 2824208
489765 0
490244 2824208
490245 0
490364 2824208
490365 0
490484 2824208
490485 0
490964 2824208
490965 0
491084 2824208
491085 0
491204 2824208
491205 0
491684 2824208
491685 0
491804 2824208
491805 0
491924 2824208
491925 0
492404 2824208
492405 0
492524 2824208
492525 0
492644 2824208
492645 0
493124 2824208
493125 0
493244 2824208
493245 0
493364 2824208
493365 0
493844 2824208
493845 0
493964 2824208
493965 0
494084 2824208
494085 0
494564 2824208
494565 0
494684 2824208
494685 0
494804 2824208
494805 0
495224 2824208
495225 0
495344 2824208
495345 0
495464 2824208
495465 0
496004 2824208
496005 0
496124 2824208
496125 0
496244 2824208
496245 0
498919 2824208
498920 0
499010 3748528
499013 0
499219 2824208
499220 0
499289 2824208
499290 0
499500 3765611
499503 0
502819 2824208
502820 0
502910 3748528
502913 0
503119 2824208
503120 0
503189 2824208
503190 0
503400 3765611
503403 0
504919 2824208
504920 0
505010 3748528
505013 0
505219 2824208
505220 0
505289 2824208
505290 0
505500 3765611
505503 0
506419 2824208
506420 0
506510 3748528
506513 0
506719 2824208
506720 0
506789 2824208
506790 0
507000 3765611
507003 0
516533 2824208
516534 0
516624 3748528
516627 0
516833 2824208
516834 0
516903 2824208
516904 0
517114 3765611
517117 0
575881 3748528
575884 0
575896 5000000
575914 0
577681 3748528
577684 0
577696 5000000
577714 0
579481 3748528
579484 0
579496 5000000
579514 0
581281 3748528
581284 0
581296 5000000
581314 0
583081 3748528
583084 0
583096 5000000
583114 0
584881 3748528
584884 0
584896 5000000
584914 0
586681 3748528
586684 0
586696 5000000
586714 0
588481 3748528
588484 0
588496 5000000
588514 0
590281 3748528
590284 0
590296 5000000
590314 0
596171 3748528
596174 0
596186 5000000
596204 0
597971 3748528
597974 0
597986 5000000
598004 0
599771 3748528
599774 0
599786 5000000
599804 0
601571 3748528
601574 0
601586 5000000
601604 0
603371 3748528
603374 0
603386 5000000
603404 0
605171 3748528
605174 0
605186 5000000
605204 0
606971 3748528
606974 0
606986 5000000
607004 0
608771 3748528
608774 0
608786 5000000
608804 0
654833 3748528
654836 0
654853 3748528
654856 0
654873 3748528
654876 0
661133 3748528
661136 0
661153 3748528
661156 0
661173 3748528
661176 0
668949 3748528
668952 0
668969 3748528
668972 0
668989 3748528
668992 0
675249 3748528
675252 0
675269 3748528
675272 0
675289 3748528
675292 0
681549 3748528
681552 0
681569 3748528
681572 0
681589 3748528
681592 0
686949 3748528
686952 0
686969 3748528
686972 0
686989 3748528
686992 0
691749 3748528
691752 0
691769 3748528
691772 0
691789 3748528
691792 0
696549 3748528
696552 0
696569 3748528
696572 0
696589 3748528
696592 0
700528 3748528
700531 0
700548 3748528
700551 0
700568 3748528
700571 0
1059574 226158674
1059579 0
1081174 20242052
1081179 0
1102774 20242052
1102779 0
1167574 178452312
1167576 8996469
1167581 0
1297174 18598775
1297179 0
1318774 22542416
1318779 0
1340374 57946826
1340379 0
1361974 112491168
1361979 0
1383574 89992935
1383579 0
1444237 90225847
1444238 99456
1444239 17992937
1444244 0
1513175 36047367
1513180 0
1534775 39436416
1534780 0
1642775 79610631
1642780 0
1664375 77494701
1664380 0
1772375 73767533
1772380 0
1793975 221441780
1793980 0
2053175 47723996
2053180 0
2070125 12683312
2070130 0
2225974 9037466
2225979 0
2269174 270264152
2269179 0
3154774 26968906
3154779 0
3176374 134824032
3176379 0
3179300 20221556
3179305 0
3370714 83191028
3370719 0
3565114 38234987
3565119 0
3586714 107957608
3586719 0
3608314 350862225
3608319 0
3608320 4498234
3608325 0
3629914 38234987
3629919 0
3953974 42873674
3953979 0
3975574 60808152
3975579 0
4061974 123650191
4061979 0
4083574 112353360
4083579 0
4105174 191051956
4105179 0
4126774 148359728
4126779 0
174 events for F
27419 0
54712 3276
69712 0
69772 873
98572 0
143654 3276
158654 0
158714 873
187514 0
214807 3276
229807 0
229867 873
258667 0
398497 3276
413497 0
413557 873
442357 0
561022 873
589822 0
633780 873
662580 0
782425 3276
797425 0
797485 873
826285 0
884043 4096
892243 0
981329 4096
989529 0
1055386 4096
1063586 0
1143243 4096
1151443 0
1165822 665
1194982 0
1238580 4096
1246780 0
1311338 4096
1319538 0
1402285 4096
1410485 0
1488843 4096
1497043 0
1586129 4096
1594329 0
1660186 4096
1668386 0
1748043 4096
1756243 0
1770622 665
1799782 0
1843380 4096
1851580 0
1916138 4096
1924338 0
2007085 4096
2015285 0
2093643 1365
2093823 0
2095623 1365
2096163 3481
2115363 1365
2116083 3481
2135283 1365
2136003 3481
2154929 0
2190929 873
2219729 0
2264986 873
2293786 0
2352843 873
2381643 0
2448180 3481
2462580 0
2462595 2252
2466195 0
2466210 2252
2469810 0
2469825 2252
2473425 0
2473440 2252
2477040 0
2510583 3276
2525583 0
2611885 873
2640685 0
2692443 1365
2692623 0
2694423 1365
2694963 3481
2714163 0
2795729 873
2824529 0
2869786 873
2898586 0
2957643 1365
2958363 3481
2977563 0
3037920 3276
3052920 0
3287943 1979
3289143 0
3290943 1979
3304143 0
3473512 8
3473513 0
3474586 1365
3474766 0
3476566 1365
3477106 1979
3491506 1365
3491686 1979
3506086 1365
3506806 1979
3521206 1365
3521386 1979
3535786 1365
3536506 1979
3550906 1365
3551086 1979
3565486 0
3603886 3754
3604606 0
3606406 3754
3610006 0
3643443 3754
3644163 0
3645963 3754
3649563 0
3678543 3754
3679263 0
3681063 3754
3684663 0
3719943 3754
3720663 0
3722463 3754
3726063 0
3763143 3754
3763863 0
3765663 3754
3769263 0
3955743 3754
3956463 0
3958263 3754
3961863 0
3984543 3754
3985263 0
3987063 3754
3990663 0
4026843 3754
4027563 0
4029363 3754
4032963 0
4101543 3754
4102263 0
4104063 3754
4107663 0
4187943 1365
4188123 0
4189923 1365
4190463 1979
4204863 1365
4205043 1979
4219443 1365
4220163 1979
4234563 1365
4234743 1979
4249143 1365
4249863 1979
4264263 1365
4264443 1979
4278843 0
4324743 665
4357143 0
102 events for G
6957 1642
13022 2414
14862 1642
50457 2414
93057 1642
279457 2414
281297 1642
412471 2414
482157 1642
648583 2414
650423 1642
865257 0
865258 1285
884257 2414
886097 1285
1217204 2057
1233054 1285
1237494 2057
1253383 2414
1255623 2057
1269253 1285
1489057 2414
1490897 1285
1858183 2414
1860023 1285
1878673 2057
1929041 706
2042997 2057
2074857 706
2093857 2414
2095697 706
2115786 1285
2148614 706
2462983 2414
2464823 706
2515057 2414
2522417 706
2524710 1772
2554251 1285
2570040 706
2574420 1285
2606599 706
2610799 1285
2642978 706
2699771 2414
2701611 706
2728377 1285
2733957 706
2748088 1285
2750068 706
2987757 1285
3011315 706
3015515 1285
3029504 706
3031724 1772
3047394 706
3052014 1772
3067783 2414
3070143 1772
3083773 706
3138757 2414
3148517 706
3180600 1285
3211377 706
3215599 1285
3225057 706
3284457 0
3284458 487
3304571 2414
3306411 487
3378828 2414
3395028 487
3399443 2414
3432271 487
3436471 2414
3469300 487
3672583 2414
3674423 487
3700857 2414
3725251 487
3729452 2414
3761630 487
3765831 2414
3769431 487
3787431 2414
3791031 487
3800710 2414
3802857 487
3814257 2414
3852578 487
3908257 2414
3925986 487
3930186 2414
3938157 487
3983697 2414
3999482 487
4188736 2414
4196157 487
4225160 2414
4257200 487
4277383 2414
4279223 487
122 events for H
16171 4214960
16175 0
16601 4214960
16605 0
17341 4214960
17345 0
17771 4214960
17775 0
282606 4214960
282610 0
283036 4214960
283040 0
283776 4214960
283780 0
284206 4214960
284210 0
651732 4214960
651736 0
652162 4214960
652166 0
652902 4214960
652906 0
653332 4214960
653336 0
887406 4214960
887410 0
887836 4214960
887840 0
888576 4214960
888580 0
889006 4214960
889010 0
1256532 4214960
1256536 0
1256962 4214960
1256966 0
1257702 4214960
1257706 0
1258132 4214960
1258136 0
1492206 4214960
1492210 0
1492636 4214960
1492640 0
1493376 4214960
1493380 0
1493806 4214960
1493810 0
1861332 4214960
1861336 0
1861762 4214960
1861766 0
1862502 4214960
1862506 0
1862932 4214960
1862936 0
2097006 4214960
2097010 0
2097436 4214960
2097440 0
2098176 4214960
2098180 0
2098606 4214960
2098610 0
2466132 4214960
2466136 0
2466562 4214960
2466566 0
2467302 4214960
2467306 0
2467732 4214960
2467736 0
2518206 4214960
2518210 0
2518636 4214960
2518640 0
2519376 4214960
2519380 0
2519806 4214960
2519810 0
2702920 4214960
2702924 0
2703350 4214960
2703354 0
2704090 4214960
2704094 0
2704520 4214960
2704524 0
3070932 4214960
3070936 0
3071362 4214960
3071366 0
3072102 4214960
3072106 0
3072532 4214960
3072536 0
3141906 4214960
3141910 0
3142336 4214960
3142340 0
3143076 4214960
3143080 0
3143506 4214960
3143510 0
3307720 4214960
3307724 0
3308150 4214960
3308154 0
3308890 4214960
3308894 0
3309320 4214960
3309324 0
3675732 4214960
3675736 0
3676162 4214960
3676166 0
3676902 4214960
3676906 0
3677332 4214960
3677336 0
4281058 67463256
4281063 0
4 events for I
868232 0
868233 74
3287432 0
3287433 74
47 events for J
263716 0
281236 1370
522916 0
540436 1370
868516 0
886216 600
886396 1300
1126276 600
1126476 0
1145416 600
1145596 1300
1472760 700
1472805 0
1491016 600
1491256 1300
1732076 700
1732121 0
1750216 600
1750456 1300
2077416 700
2077461 0
2095636 1300
2337435 0
2354836 1300
2683035 0
2694436 1300
2942235 0
2959636 1300
3287835 0
3299716 600
3299896 1300
3546516 700
3546561 0
3558736 600
3558916 1300
3805656 700
3805701 0
3817816 600
3817996 1300
3892056 700
3892101 0
3910216 600
3910396 1300
4150476 700
4150521 0
4169416 600
4169536 1300
47 events for K
262646 0
280166 1370
521846 0
539366 1370
867446 0
885146 600
885326 1300
1125206 600
1125406 0
1144346 600
1144526 1300
1471690 700
1471735 0
1489946 600
1490186 1300
1731006 700
1731051 0
1749146 600
1749386 1300
2076346 700
2076391 0
2094566 1300
2336365 0
2353766 1300
2681965 0
2693366 1300
2941165 0
2958566 1300
3286765 0
3298646 600
3298826 1300
3545446 700
3545491 0
3557666 600
3557846 1300
3804586 700
3804631 0
3816746 600
3816926 1300
3890986 700
3891031 0
3909146 600
3909326 1300
4149406 700
4149451 0
4168346 600
4168466 1300
1868 events for L
11576 12910592
11577 0
11806 12910592
11807 0
12346 12910592
12347 0
12576 12910592
12577 0
29364 12910592
29365 0
29624 12910592
29625 0
30204 12910592
30205 0
30464 12910592
30465 0
47152 12910592
47153 0
47412 12910592
47413 0
47992 12910592
47993 0
48252 12910592
48253 0
64940 12910592
64941 0
65200 12910592
65201 0
65780 12910592
65781 0
66040 12910592
66041 0
82729 12910592
82730 0
82989 12910592
82990 0
83569 12910592
83570 0
83829 12910592
83830 0
100517 12910592
100518 0
100777 12910592
100778 0
101357 12910592
101358 0
101617 12910592
101618 0
118305 12910592
118306 0
118565 12910592
118566 0
119145 12910592
119146 0
119405 12910592
119406 0
136093 12910592
136094 0
136353 12910592
136354 0
136933 12910592
136934 0
137193 12910592
137194 0
153882 12910592
153883 0
154142 12910592
154143 0
154722 12910592
154723 0
154982 12910592
154983 0
171670 12910592
171671 0
171930 12910592
171931 0
172510 12910592
172511 0
172770 12910592
172771 0
189458 12910592
189459 0
189718 12910592
189719 0
190298 12910592
190299 0
190558 12910592
190559 0
207246 12910592
207247 0
207506 12910592
207507 0
208086 12910592
208087 0
208346 12910592
208347 0
225035 12910592
225036 0
225295 12910592
225296 0
225875 12910592
225876 0
226135 12910592
226136 0
242223 12910592
242224 0
242483 12910592
242484 0
243063 12910592
243064 0
243323 12910592
243324 0
259111 12910592
259112 0
259371 12910592
259372 0
259951 12910592
259952 0
260211 12910592
260212 0
278011 12910592
278012 0
278241 12910592
278242 0
278781 12910592
278782 0
279011 12910592
279012 0
297640 12910592
297641 0
297900 12910592
297901 0
298480 12910592
298481 0
298740 12910592
298741 0
316154 12910592
316155 0
316414 12910592
316415 0
316994 12910592
316995 0
317254 12910592
317255 0
334668 12910592
334669 0
334928 12910592
334929 0
335508 12910592
335509 0
335768 12910592
335769 0
353182 12910592
353183 0
353442 12910592
353443 0
354022 12910592
354023 0
354282 12910592
354283 0
371697 12910592
371698 0
371957 12910592
371958 0
372537 12910592
372538 0
372797 12910592
372798 0
390211 12910592
390212 0
390471 12910592
390472 0
391051 12910592
391052 0
391311 12910592
391312 0
408725 12910592
408726 0
408985 12910592
408986 0
409565 12910592
409566 0
409825 12910592
409826 0
427240 12910592
427241 0
427500 12910592
427501 0
428080 12910592
428081 0
428340 12910592
428341 0
445754 12910592
445755 0
446014 12910592
446015 0
446594 12910592
446595 0
446854 12910592
446855 0
464268 12910592
464269 0
464528 12910592
464529 0
465108 12910592
465109 0
465368 12910592
465369 0
482782 12910592
482783 0
483042 12910592
483043 0
483622 12910592
483623 0
483882 12910592
483883 0
500697 12910592
500698 0
500957 12910592
500958 0
501537 12910592
501538 0
501797 12910592
501798 0
518311 12910592
518312 0
518571 12910592
518572 0
519151 12910592
519152 0
519411 12910592
519412 0
537211 12910592
537212 0
537471 12910592
537472 0
538051 12910592
538052 0
538311 12910592
538312 0
556190 12910592
556191 0
556450 12910592
556451 0
557030 12910592
557031 0
557290 12910592
557291 0
574379 12910592
574380 0
574639 12910592
574640 0
575219 12910592
575220 0
575479 12910592
575480 0
592569 12910592
592570 0
592829 12910592
592830 0
593409 12910592
593410 0
593669 12910592
593670 0
610758 12910592
610759 0
611018 12910592
611019 0
611598 12910592
611599 0
611858 12910592
611859 0
628948 12910592
628949 0
629208 12910592
629209 0
629788 12910592
629789 0
630048 12910592
630049 0
647137 12910592
647138 0
647367 12910592
647368 0
647907 12910592
647908 0
648137 12910592
648138 0
665327 12910592
665328 0
665587 12910592
665588 0
666167 12910592
666168 0
666427 12910592
666428 0
683516 12910592
683517 0
683776 12910592
683777 0
684356 12910592
684357 0
684616 12910592
684617 0
701706 12910592
701707 0
701966 12910592
701967 0
702546 12910592
702547 0
702806 12910592
702807 0
719895 12910592
719896 0
720155 12910592
720156 0
720735 12910592
720736 0
720995 12910592
720996 0
738085 12910592
738086 0
738345 12910592
738346 0
738925 12910592
738926 0
739185 12910592
739186 0
756274 12910592
756275 0
756534 12910592
756535 0
757114 12910592
757115 0
757374 12910592
757375 0
774464 12910592
774465 0
774724 12910592
774725 0
775304 12910592
775305 0
775564 12910592
775565 0
792653 12910592
792654 0
792913 12910592
792914 0
793493 12910592
793494 0
793753 12910592
793754 0
810843 12910592
810844 0
811103 12910592
811104 0
811683 12910592
811684 0
811943 12910592
811944 0
829032 12910592
829033 0
829292 12910592
829293 0
829872 12910592
829873 0
830132 12910592
830133 0
846622 12910592
846623 0
846882 12910592
846883 0
847462 12910592
847463 0
847722 12910592
847723 0
863911 12910592
863912 0
864171 12910592
864172 0
864751 12910592
864752 0
865011 12910592
865012 0
882811 12910592
882812 0
883041 12910592
883042 0
883581 12910592
883582 0
883811 12910592
883812 0
902440 12910592
902441 0
902700 12910592
902701 0
903280 12910592
903281 0
903540 12910592
903541 0
920954 12910592
920955 0
921214 12910592
921215 0
921794 12910592
921795 0
922054 12910592
922055 0
939468 12910592
939469 0
939728 12910592
939729 0
940308 12910592
940309 0
940568 12910592
940569 0
957982 12910592
957983 0
958242 12910592
958243 0
958822 12910592
958823 0
959082 12910592
959083 0
976497 12910592
976498 0
976757 12910592
976758 0
977337 12910592
977338 0
977597 12910592
977598 0
995011 12910592
995012 0
995271 12910592
995272 0
995851 12910592
995852 0
996111 12910592
996112 0
1013525 12910592
1013526 0
1013785 12910592
1013786 0
1014365 12910592
1014366 0
1014625 12910592
1014626 0
1032040 12910592
1032041 0
1032300 12910592
1032301 0
1032880 12910592
1032881 0
1033140 12910592
1033141 0
1050554 12910592
1050555 0
1050814 12910592
1050815 0
1051394 12910592
1051395 0
1051654 12910592
1051655 0
1069068 12910592
1069069 0
1069328 12910592
1069329 0
1069908 12910592
1069909 0
1070168 12910592
1070169 0
1087582 12910592
1087583 0
1087842 12910592
1087843 0
1088422 12910592
1088423 0
1088682 12910592
1088683 0
1105497 12910592
1105498 0
1105757 12910592
1105758 0
1106337 12910592
1106338 0
1106597 12910592
1106598 0
1123111 12910592
1123112 0
1123371 12910592
1123372 0
1123951 12910592
1123952 0
1124211 12910592
1124212 0
1142011 12910592
1142012 0
1142271 12910592
1142272 0
1142851 12910592
1142852 0
1143111 12910592
1143112 0
1160990 12910592
1160991 0
1161250 12910592
1161251 0
1161830 12910592
1161831 0
1162090 12910592
1162091 0
1179179 12910592
1179180 0
1179439 12910592
1179440 0
1180019 12910592
1180020 0
1180279 12910592
1180280 0
1197369 12910592
1197370 0
1197629 12910592
1197630 0
1198209 12910592
1198210 0
1198469 12910592
1198470 0
1215558 12910592
1215559 0
1215818 12910592
1215819 0
1216398 12910592
1216399 0
1216658 12910592
1216659 0
1233748 12910592
1233749 0
1234008 12910592
1234009 0
1234588 12910592
1234589 0
1234848 12910592
1234849 0
1251937 12910592
1251938 0
1252167 12910592
1252168 0
1252707 12910592
1252708 0
1252937 12910592
1252938 0
1270127 12910592
1270128 0
1270387 12910592
1270388 0
1270967 12910592
1270968 0
1271227 12910592
1271228 0
1288316 12910592
1288317 0
1288576 12910592
1288577 0
1289156 12910592
1289157 0
1289416 12910592
1289417 0
1306506 12910592
1306507 0
1306766 12910592
1306767 0
1307346 12910592
1307347 0
1307606 12910592
1307607 0
1324695 12910592
1324696 0
1324955 12910592
1324956 0
1325535 12910592
1325536 0
1325795 12910592
1325796 0
1342885 12910592
1342886 0
1343145 12910592
1343146 0
1343725 12910592
1343726 0
1343985 12910592
1343986 0
1361074 12910592
1361075 0
1361334 12910592
1361335 0
1361914 12910592
1361915 0
1362174 12910592
1362175 0
1379264 12910592
1379265 0
1379524 12910592
1379525 0
1380104 12910592
1380105 0
1380364 12910592
1380365 0
1397453 12910592
1397454 0
1397713 12910592
1397714 0
1398293 12910592
1398294 0
1398553 12910592
1398554 0
1415643 12910592
1415644 0
1415903 12910592
1415904 0
1416483 12910592
1416484 0
1416743 12910592
1416744 0
1433832 12910592
1433833 0
1434092 12910592
1434093 0
1434672 12910592
1434673 0
1434932 12910592
1434933 0
1451422 12910592
1451423 0
1451682 12910592
1451683 0
1452262 12910592
1452263 0
1452522 12910592
1452523 0
1468711 12910592
1468712 0
1468971 12910592
1468972 0
1469551 12910592
1469552 0
1469811 12910592
1469812 0
1487611 12910592
1487612 0
1487841 12910592
1487842 0
1488381 12910592
1488382 0
1488611 12910592
1488612 0
1507240 12910592
1507241 0
1507500 12910592
1507501 0
1508080 12910592
1508081 0
1508340 12910592
1508341 0
1525754 12910592
1525755 0
1526014 12910592
1526015 0
1526594 12910592
1526595 0
1526854 12910592
1526855 0
1544268 12910592
1544269 0
1544528 12910592
1544529 0
1545108 12910592
1545109 0
1545368 12910592
1545369 0
1562782 12910592
1562783 0
1563042 12910592
1563043 0
1563622 12910592
1563623 0
1563882 12910592
1563883 0
1581297 12910592
1581298 0
1581557 12910592
1581558 0
1582137 12910592
1582138 0
1582397 12910592
1582398 0
1599811 12910592
1599812 0
1600071 12910592
1600072 0
1600651 12910592
1600652 0
1600911 12910592
1600912 0
1618325 12910592
1618326 0
1618585 12910592
1618586 0
1619165 12910592
1619166 0
1619425 12910592
1619426 0
1636840 12910592
1636841 0
1637100 12910592
1637101 0
1637680 12910592
1637681 0
1637940 12910592
1637941 0
1655354 12910592
1655355 0
1655614 12910592
1655615 0
1656194 12910592
1656195 0
1656454 12910592
1656455 0
1673868 12910592
1673869 0
1674128 12910592
1674129 0
1674708 12910592
1674709 0
1674968 12910592
1674969 0
1692382 12910592
1692383 0
1692642 12910592
1692643 0
1693222 12910592
1693223 0
1693482 12910592
1693483 0
1710297 12910592
1710298 0
1710557 12910592
1710558 0
1711137 12910592
1711138 0
1711397 12910592
1711398 0
1727911 12910592
1727912 0
1728171 12910592
1728172 0
1728751 12910592
1728752 0
1729011 12910592
1729012 0
1746811 12910592
1746812 0
1747071 12910592
1747072 0
1747651 12910592
1747652 0
1747911 12910592
1747912 0
1765790 12910592
1765791 0
1766050 12910592
1766051 0
1766630 12910592
1766631 0
1766890 12910592
1766891 0
1783979 12910592
1783980 0
1784239 12910592
1784240 0
1784819 12910592
1784820 0
1785079 12910592
1785080 0
1802169 12910592
1802170 0
1802429 12910592
1802430 0
1803009 12910592
1803010 0
1803269 12910592
1803270 0
1820358 12910592
1820359 0
1820618 12910592
1820619 0
1821198 12910592
1821199 0
1821458 12910592
1821459 0
1838548 12910592
1838549 0
1838808 12910592
1838809 0
1839388 12910592
1839389 0
1839648 12910592
1839649 0
1856737 12910592
1856738 0
1856967 12910592
1856968 0
1857507 12910592
1857508 0
1857737 12910592
1857738 0
1874927 12910592
1874928 0
1875187 12910592
1875188 0
1875767 12910592
1875768 0
1876027 12910592
1876028 0
1893116 12910592
1893117 0
1893376 12910592
1893377 0
1893956 12910592
1893957 0
1894216 12910592
1894217 0
1911306 12910592
1911307 0
1911566 12910592
1911567 0
1912146 12910592
1912147 0
1912406 12910592
1912407 0
1929495 12910592
1929496 0
1929755 12910592
1929756 0
1930335 12910592
1930336 0
1930595 12910592
1930596 0
1947685 12910592
1947686 0
1947945 12910592
1947946 0
1948525 12910592
1948526 0
1948785 12910592
1948786 0
1965874 12910592
1965875 0
1966134 12910592
1966135 0
1966714 12910592
1966715 0
1966974 12910592
1966975 0
1984064 12910592
1984065 0
1984324 12910592
1984325 0
1984904 12910592
1984905 0
1985164 12910592
1985165 0
2002253 12910592
2002254 0
2002513 12910592
2002514 0
2003093 12910592
2003094 0
2003353 12910592
2003354 0
2020443 12910592
2020444 0
2020703 12910592
2020704 0
2021283 12910592
2021284 0
2021543 12910592
2021544 0
2038632 12910592
2038633 0
2038892 12910592
2038893 0
2039472 12910592
2039473 0
2039732 12910592
2039733 0
2056222 12910592
2056223 0
2056482 12910592
2056483 0
2057062 12910592
2057063 0
2057322 12910592
2057323 0
2073511 12910592
2073512 0
2073771 12910592
2073772 0
2074351 12910592
2074352 0
2074611 12910592
2074612 0
2092411 12910592
2092412 0
2092641 12910592
2092642 0
2093181 12910592
2093182 0
2093411 12910592
2093412 0
2112040 12910592
2112041 0
2112300 12910592
2112301 0
2112880 12910592
2112881 0
2113140 12910592
2113141 0
2130554 12910592
2130555 0
2130814 12910592
2130815 0
2131394 12910592
2131395 0
2131654 12910592
2131655 0
2149068 12910592
2149069 0
2149328 12910592
2149329 0
2149908 12910592
2149909 0
2150168 12910592
2150169 0
2167582 12910592
2167583 0
2167842 12910592
2167843 0
2168422 12910592
2168423 0
2168682 12910592
2168683 0
2186097 12910592
2186098 0
2186357 12910592
2186358 0
2186937 12910592
2186938 0
2187197 12910592
2187198 0
2204611 12910592
2204612 0
2204871 12910592
2204872 0
2205451 12910592
2205452 0
2205711 12910592
2205712 0
2223125 12910592
2223126 0
2223385 12910592
2223386 0
2223965 12910592
2223966 0
2224225 12910592
2224226 0
2241640 12910592
2241641 0
2241900 12910592
2241901 0
2242480 12910592
2242481 0
2242740 12910592
2242741 0
2260154 12910592
2260155 0
2260414 12910592
2260415 0
2260994 12910592
2260995 0
2261254 12910592
2261255 0
2278668 12910592
2278669 0
2278928 12910592
2278929 0
2279508 12910592
2279509 0
2279768 12910592
2279769 0
2297182 12910592
2297183 0
2297442 12910592
2297443 0
2298022 12910592
2298023 0
2298282 12910592
2298283 0
2315097 12910592
2315098 0
2315357 12910592
2315358 0
2315937 12910592
2315938 0
2316197 12910592
2316198 0
2332711 12910592
2332712 0
2332971 12910592
2332972 0
2333551 12910592
2333552 0
2333811 12910592
2333812 0
2351611 12910592
2351612 0
2351871 12910592
2351872 0
2352451 12910592
2352452 0
2352711 12910592
2352712 0
2370590 12910592
2370591 0
2370850 12910592
2370851 0
2371430 12910592
2371431 0
2371690 12910592
2371691 0
2388779 12910592
2388780 0
2389039 12910592
2389040 0
2389619 12910592
2389620 0
2389879 12910592
2389880 0
2406969 12910592
2406970 0
2407229 12910592
2407230 0
2407809 12910592
2407810 0
2408069 12910592
2408070 0
2425158 12910592
2425159 0
2425418 12910592
2425419 0
2425998 12910592
2425999 0
2426258 12910592
2426259 0
2443348 12910592
2443349 0
2443608 12910592
2443609 0
2444188 12910592
2444189 0
2444448 12910592
2444449 0
2461537 12910592
2461538 0
2461767 12910592
2461768 0
2462307 12910592
2462308 0
2462537 12910592
2462538 0
2479727 12910592
2479728 0
2479987 12910592
2479988 0
2480567 12910592
2480568 0
2480827 12910592
2480828 0
2497916 12910592
2497917 0
2498176 12910592
2498177 0
2498756 12910592
2498757 0
2499016 12910592
2499017 0
2534295 12910592
2534296 0
2534555 12910592
2534556 0
2535135 12910592
2535136 0
2535395 12910592
2535396 0
2552485 12910592
2552486 0
2552745 12910592
2552746 0
2553325 12910592
2553326 0
2553585 12910592
2553586 0
2570674 12910592
2570675 0
2570934 12910592
2570935 0
2571514 12910592
2571515 0
2571774 12910592
2571775 0
2588864 12910592
2588865 0
2589124 12910592
2589125 0
2589704 12910592
2589705 0
2589964 12910592
2589965 0
2607053 12910592
2607054 0
2607313 12910592
2607314 0
2607893 12910592
2607894 0
2608153 12910592
2608154 0
2625243 12910592
2625244 0
2625503 12910592
2625504 0
2626083 12910592
2626084 0
2626343 12910592
2626344 0
2643432 12910592
2643433 0
2643692 12910592
2643693 0
2644272 12910592
2644273 0
2644532 12910592
2644533 0
2661022 12910592
2661023 0
2661282 12910592
2661283 0
2661862 12910592
2661863 0
2662122 12910592
2662123 0
2678311 12910592
2678312 0
2678571 12910592
2678572 0
2679151 12910592
2679152 0
2679411 12910592
2679412 0
2698325 12910592
2698326 0
2698555 12910592
2698556 0
2699095 12910592
2699096 0
2699325 12910592
2699326 0
2716840 12910592
2716841 0
2717100 12910592
2717101 0
2717680 12910592
2717681 0
2717940 12910592
2717941 0
2735354 12910592
2735355 0
2735614 12910592
2735615 0
2736194 12910592
2736195 0
2736454 12910592
2736455 0
2753868 12910592
2753869 0
2754128 12910592
2754129 0
2754708 12910592
2754709 0
2754968 12910592
2754969 0
2772382 12910592
2772383 0
2772642 12910592
2772643 0
2773222 12910592
2773223 0
2773482 12910592
2773483 0
2790897 12910592
2790898 0
2791157 12910592
2791158 0
2791737 12910592
2791738 0
2791997 12910592
2791998 0
2809411 12910592
2809412 0
2809671 12910592
2809672 0
2810251 12910592
2810252 0
2810511 12910592
2810512 0
2827925 12910592
2827926 0
2828185 12910592
2828186 0
2828765 12910592
2828766 0
2829025 12910592
2829026 0
2846440 12910592
2846441 0
2846700 12910592
2846701 0
2847280 12910592
2847281 0
2847540 12910592
2847541 0
2864954 12910592
2864955 0
2865214 12910592
2865215 0
2865794 12910592
2865795 0
2866054 12910592
2866055 0
2883468 12910592
2883469 0
2883728 12910592
2883729 0
2884308 12910592
2884309 0
2884568 12910592
2884569 0
2901982 12910592
2901983 0
2902242 12910592
2902243 0
2902822 12910592
2902823 0
2903082 12910592
2903083 0
2919897 12910592
2919898 0
2920157 12910592
2920158 0
2920737 12910592
2920738 0
2920997 12910592
2920998 0
2937511 12910592
2937512 0
2937771 12910592
2937772 0
2938351 12910592
2938352 0
2938611 12910592
2938612 0
2956411 12910592
2956412 0
2956671 12910592
2956672 0
2957251 12910592
2957252 0
2957511 12910592
2957512 0
2975390 12910592
2975391 0
2975650 12910592
2975651 0
2976230 12910592
2976231 0
2976490 12910592
2976491 0
2993579 12910592
2993580 0
2993839 12910592
2993840 0
2994419 12910592
2994420 0
2994679 12910592
2994680 0
3011769 12910592
3011770 0
3012029 12910592
3012030 0
3012609 12910592
3012610 0
3012869 12910592
3012870 0
3029958 12910592
3029959 0
3030218 12910592
3030219 0
3030798 12910592
3030799 0
3031058 12910592
3031059 0
3048148 12910592
3048149 0
3048408 12910592
3048409 0
3048988 12910592
3048989 0
3049248 12910592
3049249 0
3066337 12910592
3066338 0
3066567 12910592
3066568 0
3067107 12910592
3067108 0
3067337 12910592
3067338 0
3084527 12910592
3084528 0
3084787 12910592
3084788 0
3085367 12910592
3085368 0
3085627 12910592
3085628 0
3102716 12910592
3102717 0
3102976 12910592
3102977 0
3103556 12910592
3103557 0
3103816 12910592
3103817 0
3120906 12910592
3120907 0
3121166 12910592
3121167 0
3121746 12910592
3121747 0
3122006 12910592
3122007 0
3137311 12910592
3137312 0
3137541 12910592
3137542 0
3138081 12910592
3138082 0
3138311 12910592
3138312 0
3157285 12910592
3157286 0
3157545 12910592
3157546 0
3158125 12910592
3158126 0
3158385 12910592
3158386 0
3175474 12910592
3175475 0
3175734 12910592
3175735 0
3176314 12910592
3176315 0
3176574 12910592
3176575 0
3193664 12910592
3193665 0
3193924 12910592
3193925 0
3194504 12910592
3194505 0
3194764 12910592
3194765 0
3211853 12910592
3211854 0
3212113 12910592
3212114 0
3212693 12910592
3212694 0
3212953 12910592
3212954 0
3230043 12910592
3230044 0
3230303 12910592
3230304 0
3230883 12910592
3230884 0
3231143 12910592
3231144 0
3248232 12910592
3248233 0
3248492 12910592
3248493 0
3249072 12910592
3249073 0
3249332 12910592
3249333 0
3265822 12910592
3265823 0
3266082 12910592
3266083 0
3266662 12910592
3266663 0
3266922 12910592
3266923 0
3283111 12910592
3283112 0
3283371 12910592
3283372 0
3283951 12910592
3283952 0
3284211 12910592
3284212 0
3303125 12910592
3303126 0
3303355 12910592
3303356 0
3303895 12910592
3303896 0
3304125 12910592
3304126 0
3321640 12910592
3321641 0
3321900 12910592
3321901 0
3322480 12910592
3322481 0
3322740 12910592
3322741 0
3340154 12910592
3340155 0
3340414 12910592
3340415 0
3340994 12910592
3340995 0
3341254 12910592
3341255 0
3358668 12910592
3358669 0
3358928 12910592
3358929 0
3359508 12910592
3359509 0
3359768 12910592
3359769 0
3377182 12910592
3377183 0
3377442 12910592
3377443 0
3378022 12910592
3378023 0
3378282 12910592
3378283 0
3395697 12910592
3395698 0
3395957 12910592
3395958 0
3396537 12910592
3396538 0
3396797 12910592
3396798 0
3414211 12910592
3414212 0
3414471 12910592
3414472 0
3415051 12910592
3415052 0
3415311 12910592
3415312 0
3432725 12910592
3432726 0
3432985 12910592
3432986 0
3433565 12910592
3433566 0
3433825 12910592
3433826 0
3451240 12910592
3451241 0
3451500 12910592
3451501 0
3452080 12910592
3452081 0
3452340 12910592
3452341 0
3469754 12910592
3469755 0
3470014 12910592
3470015 0
3470594 12910592
3470595 0
3470854 12910592
3470855 0
3488268 12910592
3488269 0
3488528 12910592
3488529 0
3489108 12910592
3489109 0
3489368 12910592
3489369 0
3506782 12910592
3506783 0
3507042 12910592
3507043 0
3507622 12910592
3507623 0
3507882 12910592
3507883 0
3524697 12910592
3524698 0
3524957 12910592
3524958 0
3525537 12910592
3525538 0
3525797 12910592
3525798 0
3542311 12910592
3542312 0
3542571 12910592
3542572 0
3543151 12910592
3543152 0
3543411 12910592
3543412 0
3562000 12910592
3562001 0
3562260 12910592
3562261 0
3562840 12910592
3562841 0
3563100 12910592
3563101 0
3582561 12910592
3582562 0
3582821 12910592
3582822 0
3583401 12910592
3583402 0
3583661 12910592
3583662 0
3596961 12910592
3596962 0
3597221 12910592
3597222 0
3597801 12910592
3597802 0
3598061 12910592
3598062 0
3616569 12910592
3616570 0
3616829 12910592
3616830 0
3617409 12910592
3617410 0
3617669 12910592
3617670 0
3634758 12910592
3634759 0
3635018 12910592
3635019 0
3635598 12910592
3635599 0
3635858 12910592
3635859 0
3652948 12910592
3652949 0
3653208 12910592
3653209 0
3653788 12910592
3653789 0
3654048 12910592
3654049 0
3671137 12910592
3671138 0
3671367 12910592
3671368 0
3671907 12910592
3671908 0
3672137 12910592
3672138 0
3689327 12910592
3689328 0
3689587 12910592
3689588 0
3690167 12910592
3690168 0
3690427 12910592
3690428 0
3707516 12910592
3707517 0
3707776 12910592
3707777 0
3708356 12910592
3708357 0
3708616 12910592
3708617 0
3725706 12910592
3725707 0
3725966 12910592
3725967 0
3726546 12910592
3726547 0
3726806 12910592
3726807 0
3743895 12910592
3743896 0
3744155 12910592
3744156 0
3744735 12910592
3744736 0
3744995 12910592
3744996 0
3762085 12910592
3762086 0
3762345 12910592
3762346 0
3762925 12910592
3762926 0
3763185 12910592
3763186 0
3780274 12910592
3780275 0
3780534 12910592
3780535 0
3781114 12910592
3781115 0
3781374 12910592
3781375 0
3798464 12910592
3798465 0
3798724 12910592
3798725 0
3799304 12910592
3799305 0
3799564 12910592
3799565 0
3816653 12910592
3816654 0
3816913 12910592
3816914 0
3817493 12910592
3817494 0
3817753 12910592
3817754 0
3834843 12910592
3834844 0
3835103 12910592
3835104 0
3835683 12910592
3835684 0
3835943 12910592
3835944 0
3853032 12910592
3853033 0
3853292 12910592
3853293 0
3853872 12910592
3853873 0
3854132 12910592
3854133 0
3870622 12910592
3870623 0
3870882 12910592
3870883 0
3871462 12910592
3871463 0
3871722 12910592
3871723 0
3887911 12910592
3887912 0
3888171 12910592
3888172 0
3888751 12910592
3888752 0
3889011 12910592
3889012 0
3906811 12910592
3906812 0
3907041 12910592
3907042 0
3907581 12910592
3907582 0
3907811 12910592
3907812 0
3926440 12910592
3926441 0
3926700 12910592
3926701 0
3927280 12910592
3927281 0
3927540 12910592
3927541 0
3944954 12910592
3944955 0
3945214 12910592
3945215 0
3945794 12910592
3945795 0
3946054 12910592
3946055 0
3963468 12910592
3963469 0
3963728 12910592
3963729 0
3964308 12910592
3964309 0
3964568 12910592
3964569 0
3981982 12910592
3981983 0
3982242 12910592
3982243 0
3982822 12910592
3982823 0
3983082 12910592
3983083 0
4000497 12910592
4000498 0
4000757 12910592
4000758 0
4001337 12910592
4001338 0
4001597 12910592
4001598 0
4019011 12910592
4019012 0
4019271 12910592
4019272 0
4019851 12910592
4019852 0
4020111 12910592
4020112 0
4037525 12910592
4037526 0
4037785 12910592
4037786 0
4038365 12910592
4038366 0
4038625 12910592
4038626 0
4056040 12910592
4056041 0
4056300 12910592
4056301 0
4056880 12910592
4056881 0
4057140 12910592
4057141 0
4074554 12910592
4074555 0
4074814 12910592
4074815 0
4075394 12910592
4075395 0
4075654 12910592
4075655 0
4093068 12910592
4093069 0
4093328 12910592
4093329 0
4093908 12910592
4093909 0
4094168 12910592
4094169 0
4111582 12910592
4111583 0
4111842 12910592
4111843 0
4112422 12910592
4112423 0
4112682 12910592
4112683 0
4129497 12910592
4129498 0
4129757 12910592
4129758 0
4130337 12910592
4130338 0
4130597 12910592
4130598 0
4147111 12910592
4147112 0
4147371 12910592
4147372 0
4147951 12910592
4147952 0
4148211 12910592
4148212 0
4166011 12910592
4166012 0
4166271 12910592
4166272 0
4166851 12910592
4166852 0
4167111 12910592
4167112 0
4184990 12910592
4184991 0
4185250 12910592
4185251 0
4185830 12910592
4185831 0
4186090 12910592
4186091 0
4203179 12910592
4203180 0
4203439 12910592
4203440 0
4204019 12910592
4204020 0
4204279 12910592
4204280 0
4221369 12910592
4221370 0
4221629 12910592
4221630 0
4222209 12910592
4222210 0
4222469 12910592
4222470 0
4239558 12910592
4239559 0
4239818 12910592
4239819 0
4240398 12910592
4240399 0
4240658 12910592
4240659 0
4257748 12910592
4257749 0
4258008 12910592
4258009 0
4258588 12910592
4258589 0
4258848 12910592
4258849 0
4275937 12910592
4275938 0
4276167 12910592
4276168 0
4276707 12910592
4276708 0
4276937 12910592
4276938 0
4363111 12910592
4363112 0
4363371 12910592
4363372 0
4 events for M
866412 0
866413 18
3285612 0
3285613 18
3 events for N
770732 90
781652 3500
805712 0
