14 instruments
A 10 100 6499613.0472409306 3333330256.035996
B 10 100 38499.176269411204 51488453.781630412
C 10 100 177168740.44080633 781629408.46013641
D 10 100 20805.899747385713 886615046.05336845
E 10 100 40786.332763907049 54547276.407707497
F 10 100 431759.25152321503 367151977.05994737
G 10 100 2238.0782914523293 612647607.58318675
H 10 100 22018.298358889329 159480658.09969637
I 10 100 54084010.43300014 1720684275.4783733
J 10 100 0.00018113117344584602 933503441.77673233
K 10 100 804865230.11019051 7419592213.7182751
L 10 100 1991925.5289842244 689098561.3783263
M 10 100 2419.0747377101388 662193255.831689
N 10 100 20927.686835728317 891804836.74978614
60 downlinks
0 4798 53082 56661.696495999997
1 53083 65378 56748.807657999998
2 69583 81788 58852.465277000003
3 101982 128282 17334.486729
4 134983 177358 60764.045818999999
5 177359 224775 24005.080918
6 232481 236678 18969.341575999999
7 242081 263441 18036.499982000001
8 286480 298552 52719.905522000001
9 307554 338163 54389.954824
10 362078 373852 17991.02982
11 393839 435558 61717.871531999997
12 436206 481755 24930.695499000001
13 500677 524316 22398.438724
14 539312 567759 17244.778962
15 570575 582913 18220.925300999999
16 599675 611235 58678.576760000004
17 614434 654273 58555.537063999996
18 654274 669159 18992.23504
19 686974 723495 13796.402593000001
20 738990 777271 59962.626314000001
21 777272 783181 23204.996364999999
22 800612 823747 60314.874481999999
23 826171 842579 18020.649063000001
24 884912 912352 17416.188300000002
25 938369 958655 17116.766715000002
26 959367 965865 60234.572946
27 969867 989960 16963.427941999998
28 997858 1040196 60809.052052999999
29 1040197 1065276 23716.228502000002
30 1065865 1073367 18029.108412000001
31 1077025 1080105 60100.563959999999
32 1144112 1170537 17729.224104000001
33 1203863 1215945 17589.138943000002
34 1218621 1250960 58302.529763999999
35 1250961 1268405 18080.346756999999
36 1276761 1304397 55874.873438000002
37 1310359 1333585 60291.091052000003
38 1343024 1385346 60832.041154999999
39 1385347 1423456 24945.773354000001
40 1423457 1447270 18650.039686
41 1489712 1515327 17801.393711000001
42 1515760 1518903 18241.361444999999
43 1535354 1558187 24067.369501000001
44 1559352 1583335 56712.888793999999
45 1609452 1618307 58370.132263
46 1621823 1642663 58005.525035999999
47 1644214 1682049 24930.123806
48 1682050 1703223 16739.689300999999
49 1748912 1773479 18181.419744999999
50 1795447 1821063 18610.315675999998
51 1822505 1860893 59847.283359000001
52 1862345 1878420 18063.419893999999
53 1883045 1907850 18186.627066000001
54 1908902 1924749 56843.492619999997
55 1947082 1980541 9175.5815739999998
56 1980542 1992031 9288.5908459999991
57 1995299 2033298 29976.478185
58 2035439 2052476 8340.6453669999992
59 2061839 2072142 28164.287346000001
0 opportunities for A
0 opportunities for B
0 opportunities for C
0 opportunities for D
0 opportunities for E
0 opportunities for F
0 opportunities for G
0 opportunities for H
0 opportunities for I
0 opportunities for J
0 opportunities for K
0 opportunities for L
0 opportunities for M
0 opportunities for N
2 events for A
866972 0
866973 2650
2 events for B
866730 0
866731 18
158 events for C
26705 1727
33904 2754
62705 1727
69904 2754
98705 1727
105904 2754
150905 1727
159904 1830
186905 1727
195904 1830
222905 1727
222915 3917
231904 4021
242704 4944
244515 2754
258605 1727
280504 2754
294905 1727
302104 2754
330905 1727
338104 1830
370505 1727
377704 1830
406505 1727
413704 1830
442505 1727
449704 2754
480305 1727
487504 2754
519305 1727
522015 1664
522315 1727
525315 3917
537904 4944
555905 3917
561304 4944
588305 3917
590115 1727
599104 2754
611677 1471
627905 444
635104 1471
663905 444
671104 1471
699905 444
707104 1471
708915 3662
752105 2635
761104 2738
763706 2685
789905 2581
800704 3608
812906 3662
813315 1471
825905 444
833104 548
864905 444
865182 0
865183 444
867315 382
867615 444
883504 548
901505 444
906904 1471
914115 3662
914137 4944
935705 3917
946504 4944
950115 2754
957337 1471
966304 548
975305 444
982504 548
996686 798
1011305 695
1018504 798
1040126 548
1047305 444
1058104 1471
1086905 444
1094104 1471
1123805 444
1144504 1471
1158905 444
1166104 1471
1194905 444
1202104 1471
1212915 1409
1213215 1471
1230905 444
1239904 548
1263315 2738
1268705 2635
1275904 2738
1299315 548
1304705 444
1310104 548
1322705 444
1331704 548
1358705 444
1367704 548
1385715 485
1386015 2738
1394705 2635
1403704 3662
1410937 4944
1432505 3917
1439704 4944
1454082 5195
1469405 4168
1488304 5195
1497326 4944
1497337 3662
1500915 1471
1506305 444
1511704 1471
1522504 548
1542305 444
1551304 548
1562115 485
1562415 548
1580105 444
1587304 1471
1616105 444
1626904 548
1652105 444
1659304 548
1691705 444
1698904 548
1728905 444
1731315 382
1731615 444
1749304 548
1763705 444
1770904 548
1770915 2738
1799705 2635
1806904 3662
1835705 2635
1842904 2738
1850115 548
1850126 798
1873505 695
1882504 798
1904115 736
1904126 485
1904415 548
1909505 444
1914904 548
1927505 444
1936504 548
1963505 444
1972504 548
1999505 444
2008504 1471
2037305 444
2044504 548
2074505 444
56 events for D
14360 4214960
14364 0
14790 4214960
14794 0
15530 4214960
15534 0
15960 4214960
15964 0
280795 4214960
280799 0
281225 4214960
281229 0
281965 4214960
281969 0
282395 4214960
282399 0
649921 4214960
649925 0
650351 4214960
650355 0
651091 4214960
651095 0
651521 4214960
651525 0
885595 4214960
885599 0
886025 4214960
886029 0
886765 4214960
886769 0
887195 4214960
887199 0
1254721 4214960
1254725 0
1255151 4214960
1255155 0
1255891 4214960
1255895 0
1256321 4214960
1256325 0
1490395 4214960
1490399 0
1490825 4214960
1490829 0
1491565 4214960
1491569 0
1491995 4214960
1491999 0
1859521 4214960
1859525 0
1859951 4214960
1859955 0
1860691 4214960
1860695 0
1861121 4214960
1861125 0
2 events for E
866412 0
866413 18
68 events for F
262252 0
262852 185
867052 0
885712 20
885892 0
888052 20
888232 0
888292 62
934732 0
935392 20
935572 0
937732 20
937912 0
937972 62
984412 0
984532 20
984712 289
997972 0
1017352 20
1031924 0
1032584 20
1032764 0
1034924 20
1035104 0
1035164 62
1081604 0
1082384 20
1230652 0
1231432 20
1231612 0
1233772 20
1233952 0
1234012 53
1287472 0
1288132 20
1288312 0
1290472 20
1290652 0
1290712 53
1344172 0
1344832 20
1345012 0
1347172 20
1347352 0
1347412 53
1400872 0
1401532 20
1401712 0
1403872 20
1404052 0
1404112 53
1457572 0
1457692 20
1457872 252
1472092 0
1749712 20
1749892 0
1752052 20
1752232 0
1752292 28
2006092 0
2006752 20
2006932 0
2009092 20
2009272 0
2009332 56
2077012 0
2077252 243
60 events for G
26230 0
53523 3276
68523 0
68583 873
97383 0
142465 3276
157465 0
157525 873
186325 0
213618 3276
228618 0
228678 873
257478 0
397308 3276
412308 0
412368 873
441168 0
559833 873
588633 0
632591 873
661391 0
781236 3276
796236 0
796296 873
825096 0
882854 4096
891054 0
980140 4096
988340 0
1054197 4096
1062397 0
1142054 4096
1150254 0
1164633 665
1193793 0
1237391 4096
1245591 0
1310149 4096
1318349 0
1401096 4096
1409296 0
1487654 4096
1495854 0
1584940 4096
1593140 0
1658997 4096
1667197 0
1746854 4096
1755054 0
1769433 665
1798593 0
1842191 4096
1850391 0
1914949 4096
1923149 0
2005896 4096
2014096 0
2092454 1365
2092634 0
2094434 1365
149 events for H
1135 906
12744 0
17124 906
30532 0
36712 906
48320 0
51479 906
66108 0
72288 906
83897 0
86177 906
94679 0
96059 593
100689 0
107565 593
111409 0
113099 593
118989 0
122699 593
126649 0
128459 593
134940 0
140249 1500
146269 0
147569 1500
153589 0
163859 215
175279 0
232383 906
243391 0
248579 906
256979 0
283859 906
298808 0
304988 906
317322 0
318822 906
335836 0
379045 906
391379 0
392879 906
409593 0
468016 906
483779 0
490430 906
497579 0
499319 906
501865 0
503965 906
519479 0
570659 906
571439 0
578127 906
593737 0
599917 906
611926 0
657059 906
657839 0
709054 906
721063 0
723343 906
740198 0
819059 906
819839 0
888659 906
902579 0
909788 906
940636 0
946816 906
958979 0
961430 906
977665 0
983845 906
996179 0
997679 906
1002179 0
1048259 906
1049309 0
1145759 906
1162158 0
1168338 906
1174979 0
1175999 906
1180019 0
1182499 906
1198499 0
1204717 906
1216426 0
1219006 906
1234676 0
1241096 906
1252745 0
1256705 906
1270875 0
1321645 906
1322675 0
1405480 906
1406220 0
1441170 1500
1446349 0
1451849 479
1453089 0
1454569 479
1456679 1500
1462659 0
1468319 479
1470379 0
1492419 906
1507561 0
1514879 906
1524309 0
1529502 906
1545136 0
1551616 906
1563650 0
1566530 906
1582465 0
1588645 906
1600679 0
1603559 906
1619193 0
1625159 1087
1627869 0
1628373 215
1639793 0
1699719 1600
1709904 0
1714859 906
1715759 1500
1722242 0
1723309 1500
1726209 0
1750559 906
1766958 0
1773138 906
1785147 0
1786647 906
1803337 0
1809517 906
1821526 0
1847206 906
1847946 0
1928206 906
1928956 0
2046140 593
2056829 0
2059669 906
2060419 593
2073259 0
30 events for I
6957 1642
13022 2414
14862 1642
50457 2414
93057 1642
279457 2414
281297 1642
412471 2414
482157 1642
648583 2414
650423 1642
865257 0
865258 1285
884257 2414
886097 1285
1217204 2057
1233054 1285
1237494 2057
1253383 2414
1255623 2057
1269253 1285
1489057 2414
1490897 1285
1858183 2414
1860023 1285
1878673 2057
1929041 706
2042997 2057
2074857 706
2093857 2414
254 events for J
5381 12910592
5382 0
17621 1089536
17622 0
26686 12910592
26687 0
36881 12910592
36882 0
46486 12910592
46487 0
55481 12910592
55482 0
64481 1089536
64482 0
73781 12910592
73782 0
82181 1089536
82182 0
89681 12910592
89682 0
93586 12910592
93587 0
232606 12910592
232607 0
235481 1089536
235482 0
239081 12910592
239082 0
242861 12910592
242862 0
249881 1089536
249882 0
253186 12910592
253187 0
256481 12910592
256482 0
284081 12910592
284082 0
291161 1089536
291162 0
298301 12910592
298302 0
305206 12910592
305207 0
310481 1089536
310482 0
316781 12910592
316782 0
320081 12910592
320082 0
325486 12910592
325487 0
330881 1089536
330882 0
335321 12910592
335322 0
379241 12910592
379242 0
383081 1089536
383082 0
386686 12910592
386687 0
390881 1089536
390882 0
394181 12910592
394182 0
396881 12910592
396882 0
402881 1089536
402882 0
405706 12910592
405707 0
468526 12910592
468527 0
473081 12910592
473082 0
478181 1089536
478182 0
482681 12910592
482682 0
490906 12910592
490907 0
505241 12910592
505242 0
509081 1089536
509082 0
512681 12910592
512682 0
516281 1089536
516282 0
518981 12910592
518982 0
578321 12910592
578322 0
582286 12910592
582287 0
585881 1089536
585882 0
589481 12910592
589482 0
593201 1089536
593202 0
600101 12910592
600102 0
603706 12910592
603707 0
607301 1089536
607302 0
611381 12910592
611382 0
709241 12910592
709242 0
712846 12910592
712847 0
716441 1089536
716442 0
720521 12910592
720522 0
723821 1089536
723822 0
727421 12910592
727422 0
731021 1089536
731022 0
734626 12910592
734627 0
738701 12910592
738702 0
889786 12910592
889787 0
894431 12910592
894432 0
902081 12910592
902082 0
910015 12910592
910016 0
921474 12910592
921475 0
940138 12910592
940139 0
947038 12910592
947039 0
949519 12910592
949520 0
953681 12910592
953682 0
957282 12910592
957283 0
961957 12910592
961958 0
969559 12910592
969560 0
977167 12910592
977168 0
984299 12910592
984300 0
991481 12910592
991482 0
1001681 12910592
1001682 0
1145981 12910592
1145982 0
1153820 12910592
1153821 0
1168560 12910592
1168561 0
1174186 12910592
1174187 0
1183449 12910592
1183450 0
1190744 12910592
1190745 0
1196386 12910592
1196387 0
1207481 12910592
1207482 0
1215282 12910592
1215283 0
1219528 12910592
1219529 0
1223253 12910592
1223254 0
1226853 12910592
1226854 0
1234178 12910592
1234179 0
1241743 12910592
1241744 0
1250687 12910592
1250688 0
1258187 12910592
1258188 0
1264366 12910592
1264367 0
1270377 12910592
1270378 0
1494311 12910592
1494312 0
1506281 12910592
1506282 0
1514810 12910592
1514811 0
1519760 12910592
1519761 0
1521886 12910592
1521887 0
1530024 12910592
1530025 0
1538081 12910592
1538082 0
1543366 12910592
1543367 0
1553081 12910592
1553082 0
1559680 12910592
1559681 0
1560882 12910592
1560883 0
1567057 12910592
1567058 0
1573781 12910592
1573782 0
1581967 12910592
1581968 0
1588872 12910592
1588873 0
1594524 12910592
1594525 0
1600181 12910592
1600182 0
1611388 12910592
1611389 0
1618695 12910592
1618696 0
1750786 12910592
1750787 0
1762220 12910592
1762221 0
1773365 12910592
1773366 0
1784649 12910592
1784650 0
1787949 12910592
1787950 0
1795394 12910592
1795395 0
1802839 12910592
1802840 0
1809881 12910592
1809882 0
1815881 12910592
1815882 0
1820986 12910592
1820987 0
508 events for K
95265 718864
95266 0
95875 718864
95876 0
96506 3748528
96509 0
96765 718864
96766 0
97375 718864
97376 0
98006 3748528
98009 0
98265 718864
98266 0
98875 718864
98876 0
99506 3748528
99509 0
107025 718864
107026 0
107635 718864
107636 0
108266 3748528
108269 0
108525 718864
108526 0
109135 718864
109136 0
109766 3748528
109769 0
110025 718864
110026 0
110635 718864
110636 0
111266 3748528
111269 0
141686 4313184
141687 2310336
141688 0
141817 4313184
141819 0
141962 192528
141963 0
142267 2156592
142268 0
142586 3594320
142587 962640
142588 0
142634 3594320
142635 962640
142636 0
142905 718864
142906 0
142915 718864
142916 0
142925 718864
142926 0
142935 718864
142936 0
142945 718864
142946 0
142955 718864
142956 0
142965 718864
142966 0
142975 718864
142976 0
142985 718864
142986 0
142995 718864
142996 0
143005 718864
143006 0
143015 718864
143016 0
143025 718864
143026 0
143035 718864
143036 0
143045 718864
143046 0
143055 718864
143056 0
143065 718864
143066 0
143085 192528
143086 0
143095 192528
143096 0
143105 192528
143106 0
143115 192528
143116 0
143125 192528
143126 0
143135 192528
143136 0
143145 192528
143146 0
143155 192528
143156 0
143165 192528
143166 0
143175 192528
143176 0
143185 192528
143186 0
143195 192528
143196 0
143205 192528
143206 0
248786 4494818
248787 3748528
248790 0
248796 4494818
248801 0
248846 4494818
248851 0
248906 4494818
248907 3748528
248910 0
248916 4494818
248921 0
248966 4494818
248971 0
249026 4494818
249031 0
249036 4494818
249041 0
249086 4494818
249087 3748528
249090 0
252986 4494818
252987 3748528
252990 0
252996 4494818
253001 0
253046 4494818
253051 0
253106 4494818
253107 3748528
253110 0
253116 4494818
253121 0
253166 4494818
253171 0
253226 4494818
253231 0
253236 4494818
253241 0
253286 4494818
253287 3748528
253290 0
290210 82880
290211 0
290220 82880
290221 0
290230 82880
290231 0
290261 82880
290262 0
290271 82880
290272 0
290281 82880
290282 0
339662 3748528
339665 0
343262 3748528
343265 0
346862 3748528
346865 0
350462 3748528
350465 0
353882 3748528
353885 0
356076 3748528
356079 0
359676 3748528
359679 0
363276 3748528
363279 0
366876 3748528
366879 0
370476 3748528
370479 0
376691 3748528
376694 0
380291 3748528
380294 0
383891 3748528
383894 0
387491 3748528
387494 0
390911 3748528
390914 0
393105 3748528
393108 0
396705 3748528
396708 0
398279 3748528
398282 0
398289 3748528
398292 0
398879 3748528
398882 0
398889 3748528
398892 0
401193 3748528
401196 0
401203 3748528
401206 0
401793 3748528
401796 0
401803 3748528
401806 0
408093 3748528
408096 0
408103 3748528
408106 0
408693 3748528
408696 0
408703 3748528
408706 0
426693 3748528
426696 0
426703 3748528
426706 0
427293 3748528
427296 0
427303 3748528
427306 0
490176 2824208
490177 0
490296 2824208
490297 0
490416 2824208
490417 0
490896 2824208
490897 0
491016 2824208
491017 0
491136 2824208
491137 0
491616 2824208
491617 0
491736 2824208
491737 0
491856 2824208
491857 0
492336 2824208
492337 0
492456 2824208
492457 0
492576 2824208
492577 0
493056 2824208
493057 0
493176 2824208
493177 0
493296 2824208
493297 0
493776 2824208
493777 0
493896 2824208
493897 0
494016 2824208
494017 0
494496 2824208
494497 0
494616 2824208
494617 0
494736 2824208
494737 0
495216 2824208
495217 0
495336 2824208
495337 0
495456 2824208
495457 0
495936 2824208
495937 0
496056 2824208
496057 0
496176 2824208
496177 0
496596 2824208
496597 0
496716 2824208
496717 0
496836 2824208
496837 0
497376 2824208
497377 0
497496 2824208
497497 0
497616 2824208
497617 0
500291 2824208
500292 0
500382 3748528
500385 0
500591 2824208
500592 0
500661 2824208
500662 0
500872 3765611
500875 0
504191 2824208
504192 0
504282 3748528
504285 0
504491 2824208
504492 0
504561 2824208
504562 0
504772 3765611
504775 0
506291 2824208
506292 0
506382 3748528
506385 0
506591 2824208
506592 0
506661 2824208
506662 0
506872 3765611
506875 0
507791 2824208
507792 0
507882 3748528
507885 0
508091 2824208
508092 0
508161 2824208
508162 0
508372 3765611
508375 0
517905 2824208
517906 0
517996 3748528
517999 0
518205 2824208
518206 0
518275 2824208
518276 0
518486 3765611
518489 0
577253 3748528
577256 0
577268 5000000
577286 0
579053 3748528
579056 0
579068 5000000
579086 0
580853 3748528
580856 0
580868 5000000
580886 0
582653 3748528
582656 0
582668 5000000
582686 0
584453 3748528
584456 0
584468 5000000
584486 0
586253 3748528
586256 0
586268 5000000
586286 0
588053 3748528
588056 0
588068 5000000
588086 0
589853 3748528
589856 0
589868 5000000
589886 0
591653 3748528
591656 0
591668 5000000
591686 0
597543 3748528
597546 0
597558 5000000
597576 0
599343 3748528
599346 0
599358 5000000
599376 0
601143 3748528
601146 0
601158 5000000
601176 0
602943 3748528
602946 0
602958 5000000
602976 0
604743 3748528
604746 0
604758 5000000
604776 0
606543 3748528
606546 0
606558 5000000
606576 0
608343 3748528
608346 0
608358 5000000
608376 0
610143 3748528
610146 0
610158 5000000
610176 0
656205 3748528
656208 0
656225 3748528
656228 0
656245 3748528
656248 0
662505 3748528
662508 0
662525 3748528
662528 0
662545 3748528
662548 0
670321 3748528
670324 0
670341 3748528
670344 0
670361 3748528
670364 0
676621 3748528
676624 0
676641 3748528
676644 0
676661 3748528
676664 0
682921 3748528
682924 0
682941 3748528
682944 0
682961 3748528
682964 0
688321 3748528
688324 0
688341 3748528
688344 0
688361 3748528
688364 0
693121 3748528
693124 0
693141 3748528
693144 0
693161 3748528
693164 0
697921 3748528
697924 0
697941 3748528
697944 0
697961 3748528
697964 0
701900 3748528
701903 0
701920 3748528
701923 0
701940 3748528
701943 0
1060946 226158674
1060951 0
1082546 20242052
1082551 0
1104146 20242052
1104151 0
1168946 178452312
1168948 8996469
1168953 0
1298546 18598775
1298551 0
1320146 22542416
1320151 0
1341746 57946826
1341751 0
1363346 112491168
1363351 0
1384946 89992935
1384951 0
1445609 90225847
1445610 99456
1445611 17992937
1445616 0
1514547 36047367
1514552 0
1536147 39436416
1536152 0
1644147 79610631
1644152 0
1665747 77494701
1665752 0
1773747 73767533
1773752 0
1795347 221441780
1795352 0
2054547 47723996
2054552 0
2071497 12683312
2071502 0
21 events for L
263716 0
281236 1370
522916 0
540436 1370
868516 0
886216 600
886396 1300
1126276 600
1126476 0
1145416 600
1145596 1300
1472760 700
1472805 0
1491016 600
1491256 1300
1732076 700
1732121 0
1750216 600
1750456 1300
2077416 700
2077461 0
57 events for M
28683 0
55976 3276
70976 0
71036 873
99836 0
144918 3276
159918 0
159978 873
188778 0
216071 3276
231071 0
231131 873
259931 0
399761 3276
414761 0
414821 873
443621 0
562286 873
591086 0
635044 873
663844 0
783689 3276
798689 0
798749 873
827549 0
885307 4096
893507 0
982593 4096
990793 0
1056650 4096
1064850 0
1144507 4096
1152707 0
1167086 665
1196246 0
1239844 4096
1248044 0
1312602 4096
1320802 0
1403549 4096
1411749 0
1490107 4096
1498307 0
1587393 4096
1595593 0
1661450 4096
1669650 0
1749307 4096
1757507 0
1771886 665
1801046 0
1844644 4096
1852844 0
1917402 4096
1925602 0
2008349 4096
2016549 0
56 events for N
14789 4214960
14793 0
15219 4214960
15223 0
15959 4214960
15963 0
16389 4214960
16393 0
281224 4214960
281228 0
281654 4214960
281658 0
282394 4214960
282398 0
282824 4214960
282828 0
650350 4214960
650354 0
650780 4214960
650784 0
651520 4214960
651524 0
651950 4214960
651954 0
886024 4214960
886028 0
886454 4214960
886458 0
887194 4214960
887198 0
887624 4214960
887628 0
1255150 4214960
1255154 0
1255580 4214960
1255584 0
1256320 4214960
1256324 0
1256750 4214960
1256754 0
1490824 4214960
1490828 0
1491254 4214960
1491258 0
1491994 4214960
1491998 0
1492424 4214960
1492428 0
1859950 4214960
1859954 0
1860380 4214960
1860384 0
1861120 4214960
1861124 0
1861550 4214960
1861554 0
