14 instruments
A 10 100 54084010.43300014 1720684275.4783733
B 10 100 2419.0747377101388 662193255.831689
C 10 100 199466000 880000000
D 10 100 0 276873309.16802311
E 10 100 24955.266722182481 180753403.14844713
F 10 100 23264.147255000564 168504461.78361657
G 10 100 45126217.813212499 1435691857.5629289
H 10 100 40786.332763907049 54547276.407707497
I 10 100 7196.0339286610251 2810950753.383213
J 10 100 37632 50328700
K 10 100 0 296462475.07613176
L 10 100 20927.686835728317 891804836.74978614
M 10 100 183507440.74517861 809594356.20986629
N 10 100 2338 640000000
60 downlinks
0 1 23814 18650.039686
1 66256 91871 17801.393711000001
2 92304 95447 18241.361444999999
3 111898 134731 24067.369501000001
4 135896 159879 56712.888793999999
5 185996 194851 58370.132263
6 198367 219207 58005.525035999999
7 220758 258593 24930.123806
8 258594 279767 16739.689300999999
9 325456 350023 18181.419744999999
10 371991 397607 18610.315675999998
11 399049 437437 59847.283359000001
12 438889 454964 18063.419893999999
13 459589 484394 18186.627066000001
14 485446 501293 56843.492619999997
15 523626 557085 9175.5815739999998
16 557086 568575 9288.5908459999991
17 571843 609842 29976.478185
18 611983 629020 8340.6453669999992
19 638383 648686 28164.287346000001
20 671056 693639 9615.6592349999992
21 715781 744277 8936.4976299999998
22 744278 748101 29078.912095
23 763778 771225 8738.7729049999998
24 789406 824795 9283.3064869999998
25 824796 870574 9136.56639
26 870575 886982 8867.2325060000003
27 902409 906815 30843.021497000002
28 930256 947025 8651.5363890000008
29 948572 971479 8598.6086899999991
30 974372 1002868 28620.571626000001
31 1002869 1013789 29488.2804
32 1017029 1039429 29574.456625999999
33 1045469 1058806 8990.2936559999998
34 1061369 1090251 27889.095755999999
35 1092266 1102395 27279.489213000001
36 1105246 1108471 29339.122920000002
37 1114766 1123592 30467.823106
38 1133066 1144616 9273.8508989999991
39 1147871 1169107 28091.132868000001
40 1169969 1214008 9462.077765
41 1214009 1229342 8739.387213
42 1269856 1284760 27177.101999999999
43 1300309 1324418 28867.988366000001
44 1325359 1347887 8757.0573490000006
45 1386610 1428858 30482.278361000001
46 1428859 1465752 9337.789702
47 1465753 1494214 8515.7706749999998
48 1535056 1549939 8900.7025030000004
49 1552149 1577938 8778.3355150000007
50 1577949 1606321 29886.497736000001
51 1608846 1636087 29243.536622
52 1636806 1641019 26517.245249
53 1645515 1659787 8834.4018649999998
54 1679046 1690421 9457.9623840000004
55 1702442 1722338 28164.872808
56 1731817 1774046 30503.298975000002
57 1774047 1796462 8691.2845450000004
58 1796938 1806933 8525.9525360000007
59 1809598 1813351 28086.786929000002
0 opportunities for A
0 opportunities for B
0 opportunities for C
0 opportunities for D
0 opportunities for E
0 opportunities for F
0 opportunities for G
0 opportunities for H
0 opportunities for I
0 opportunities for J
0 opportunities for K
0 opportunities for L
0 opportunities for M
0 opportunities for N
47 events for A
65601 2414
67441 1285
434727 2414
436567 1285
455217 2057
505585 706
619541 2057
651401 706
670401 2414
672241 706
692330 1285
725158 706
1039527 2414
1041367 706
1091601 2414
1098961 706
1101254 1772
1130795 1285
1146584 706
1150964 1285
1183143 706
1187343 1285
1219522 706
1276315 2414
1278155 706
1304921 1285
1310501 706
1324632 1285
1326612 706
1564301 1285
1587859 706
1592059 1285
1606048 706
1608268 1772
1623938 706
1628558 1772
1644327 2414
1646687 1772
1660317 706
1715301 2414
1725061 706
1757144 1285
1787921 706
1792143 1285
1801601 706
1861001 0
1861002 487
62 events for B
66651 4096
74851 0
163937 4096
172137 0
237994 4096
246194 0
325851 4096
334051 0
348430 665
377590 0
421188 4096
429388 0
493946 4096
502146 0
584893 4096
593093 0
671451 1365
671631 0
673431 1365
673971 3481
693171 1365
693891 3481
713091 1365
713811 3481
732737 0
768737 873
797537 0
842794 873
871594 0
930651 873
959451 0
1025988 3481
1040388 0
1040403 2252
1044003 0
1044018 2252
1047618 0
1047633 2252
1051233 0
1051248 2252
1054848 0
1088391 3276
1103391 0
1189693 873
1218493 0
1270251 1365
1270431 0
1272231 1365
1272771 3481
1291971 0
1373537 873
1402337 0
1447594 873
1476394 0
1535451 1365
1536171 3481
1555371 0
1615728 3276
1630728 0
1865751 1979
1866951 0
1868751 1979
129 events for C
8979 3917
16178 4944
30556 5195
45879 4168
64778 5195
73800 4944
73811 3662
77389 1471
82779 444
88178 1471
98978 548
118779 444
127778 548
138589 485
138889 548
156579 444
163778 1471
192579 444
203378 548
228579 444
235778 548
268179 444
275378 548
305379 444
307789 382
308089 444
325778 548
340179 444
347378 548
347389 2738
376179 2635
383378 3662
412179 2635
419378 2738
426589 548
426600 798
449979 695
458978 798
480589 736
480600 485
480889 548
485979 444
491378 548
503979 444
512978 548
539979 444
548978 548
575979 444
584978 1471
613779 444
620978 548
650979 444
671378 548
687579 444
692978 548
725379 444
732578 548
761379 444
768578 548
797379 444
806378 548
826489 485
826789 548
833379 444
842378 548
871179 444
880178 548
910179 444
930578 548
946179 444
952178 548
980979 444
988178 548
1016979 444
1024178 548
1055379 444
1060178 548
1088979 444
1103378 548
1144779 444
1153778 548
1171789 2738
1180779 2635
1189778 2738
1191589 548
1218579 444
1225778 548
1255779 444
1258168 240
1268978 344
1272589 2534
1290579 2431
1290589 240
1297778 344
1328379 240
1337378 344
1366179 240
1373378 344
1402179 240
1412978 344
1438179 240
1447178 344
1475979 240
1483178 344
1514979 240
1535378 344
1549779 240
1556978 344
1585779 240
1592978 344
1621779 240
1632578 344
1659579 240
1664978 344
1695579 240
1700978 344
1749579 240
1758578 344
1776889 281
1777189 344
1787379 240
1794578 344
1823379 240
1830578 344
1860579 240
1860856 0
1860857 240
1863889 178
1864189 240
0 events for D

144 events for E
16709 1500
21888 0
27388 479
28628 0
30108 479
32218 1500
38198 0
43858 479
45918 0
67958 906
83100 0
90418 906
99848 0
105041 906
120675 0
127155 906
139189 0
142069 906
158004 0
164184 906
176218 0
179098 906
194732 0
200698 1087
203408 0
203912 215
215332 0
275258 1600
285443 0
290398 906
291298 1500
297781 0
298848 1500
301748 0
326098 906
342497 0
348677 906
360686 0
362186 906
378876 0
385056 906
397065 0
422745 906
423485 0
503745 906
504495 0
621679 593
632368 0
635208 906
635958 593
648798 0
672758 906
687718 0
694927 906
707261 0
709541 906
725775 0
731955 906
744289 0
746569 906
762804 0
768984 906
781318 0
784358 906
799997 0
806012 906
818347 0
820627 906
836047 0
843041 906
855375 0
856915 906
873889 0
880069 906
891804 0
894384 906
909418 0
930898 906
947297 0
953477 906
965038 0
967026 906
983426 0
989856 906
1001736 0
1004145 906
1020055 0
1026235 906
1038244 0
1041884 906
1056434 0
1062614 906
1074623 0
1076903 906
1090318 0
1103698 906
1111002 0
1113282 906
1128772 0
1130852 906
1147201 0
1153561 906
1165451 0
1167971 906
1175818 0
1226319 1714
1237729 0
1239269 906
1240009 1714
1255018 0
1272298 1714
1275032 0
1275212 215
1286688 0
1290512 1714
1293547 0
1316718 1500
1322733 0
1336908 1500
1342918 0
1374958 906
1375708 0
1484869 906
1496604 0
1498144 906
1514218 0
1535698 906
1552097 0
1558277 906
1565238 0
1609065 906
1624555 0
1631818 906
1638138 0
1726537 906
1733992 0
1735532 906
1752181 0
1758421 906
1770371 0
1808290 906
1824939 0
1831119 906
1842529 0
144 events for F
18660 1500
23839 0
29339 479
30579 0
32059 479
34169 1500
40149 0
45809 479
47869 0
69909 906
85051 0
92369 906
101799 0
106992 906
122626 0
129106 906
141140 0
144020 906
159955 0
166135 906
178169 0
181049 906
196683 0
202649 1087
205359 0
205863 215
217283 0
277209 1600
287394 0
292349 906
293249 1500
299732 0
300799 1500
303699 0
328049 906
344448 0
350628 906
362637 0
364137 906
380827 0
387007 906
399016 0
424696 906
425436 0
505696 906
506446 0
623630 593
634319 0
637159 906
637909 593
650749 0
674709 906
689669 0
696878 906
709212 0
711492 906
727726 0
733906 906
746240 0
748520 906
764755 0
770935 906
783269 0
786309 906
801948 0
807963 906
820298 0
822578 906
837998 0
844992 906
857326 0
858866 906
875840 0
882020 906
893755 0
896335 906
911369 0
932849 906
949248 0
955428 906
966989 0
968977 906
985377 0
991807 906
1003687 0
1006096 906
1022006 0
1028186 906
1040195 0
1043835 906
1058385 0
1064565 906
1076574 0
1078854 906
1092269 0
1105649 906
1112953 0
1115233 906
1130723 0
1132803 906
1149152 0
1155512 906
1167402 0
1169922 906
1177769 0
1228270 1714
1239680 0
1241220 906
1241960 1714
1256969 0
1274249 1714
1276983 0
1277163 215
1288639 0
1292463 1714
1295498 0
1318669 1500
1324684 0
1338859 1500
1344869 0
1376909 906
1377659 0
1486820 906
1498555 0
1500095 906
1516169 0
1537649 906
1554048 0
1560228 906
1567189 0
1611016 906
1626506 0
1633769 906
1640089 0
1728488 906
1735943 0
1737483 906
1754132 0
1760372 906
1772322 0
1810241 906
1826890 0
1833070 906
1844480 0
47 events for G
65860 2414
67700 1285
434986 2414
436826 1285
455476 2057
505844 706
619800 2057
651660 706
670660 2414
672500 706
692589 1285
725417 706
1039786 2414
1041626 706
1091860 2414
1099220 706
1101513 1772
1131054 1285
1146843 706
1151223 1285
1183402 706
1187602 1285
1219781 706
1276574 2414
1278414 706
1305180 1285
1310760 706
1324891 1285
1326871 706
1564560 1285
1588118 706
1592318 1285
1606307 706
1608527 1772
1624197 706
1628817 1772
1644586 2414
1646946 1772
1660576 706
1715560 2414
1725320 706
1757403 1285
1788180 706
1792402 1285
1801860 706
1861260 0
1861261 487
2 events for H
1862156 0
1862157 18
808 events for I
13573 12910592
13574 0
13833 12910592
13834 0
14413 12910592
14414 0
14673 12910592
14674 0
31163 12910592
31164 0
31423 12910592
31424 0
32003 12910592
32004 0
32263 12910592
32264 0
48452 12910592
48453 0
48712 12910592
48713 0
49292 12910592
49293 0
49552 12910592
49553 0
67352 12910592
67353 0
67582 12910592
67583 0
68122 12910592
68123 0
68352 12910592
68353 0
86981 12910592
86982 0
87241 12910592
87242 0
87821 12910592
87822 0
88081 12910592
88082 0
105495 12910592
105496 0
105755 12910592
105756 0
106335 12910592
106336 0
106595 12910592
106596 0
124009 12910592
124010 0
124269 12910592
124270 0
124849 12910592
124850 0
125109 12910592
125110 0
142523 12910592
142524 0
142783 12910592
142784 0
143363 12910592
143364 0
143623 12910592
143624 0
161038 12910592
161039 0
161298 12910592
161299 0
161878 12910592
161879 0
162138 12910592
162139 0
179552 12910592
179553 0
179812 12910592
179813 0
180392 12910592
180393 0
180652 12910592
180653 0
198066 12910592
198067 0
198326 12910592
198327 0
198906 12910592
198907 0
199166 12910592
199167 0
216581 12910592
216582 0
216841 12910592
216842 0
217421 12910592
217422 0
217681 12910592
217682 0
235095 12910592
235096 0
235355 12910592
235356 0
235935 12910592
235936 0
236195 12910592
236196 0
253609 12910592
253610 0
253869 12910592
253870 0
254449 12910592
254450 0
254709 12910592
254710 0
272123 12910592
272124 0
272383 12910592
272384 0
272963 12910592
272964 0
273223 12910592
273224 0
290038 12910592
290039 0
290298 12910592
290299 0
290878 12910592
290879 0
291138 12910592
291139 0
307652 12910592
307653 0
307912 12910592
307913 0
308492 12910592
308493 0
308752 12910592
308753 0
326552 12910592
326553 0
326812 12910592
326813 0
327392 12910592
327393 0
327652 12910592
327653 0
345531 12910592
345532 0
345791 12910592
345792 0
346371 12910592
346372 0
346631 12910592
346632 0
363720 12910592
363721 0
363980 12910592
363981 0
364560 12910592
364561 0
364820 12910592
364821 0
381910 12910592
381911 0
382170 12910592
382171 0
382750 12910592
382751 0
383010 12910592
383011 0
400099 12910592
400100 0
400359 12910592
400360 0
400939 12910592
400940 0
401199 12910592
401200 0
418289 12910592
418290 0
418549 12910592
418550 0
419129 12910592
419130 0
419389 12910592
419390 0
436478 12910592
436479 0
436708 12910592
436709 0
437248 12910592
437249 0
437478 12910592
437479 0
454668 12910592
454669 0
454928 12910592
454929 0
455508 12910592
455509 0
455768 12910592
455769 0
472857 12910592
472858 0
473117 12910592
473118 0
473697 12910592
473698 0
473957 12910592
473958 0
491047 12910592
491048 0
491307 12910592
491308 0
491887 12910592
491888 0
492147 12910592
492148 0
509236 12910592
509237 0
509496 12910592
509497 0
510076 12910592
510077 0
510336 12910592
510337 0
527426 12910592
527427 0
527686 12910592
527687 0
528266 12910592
528267 0
528526 12910592
528527 0
545615 12910592
545616 0
545875 12910592
545876 0
546455 12910592
546456 0
546715 12910592
546716 0
563805 12910592
563806 0
564065 12910592
564066 0
564645 12910592
564646 0
564905 12910592
564906 0
581994 12910592
581995 0
582254 12910592
582255 0
582834 12910592
582835 0
583094 12910592
583095 0
600184 12910592
600185 0
600444 12910592
600445 0
601024 12910592
601025 0
601284 12910592
601285 0
618373 12910592
618374 0
618633 12910592
618634 0
619213 12910592
619214 0
619473 12910592
619474 0
635963 12910592
635964 0
636223 12910592
636224 0
636803 12910592
636804 0
637063 12910592
637064 0
653252 12910592
653253 0
653512 12910592
653513 0
654092 12910592
654093 0
654352 12910592
654353 0
672152 12910592
672153 0
672382 12910592
672383 0
672922 12910592
672923 0
673152 12910592
673153 0
691781 12910592
691782 0
692041 12910592
692042 0
692621 12910592
692622 0
692881 12910592
692882 0
710295 12910592
710296 0
710555 12910592
710556 0
711135 12910592
711136 0
711395 12910592
711396 0
728809 12910592
728810 0
729069 12910592
729070 0
729649 12910592
729650 0
729909 12910592
729910 0
747323 12910592
747324 0
747583 12910592
747584 0
748163 12910592
748164 0
748423 12910592
748424 0
765838 12910592
765839 0
766098 12910592
766099 0
766678 12910592
766679 0
766938 12910592
766939 0
784352 12910592
784353 0
784612 12910592
784613 0
785192 12910592
785193 0
785452 12910592
785453 0
802866 12910592
802867 0
803126 12910592
803127 0
803706 12910592
803707 0
803966 12910592
803967 0
821381 12910592
821382 0
821641 12910592
821642 0
822221 12910592
822222 0
822481 12910592
822482 0
839895 12910592
839896 0
840155 12910592
840156 0
840735 12910592
840736 0
840995 12910592
840996 0
858409 12910592
858410 0
858669 12910592
858670 0
859249 12910592
859250 0
859509 12910592
859510 0
876923 12910592
876924 0
877183 12910592
877184 0
877763 12910592
877764 0
878023 12910592
878024 0
894838 12910592
894839 0
895098 12910592
895099 0
895678 12910592
895679 0
895938 12910592
895939 0
912452 12910592
912453 0
912712 12910592
912713 0
913292 12910592
913293 0
913552 12910592
913553 0
931352 12910592
931353 0
931612 12910592
931613 0
932192 12910592
932193 0
932452 12910592
932453 0
950331 12910592
950332 0
950591 12910592
950592 0
951171 12910592
951172 0
951431 12910592
951432 0
968520 12910592
968521 0
968780 12910592
968781 0
969360 12910592
969361 0
969620 12910592
969621 0
986710 12910592
986711 0
986970 12910592
986971 0
987550 12910592
987551 0
987810 12910592
987811 0
1004899 12910592
1004900 0
1005159 12910592
1005160 0
1005739 12910592
1005740 0
1005999 12910592
1006000 0
1023089 12910592
1023090 0
1023349 12910592
1023350 0
1023929 12910592
1023930 0
1024189 12910592
1024190 0
1041278 12910592
1041279 0
1041508 12910592
1041509 0
1042048 12910592
1042049 0
1042278 12910592
1042279 0
1059468 12910592
1059469 0
1059728 12910592
1059729 0
1060308 12910592
1060309 0
1060568 12910592
1060569 0
1077657 12910592
1077658 0
1077917 12910592
1077918 0
1078497 12910592
1078498 0
1078757 12910592
1078758 0
1114036 12910592
1114037 0
1114296 12910592
1114297 0
1114876 12910592
1114877 0
1115136 12910592
1115137 0
1132226 12910592
1132227 0
1132486 12910592
1132487 0
1133066 12910592
1133067 0
1133326 12910592
1133327 0
1150415 12910592
1150416 0
1150675 12910592
1150676 0
1151255 12910592
1151256 0
1151515 12910592
1151516 0
1168605 12910592
1168606 0
1168865 12910592
1168866 0
1169445 12910592
1169446 0
1169705 12910592
1169706 0
1186794 12910592
1186795 0
1187054 12910592
1187055 0
1187634 12910592
1187635 0
1187894 12910592
1187895 0
1204984 12910592
1204985 0
1205244 12910592
1205245 0
1205824 12910592
1205825 0
1206084 12910592
1206085 0
1223173 12910592
1223174 0
1223433 12910592
1223434 0
1224013 12910592
1224014 0
1224273 12910592
1224274 0
1240763 12910592
1240764 0
1241023 12910592
1241024 0
1241603 12910592
1241604 0
1241863 12910592
1241864 0
1258052 12910592
1258053 0
1258312 12910592
1258313 0
1258892 12910592
1258893 0
1259152 12910592
1259153 0
1278066 12910592
1278067 0
1278296 12910592
1278297 0
1278836 12910592
1278837 0
1279066 12910592
1279067 0
1296581 12910592
1296582 0
1296841 12910592
1296842 0
1297421 12910592
1297422 0
1297681 12910592
1297682 0
1315095 12910592
1315096 0
1315355 12910592
1315356 0
1315935 12910592
1315936 0
1316195 12910592
1316196 0
1333609 12910592
1333610 0
1333869 12910592
1333870 0
1334449 12910592
1334450 0
1334709 12910592
1334710 0
1352123 12910592
1352124 0
1352383 12910592
1352384 0
1352963 12910592
1352964 0
1353223 12910592
1353224 0
1370638 12910592
1370639 0
1370898 12910592
1370899 0
1371478 12910592
1371479 0
1371738 12910592
1371739 0
1389152 12910592
1389153 0
1389412 12910592
1389413 0
1389992 12910592
1389993 0
1390252 12910592
1390253 0
1407666 12910592
1407667 0
1407926 12910592
1407927 0
1408506 12910592
1408507 0
1408766 12910592
1408767 0
1426181 12910592
1426182 0
1426441 12910592
1426442 0
1427021 12910592
1427022 0
1427281 12910592
1427282 0
1444695 12910592
1444696 0
1444955 12910592
1444956 0
1445535 12910592
1445536 0
1445795 12910592
1445796 0
1463209 12910592
1463210 0
1463469 12910592
1463470 0
1464049 12910592
1464050 0
1464309 12910592
1464310 0
1481723 12910592
1481724 0
1481983 12910592
1481984 0
1482563 12910592
1482564 0
1482823 12910592
1482824 0
1499638 12910592
1499639 0
1499898 12910592
1499899 0
1500478 12910592
1500479 0
1500738 12910592
1500739 0
1517252 12910592
1517253 0
1517512 12910592
1517513 0
1518092 12910592
1518093 0
1518352 12910592
1518353 0
1536152 12910592
1536153 0
1536412 12910592
1536413 0
1536992 12910592
1536993 0
1537252 12910592
1537253 0
1555131 12910592
1555132 0
1555391 12910592
1555392 0
1555971 12910592
1555972 0
1556231 12910592
1556232 0
1573320 12910592
1573321 0
1573580 12910592
1573581 0
1574160 12910592
1574161 0
1574420 12910592
1574421 0
1591510 12910592
1591511 0
1591770 12910592
1591771 0
1592350 12910592
1592351 0
1592610 12910592
1592611 0
1609699 12910592
1609700 0
1609959 12910592
1609960 0
1610539 12910592
1610540 0
1610799 12910592
1610800 0
1627889 12910592
1627890 0
1628149 12910592
1628150 0
1628729 12910592
1628730 0
1628989 12910592
1628990 0
1646078 12910592
1646079 0
1646308 12910592
1646309 0
1646848 12910592
1646849 0
1647078 12910592
1647079 0
1664268 12910592
1664269 0
1664528 12910592
1664529 0
1665108 12910592
1665109 0
1665368 12910592
1665369 0
1682457 12910592
1682458 0
1682717 12910592
1682718 0
1683297 12910592
1683298 0
1683557 12910592
1683558 0
1700647 12910592
1700648 0
1700907 12910592
1700908 0
1701487 12910592
1701488 0
1701747 12910592
1701748 0
1717052 12910592
1717053 0
1717282 12910592
1717283 0
1717822 12910592
1717823 0
1718052 12910592
1718053 0
1737026 12910592
1737027 0
1737286 12910592
1737287 0
1737866 12910592
1737867 0
1738126 12910592
1738127 0
1755215 12910592
1755216 0
1755475 12910592
1755476 0
1756055 12910592
1756056 0
1756315 12910592
1756316 0
1773405 12910592
1773406 0
1773665 12910592
1773666 0
1774245 12910592
1774246 0
1774505 12910592
1774506 0
1791594 12910592
1791595 0
1791854 12910592
1791855 0
1792434 12910592
1792435 0
1792694 12910592
1792695 0
1809784 12910592
1809785 0
1810044 12910592
1810045 0
1810624 12910592
1810625 0
1810884 12910592
1810885 0
1827973 12910592
1827974 0
1828233 12910592
1828234 0
1828813 12910592
1828814 0
1829073 12910592
1829074 0
1845563 12910592
1845564 0
1845823 12910592
1845824 0
1846403 12910592
1846404 0
1846663 12910592
1846664 0
1862852 12910592
1862853 0
1863112 12910592
1863113 0
1863692 12910592
1863693 0
1863952 12910592
1863953 0
2 events for J
1860856 0
1860857 18
0 events for K

64 events for L
67368 4214960
67372 0
67798 4214960
67802 0
68538 4214960
68542 0
68968 4214960
68972 0
436494 4214960
436498 0
436924 4214960
436928 0
437664 4214960
437668 0
438094 4214960
438098 0
672168 4214960
672172 0
672598 4214960
672602 0
673338 4214960
673342 0
673768 4214960
673772 0
1041294 4214960
1041298 0
1041724 4214960
1041728 0
1042464 4214960
1042468 0
1042894 4214960
1042898 0
1093368 4214960
1093372 0
1093798 4214960
1093802 0
1094538 4214960
1094542 0
1094968 4214960
1094972 0
1278082 4214960
1278086 0
1278512 4214960
1278516 0
1279252 4214960
1279256 0
1279682 4214960
1279686 0
1646094 4214960
1646098 0
1646524 4214960
1646528 0
1647264 4214960
1647268 0
1647694 4214960
1647698 0
1717068 4214960
1717072 0
1717498 4214960
1717502 0
1718238 4214960
1718242 0
1718668 4214960
1718672 0
129 events for M
9229 3917
16428 4944
30806 5195
46129 4168
65028 5195
74050 4944
74061 3662
77639 1471
83029 444
88428 1471
99228 548
119029 444
128028 548
138839 485
139139 548
156829 444
164028 1471
192829 444
203628 548
228829 444
236028 548
268429 444
275628 548
305629 444
308039 382
308339 444
326028 548
340429 444
347628 548
347639 2738
376429 2635
383628 3662
412429 2635
419628 2738
426839 548
426850 798
450229 695
459228 798
480839 736
480850 485
481139 548
486229 444
491628 548
504229 444
513228 548
540229 444
549228 548
576229 444
585228 1471
614029 444
621228 548
651229 444
671628 548
687829 444
693228 548
725629 444
732828 548
761629 444
768828 548
797629 444
806628 548
826739 485
827039 548
833629 444
842628 548
871429 444
880428 548
910429 444
930828 548
946429 444
952428 548
981229 444
988428 548
1017229 444
1024428 548
1055629 444
1060428 548
1089229 444
1103628 548
1145029 444
1154028 548
1172039 2738
1181029 2635
1190028 2738
1191839 548
1218829 444
1226028 548
1256029 444
1258418 240
1269228 344
1272839 2534
1290829 2431
1290839 240
1298028 344
1328629 240
1337628 344
1366429 240
1373628 344
1402429 240
1413228 344
1438429 240
1447428 344
1476229 240
1483428 344
1515229 240
1535628 344
1550029 240
1557228 344
1586029 240
1593228 344
1622029 240
1632828 344
1659829 240
1665228 344
1695829 240
1701228 344
1749829 240
1758828 344
1777139 281
1777439 344
1787629 240
1794828 344
1823629 240
1830828 344
1860829 240
1861106 0
1861107 240
1864139 178
1864439 240
62 events for N
63856 4096
72056 0
161142 4096
169342 0
235199 4096
243399 0
323056 4096
331256 0
345635 665
374795 0
418393 4096
426593 0
491151 4096
499351 0
582098 4096
590298 0
668656 1365
668836 0
670636 1365
671176 3481
690376 1365
691096 3481
710296 1365
711016 3481
729942 0
765942 873
794742 0
839999 873
868799 0
927856 873
956656 0
1023193 3481
1037593 0
1037608 2252
1041208 0
1041223 2252
1044823 0
1044838 2252
1048438 0
1048453 2252
1052053 0
1085596 3276
1100596 0
1186898 873
1215698 0
1267456 1365
1267636 0
1269436 1365
1269976 3481
1289176 0
1370742 873
1399542 0
1444799 873
1473599 0
1532656 1365
1533376 3481
1552576 0
1612933 3276
1627933 0
1862956 1979
1864156 0
1865956 1979
