14 instruments
A 10 100 0 320000000
B 10 100 804865230.11019051 7419592213.7182751
C 10 100 1991925.5289842244 689098561.3783263
D 10 100 1517960000 4000000000
E 10 100 45126217.813212499 1435691857.5629289
F 10 100 431759.25152321503 367151977.05994737
G 10 100 5910082.7758317869 3030989320.3134623
H 10 100 352362.70723718189 299636114.68177354
I 10 100 1538660356.7547786 4054547831.9712734
J 10 100 7152.7561699728749 2794045378.8956542
K 10 100 20412.132877845776 869835207.86274612
L 10 100 183507440.74517861 809594356.20986629
M 10 100 728287279.5071317 6713663885.8674479
N 10 100 0 895660078.44187188
140 downlinks
0 1 23814 18650.039686
1 66256 91871 17801.393711000001
2 92304 95447 18241.361444999999
3 111898 134731 24067.369501000001
4 135896 159879 56712.888793999999
5 185996 194851 58370.132263
6 198367 219207 58005.525035999999
7 220758 258593 24930.123806
8 258594 279767 16739.689300999999
9 325456 350023 18181.419744999999
10 371991 397607 18610.315675999998
11 399049 437437 59847.283359000001
12 438889 454964 18063.419893999999
13 459589 484394 18186.627066000001
14 485446 501293 56843.492619999997
15 523626 557085 9175.5815739999998
16 557086 568575 9288.5908459999991
17 571843 609842 29976.478185
18 611983 629020 8340.6453669999992
19 638383 648686 28164.287346000001
20 671056 693639 9615.6592349999992
21 715781 744277 8936.4976299999998
22 744278 748101 29078.912095
23 763778 771225 8738.7729049999998
24 789406 824795 9283.3064869999998
25 824796 870574 9136.56639
26 870575 886982 8867.2325060000003
27 902409 906815 30843.021497000002
28 930256 947025 8651.5363890000008
29 948572 971479 8598.6086899999991
30 974372 1002868 28620.571626000001
31 1002869 1013789 29488.2804
32 1017029 1039429 29574.456625999999
33 1045469 1058806 8990.2936559999998
34 1061369 1090251 27889.095755999999
35 1092266 1102395 27279.489213000001
36 1105246 1108471 29339.122920000002
37 1114766 1123592 30467.823106
38 1133066 1144616 9273.8508989999991
39 1147871 1169107 28091.132868000001
40 1169969 1214008 9462.077765
41 1214009 1229342 8739.387213
42 1269856 1284760 27177.101999999999
43 1300309 1324418 28867.988366000001
44 1325359 1347887 8757.0573490000006
45 1386610 1428858 30482.278361000001
46 1428859 1465752 9337.789702
47 1465753 1494214 8515.7706749999998
48 1535056 1549939 8900.7025030000004
49 1552149 1577938 8778.3355150000007
50 1577949 1606321 29886.497736000001
51 1608846 1636087 29243.536622
52 1636806 1641019 26517.245249
53 1645515 1659787 8834.4018649999998
54 1679046 1690421 9457.9623840000004
55 1702442 1722338 28164.872808
56 1731817 1774046 30503.298975000002
57 1774047 1796462 8691.2845450000004
58 1796938 1806933 8525.9525360000007
59 1809598 1813351 28086.786929000002
60 1874656 1902600 9305.8530659999997
61 1904424 1908938 9003.7058219999999
62 1934335 1950096 29720.859928999998
63 1983089 1986746 28196.056719
64 1990728 2007441 8724.7512220000008
65 2009031 2036366 9238.0711549999996
66 2037287 2077031 29465.914934
67 2077032 2085008 8736.7051790000005
68 2108027 2122041 8623.2506759999997
69 2133856 2156105 8421.9856619999991
70 2160346 2180205 27549.328343000001
71 2192023 2209282 29572.320551000001
72 2211579 2241718 29086.290951999999
73 2241819 2270494 8813.8421070000004
74 2278719 2295685 29493.047434
75 2303615 2327106 27435.630709000001
76 2327997 2339525 29792.428981000001
77 2342615 2352498 8997.6095590000004
78 2355515 2378702 26654.011493000002
79 2393056 2416181 8664.3956859999998
80 2416411 2442270 8910.3347130000002
81 2485456 2505453 9263.3037550000008
82 2508562 2514794 8194.1372179999998
83 2526507 2539170 8812.3468479999992
84 2558003 2559834 28513.272391999999
85 2586678 2590839 29797.943813000002
86 2594870 2629702 9287.2106050000002
87 2629703 2640455 9493.8769009999996
88 2643859 2679939 29841.66733
89 2681178 2685856 9031.5484039999992
90 2744656 2756286 27058.173078
91 2758395 2761952 27764.822221999999
92 2765895 2782497 8866.3210920000001
93 2794382 2806542 30200.423556999998
94 2809654 2814498 9259.4321029999992
95 2818690 2842761 9457.3783449999992
96 2844490 2848318 29542.407908000001
97 2853796 2868639 8564.5545529999999
98 2877790 2900459 9335.3412189999999
99 2902986 2931712 27874.981927000001
100 2940106 2982261 30587.746092000001
101 2982262 3026414 9231.3874039999992
102 3026415 3042633 8609.2624169999999
103 3043982 3060214 8689.6108280000008
104 3068567 3070614 26609.79682
105 3090256 3109861 8915.2263710000007
106 3112726 3142676 9094.9622560000007
107 3142677 3160391 8333.9255690000009
108 3160973 3167314 27500.430241999999
109 3181391 3197744 8601.7316499999997
110 3199037 3233950 9100.8958739999998
111 3247668 3260957 9427.4328960000003
112 3263928 3274340 27243.904355999999
113 3276768 3298488 8431.3051790000009
114 3327484 3329806 27636.251289
115 3349456 3368744 8831.2619180000002
116 3369852 3386451 8966.6639699999996
117 3394063 3399814 54396.705881000002
118 3403606 3417634 58970.262822999997
119 3420219 3449258 57826.355975999999
120 3449259 3460003 17374.699861000001
121 3475359 3502150 57611.601310999999
122 3502359 3534439 59023.283414999998
123 3535181 3540931 55193.106121999997
124 3544287 3586404 25530.421285
125 3586405 3630600 29269.697155999998
126 3630601 3634691 16830.732371999999
127 3647849 3662516 28226.256141999998
128 3664846 3667397 60093.408818999997
129 3707844 3737543 58272.632834999997
130 3737544 3744818 61499.660580999996
131 3759021 3780318 28538.149495000001
132 3793866 3799688 18090.695755000001
133 3803231 3818443 23661.293665000001
134 3820340 3848294 28757.617953000001
135 3848295 3890591 56137.919716999997
136 3891735 3908629 23437.772314999998
137 3923835 3936475 55980.942202999999
138 3949690 3963542 60635.164006999999
139 3966430 3997357 23619.145155999999
0 opportunities for A
0 opportunities for B
0 opportunities for C
0 opportunities for D
0 opportunities for E
0 opportunities for F
0 opportunities for G
0 opportunities for H
0 opportunities for I
0 opportunities for J
0 opportunities for K
0 opportunities for L
0 opportunities for M
0 opportunities for N
0 events for A

60 events for B
22153 90225847
22154 99456
22155 17992937
22160 0
91091 36047367
91096 0
112691 39436416
112696 0
220691 79610631
220696 0
242291 77494701
242296 0
350291 73767533
350296 0
371891 221441780
371896 0
631091 47723996
631096 0
648041 12683312
648046 0
803890 9037466
803895 0
847090 270264152
847095 0
1732690 26968906
1732695 0
1754290 134824032
1754295 0
1757216 20221556
1757221 0
1948630 83191028
1948635 0
2143030 38234987
2143035 0
2164630 107957608
2164635 0
2186230 350862225
2186235 0
2186236 4498234
2186241 0
2207830 38234987
2207835 0
2531890 42873674
2531895 0
2553490 60808152
2553495 0
2639890 123650191
2639895 0
2661490 112353360
2661495 0
2683090 191051956
2683095 0
2704690 148359728
2704695 0
3365530 92231261
3365535 0
3395890 67412016
3395895 0
3704577 67429102
3704582 0
45 events for C
49304 700
49349 0
67560 600
67800 1300
308620 700
308665 0
326760 600
327000 1300
653960 700
654005 0
672180 1300
913979 0
931380 1300
1259579 0
1270980 1300
1518779 0
1536180 1300
1864379 0
1876260 600
1876440 1300
2123060 700
2123105 0
2135280 600
2135460 1300
2382200 700
2382245 0
2394360 600
2394540 1300
2468600 700
2468645 0
2486760 600
2486940 1300
2727020 700
2727065 0
2745960 600
2746080 1300
3073580 700
3073625 0
3091380 1300
3333179 0
3350580 1300
3678779 0
3690180 1950
3937979 0
3949380 1950
363 events for D
71305 19661
71395 27175
72076 7514
72745 27175
73516 7514
73765 27175
74536 7514
75205 27175
75976 7514
76225 27175
76996 7514
77665 27175
78436 7514
78685 27175
79456 7514
80125 27175
80896 7514
81145 27175
81916 7514
82156 0
87445 19661
87535 27175
88096 7514
88225 27175
88876 7514
89425 27175
90016 7514
90205 27175
90856 7514
91405 27175
92056 7514
92185 27175
92836 7514
93385 27175
94036 7514
94165 27175
94816 7514
95365 27175
96016 7514
96145 27175
96796 7514
97345 27175
97996 7514
98125 27175
98776 7514
98896 0
330595 7514
332665 66496
334036 7514
337225 66496
338596 7514
341716 0
345884 58982
345974 66496
347255 7514
350504 66496
351875 7514
352115 0
352405 58982
352495 66496
353776 7514
357025 66496
358396 7514
359896 0
361973 58982
362063 66496
363344 7514
366593 66496
367964 7514
371924 0
372205 58982
372295 66496
373576 7514
376525 66496
377896 7514
378076 0
382263 58982
382353 66496
383634 7514
385023 66496
386394 7514
386934 0
387205 58982
387295 66496
388576 7514
393565 66496
394936 7514
396256 0
398352 117965
398442 124709
399303 6744
400212 124709
401103 6744
402012 124709
402903 6744
403812 124709
404703 6744
405612 124709
406503 6744
407412 124709
408303 6744
409212 124709
410103 6744
414483 0
418642 117965
418732 124709
419593 6744
420502 124709
421393 6744
422302 124709
423193 6744
424102 124709
424993 6744
425902 124709
426793 6744
427702 124709
428593 6744
429502 124709
430393 6744
431302 124709
432193 6744
432673 0
436831 117965
436921 124709
437782 6744
438691 124709
439582 6744
440482 0
455356 169032
456676 45609
458001 0
634306 7514
641467 0
935125 117965
935215 124709
936016 6744
936145 124709
936851 6744
936856 0
937705 58982
937795 66496
939076 7514
946516 0
950684 58982
950774 7514
959315 0
959605 117965
959695 124709
960556 6744
964276 0
966773 117965
966863 124709
967724 6744
977624 0
987063 117965
987153 124709
988014 6744
997914 0
1278419 117965
1278509 124709
1279370 6744
1280279 124709
1281170 6744
1282079 124709
1282970 6744
1283879 124709
1284770 6744
1285679 124709
1286570 6744
1287479 124709
1288370 6744
1289270 0
1296934 117965
1297024 124709
1297885 6744
1298794 124709
1299685 6744
1300594 124709
1301485 6744
1302394 124709
1303285 6744
1304185 0
1482166 7514
1495807 0
1497981 7514
1513422 0
1801705 58982
1801795 66496
1803076 6744
1803565 66496
1804936 6744
1805356 0
1808037 58982
1808127 66496
1809408 6744
1809897 66496
1811268 6744
1811697 66496
1813068 6744
1822488 0
1828326 58982
1828416 66496
1829697 6744
1830186 66496
1831557 6744
1831986 66496
1833357 6744
1839177 0
2179605 235930
2179695 242674
2181456 6744
2181645 242674
2183496 6744
2183685 242674
2185536 6744
2185785 242674
2187636 6744
2188656 0
2196663 235930
2196753 242674
2197369 6744
2197374 0
2212156 169032
2213956 45609
2215761 0
2749525 117965
2749615 125479
2750896 7514
2751256 0
2887195 3372
2892376 0
2912395 3372
2920756 0
2929795 3372
2935156 0
2957395 3372
2960356 0
2963273 3372
2979074 0
3119305 117965
3119395 121337
3120916 3372
3121165 121337
3122716 3372
3122956 0
3127748 117965
3127838 121337
3129179 3372
3135008 121337
3136379 3372
3138599 0
3148362 117965
3148452 121337
3149973 3372
3153822 121337
3155373 3372
3155613 0
3355195 3372
3356065 121337
3358816 3372
3359665 121337
3362356 3372
3363256 0
3369884 117965
3369974 121337
3371435 3372
3371744 121337
3373295 3372
3377135 0
3724345 19661
3724435 25951
3726196 6290
3726985 25951
3728836 6290
3729376 0
3732685 19661
3732775 25951
3734536 6290
3735325 25951
3737176 6290
3738145 25951
3739996 6290
3740725 25951
3742576 6290
3743545 25951
3745396 6290
3746125 25951
3747976 6290
3748516 0
3753265 19661
3753355 25951
3755116 6290
3755245 25951
3757096 6290
3757465 25951
3759316 6290
3759445 25951
3761296 6290
3761665 25951
3763516 6290
3763645 25951
3765491 6290
3765496 0
3769576 117965
3769666 124709
3771127 6744
3785827 0
3790191 117965
3790281 124709
3791742 6744
3804522 0
3806605 117965
3806695 124709
3808156 6744
3820936 0
3956605 19661
3956695 25951
3958456 6290
3958585 25951
3960436 6290
3960805 25951
3962656 6290
3962785 25951
3964636 6290
3965005 25951
3966856 6290
3966985 25951
3968831 6290
3968836 0
3974785 19661
3974875 25951
3975736 6290
3975865 25951
3976816 6290
3977185 25951
3978136 6290
3978385 25951
3979336 6290
3979585 25951
3980536 6290
3980665 25951
3981616 6290
3981621 0
3983305 117965
3983395 124709
3984916 6744
3986921 0
3986965 117965
3988576 6744
3988636 0
3990773 117965
3990863 124709
3992384 6744
3996189 0
3996233 117965
3997844 6744
4003304 0
4011063 117965
4011153 124709
4012674 6744
4014679 0
4014723 117965
4016334 6744
117 events for E
65860 2414
67700 1285
434986 2414
436826 1285
455476 2057
505844 706
619800 2057
651660 706
670660 2414
672500 706
692589 1285
725417 706
1039786 2414
1041626 706
1091860 2414
1099220 706
1101513 1772
1131054 1285
1146843 706
1151223 1285
1183402 706
1187602 1285
1219781 706
1276574 2414
1278414 706
1305180 1285
1310760 706
1324891 1285
1326871 706
1564560 1285
1588118 706
1592318 1285
1606307 706
1608527 1772
1624197 706
1628817 1772
1644586 2414
1646946 1772
1660576 706
1715560 2414
1725320 706
1757403 1285
1788180 706
1792402 1285
1801860 706
1861260 0
1861261 487
1881374 2414
1883214 487
1955631 2414
1971831 487
1976246 2414
2009074 487
2013274 2414
2046103 487
2249386 2414
2251226 487
2277660 2414
2302054 487
2306255 2414
2338433 487
2342634 2414
2346234 487
2364234 2414
2367834 487
2377513 2414
2379660 487
2391060 2414
2429381 487
2485060 2414
2502789 487
2506989 2414
2514960 487
2560500 2414
2576285 487
2765539 2414
2772960 487
2801963 2414
2834003 487
2854186 2414
2856026 487
3012060 2414
3034181 487
3038384 2414
3060360 487
3089860 2414
3107584 487
3111791 2414
3119460 487
3206160 2414
3218614 487
3222874 2414
3255703 487
3422807 2414
3438897 487
3443097 2414
3475156 487
3479536 2414
3508560 487
3550134 2414
3566162 487
3570423 2414
3594960 1285
3695774 2414
3697614 1285
3702667 2414
3712389 1285
3716589 2414
3724389 1285
3832560 2414
3860503 1285
3864703 2414
3875760 1285
3901731 2414
3933060 1285
3946260 2414
3956649 1285
37 events for F
34116 0
34236 20
34416 252
48636 0
326256 20
326436 0
328596 20
328776 0
328836 28
582636 0
583296 20
583476 0
585636 20
585816 0
585876 56
653556 0
653796 243
1257996 0
1258596 224
1862796 0
2212836 20
2213016 0
2215176 20
2215356 0
2215416 28
2381556 0
2393856 20
2394036 0
2396196 20
2396376 0
2396436 126
2467956 0
2468196 305
3072396 0
3072996 305
3677196 0
3677796 330
2 events for G
1862493 0
1862494 2650
37 events for H
32698 0
32818 20
32998 252
47218 0
324838 20
325018 0
327178 20
327358 0
327418 28
581218 0
581878 20
582058 0
584218 20
584398 0
584458 56
652138 0
652378 243
1256578 0
1257178 224
1861378 0
2211418 20
2211598 0
2213758 20
2213938 0
2213998 28
2380138 0
2392438 20
2392618 0
2394778 20
2394958 0
2395018 126
2466538 0
2466778 305
3070978 0
3071578 305
3675778 0
3676378 330
362 events for I
73178 19661
73268 27175
73949 7514
74618 27175
75389 7514
75638 27175
76409 7514
77078 27175
77849 7514
78098 27175
78869 7514
79538 27175
80309 7514
80558 27175
81329 7514
81998 27175
82769 7514
83018 27175
83789 7514
84029 0
89318 19661
89408 27175
89969 7514
90098 27175
90749 7514
91298 27175
91889 7514
92078 27175
92729 7514
93278 27175
93929 7514
94058 27175
94709 7514
95258 27175
95909 7514
96038 27175
96689 7514
97238 27175
97889 7514
98018 27175
98669 7514
99218 27175
99869 7514
99998 27175
100649 7514
100769 0
332468 7514
334538 66496
335909 7514
339098 66496
340469 7514
343589 0
347757 58982
347847 66496
349128 7514
352377 66496
353748 7514
353988 0
354278 58982
354368 66496
355649 7514
358898 66496
360269 7514
361769 0
363846 58982
363936 66496
365217 7514
368466 66496
369837 7514
373797 0
374078 58982
374168 66496
375449 7514
378398 66496
379769 7514
379949 0
384136 58982
384226 66496
385507 7514
386896 66496
388267 7514
388807 0
389078 58982
389168 66496
390449 7514
395438 66496
396809 7514
398129 0
400225 117965
400315 124709
401176 6744
402085 124709
402976 6744
403885 124709
404776 6744
405685 124709
406576 6744
407485 124709
408376 6744
409285 124709
410176 6744
411085 124709
411976 6744
416356 0
420515 117965
420605 124709
421466 6744
422375 124709
423266 6744
424175 124709
425066 6744
425975 124709
426866 6744
427775 124709
428666 6744
429575 124709
430466 6744
431375 124709
432266 6744
433175 124709
434066 6744
434546 0
438704 117965
438794 124709
439655 6744
440564 124709
441455 6744
442355 0
457229 169032
458549 45609
459874 0
636179 7514
643340 0
936998 117965
937088 124709
937889 6744
938018 124709
938724 6744
938729 0
939578 58982
939668 66496
940949 7514
948389 0
952557 58982
952647 7514
961188 0
961478 117965
961568 124709
962429 6744
966149 0
968646 117965
968736 124709
969597 6744
979497 0
988936 117965
989026 124709
989887 6744
999787 0
1280292 117965
1280382 124709
1281243 6744
1282152 124709
1283043 6744
1283952 124709
1284843 6744
1285752 124709
1286643 6744
1287552 124709
1288443 6744
1289352 124709
1290243 6744
1291143 0
1298807 117965
1298897 124709
1299758 6744
1300667 124709
1301558 6744
1302467 124709
1303358 6744
1304267 124709
1305158 6744
1306058 0
1484039 7514
1497680 0
1499854 7514
1515295 0
1803578 58982
1803668 66496
1804949 6744
1805438 66496
1806809 6744
1807229 0
1809910 58982
1810000 66496
1811281 6744
1811770 66496
1813141 6744
1813570 66496
1814941 6744
1824361 0
1830199 58982
1830289 66496
1831570 6744
1832059 66496
1833430 6744
1833859 66496
1835230 6744
1841050 0
2181478 235930
2181568 242674
2183329 6744
2183518 242674
2185369 6744
2185558 242674
2187409 6744
2187658 242674
2189509 6744
2190529 0
2198536 235930
2198626 242674
2199242 6744
2199247 0
2214029 169032
2215829 45609
2217634 0
2751398 117965
2751488 125479
2752769 7514
2753129 0
2889068 3372
2894249 0
2914268 3372
2922629 0
2931668 3372
2937029 0
2959268 3372
2962229 0
2965146 3372
2980947 0
3121178 117965
3121268 121337
3122789 3372
3123038 121337
3124589 3372
3124829 0
3129621 117965
3129711 121337
3131052 3372
3136881 121337
3138252 3372
3140472 0
3150235 117965
3150325 121337
3151846 3372
3155695 121337
3157246 3372
3157486 0
3357068 3372
3357938 121337
3360689 3372
3361538 121337
3364229 3372
3365129 0
3371757 117965
3371847 121337
3373308 3372
3373617 121337
3375168 3372
3379008 0
3726218 19661
3726308 25951
3728069 6290
3728858 25951
3730709 6290
3731249 0
3734558 19661
3734648 25951
3736409 6290
3737198 25951
3739049 6290
3740018 25951
3741869 6290
3742598 25951
3744449 6290
3745418 25951
3747269 6290
3747998 25951
3749849 6290
3750389 0
3755138 19661
3755228 25951
3756989 6290
3757118 25951
3758969 6290
3759338 25951
3761189 6290
3761318 25951
3763169 6290
3763538 25951
3765389 6290
3765518 25951
3767364 6290
3767369 0
3771449 117965
3771539 124709
3773000 6744
3787700 0
3792064 117965
3792154 124709
3793615 6744
3806395 0
3808478 117965
3808568 124709
3810029 6744
3822809 0
3958478 19661
3958568 25951
3960329 6290
3960458 25951
3962309 6290
3962678 25951
3964529 6290
3964658 25951
3966509 6290
3966878 25951
3968729 6290
3968858 25951
3970704 6290
3970709 0
3976658 19661
3976748 25951
3977609 6290
3977738 25951
3978689 6290
3979058 25951
3980009 6290
3980258 25951
3981209 6290
3981458 25951
3982409 6290
3982538 25951
3983489 6290
3983494 0
3985178 117965
3985268 124709
3986789 6744
3988794 0
3988838 117965
3990449 6744
3990509 0
3992646 117965
3992736 124709
3994257 6744
3998062 0
3998106 117965
3999717 6744
4005177 0
4012936 117965
4013026 124709
4014547 6744
4016552 0
4016596 117965
1712 events for J
12162 12910592
12163 0
12422 12910592
12423 0
13002 12910592
13003 0
13262 12910592
13263 0
29752 12910592
29753 0
30012 12910592
30013 0
30592 12910592
30593 0
30852 12910592
30853 0
47041 12910592
47042 0
47301 12910592
47302 0
47881 12910592
47882 0
48141 12910592
48142 0
65941 12910592
65942 0
66171 12910592
66172 0
66711 12910592
66712 0
66941 12910592
66942 0
85570 12910592
85571 0
85830 12910592
85831 0
86410 12910592
86411 0
86670 12910592
86671 0
104084 12910592
104085 0
104344 12910592
104345 0
104924 12910592
104925 0
105184 12910592
105185 0
122598 12910592
122599 0
122858 12910592
122859 0
123438 12910592
123439 0
123698 12910592
123699 0
141112 12910592
141113 0
141372 12910592
141373 0
141952 12910592
141953 0
142212 12910592
142213 0
159627 12910592
159628 0
159887 12910592
159888 0
160467 12910592
160468 0
160727 12910592
160728 0
178141 12910592
178142 0
178401 12910592
178402 0
178981 12910592
178982 0
179241 12910592
179242 0
196655 12910592
196656 0
196915 12910592
196916 0
197495 12910592
197496 0
197755 12910592
197756 0
215170 12910592
215171 0
215430 12910592
215431 0
216010 12910592
216011 0
216270 12910592
216271 0
233684 12910592
233685 0
233944 12910592
233945 0
234524 12910592
234525 0
234784 12910592
234785 0
252198 12910592
252199 0
252458 12910592
252459 0
253038 12910592
253039 0
253298 12910592
253299 0
270712 12910592
270713 0
270972 12910592
270973 0
271552 12910592
271553 0
271812 12910592
271813 0
288627 12910592
288628 0
288887 12910592
288888 0
289467 12910592
289468 0
289727 12910592
289728 0
306241 12910592
306242 0
306501 12910592
306502 0
307081 12910592
307082 0
307341 12910592
307342 0
325141 12910592
325142 0
325401 12910592
325402 0
325981 12910592
325982 0
326241 12910592
326242 0
344120 12910592
344121 0
344380 12910592
344381 0
344960 12910592
344961 0
345220 12910592
345221 0
362309 12910592
362310 0
362569 12910592
362570 0
363149 12910592
363150 0
363409 12910592
363410 0
380499 12910592
380500 0
380759 12910592
380760 0
381339 12910592
381340 0
381599 12910592
381600 0
398688 12910592
398689 0
398948 12910592
398949 0
399528 12910592
399529 0
399788 12910592
399789 0
416878 12910592
416879 0
417138 12910592
417139 0
417718 12910592
417719 0
417978 12910592
417979 0
435067 12910592
435068 0
435297 12910592
435298 0
435837 12910592
435838 0
436067 12910592
436068 0
453257 12910592
453258 0
453517 12910592
453518 0
454097 12910592
454098 0
454357 12910592
454358 0
471446 12910592
471447 0
471706 12910592
471707 0
472286 12910592
472287 0
472546 12910592
472547 0
489636 12910592
489637 0
489896 12910592
489897 0
490476 12910592
490477 0
490736 12910592
490737 0
507825 12910592
507826 0
508085 12910592
508086 0
508665 12910592
508666 0
508925 12910592
508926 0
526015 12910592
526016 0
526275 12910592
526276 0
526855 12910592
526856 0
527115 12910592
527116 0
544204 12910592
544205 0
544464 12910592
544465 0
545044 12910592
545045 0
545304 12910592
545305 0
562394 12910592
562395 0
562654 12910592
562655 0
563234 12910592
563235 0
563494 12910592
563495 0
580583 12910592
580584 0
580843 12910592
580844 0
581423 12910592
581424 0
581683 12910592
581684 0
598773 12910592
598774 0
599033 12910592
599034 0
599613 12910592
599614 0
599873 12910592
599874 0
616962 12910592
616963 0
617222 12910592
617223 0
617802 12910592
617803 0
618062 12910592
618063 0
634552 12910592
634553 0
634812 12910592
634813 0
635392 12910592
635393 0
635652 12910592
635653 0
651841 12910592
651842 0
652101 12910592
652102 0
652681 12910592
652682 0
652941 12910592
652942 0
670741 12910592
670742 0
670971 12910592
670972 0
671511 12910592
671512 0
671741 12910592
671742 0
690370 12910592
690371 0
690630 12910592
690631 0
691210 12910592
691211 0
691470 12910592
691471 0
708884 12910592
708885 0
709144 12910592
709145 0
709724 12910592
709725 0
709984 12910592
709985 0
727398 12910592
727399 0
727658 12910592
727659 0
728238 12910592
728239 0
728498 12910592
728499 0
745912 12910592
745913 0
746172 12910592
746173 0
746752 12910592
746753 0
747012 12910592
747013 0
764427 12910592
764428 0
764687 12910592
764688 0
765267 12910592
765268 0
765527 12910592
765528 0
782941 12910592
782942 0
783201 12910592
783202 0
783781 12910592
783782 0
784041 12910592
784042 0
801455 12910592
801456 0
801715 12910592
801716 0
802295 12910592
802296 0
802555 12910592
802556 0
819970 12910592
819971 0
820230 12910592
820231 0
820810 12910592
820811 0
821070 12910592
821071 0
838484 12910592
838485 0
838744 12910592
838745 0
839324 12910592
839325 0
839584 12910592
839585 0
856998 12910592
856999 0
857258 12910592
857259 0
857838 12910592
857839 0
858098 12910592
858099 0
875512 12910592
875513 0
875772 12910592
875773 0
876352 12910592
876353 0
876612 12910592
876613 0
893427 12910592
893428 0
893687 12910592
893688 0
894267 12910592
894268 0
894527 12910592
894528 0
911041 12910592
911042 0
911301 12910592
911302 0
911881 12910592
911882 0
912141 12910592
912142 0
929941 12910592
929942 0
930201 12910592
930202 0
930781 12910592
930782 0
931041 12910592
931042 0
948920 12910592
948921 0
949180 12910592
949181 0
949760 12910592
949761 0
950020 12910592
950021 0
967109 12910592
967110 0
967369 12910592
967370 0
967949 12910592
967950 0
968209 12910592
968210 0
985299 12910592
985300 0
985559 12910592
985560 0
986139 12910592
986140 0
986399 12910592
986400 0
1003488 12910592
1003489 0
1003748 12910592
1003749 0
1004328 12910592
1004329 0
1004588 12910592
1004589 0
1021678 12910592
1021679 0
1021938 12910592
1021939 0
1022518 12910592
1022519 0
1022778 12910592
1022779 0
1039867 12910592
1039868 0
1040097 12910592
1040098 0
1040637 12910592
1040638 0
1040867 12910592
1040868 0
1058057 12910592
1058058 0
1058317 12910592
1058318 0
1058897 12910592
1058898 0
1059157 12910592
1059158 0
1076246 12910592
1076247 0
1076506 12910592
1076507 0
1077086 12910592
1077087 0
1077346 12910592
1077347 0
1112625 12910592
1112626 0
1112885 12910592
1112886 0
1113465 12910592
1113466 0
1113725 12910592
1113726 0
1130815 12910592
1130816 0
1131075 12910592
1131076 0
1131655 12910592
1131656 0
1131915 12910592
1131916 0
1149004 12910592
1149005 0
1149264 12910592
1149265 0
1149844 12910592
1149845 0
1150104 12910592
1150105 0
1167194 12910592
1167195 0
1167454 12910592
1167455 0
1168034 12910592
1168035 0
1168294 12910592
1168295 0
1185383 12910592
1185384 0
1185643 12910592
1185644 0
1186223 12910592
1186224 0
1186483 12910592
1186484 0
1203573 12910592
1203574 0
1203833 12910592
1203834 0
1204413 12910592
1204414 0
1204673 12910592
1204674 0
1221762 12910592
1221763 0
1222022 12910592
1222023 0
1222602 12910592
1222603 0
1222862 12910592
1222863 0
1239352 12910592
1239353 0
1239612 12910592
1239613 0
1240192 12910592
1240193 0
1240452 12910592
1240453 0
1256641 12910592
1256642 0
1256901 12910592
1256902 0
1257481 12910592
1257482 0
1257741 12910592
1257742 0
1276655 12910592
1276656 0
1276885 12910592
1276886 0
1277425 12910592
1277426 0
1277655 12910592
1277656 0
1295170 12910592
1295171 0
1295430 12910592
1295431 0
1296010 12910592
1296011 0
1296270 12910592
1296271 0
1313684 12910592
1313685 0
1313944 12910592
1313945 0
1314524 12910592
1314525 0
1314784 12910592
1314785 0
1332198 12910592
1332199 0
1332458 12910592
1332459 0
1333038 12910592
1333039 0
1333298 12910592
1333299 0
1350712 12910592
1350713 0
1350972 12910592
1350973 0
1351552 12910592
1351553 0
1351812 12910592
1351813 0
1369227 12910592
1369228 0
1369487 12910592
1369488 0
1370067 12910592
1370068 0
1370327 12910592
1370328 0
1387741 12910592
1387742 0
1388001 12910592
1388002 0
1388581 12910592
1388582 0
1388841 12910592
1388842 0
1406255 12910592
1406256 0
1406515 12910592
1406516 0
1407095 12910592
1407096 0
1407355 12910592
1407356 0
1424770 12910592
1424771 0
1425030 12910592
1425031 0
1425610 12910592
1425611 0
1425870 12910592
1425871 0
1443284 12910592
1443285 0
1443544 12910592
1443545 0
1444124 12910592
1444125 0
1444384 12910592
1444385 0
1461798 12910592
1461799 0
1462058 12910592
1462059 0
1462638 12910592
1462639 0
1462898 12910592
1462899 0
1480312 12910592
1480313 0
1480572 12910592
1480573 0
1481152 12910592
1481153 0
1481412 12910592
1481413 0
1498227 12910592
1498228 0
1498487 12910592
1498488 0
1499067 12910592
1499068 0
1499327 12910592
1499328 0
1515841 12910592
1515842 0
1516101 12910592
1516102 0
1516681 12910592
1516682 0
1516941 12910592
1516942 0
1534741 12910592
1534742 0
1535001 12910592
1535002 0
1535581 12910592
1535582 0
1535841 12910592
1535842 0
1553720 12910592
1553721 0
1553980 12910592
1553981 0
1554560 12910592
1554561 0
1554820 12910592
1554821 0
1571909 12910592
1571910 0
1572169 12910592
1572170 0
1572749 12910592
1572750 0
1573009 12910592
1573010 0
1590099 12910592
1590100 0
1590359 12910592
1590360 0
1590939 12910592
1590940 0
1591199 12910592
1591200 0
1608288 12910592
1608289 0
1608548 12910592
1608549 0
1609128 12910592
1609129 0
1609388 12910592
1609389 0
1626478 12910592
1626479 0
1626738 12910592
1626739 0
1627318 12910592
1627319 0
1627578 12910592
1627579 0
1644667 12910592
1644668 0
1644897 12910592
1644898 0
1645437 12910592
1645438 0
1645667 12910592
1645668 0
1662857 12910592
1662858 0
1663117 12910592
1663118 0
1663697 12910592
1663698 0
1663957 12910592
1663958 0
1681046 12910592
1681047 0
1681306 12910592
1681307 0
1681886 12910592
1681887 0
1682146 12910592
1682147 0
1699236 12910592
1699237 0
1699496 12910592
1699497 0
1700076 12910592
1700077 0
1700336 12910592
1700337 0
1715641 12910592
1715642 0
1715871 12910592
1715872 0
1716411 12910592
1716412 0
1716641 12910592
1716642 0
1735615 12910592
1735616 0
1735875 12910592
1735876 0
1736455 12910592
1736456 0
1736715 12910592
1736716 0
1753804 12910592
1753805 0
1754064 12910592
1754065 0
1754644 12910592
1754645 0
1754904 12910592
1754905 0
1771994 12910592
1771995 0
1772254 12910592
1772255 0
1772834 12910592
1772835 0
1773094 12910592
1773095 0
1790183 12910592
1790184 0
1790443 12910592
1790444 0
1791023 12910592
1791024 0
1791283 12910592
1791284 0
1808373 12910592
1808374 0
1808633 12910592
1808634 0
1809213 12910592
1809214 0
1809473 12910592
1809474 0
1826562 12910592
1826563 0
1826822 12910592
1826823 0
1827402 12910592
1827403 0
1827662 12910592
1827663 0
1844152 12910592
1844153 0
1844412 12910592
1844413 0
1844992 12910592
1844993 0
1845252 12910592
1845253 0
1861441 12910592
1861442 0
1861701 12910592
1861702 0
1862281 12910592
1862282 0
1862541 12910592
1862542 0
1881455 12910592
1881456 0
1881685 12910592
1881686 0
1882225 12910592
1882226 0
1882455 12910592
1882456 0
1899970 12910592
1899971 0
1900230 12910592
1900231 0
1900810 12910592
1900811 0
1901070 12910592
1901071 0
1918484 12910592
1918485 0
1918744 12910592
1918745 0
1919324 12910592
1919325 0
1919584 12910592
1919585 0
1936998 12910592
1936999 0
1937258 12910592
1937259 0
1937838 12910592
1937839 0
1938098 12910592
1938099 0
1955512 12910592
1955513 0
1955772 12910592
1955773 0
1956352 12910592
1956353 0
1956612 12910592
1956613 0
1974027 12910592
1974028 0
1974287 12910592
1974288 0
1974867 12910592
1974868 0
1975127 12910592
1975128 0
1992541 12910592
1992542 0
1992801 12910592
1992802 0
1993381 12910592
1993382 0
1993641 12910592
1993642 0
2011055 12910592
2011056 0
2011315 12910592
2011316 0
2011895 12910592
2011896 0
2012155 12910592
2012156 0
2029570 12910592
2029571 0
2029830 12910592
2029831 0
2030410 12910592
2030411 0
2030670 12910592
2030671 0
2048084 12910592
2048085 0
2048344 12910592
2048345 0
2048924 12910592
2048925 0
2049184 12910592
2049185 0
2066598 12910592
2066599 0
2066858 12910592
2066859 0
2067438 12910592
2067439 0
2067698 12910592
2067699 0
2085112 12910592
2085113 0
2085372 12910592
2085373 0
2085952 12910592
2085953 0
2086212 12910592
2086213 0
2103027 12910592
2103028 0
2103287 12910592
2103288 0
2103867 12910592
2103868 0
2104127 12910592
2104128 0
2120641 12910592
2120642 0
2120901 12910592
2120902 0
2121481 12910592
2121482 0
2121741 12910592
2121742 0
2140330 12910592
2140331 0
2140590 12910592
2140591 0
2141170 12910592
2141171 0
2141430 12910592
2141431 0
2160891 12910592
2160892 0
2161151 12910592
2161152 0
2161731 12910592
2161732 0
2161991 12910592
2161992 0
2175291 12910592
2175292 0
2175551 12910592
2175552 0
2176131 12910592
2176132 0
2176391 12910592
2176392 0
2194899 12910592
2194900 0
2195159 12910592
2195160 0
2195739 12910592
2195740 0
2195999 12910592
2196000 0
2213088 12910592
2213089 0
2213348 12910592
2213349 0
2213928 12910592
2213929 0
2214188 12910592
2214189 0
2231278 12910592
2231279 0
2231538 12910592
2231539 0
2232118 12910592
2232119 0
2232378 12910592
2232379 0
2249467 12910592
2249468 0
2249697 12910592
2249698 0
2250237 12910592
2250238 0
2250467 12910592
2250468 0
2267657 12910592
2267658 0
2267917 12910592
2267918 0
2268497 12910592
2268498 0
2268757 12910592
2268758 0
2285846 12910592
2285847 0
2286106 12910592
2286107 0
2286686 12910592
2286687 0
2286946 12910592
2286947 0
2304036 12910592
2304037 0
2304296 12910592
2304297 0
2304876 12910592
2304877 0
2305136 12910592
2305137 0
2322225 12910592
2322226 0
2322485 12910592
2322486 0
2323065 12910592
2323066 0
2323325 12910592
2323326 0
2340415 12910592
2340416 0
2340675 12910592
2340676 0
2341255 12910592
2341256 0
2341515 12910592
2341516 0
2358604 12910592
2358605 0
2358864 12910592
2358865 0
2359444 12910592
2359445 0
2359704 12910592
2359705 0
2376794 12910592
2376795 0
2377054 12910592
2377055 0
2377634 12910592
2377635 0
2377894 12910592
2377895 0
2394983 12910592
2394984 0
2395243 12910592
2395244 0
2395823 12910592
2395824 0
2396083 12910592
2396084 0
2413173 12910592
2413174 0
2413433 12910592
2413434 0
2414013 12910592
2414014 0
2414273 12910592
2414274 0
2431362 12910592
2431363 0
2431622 12910592
2431623 0
2432202 12910592
2432203 0
2432462 12910592
2432463 0
2448952 12910592
2448953 0
2449212 12910592
2449213 0
2449792 12910592
2449793 0
2450052 12910592
2450053 0
2466241 12910592
2466242 0
2466501 12910592
2466502 0
2467081 12910592
2467082 0
2467341 12910592
2467342 0
2485141 12910592
2485142 0
2485371 12910592
2485372 0
2485911 12910592
2485912 0
2486141 12910592
2486142 0
2504770 12910592
2504771 0
2505030 12910592
2505031 0
2505610 12910592
2505611 0
2505870 12910592
2505871 0
2523284 12910592
2523285 0
2523544 12910592
2523545 0
2524124 12910592
2524125 0
2524384 12910592
2524385 0
2541798 12910592
2541799 0
2542058 12910592
2542059 0
2542638 12910592
2542639 0
2542898 12910592
2542899 0
2560312 12910592
2560313 0
2560572 12910592
2560573 0
2561152 12910592
2561153 0
2561412 12910592
2561413 0
2578827 12910592
2578828 0
2579087 12910592
2579088 0
2579667 12910592
2579668 0
2579927 12910592
2579928 0
2597341 12910592
2597342 0
2597601 12910592
2597602 0
2598181 12910592
2598182 0
2598441 12910592
2598442 0
2615855 12910592
2615856 0
2616115 12910592
2616116 0
2616695 12910592
2616696 0
2616955 12910592
2616956 0
2634370 12910592
2634371 0
2634630 12910592
2634631 0
2635210 12910592
2635211 0
2635470 12910592
2635471 0
2652884 12910592
2652885 0
2653144 12910592
2653145 0
2653724 12910592
2653725 0
2653984 12910592
2653985 0
2671398 12910592
2671399 0
2671658 12910592
2671659 0
2672238 12910592
2672239 0
2672498 12910592
2672499 0
2689912 12910592
2689913 0
2690172 12910592
2690173 0
2690752 12910592
2690753 0
2691012 12910592
2691013 0
2707827 12910592
2707828 0
2708087 12910592
2708088 0
2708667 12910592
2708668 0
2708927 12910592
2708928 0
2725441 12910592
2725442 0
2725701 12910592
2725702 0
2726281 12910592
2726282 0
2726541 12910592
2726542 0
2744341 12910592
2744342 0
2744601 12910592
2744602 0
2745181 12910592
2745182 0
2745441 12910592
2745442 0
2763320 12910592
2763321 0
2763580 12910592
2763581 0
2764160 12910592
2764161 0
2764420 12910592
2764421 0
2781509 12910592
2781510 0
2781769 12910592
2781770 0
2782349 12910592
2782350 0
2782609 12910592
2782610 0
2799699 12910592
2799700 0
2799959 12910592
2799960 0
2800539 12910592
2800540 0
2800799 12910592
2800800 0
2817888 12910592
2817889 0
2818148 12910592
2818149 0
2818728 12910592
2818729 0
2818988 12910592
2818989 0
2836078 12910592
2836079 0
2836338 12910592
2836339 0
2836918 12910592
2836919 0
2837178 12910592
2837179 0
2854267 12910592
2854268 0
2854497 12910592
2854498 0
2855037 12910592
2855038 0
2855267 12910592
2855268 0
2941441 12910592
2941442 0
2941701 12910592
2941702 0
2942281 12910592
2942282 0
2942541 12910592
2942542 0
2963404 12910592
2963405 0
2963664 12910592
2963665 0
2964244 12910592
2964245 0
2964504 12910592
2964505 0
2981594 12910592
2981595 0
2981854 12910592
2981855 0
2982434 12910592
2982435 0
2982694 12910592
2982695 0
2999783 12910592
2999784 0
3000043 12910592
3000044 0
3000623 12910592
3000624 0
3000883 12910592
3000884 0
3017973 12910592
3017974 0
3018233 12910592
3018234 0
3018813 12910592
3018814 0
3019073 12910592
3019074 0
3036162 12910592
3036163 0
3036422 12910592
3036423 0
3037002 12910592
3037003 0
3037262 12910592
3037263 0
3053752 12910592
3053753 0
3054012 12910592
3054013 0
3054592 12910592
3054593 0
3054852 12910592
3054853 0
3071041 12910592
3071042 0
3071301 12910592
3071302 0
3071881 12910592
3071882 0
3072141 12910592
3072142 0
3089941 12910592
3089942 0
3090171 12910592
3090172 0
3090711 12910592
3090712 0
3090941 12910592
3090942 0
3109570 12910592
3109571 0
3109830 12910592
3109831 0
3110410 12910592
3110411 0
3110670 12910592
3110671 0
3128084 12910592
3128085 0
3128344 12910592
3128345 0
3128924 12910592
3128925 0
3129184 12910592
3129185 0
3146598 12910592
3146599 0
3146858 12910592
3146859 0
3147438 12910592
3147439 0
3147698 12910592
3147699 0
3165112 12910592
3165113 0
3165372 12910592
3165373 0
3165952 12910592
3165953 0
3166212 12910592
3166213 0
3183627 12910592
3183628 0
3183887 12910592
3183888 0
3184467 12910592
3184468 0
3184727 12910592
3184728 0
3202141 12910592
3202142 0
3202401 12910592
3202402 0
3202981 12910592
3202982 0
3203241 12910592
3203242 0
3220655 12910592
3220656 0
3220915 12910592
3220916 0
3221495 12910592
3221496 0
3221755 12910592
3221756 0
3239170 12910592
3239171 0
3239430 12910592
3239431 0
3240010 12910592
3240011 0
3240270 12910592
3240271 0
3257684 12910592
3257685 0
3257944 12910592
3257945 0
3258524 12910592
3258525 0
3258784 12910592
3258785 0
3276198 12910592
3276199 0
3276458 12910592
3276459 0
3277038 12910592
3277039 0
3277298 12910592
3277299 0
3294712 12910592
3294713 0
3294972 12910592
3294973 0
3295552 12910592
3295553 0
3295812 12910592
3295813 0
3312627 12910592
3312628 0
3312887 12910592
3312888 0
3313467 12910592
3313468 0
3313727 12910592
3313728 0
3330241 12910592
3330242 0
3330501 12910592
3330502 0
3331081 12910592
3331082 0
3331341 12910592
3331342 0
3349141 12910592
3349142 0
3349401 12910592
3349402 0
3349981 12910592
3349982 0
3350241 12910592
3350242 0
3368120 12910592
3368121 0
3368380 12910592
3368381 0
3368960 12910592
3368961 0
3369220 12910592
3369221 0
3386309 12910592
3386310 0
3386569 12910592
3386570 0
3387149 12910592
3387150 0
3387409 12910592
3387410 0
3404499 12910592
3404500 0
3404759 12910592
3404760 0
3405339 12910592
3405340 0
3405599 12910592
3405600 0
3422688 12910592
3422689 0
3422948 12910592
3422949 0
3423528 12910592
3423529 0
3423788 12910592
3423789 0
3440878 12910592
3440879 0
3441138 12910592
3441139 0
3441718 12910592
3441719 0
3441978 12910592
3441979 0
3459067 12910592
3459068 0
3459297 12910592
3459298 0
3459837 12910592
3459838 0
3460067 12910592
3460068 0
3477257 12910592
3477258 0
3477517 12910592
3477518 0
3478097 12910592
3478098 0
3478357 12910592
3478358 0
3495446 12910592
3495447 0
3495706 12910592
3495707 0
3496286 12910592
3496287 0
3496546 12910592
3496547 0
3513636 12910592
3513637 0
3513896 12910592
3513897 0
3514476 12910592
3514477 0
3514736 12910592
3514737 0
3531825 12910592
3531826 0
3532085 12910592
3532086 0
3532665 12910592
3532666 0
3532925 12910592
3532926 0
3550015 12910592
3550016 0
3550275 12910592
3550276 0
3550855 12910592
3550856 0
3551115 12910592
3551116 0
3568204 12910592
3568205 0
3568464 12910592
3568465 0
3569044 12910592
3569045 0
3569304 12910592
3569305 0
3586394 12910592
3586395 0
3586654 12910592
3586655 0
3587234 12910592
3587235 0
3587494 12910592
3587495 0
3604583 12910592
3604584 0
3604843 12910592
3604844 0
3605423 12910592
3605424 0
3605683 12910592
3605684 0
3622773 12910592
3622774 0
3623033 12910592
3623034 0
3623613 12910592
3623614 0
3623873 12910592
3623874 0
3640962 12910592
3640963 0
3641222 12910592
3641223 0
3641802 12910592
3641803 0
3642062 12910592
3642063 0
3658552 12910592
3658553 0
3658812 12910592
3658813 0
3659392 12910592
3659393 0
3659652 12910592
3659653 0
3675841 12910592
3675842 0
3676101 12910592
3676102 0
3676681 12910592
3676682 0
3676941 12910592
3676942 0
3695855 12910592
3695856 0
3696085 12910592
3696086 0
3696625 12910592
3696626 0
3696855 12910592
3696856 0
3714370 12910592
3714371 0
3714630 12910592
3714631 0
3715210 12910592
3715211 0
3715470 12910592
3715471 0
3732884 12910592
3732885 0
3733144 12910592
3733145 0
3733724 12910592
3733725 0
3733984 12910592
3733985 0
3751398 12910592
3751399 0
3751658 12910592
3751659 0
3752238 12910592
3752239 0
3752498 12910592
3752499 0
3769912 12910592
3769913 0
3770172 12910592
3770173 0
3770752 12910592
3770753 0
3771012 12910592
3771013 0
3788427 12910592
3788428 0
3788687 12910592
3788688 0
3789267 12910592
3789268 0
3789527 12910592
3789528 0
3806941 12910592
3806942 0
3807201 12910592
3807202 0
3807781 12910592
3807782 0
3808041 12910592
3808042 0
3825455 12910592
3825456 0
3825715 12910592
3825716 0
3826295 12910592
3826296 0
3826555 12910592
3826556 0
3843970 12910592
3843971 0
3844230 12910592
3844231 0
3844810 12910592
3844811 0
3845070 12910592
3845071 0
3862484 12910592
3862485 0
3862744 12910592
3862745 0
3863324 12910592
3863325 0
3863584 12910592
3863585 0
3880998 12910592
3880999 0
3881258 12910592
3881259 0
3881838 12910592
3881839 0
3882098 12910592
3882099 0
3899512 12910592
3899513 0
3899772 12910592
3899773 0
3900352 12910592
3900353 0
3900612 12910592
3900613 0
3917427 12910592
3917428 0
3917687 12910592
3917688 0
3918267 12910592
3918268 0
3918527 12910592
3918528 0
3935041 12910592
3935042 0
3935301 12910592
3935302 0
3935881 12910592
3935882 0
3936141 12910592
3936142 0
3954730 12910592
3954731 0
3954990 12910592
3954991 0
3955570 12910592
3955571 0
3955830 12910592
3955831 0
3972920 12910592
3972921 0
3973180 12910592
3973181 0
3973760 12910592
3973761 0
3974020 12910592
3974021 0
3991109 12910592
3991110 0
3991369 12910592
3991370 0
3991949 12910592
3991950 0
3992209 12910592
3992210 0
4009299 12910592
4009300 0
4009559 12910592
4009560 0
4010139 12910592
4010140 0
4010399 12910592
4010400 0
84 events for K
68750 4214960
68754 0
69180 4214960
69184 0
69920 4214960
69924 0
70350 4214960
70354 0
437876 4214960
437880 0
438306 4214960
438310 0
439046 4214960
439050 0
439476 4214960
439480 0
673550 4214960
673554 0
673980 4214960
673984 0
674720 4214960
674724 0
675150 4214960
675154 0
1042676 4214960
1042680 0
1043106 4214960
1043110 0
1043846 4214960
1043850 0
1044276 4214960
1044280 0
1094750 4214960
1094754 0
1095180 4214960
1095184 0
1095920 4214960
1095924 0
1096350 4214960
1096354 0
1279464 4214960
1279468 0
1279894 4214960
1279898 0
1280634 4214960
1280638 0
1281064 4214960
1281068 0
1647476 4214960
1647480 0
1647906 4214960
1647910 0
1648646 4214960
1648650 0
1649076 4214960
1649080 0
1718450 4214960
1718454 0
1718880 4214960
1718884 0
1719620 4214960
1719624 0
1720050 4214960
1720054 0
1884264 4214960
1884268 0
1884694 4214960
1884698 0
1885434 4214960
1885438 0
1885864 4214960
1885868 0
2252276 4214960
2252280 0
2252706 4214960
2252710 0
2253446 4214960
2253450 0
2253876 4214960
2253880 0
2857602 67463256
2857607 0
3462402 47210957
3462407 0
290 events for L
9229 3917
16428 4944
30806 5195
46129 4168
65028 5195
74050 4944
74061 3662
77639 1471
83029 444
88428 1471
99228 548
119029 444
128028 548
138839 485
139139 548
156829 444
164028 1471
192829 444
203628 548
228829 444
236028 548
268429 444
275628 548
305629 444
308039 382
308339 444
326028 548
340429 444
347628 548
347639 2738
376429 2635
383628 3662
412429 2635
419628 2738
426839 548
426850 798
450229 695
459228 798
480839 736
480850 485
481139 548
486229 444
491628 548
504229 444
513228 548
540229 444
549228 548
576229 444
585228 1471
614029 444
621228 548
651229 444
671628 548
687829 444
693228 548
725629 444
732828 548
761629 444
768828 548
797629 444
806628 548
826739 485
827039 548
833629 444
842628 548
871429 444
880428 548
910429 444
930828 548
946429 444
952428 548
981229 444
988428 548
1017229 444
1024428 548
1055629 444
1060428 548
1089229 444
1103628 548
1145029 444
1154028 548
1172039 2738
1181029 2635
1190028 2738
1191839 548
1218829 444
1226028 548
1256029 444
1258418 240
1269228 344
1272839 2534
1290829 2431
1290839 240
1298028 344
1328629 240
1337628 344
1366429 240
1373628 344
1402429 240
1413228 344
1438429 240
1447428 344
1476229 240
1483428 344
1515229 240
1535628 344
1550029 240
1557228 344
1586029 240
1593228 344
1622029 240
1632828 344
1659829 240
1665228 344
1695829 240
1701228 344
1749829 240
1758828 344
1777139 281
1777439 344
1787629 240
1794828 344
1823629 240
1830828 344
1860829 240
1861106 0
1861107 240
1864139 178
1864439 240
1877628 344
1897429 240
1906428 344
1933429 240
1942428 344
1971229 240
1978428 344
2007229 240
2014428 344
2036939 281
2037239 344
2043229 240
2050428 344
2081029 240
2090028 344
2118829 240
2133228 344
2136899 281
2137199 344
2190829 240
2201628 344
2226829 240
2234028 344
2252939 281
2253239 344
2264629 240
2270028 344
2302429 240
2309628 344
2336629 240
2345628 344
2376229 240
2382539 178
2382839 240
2392428 344
2428429 240
2435628 344
2464429 240
2468018 444
2486028 548
2500429 444
2507628 548
2514828 1471
2536461 2754
2538229 1727
2543628 1830
2548718 1626
2555279 1564
2555579 3817
2558061 2534
2576029 2431
2583228 2534
2612029 2431
2619228 2534
2620379 344
2640818 548
2648029 444
2655228 548
2687629 444
2694828 548
2723629 444
2727218 240
2729519 178
2729819 240
2745228 344
2759629 240
2766828 344
2774028 1267
2795629 240
2806428 344
2833429 240
2838828 344
2838850 594
2838861 1877
2860418 2081
2860428 3004
2882018 2800
2882028 1877
2882061 594
2894629 491
2900050 240
2900999 178
2901299 240
2903628 344
2937829 240
2946828 344
2995429 240
3002628 344
3017928 1267
3032329 240
3040428 1267
3069229 240
3072839 2431
3090828 2534
3107029 2431
3112428 2534
3141261 3817
3143029 3713
3148428 3817
3155639 1626
3180829 1523
3184461 240
3188028 1267
3209628 344
3216829 240
3224028 344
3227618 548
3245618 344
3252829 240
3260028 344
3290629 240
3299628 344
3328429 240
3350028 344
3400429 240
3407628 344
3436429 240
3443628 344
3472429 240
3481428 344
3510229 240
3515628 344
3540828 1267
3548018 1471
3562429 444
3573228 548
3580428 1471
3591239 1409
3591539 1471
3594839 3662
3594861 4944
3602029 3917
3609228 4944
3638029 3917
3638039 1727
3645228 2754
3659661 1471
3675229 444
3677639 2635
3688428 3662
3710029 2635
3717228 3662
3724418 3458
3746029 2431
3755028 2534
3785629 2431
3792828 2534
3821629 2431
3828828 3458
3850418 3662
3857629 2635
3864828 3662
3895429 2635
3904428 3662
3934429 2635
3936818 2431
3947628 2534
3971029 2431
3976428 2534
4005229 2431
4012428 2534
60 events for M
22441 90225847
22442 99456
22443 17992937
22448 0
91379 36047367
91384 0
112979 39436416
112984 0
220979 79610631
220984 0
242579 77494701
242584 0
350579 73767533
350584 0
372179 221441780
372184 0
631379 47723996
631384 0
648329 12683312
648334 0
804178 9037466
804183 0
847378 270264152
847383 0
1732978 26968906
1732983 0
1754578 134824032
1754583 0
1757504 20221556
1757509 0
1948918 83191028
1948923 0
2143318 38234987
2143323 0
2164918 107957608
2164923 0
2186518 350862225
2186523 0
2186524 4498234
2186529 0
2208118 38234987
2208123 0
2532178 42873674
2532183 0
2553778 60808152
2553783 0
2640178 123650191
2640183 0
2661778 112353360
2661783 0
2683378 191051956
2683383 0
2704978 148359728
2704983 0
3365818 92231261
3365823 0
3396178 67412016
3396183 0
3704865 67429102
3704870 0
94 events for N
1901286 1000
1902286 0
1946994 1000
1947994 0
1992893 1000
1993893 0
2039016 1000
2040016 0
2085464 1000
2086464 0
2132271 1000
2133271 0
2197079 1000
2198079 0
2242698 1000
2243698 0
2287573 1000
2288573 0
2327945 1000
2328009 0
2340556 1000
2341556 0
2377163 1000
2378163 0
2421564 1000
2422564 0
2465896 1000
2466896 0
2527749 1000
2528749 0
2589759 1000
2590759 0
2641427 1000
2642427 0
2685259 1000
2686259 0
2728808 1000
2729808 0
2772151 1000
2773151 0
2815261 1000
2816261 0
2858021 1000
2859021 0
2900570 1000
2901570 0
2943182 1000
2944182 0
2986114 1000
2987114 0
3029484 1000
3030484 0
3073131 1000
3074131 0
3116807 1000
3117807 0
3160538 1000
3161538 0
3204266 1000
3205266 0
3248418 1000
3249418 0
3287457 1000
3288457 0
3340951 1000
3341951 0
3381323 1000
3382323 0
3427524 1000
3428524 0
3475315 1000
3476315 0
3524823 1000
3525823 0
3573154 1000
3574154 0
3619841 1000
3620841 0
3666004 1000
3667004 0
3711002 1000
3712002 0
3755707 1000
3756707 0
3800624 1000
3801624 0
3845808 1000
3846808 0
3891562 1000
3892562 0
3936897 1000
3937897 0
3981009 1000
3982009 0
