14 instruments
A 10 100 40530.039409419333 54204511.969197564
B 10 100 38499.176269411204 51488453.781630412
C 10 100 376310 320000000
D 10 100 22090 160000000
E 10 100 6499613.0472409306 3333330256.035996
F 10 100 0 974485132.8010211
G 10 100 1289849390.9659207 3398902187.0561032
H 10 100 431759.25152321503 367151977.05994737
I 10 100 199466000 880000000
J 10 100 128045.25187067324 495183416.02819836
K 10 100 7196.0339286610251 2810950753.383213
L 10 100 804865230.11019051 7419592213.7182751
M 10 100 815344000 7516190000
N 10 100 20412.132877845776 869835207.86274612
100 downlinks
0 1 23814 18650.039686
1 66256 91871 17801.393711000001
2 92304 95447 18241.361444999999
3 111898 134731 24067.369501000001
4 135896 159879 56712.888793999999
5 185996 194851 58370.132263
6 198367 219207 58005.525035999999
7 220758 258593 24930.123806
8 258594 279767 16739.689300999999
9 325456 350023 18181.419744999999
10 371991 397607 18610.315675999998
11 399049 437437 59847.283359000001
12 438889 454964 18063.419893999999
13 459589 484394 18186.627066000001
14 485446 501293 56843.492619999997
15 523626 557085 9175.5815739999998
16 557086 568575 9288.5908459999991
17 571843 609842 29976.478185
18 611983 629020 8340.6453669999992
19 638383 648686 28164.287346000001
20 671056 693639 9615.6592349999992
21 715781 744277 8936.4976299999998
22 744278 748101 29078.912095
23 763778 771225 8738.7729049999998
24 789406 824795 9283.3064869999998
25 824796 870574 9136.56639
26 870575 886982 8867.2325060000003
27 902409 906815 30843.021497000002
28 930256 947025 8651.5363890000008
29 948572 971479 8598.6086899999991
30 974372 1002868 28620.571626000001
31 1002869 1013789 29488.2804
32 1017029 1039429 29574.456625999999
33 1045469 1058806 8990.2936559999998
34 1061369 1090251 27889.095755999999
35 1092266 1102395 27279.489213000001
36 1105246 1108471 29339.122920000002
37 1114766 1123592 30467.823106
38 1133066 1144616 9273.8508989999991
39 1147871 1169107 28091.132868000001
40 1169969 1214008 9462.077765
41 1214009 1229342 8739.387213
42 1269856 1284760 27177.101999999999
43 1300309 1324418 28867.988366000001
44 1325359 1347887 8757.0573490000006
45 1386610 1428858 30482.278361000001
46 1428859 1465752 9337.789702
47 1465753 1494214 8515.7706749999998
48 1535056 1549939 8900.7025030000004
49 1552149 1577938 8778.3355150000007
50 1577949 1606321 29886.497736000001
51 1608846 1636087 29243.536622
52 1636806 1641019 26517.245249
53 1645515 1659787 8834.4018649999998
54 1679046 1690421 9457.9623840000004
55 1702442 1722338 28164.872808
56 1731817 1774046 30503.298975000002
57 1774047 1796462 8691.2845450000004
58 1796938 1806933 8525.9525360000007
59 1809598 1813351 28086.786929000002
60 1874656 1902600 9305.8530659999997
61 1904424 1908938 9003.7058219999999
62 1934335 1950096 29720.859928999998
63 1983089 1986746 28196.056719
64 1990728 2007441 8724.7512220000008
65 2009031 2036366 9238.0711549999996
66 2037287 2077031 29465.914934
67 2077032 2085008 8736.7051790000005
68 2108027 2122041 8623.2506759999997
69 2133856 2156105 8421.9856619999991
70 2160346 2180205 27549.328343000001
71 2192023 2209282 29572.320551000001
72 2211579 2241718 29086.290951999999
73 2241819 2270494 8813.8421070000004
74 2278719 2295685 29493.047434
75 2303615 2327106 27435.630709000001
76 2327997 2339525 29792.428981000001
77 2342615 2352498 8997.6095590000004
78 2355515 2378702 26654.011493000002
79 2393056 2416181 8664.3956859999998
80 2416411 2442270 8910.3347130000002
81 2485456 2505453 9263.3037550000008
82 2508562 2514794 8194.1372179999998
83 2526507 2539170 8812.3468479999992
84 2558003 2559834 28513.272391999999
85 2586678 2590839 29797.943813000002
86 2594870 2629702 9287.2106050000002
87 2629703 2640455 9493.8769009999996
88 2643859 2679939 29841.66733
89 2681178 2685856 9031.5484039999992
90 2744656 2756286 27058.173078
91 2758395 2761952 27764.822221999999
92 2765895 2782497 8866.3210920000001
93 2794382 2806542 30200.423556999998
94 2809654 2814498 9259.4321029999992
95 2818690 2842761 9457.3783449999992
96 2844490 2848318 29542.407908000001
97 2853796 2868639 8564.5545529999999
98 2877790 2900459 9335.3412189999999
99 2902986 2931712 27874.981927000001
0 opportunities for A
0 opportunities for B
0 opportunities for C
0 opportunities for D
0 opportunities for E
0 opportunities for F
0 opportunities for G
0 opportunities for H
0 opportunities for I
0 opportunities for J
0 opportunities for K
0 opportunities for L
0 opportunities for M
0 opportunities for N
2 events for A
1863224 0
1863225 18
2 events for B
1862474 0
1862475 18
33 events for C
31576 0
31696 20
31876 252
46096 0
323716 20
323896 0
326056 20
326236 0
326296 28
580096 0
580756 20
580936 0
583096 20
583276 0
583336 56
651016 0
651256 243
1255456 0
1256056 224
1860256 0
2210296 20
2210476 0
2212636 20
2212816 0
2212876 28
2379016 0
2391316 20
2391496 0
2393656 20
2393836 0
2393896 126
2465416 0
2465656 305
241 events for D
15767 1500
20946 0
26446 479
27686 0
29166 479
31276 1500
37256 0
42916 479
44976 0
67016 906
82158 0
89476 906
98906 0
104099 906
119733 0
126213 906
138247 0
141127 906
157062 0
163242 906
175276 0
178156 906
193790 0
199756 1087
202466 0
202970 215
214390 0
274316 1600
284501 0
289456 906
290356 1500
296839 0
297906 1500
300806 0
325156 906
341555 0
347735 906
359744 0
361244 906
377934 0
384114 906
396123 0
421803 906
422543 0
502803 906
503553 0
620737 593
631426 0
634266 906
635016 593
647856 0
671816 906
686776 0
693985 906
706319 0
708599 906
724833 0
731013 906
743347 0
745627 906
761862 0
768042 906
780376 0
783416 906
799055 0
805070 906
817405 0
819685 906
835105 0
842099 906
854433 0
855973 906
872947 0
879127 906
890862 0
893442 906
908476 0
929956 906
946355 0
952535 906
964096 0
966084 906
982484 0
988914 906
1000794 0
1003203 906
1019113 0
1025293 906
1037302 0
1040942 906
1055492 0
1061672 906
1073681 0
1075961 906
1089376 0
1102756 906
1110060 0
1112340 906
1127830 0
1129910 906
1146259 0
1152619 906
1164509 0
1167029 906
1174876 0
1225377 1714
1236787 0
1238327 906
1239067 1714
1254076 0
1271356 1714
1274090 0
1274270 215
1285746 0
1289570 1714
1292605 0
1315776 1500
1321791 0
1335966 1500
1341976 0
1374016 906
1374766 0
1483927 906
1495662 0
1497202 906
1513276 0
1534756 906
1551155 0
1557335 906
1564296 0
1608123 906
1623613 0
1630876 906
1637196 0
1725595 906
1733050 0
1734590 906
1751239 0
1757479 906
1769429 0
1807348 906
1823997 0
1830177 906
1841587 0
1882551 906
1897405 0
1903585 906
1915919 0
1926599 1500
1932711 0
1940673 1500
1946785 0
1991516 906
2008490 0
2014670 906
2026945 0
2029285 906
2037162 0
2079256 906
2080022 0
2133556 1714
2137165 0
2140636 1714
2157930 0
2164506 1714
2173006 0
2178916 906
2179656 1714
2191734 0
2198514 1714
2210523 0
2212803 1714
2228713 0
2234893 1714
2246902 0
2250885 906
2251625 1714
2265092 0
2271272 1714
2276776 0
2307651 215
2319071 0
2424856 906
2425596 0
2434977 906
2446387 0
2448667 906
2463676 0
2486983 906
2502205 0
2509342 906
2520719 0
2522259 906
2539019 0
2546013 906
2557533 0
2560701 906
2575701 0
2582442 906
2594776 0
2596316 906
2613290 0
2619470 906
2622376 0
2622856 906
2631805 0
2634085 906
2650019 0
2656499 906
2665576 0
2665756 1087
2668466 0
2671413 906
2687347 0
2693501 593
2699168 0
2701187 906
2704147 0
2708622 593
2722183 0
2744356 906
2751076 0
2752156 906
2760738 0
2766935 906
2778916 0
2780512 906
2795176 0
2795656 906
2797116 0
2803314 906
2815258 0
2817667 906
2833419 0
2839693 1714
2851561 0
2855741 906
2856481 1714
2892376 0
2905156 1714
2935576 0
2 events for E
1862716 0
1862717 2650
46 events for F
1901611 1000
1902611 0
1947319 1000
1948319 0
1993218 1000
1994218 0
2039341 1000
2040341 0
2085789 1000
2086789 0
2132596 1000
2133596 0
2197404 1000
2198404 0
2243023 1000
2244023 0
2287898 1000
2288898 0
2328270 1000
2328334 0
2340881 1000
2341881 0
2377488 1000
2378488 0
2421889 1000
2422889 0
2466221 1000
2467221 0
2528074 1000
2529074 0
2590084 1000
2591084 0
2641752 1000
2642752 0
2685584 1000
2686584 0
2729133 1000
2730133 0
2772476 1000
2773476 0
2815586 1000
2816586 0
2858346 1000
2859346 0
2900895 1000
2901895 0
235 events for G
74736 19661
74826 27175
75507 7514
76176 27175
76947 7514
77196 27175
77967 7514
78636 27175
79407 7514
79656 27175
80427 7514
81096 27175
81867 7514
82116 27175
82887 7514
83556 27175
84327 7514
84576 27175
85347 7514
85587 0
90876 19661
90966 27175
91527 7514
91656 27175
92307 7514
92856 27175
93447 7514
93636 27175
94287 7514
94836 27175
95487 7514
95616 27175
96267 7514
96816 27175
97467 7514
97596 27175
98247 7514
98796 27175
99447 7514
99576 27175
100227 7514
100776 27175
101427 7514
101556 27175
102207 7514
102327 0
334026 7514
336096 66496
337467 7514
340656 66496
342027 7514
345147 0
349315 58982
349405 66496
350686 7514
353935 66496
355306 7514
355546 0
355836 58982
355926 66496
357207 7514
360456 66496
361827 7514
363327 0
365404 58982
365494 66496
366775 7514
370024 66496
371395 7514
375355 0
375636 58982
375726 66496
377007 7514
379956 66496
381327 7514
381507 0
385694 58982
385784 66496
387065 7514
388454 66496
389825 7514
390365 0
390636 58982
390726 66496
392007 7514
396996 66496
398367 7514
399687 0
401783 117965
401873 124709
402734 6744
403643 124709
404534 6744
405443 124709
406334 6744
407243 124709
408134 6744
409043 124709
409934 6744
410843 124709
411734 6744
412643 124709
413534 6744
417914 0
422073 117965
422163 124709
423024 6744
423933 124709
424824 6744
425733 124709
426624 6744
427533 124709
428424 6744
429333 124709
430224 6744
431133 124709
432024 6744
432933 124709
433824 6744
434733 124709
435624 6744
436104 0
440262 117965
440352 124709
441213 6744
442122 124709
443013 6744
443913 0
458787 169032
460107 45609
461432 0
637737 7514
644898 0
938556 117965
938646 124709
939447 6744
939576 124709
940282 6744
940287 0
941136 58982
941226 66496
942507 7514
949947 0
954115 58982
954205 7514
962746 0
963036 117965
963126 124709
963987 6744
967707 0
970204 117965
970294 124709
971155 6744
981055 0
990494 117965
990584 124709
991445 6744
1001345 0
1281850 117965
1281940 124709
1282801 6744
1283710 124709
1284601 6744
1285510 124709
1286401 6744
1287310 124709
1288201 6744
1289110 124709
1290001 6744
1290910 124709
1291801 6744
1292701 0
1300365 117965
1300455 124709
1301316 6744
1302225 124709
1303116 6744
1304025 124709
1304916 6744
1305825 124709
1306716 6744
1307616 0
1485597 7514
1499238 0
1501412 7514
1516853 0
1805136 58982
1805226 66496
1806507 6744
1806996 66496
1808367 6744
1808787 0
1811468 58982
1811558 66496
1812839 6744
1813328 66496
1814699 6744
1815128 66496
1816499 6744
1825919 0
1831757 58982
1831847 66496
1833128 6744
1833617 66496
1834988 6744
1835417 66496
1836788 6744
1842608 0
2183036 235930
2183126 242674
2184887 6744
2185076 242674
2186927 6744
2187116 242674
2188967 6744
2189216 242674
2191067 6744
2192087 0
2200094 235930
2200184 242674
2200800 6744
2200805 0
2215587 169032
2217387 45609
2219192 0
2752956 117965
2753046 125479
2754327 7514
2754687 0
2890626 3372
2895807 0
2915826 3372
2924187 0
2933226 3372
2938587 0
33 events for H
34116 0
34236 20
34416 252
48636 0
326256 20
326436 0
328596 20
328776 0
328836 28
582636 0
583296 20
583476 0
585636 20
585816 0
585876 56
653556 0
653796 243
1257996 0
1258596 224
1862796 0
2212836 20
2213016 0
2215176 20
2215356 0
2215416 28
2381556 0
2393856 20
2394036 0
2396196 20
2396376 0
2396436 126
2467956 0
2468196 305
214 events for I
8979 3917
16178 4944
30556 5195
45879 4168
64778 5195
73800 4944
73811 3662
77389 1471
82779 444
88178 1471
98978 548
118779 444
127778 548
138589 485
138889 548
156579 444
163778 1471
192579 444
203378 548
228579 444
235778 548
268179 444
275378 548
305379 444
307789 382
308089 444
325778 548
340179 444
347378 548
347389 2738
376179 2635
383378 3662
412179 2635
419378 2738
426589 548
426600 798
449979 695
458978 798
480589 736
480600 485
480889 548
485979 444
491378 548
503979 444
512978 548
539979 444
548978 548
575979 444
584978 1471
613779 444
620978 548
650979 444
671378 548
687579 444
692978 548
725379 444
732578 548
761379 444
768578 548
797379 444
806378 548
826489 485
826789 548
833379 444
842378 548
871179 444
880178 548
910179 444
930578 548
946179 444
952178 548
980979 444
988178 548
1016979 444
1024178 548
1055379 444
1060178 548
1088979 444
1103378 548
1144779 444
1153778 548
1171789 2738
1180779 2635
1189778 2738
1191589 548
1218579 444
1225778 548
1255779 444
1258168 240
1268978 344
1272589 2534
1290579 2431
1290589 240
1297778 344
1328379 240
1337378 344
1366179 240
1373378 344
1402179 240
1412978 344
1438179 240
1447178 344
1475979 240
1483178 344
1514979 240
1535378 344
1549779 240
1556978 344
1585779 240
1592978 344
1621779 240
1632578 344
1659579 240
1664978 344
1695579 240
1700978 344
1749579 240
1758578 344
1776889 281
1777189 344
1787379 240
1794578 344
1823379 240
1830578 344
1860579 240
1860856 0
1860857 240
1863889 178
1864189 240
1877378 344
1897179 240
1906178 344
1933179 240
1942178 344
1970979 240
1978178 344
2006979 240
2014178 344
2036689 281
2036989 344
2042979 240
2050178 344
2080779 240
2089778 344
2118579 240
2132978 344
2136649 281
2136949 344
2190579 240
2201378 344
2226579 240
2233778 344
2252689 281
2252989 344
2264379 240
2269778 344
2302179 240
2309378 344
2336379 240
2345378 344
2375979 240
2382289 178
2382589 240
2392178 344
2428179 240
2435378 344
2464179 240
2467768 444
2485778 548
2500179 444
2507378 548
2514578 1471
2536211 2754
2537979 1727
2543378 1830
2548468 1626
2555029 1564
2555329 3817
2557811 2534
2575779 2431
2582978 2534
2611779 2431
2618978 2534
2620129 344
2640568 548
2647779 444
2654978 548
2687379 444
2694578 548
2723379 444
2726968 240
2729269 178
2729569 240
2744978 344
2759379 240
2766578 344
2773778 1267
2795379 240
2806178 344
2833179 240
2838578 344
2838600 594
2838611 1877
2860168 2081
2860178 3004
2881768 2800
2881778 1877
2881811 594
2894379 491
2899800 240
2900749 178
2901049 240
2903378 344
2937579 240
2 events for J
1863099 0
1863100 74
1240 events for K
13573 12910592
13574 0
13833 12910592
13834 0
14413 12910592
14414 0
14673 12910592
14674 0
31163 12910592
31164 0
31423 12910592
31424 0
32003 12910592
32004 0
32263 12910592
32264 0
48452 12910592
48453 0
48712 12910592
48713 0
49292 12910592
49293 0
49552 12910592
49553 0
67352 12910592
67353 0
67582 12910592
67583 0
68122 12910592
68123 0
68352 12910592
68353 0
86981 12910592
86982 0
87241 12910592
87242 0
87821 12910592
87822 0
88081 12910592
88082 0
105495 12910592
105496 0
105755 12910592
105756 0
106335 12910592
106336 0
106595 12910592
106596 0
124009 12910592
124010 0
124269 12910592
124270 0
124849 12910592
124850 0
125109 12910592
125110 0
142523 12910592
142524 0
142783 12910592
142784 0
143363 12910592
143364 0
143623 12910592
143624 0
161038 12910592
161039 0
161298 12910592
161299 0
161878 12910592
161879 0
162138 12910592
162139 0
179552 12910592
179553 0
179812 12910592
179813 0
180392 12910592
180393 0
180652 12910592
180653 0
198066 12910592
198067 0
198326 12910592
198327 0
198906 12910592
198907 0
199166 12910592
199167 0
216581 12910592
216582 0
216841 12910592
216842 0
217421 12910592
217422 0
217681 12910592
217682 0
235095 12910592
235096 0
235355 12910592
235356 0
235935 12910592
235936 0
236195 12910592
236196 0
253609 12910592
253610 0
253869 12910592
253870 0
254449 12910592
254450 0
254709 12910592
254710 0
272123 12910592
272124 0
272383 12910592
272384 0
272963 12910592
272964 0
273223 12910592
273224 0
290038 12910592
290039 0
290298 12910592
290299 0
290878 12910592
290879 0
291138 12910592
291139 0
307652 12910592
307653 0
307912 12910592
307913 0
308492 12910592
308493 0
308752 12910592
308753 0
326552 12910592
326553 0
326812 12910592
326813 0
327392 12910592
327393 0
327652 12910592
327653 0
345531 12910592
345532 0
345791 12910592
345792 0
346371 12910592
346372 0
346631 12910592
346632 0
363720 12910592
363721 0
363980 12910592
363981 0
364560 12910592
364561 0
364820 12910592
364821 0
381910 12910592
381911 0
382170 12910592
382171 0
382750 12910592
382751 0
383010 12910592
383011 0
400099 12910592
400100 0
400359 12910592
400360 0
400939 12910592
400940 0
401199 12910592
401200 0
418289 12910592
418290 0
418549 12910592
418550 0
419129 12910592
419130 0
419389 12910592
419390 0
436478 12910592
436479 0
436708 12910592
436709 0
437248 12910592
437249 0
437478 12910592
437479 0
454668 12910592
454669 0
454928 12910592
454929 0
455508 12910592
455509 0
455768 12910592
455769 0
472857 12910592
472858 0
473117 12910592
473118 0
473697 12910592
473698 0
473957 12910592
473958 0
491047 12910592
491048 0
491307 12910592
491308 0
491887 12910592
491888 0
492147 12910592
492148 0
509236 12910592
509237 0
509496 12910592
509497 0
510076 12910592
510077 0
510336 12910592
510337 0
527426 12910592
527427 0
527686 12910592
527687 0
528266 12910592
528267 0
528526 12910592
528527 0
545615 12910592
545616 0
545875 12910592
545876 0
546455 12910592
546456 0
546715 12910592
546716 0
563805 12910592
563806 0
564065 12910592
564066 0
564645 12910592
564646 0
564905 12910592
564906 0
581994 12910592
581995 0
582254 12910592
582255 0
582834 12910592
582835 0
583094 12910592
583095 0
600184 12910592
600185 0
600444 12910592
600445 0
601024 12910592
601025 0
601284 12910592
601285 0
618373 12910592
618374 0
618633 12910592
618634 0
619213 12910592
619214 0
619473 12910592
619474 0
635963 12910592
635964 0
636223 12910592
636224 0
636803 12910592
636804 0
637063 12910592
637064 0
653252 12910592
653253 0
653512 12910592
653513 0
654092 12910592
654093 0
654352 12910592
654353 0
672152 12910592
672153 0
672382 12910592
672383 0
672922 12910592
672923 0
673152 12910592
673153 0
691781 12910592
691782 0
692041 12910592
692042 0
692621 12910592
692622 0
692881 12910592
692882 0
710295 12910592
710296 0
710555 12910592
710556 0
711135 12910592
711136 0
711395 12910592
711396 0
728809 12910592
728810 0
729069 12910592
729070 0
729649 12910592
729650 0
729909 12910592
729910 0
747323 12910592
747324 0
747583 12910592
747584 0
748163 12910592
748164 0
748423 12910592
748424 0
765838 12910592
765839 0
766098 12910592
766099 0
766678 12910592
766679 0
766938 12910592
766939 0
784352 12910592
784353 0
784612 12910592
784613 0
785192 12910592
785193 0
785452 12910592
785453 0
802866 12910592
802867 0
803126 12910592
803127 0
803706 12910592
803707 0
803966 12910592
803967 0
821381 12910592
821382 0
821641 12910592
821642 0
822221 12910592
822222 0
822481 12910592
822482 0
839895 12910592
839896 0
840155 12910592
840156 0
840735 12910592
840736 0
840995 12910592
840996 0
858409 12910592
858410 0
858669 12910592
858670 0
859249 12910592
859250 0
859509 12910592
859510 0
876923 12910592
876924 0
877183 12910592
877184 0
877763 12910592
877764 0
878023 12910592
878024 0
894838 12910592
894839 0
895098 12910592
895099 0
895678 12910592
895679 0
895938 12910592
895939 0
912452 12910592
912453 0
912712 12910592
912713 0
913292 12910592
913293 0
913552 12910592
913553 0
931352 12910592
931353 0
931612 12910592
931613 0
932192 12910592
932193 0
932452 12910592
932453 0
950331 12910592
950332 0
950591 12910592
950592 0
951171 12910592
951172 0
951431 12910592
951432 0
968520 12910592
968521 0
968780 12910592
968781 0
969360 12910592
969361 0
969620 12910592
969621 0
986710 12910592
986711 0
986970 12910592
986971 0
987550 12910592
987551 0
987810 12910592
987811 0
1004899 12910592
1004900 0
1005159 12910592
1005160 0
1005739 12910592
1005740 0
1005999 12910592
1006000 0
1023089 12910592
1023090 0
1023349 12910592
1023350 0
1023929 12910592
1023930 0
1024189 12910592
1024190 0
1041278 12910592
1041279 0
1041508 12910592
1041509 0
1042048 12910592
1042049 0
1042278 12910592
1042279 0
1059468 12910592
1059469 0
1059728 12910592
1059729 0
1060308 12910592
1060309 0
1060568 12910592
1060569 0
1077657 12910592
1077658 0
1077917 12910592
1077918 0
1078497 12910592
1078498 0
1078757 12910592
1078758 0
1114036 12910592
1114037 0
1114296 12910592
1114297 0
1114876 12910592
1114877 0
1115136 12910592
1115137 0
1132226 12910592
1132227 0
1132486 12910592
1132487 0
1133066 12910592
1133067 0
1133326 12910592
1133327 0
1150415 12910592
1150416 0
1150675 12910592
1150676 0
1151255 12910592
1151256 0
1151515 12910592
1151516 0
1168605 12910592
1168606 0
1168865 12910592
1168866 0
1169445 12910592
1169446 0
1169705 12910592
1169706 0
1186794 12910592
1186795 0
1187054 12910592
1187055 0
1187634 12910592
1187635 0
1187894 12910592
1187895 0
1204984 12910592
1204985 0
1205244 12910592
1205245 0
1205824 12910592
1205825 0
1206084 12910592
1206085 0
1223173 12910592
1223174 0
1223433 12910592
1223434 0
1224013 12910592
1224014 0
1224273 12910592
1224274 0
1240763 12910592
1240764 0
1241023 12910592
1241024 0
1241603 12910592
1241604 0
1241863 12910592
1241864 0
1258052 12910592
1258053 0
1258312 12910592
1258313 0
1258892 12910592
1258893 0
1259152 12910592
1259153 0
1278066 12910592
1278067 0
1278296 12910592
1278297 0
1278836 12910592
1278837 0
1279066 12910592
1279067 0
1296581 12910592
1296582 0
1296841 12910592
1296842 0
1297421 12910592
1297422 0
1297681 12910592
1297682 0
1315095 12910592
1315096 0
1315355 12910592
1315356 0
1315935 12910592
1315936 0
1316195 12910592
1316196 0
1333609 12910592
1333610 0
1333869 12910592
1333870 0
1334449 12910592
1334450 0
1334709 12910592
1334710 0
1352123 12910592
1352124 0
1352383 12910592
1352384 0
1352963 12910592
1352964 0
1353223 12910592
1353224 0
1370638 12910592
1370639 0
1370898 12910592
1370899 0
1371478 12910592
1371479 0
1371738 12910592
1371739 0
1389152 12910592
1389153 0
1389412 12910592
1389413 0
1389992 12910592
1389993 0
1390252 12910592
1390253 0
1407666 12910592
1407667 0
1407926 12910592
1407927 0
1408506 12910592
1408507 0
1408766 12910592
1408767 0
1426181 12910592
1426182 0
1426441 12910592
1426442 0
1427021 12910592
1427022 0
1427281 12910592
1427282 0
1444695 12910592
1444696 0
1444955 12910592
1444956 0
1445535 12910592
1445536 0
1445795 12910592
1445796 0
1463209 12910592
1463210 0
1463469 12910592
1463470 0
1464049 12910592
1464050 0
1464309 12910592
1464310 0
1481723 12910592
1481724 0
1481983 12910592
1481984 0
1482563 12910592
1482564 0
1482823 12910592
1482824 0
1499638 12910592
1499639 0
1499898 12910592
1499899 0
1500478 12910592
1500479 0
1500738 12910592
1500739 0
1517252 12910592
1517253 0
1517512 12910592
1517513 0
1518092 12910592
1518093 0
1518352 12910592
1518353 0
1536152 12910592
1536153 0
1536412 12910592
1536413 0
1536992 12910592
1536993 0
1537252 12910592
1537253 0
1555131 12910592
1555132 0
1555391 12910592
1555392 0
1555971 12910592
1555972 0
1556231 12910592
1556232 0
1573320 12910592
1573321 0
1573580 12910592
1573581 0
1574160 12910592
1574161 0
1574420 12910592
1574421 0
1591510 12910592
1591511 0
1591770 12910592
1591771 0
1592350 12910592
1592351 0
1592610 12910592
1592611 0
1609699 12910592
1609700 0
1609959 12910592
1609960 0
1610539 12910592
1610540 0
1610799 12910592
1610800 0
1627889 12910592
1627890 0
1628149 12910592
1628150 0
1628729 12910592
1628730 0
1628989 12910592
1628990 0
1646078 12910592
1646079 0
1646308 12910592
1646309 0
1646848 12910592
1646849 0
1647078 12910592
1647079 0
1664268 12910592
1664269 0
1664528 12910592
1664529 0
1665108 12910592
1665109 0
1665368 12910592
1665369 0
1682457 12910592
1682458 0
1682717 12910592
1682718 0
1683297 12910592
1683298 0
1683557 12910592
1683558 0
1700647 12910592
1700648 0
1700907 12910592
1700908 0
1701487 12910592
1701488 0
1701747 12910592
1701748 0
1717052 12910592
1717053 0
1717282 12910592
1717283 0
1717822 12910592
1717823 0
1718052 12910592
1718053 0
1737026 12910592
1737027 0
1737286 12910592
1737287 0
1737866 12910592
1737867 0
1738126 12910592
1738127 0
1755215 12910592
1755216 0
1755475 12910592
1755476 0
1756055 12910592
1756056 0
1756315 12910592
1756316 0
1773405 12910592
1773406 0
1773665 12910592
1773666 0
1774245 12910592
1774246 0
1774505 12910592
1774506 0
1791594 12910592
1791595 0
1791854 12910592
1791855 0
1792434 12910592
1792435 0
1792694 12910592
1792695 0
1809784 12910592
1809785 0
1810044 12910592
1810045 0
1810624 12910592
1810625 0
1810884 12910592
1810885 0
1827973 12910592
1827974 0
1828233 12910592
1828234 0
1828813 12910592
1828814 0
1829073 12910592
1829074 0
1845563 12910592
1845564 0
1845823 12910592
1845824 0
1846403 12910592
1846404 0
1846663 12910592
1846664 0
1862852 12910592
1862853 0
1863112 12910592
1863113 0
1863692 12910592
1863693 0
1863952 12910592
1863953 0
1882866 12910592
1882867 0
1883096 12910592
1883097 0
1883636 12910592
1883637 0
1883866 12910592
1883867 0
1901381 12910592
1901382 0
1901641 12910592
1901642 0
1902221 12910592
1902222 0
1902481 12910592
1902482 0
1919895 12910592
1919896 0
1920155 12910592
1920156 0
1920735 12910592
1920736 0
1920995 12910592
1920996 0
1938409 12910592
1938410 0
1938669 12910592
1938670 0
1939249 12910592
1939250 0
1939509 12910592
1939510 0
1956923 12910592
1956924 0
1957183 12910592
1957184 0
1957763 12910592
1957764 0
1958023 12910592
1958024 0
1975438 12910592
1975439 0
1975698 12910592
1975699 0
1976278 12910592
1976279 0
1976538 12910592
1976539 0
1993952 12910592
1993953 0
1994212 12910592
1994213 0
1994792 12910592
1994793 0
1995052 12910592
1995053 0
2012466 12910592
2012467 0
2012726 12910592
2012727 0
2013306 12910592
2013307 0
2013566 12910592
2013567 0
2030981 12910592
2030982 0
2031241 12910592
2031242 0
2031821 12910592
2031822 0
2032081 12910592
2032082 0
2049495 12910592
2049496 0
2049755 12910592
2049756 0
2050335 12910592
2050336 0
2050595 12910592
2050596 0
2068009 12910592
2068010 0
2068269 12910592
2068270 0
2068849 12910592
2068850 0
2069109 12910592
2069110 0
2086523 12910592
2086524 0
2086783 12910592
2086784 0
2087363 12910592
2087364 0
2087623 12910592
2087624 0
2104438 12910592
2104439 0
2104698 12910592
2104699 0
2105278 12910592
2105279 0
2105538 12910592
2105539 0
2122052 12910592
2122053 0
2122312 12910592
2122313 0
2122892 12910592
2122893 0
2123152 12910592
2123153 0
2141741 12910592
2141742 0
2142001 12910592
2142002 0
2142581 12910592
2142582 0
2142841 12910592
2142842 0
2162302 12910592
2162303 0
2162562 12910592
2162563 0
2163142 12910592
2163143 0
2163402 12910592
2163403 0
2176702 12910592
2176703 0
2176962 12910592
2176963 0
2177542 12910592
2177543 0
2177802 12910592
2177803 0
2196310 12910592
2196311 0
2196570 12910592
2196571 0
2197150 12910592
2197151 0
2197410 12910592
2197411 0
2214499 12910592
2214500 0
2214759 12910592
2214760 0
2215339 12910592
2215340 0
2215599 12910592
2215600 0
2232689 12910592
2232690 0
2232949 12910592
2232950 0
2233529 12910592
2233530 0
2233789 12910592
2233790 0
2250878 12910592
2250879 0
2251108 12910592
2251109 0
2251648 12910592
2251649 0
2251878 12910592
2251879 0
2269068 12910592
2269069 0
2269328 12910592
2269329 0
2269908 12910592
2269909 0
2270168 12910592
2270169 0
2287257 12910592
2287258 0
2287517 12910592
2287518 0
2288097 12910592
2288098 0
2288357 12910592
2288358 0
2305447 12910592
2305448 0
2305707 12910592
2305708 0
2306287 12910592
2306288 0
2306547 12910592
2306548 0
2323636 12910592
2323637 0
2323896 12910592
2323897 0
2324476 12910592
2324477 0
2324736 12910592
2324737 0
2341826 12910592
2341827 0
2342086 12910592
2342087 0
2342666 12910592
2342667 0
2342926 12910592
2342927 0
2360015 12910592
2360016 0
2360275 12910592
2360276 0
2360855 12910592
2360856 0
2361115 12910592
2361116 0
2378205 12910592
2378206 0
2378465 12910592
2378466 0
2379045 12910592
2379046 0
2379305 12910592
2379306 0
2396394 12910592
2396395 0
2396654 12910592
2396655 0
2397234 12910592
2397235 0
2397494 12910592
2397495 0
2414584 12910592
2414585 0
2414844 12910592
2414845 0
2415424 12910592
2415425 0
2415684 12910592
2415685 0
2432773 12910592
2432774 0
2433033 12910592
2433034 0
2433613 12910592
2433614 0
2433873 12910592
2433874 0
2450363 12910592
2450364 0
2450623 12910592
2450624 0
2451203 12910592
2451204 0
2451463 12910592
2451464 0
2467652 12910592
2467653 0
2467912 12910592
2467913 0
2468492 12910592
2468493 0
2468752 12910592
2468753 0
2486552 12910592
2486553 0
2486782 12910592
2486783 0
2487322 12910592
2487323 0
2487552 12910592
2487553 0
2506181 12910592
2506182 0
2506441 12910592
2506442 0
2507021 12910592
2507022 0
2507281 12910592
2507282 0
2524695 12910592
2524696 0
2524955 12910592
2524956 0
2525535 12910592
2525536 0
2525795 12910592
2525796 0
2543209 12910592
2543210 0
2543469 12910592
2543470 0
2544049 12910592
2544050 0
2544309 12910592
2544310 0
2561723 12910592
2561724 0
2561983 12910592
2561984 0
2562563 12910592
2562564 0
2562823 12910592
2562824 0
2580238 12910592
2580239 0
2580498 12910592
2580499 0
2581078 12910592
2581079 0
2581338 12910592
2581339 0
2598752 12910592
2598753 0
2599012 12910592
2599013 0
2599592 12910592
2599593 0
2599852 12910592
2599853 0
2617266 12910592
2617267 0
2617526 12910592
2617527 0
2618106 12910592
2618107 0
2618366 12910592
2618367 0
2635781 12910592
2635782 0
2636041 12910592
2636042 0
2636621 12910592
2636622 0
2636881 12910592
2636882 0
2654295 12910592
2654296 0
2654555 12910592
2654556 0
2655135 12910592
2655136 0
2655395 12910592
2655396 0
2672809 12910592
2672810 0
2673069 12910592
2673070 0
2673649 12910592
2673650 0
2673909 12910592
2673910 0
2691323 12910592
2691324 0
2691583 12910592
2691584 0
2692163 12910592
2692164 0
2692423 12910592
2692424 0
2709238 12910592
2709239 0
2709498 12910592
2709499 0
2710078 12910592
2710079 0
2710338 12910592
2710339 0
2726852 12910592
2726853 0
2727112 12910592
2727113 0
2727692 12910592
2727693 0
2727952 12910592
2727953 0
2745752 12910592
2745753 0
2746012 12910592
2746013 0
2746592 12910592
2746593 0
2746852 12910592
2746853 0
2764731 12910592
2764732 0
2764991 12910592
2764992 0
2765571 12910592
2765572 0
2765831 12910592
2765832 0
2782920 12910592
2782921 0
2783180 12910592
2783181 0
2783760 12910592
2783761 0
2784020 12910592
2784021 0
2801110 12910592
2801111 0
2801370 12910592
2801371 0
2801950 12910592
2801951 0
2802210 12910592
2802211 0
2819299 12910592
2819300 0
2819559 12910592
2819560 0
2820139 12910592
2820140 0
2820399 12910592
2820400 0
2837489 12910592
2837490 0
2837749 12910592
2837750 0
2838329 12910592
2838330 0
2838589 12910592
2838590 0
2855678 12910592
2855679 0
2855908 12910592
2855909 0
2856448 12910592
2856449 0
2856678 12910592
2856679 0
54 events for L
22153 90225847
22154 99456
22155 17992937
22160 0
91091 36047367
91096 0
112691 39436416
112696 0
220691 79610631
220696 0
242291 77494701
242296 0
350291 73767533
350296 0
371891 221441780
371896 0
631091 47723996
631096 0
648041 12683312
648046 0
803890 9037466
803895 0
847090 270264152
847095 0
1732690 26968906
1732695 0
1754290 134824032
1754295 0
1757216 20221556
1757221 0
1948630 83191028
1948635 0
2143030 38234987
2143035 0
2164630 107957608
2164635 0
2186230 350862225
2186235 0
2186236 4498234
2186241 0
2207830 38234987
2207835 0
2531890 42873674
2531895 0
2553490 60808152
2553495 0
2639890 123650191
2639895 0
2661490 112353360
2661495 0
2683090 191051956
2683095 0
2704690 148359728
2704695 0
54 events for M
20781 90225847
20782 99456
20783 17992937
20788 0
89719 36047367
89724 0
111319 39436416
111324 0
219319 79610631
219324 0
240919 77494701
240924 0
348919 73767533
348924 0
370519 221441780
370524 0
629719 47723996
629724 0
646669 12683312
646674 0
802518 9037466
802523 0
845718 270264152
845723 0
1731318 26968906
1731323 0
1752918 134824032
1752923 0
1755844 20221556
1755849 0
1947258 83191028
1947263 0
2141658 38234987
2141663 0
2163258 107957608
2163263 0
2184858 350862225
2184863 0
2184864 4498234
2184869 0
2206458 38234987
2206463 0
2530518 42873674
2530523 0
2552118 60808152
2552123 0
2638518 123650191
2638523 0
2660118 112353360
2660123 0
2681718 191051956
2681723 0
2703318 148359728
2703323 0
82 events for N
68750 4214960
68754 0
69180 4214960
69184 0
69920 4214960
69924 0
70350 4214960
70354 0
437876 4214960
437880 0
438306 4214960
438310 0
439046 4214960
439050 0
439476 4214960
439480 0
673550 4214960
673554 0
673980 4214960
673984 0
674720 4214960
674724 0
675150 4214960
675154 0
1042676 4214960
1042680 0
1043106 4214960
1043110 0
1043846 4214960
1043850 0
1044276 4214960
1044280 0
1094750 4214960
1094754 0
1095180 4214960
1095184 0
1095920 4214960
1095924 0
1096350 4214960
1096354 0
1279464 4214960
1279468 0
1279894 4214960
1279898 0
1280634 4214960
1280638 0
1281064 4214960
1281068 0
1647476 4214960
1647480 0
1647906 4214960
1647910 0
1648646 4214960
1648650 0
1649076 4214960
1649080 0
1718450 4214960
1718454 0
1718880 4214960
1718884 0
1719620 4214960
1719624 0
1720050 4214960
1720054 0
1884264 4214960
1884268 0
1884694 4214960
1884698 0
1885434 4214960
1885438 0
1885864 4214960
1885868 0
2252276 4214960
2252280 0
2252706 4214960
2252710 0
2253446 4214960
2253450 0
2253876 4214960
2253880 0
2857602 67463256
2857607 0
