16 instruments
A 10 100 22090 160000000
B 10 100 804865230.11019051 7419592213.7182751
C 10 100 309096.09667920991 262843801.48639998
D 10 100 24955.266722182481 180753403.14844713
E 10 100 2338 640000000
F 10 100 376310 320000000
G 10 100 157159.98672976866 607777468.940395
H 10 100 0 938631764.34521866
I 10 100 177168740.44080633 781629408.46013641
J 10 100 4367744.2331614867 2240000119.5770016
K 10 100 0.000155227 800000000
L 10 100 40786.332763907049 54547276.407707497
M 10 100 0 275897579.9041419
N 10 100 2665037.1650940888 921958803.05957663
O 10 100 37632 50328700
P 10 100 5459680 2800000000
60 downlinks
0 19800 49577 17825.048205999999
1 49578 67745 16584.801629000001
2 91816 96499 56583.634539999999
3 120738 135056 54510.231771999999
4 137178 152542 17937.152144
5 178088 221962 61000.683803
6 221963 249338 18467.928540000001
7 264361 308238 25417.817937
8 308239 327328 19015.030229
9 330078 347128 24567.032964000002
10 365400 394577 17828.859713000002
11 394578 411962 17701.536620999999
12 436911 480795 25418.320157999999
13 480796 501418 17542.270487000002
14 502578 528436 23159.729212999999
15 528437 567073 59981.281416999998
16 567074 597076 17972.728726000001
17 597077 613056 22999.291153999999
18 614837 654623 56629.461013
19 667800 674336 23614.41446
20 679877 701139 22122.706344999999
21 701176 739875 59998.788971000002
22 739876 757341 17624.346496999999
23 782015 826275 61074.347796000002
24 826276 843861 17138.572087
25 868291 913175 61181.460402999997
26 913176 932357 17433.778816999999
27 933675 950344 23082.352213999999
28 970200 999423 17883.640805999999
29 999424 1023140 17543.785331999999
30 1023675 1046233 22376.399878
31 1046234 1080073 58655.879155000002
32 1080074 1103435 17582.023593000002
33 1105574 1117118 58623.309652000004
34 1127127 1168572 15119.160288999999
35 1168573 1190199 16914.110455999999
36 1194973 1207189 55409.676240000001
37 1213406 1243421 14837.924851
38 1244310 1247704 18937.599925999999
39 1278072 1294888 56160.945200000002
40 1299686 1347970 56661.696495999997
41 1347971 1360266 56748.807657999998
42 1364471 1376676 58852.465277000003
43 1396870 1423170 17334.486729
44 1429871 1472246 60764.045818999999
45 1472247 1519663 24005.080918
46 1527369 1531566 18969.341575999999
47 1536969 1558329 18036.499982000001
48 1581368 1593440 52719.905522000001
49 1602442 1633051 54389.954824
50 1656966 1668740 17991.02982
51 1688727 1730446 61717.871531999997
52 1731094 1776643 24930.695499000001
53 1795565 1819204 22398.438724
54 1834200 1862647 17244.778962
55 1865463 1877801 18220.925300999999
56 1894563 1906123 58678.576760000004
57 1909322 1949161 58555.537063999996
58 1949162 1964047 18992.23504
59 1981862 2018383 13796.402593000001
0 opportunities for A
0 opportunities for B
0 opportunities for C
0 opportunities for D
0 opportunities for E
0 opportunities for F
0 opportunities for G
0 opportunities for H
0 opportunities for I
0 opportunities for J
0 opportunities for K
0 opportunities for L
0 opportunities for M
0 opportunities for N
0 opportunities for O
0 opportunities for P
159 events for A
19500 906
35899 0
48720 906
53788 0
56668 906
72278 0
78458 906
90167 0
92880 593
108180 0
114817 593
125700 0
130446 906
131340 593
135126 906
145036 0
151216 906
163225 0
165505 906
181415 0
220440 906
221190 1500
227202 0
228530 1500
234530 0
294000 215
305420 0
365100 906
380696 0
386876 906
398665 0
399985 906
415920 0
422753 906
433761 0
436641 906
451849 0
458029 906
469338 0
473538 906
487426 0
493606 906
501720 0
507494 906
523002 0
524502 906
540791 0
643200 906
643980 0
667500 906
683096 0
689276 906
700885 0
705265 906
718673 0
724853 906
736461 0
737961 906
754249 0
760429 906
772038 0
774318 906
789138 0
796006 906
807614 0
809114 906
825402 0
828132 906
843191 0
849371 906
860979 0
909300 1087
912010 0
913200 906
913980 0
978000 906
978780 0
1041141 906
1056649 0
1062829 906
1074060 0
1078038 906
1091820 0
1098706 906
1110014 0
1112594 906
1127502 0
1129902 906
1145291 0
1201535 906
1216355 0
1222924 906
1233932 0
1235432 906
1250820 0
1272300 906
1287896 0
1294076 906
1305685 0
1310065 906
1323473 0
1329653 906
1341261 0
1344420 906
1359049 0
1365229 906
1376838 0
1379118 906
1387620 0
1389000 593
1393630 0
1400506 593
1404350 0
1406040 593
1411930 0
1415640 593
1419590 0
1421400 593
1427881 0
1433190 1500
1439210 0
1440510 1500
1446530 0
1456800 215
1468220 0
1525324 906
1536332 0
1541520 906
1549920 0
1576800 906
1591749 0
1597929 906
1610263 0
1611763 906
1628777 0
1671986 906
1684320 0
1685820 906
1702534 0
1760957 906
1776720 0
1783371 906
1790520 0
1792260 906
1794806 0
1796906 906
1812420 0
1863600 906
1864380 0
1871068 906
1886678 0
1892858 906
1904867 0
1950000 906
1950780 0
2001995 906
2014004 0
2016284 906
2033139 0
1515 events for B
21294 4707014
21300 0
21314 2824208
21315 0
22214 2824208
22215 0
22514 2824208
22515 0
23414 2824208
23415 0
23714 2824208
23715 0
24894 4707014
24900 0
28494 4707014
28500 0
32094 4707014
32100 0
35694 4707014
35700 0
41653 4707014
41659 0
44633 1882806
44636 0
45253 4707014
45259 0
48853 4707014
48859 0
51114 4707014
51120 0
58344 4707014
58350 0
62154 4707014
62160 0
65904 4707014
65910 0
66233 1412104
66235 0
69714 4707014
69720 0
79556 82880
79557 0
79566 82880
79567 0
79576 82880
79577 0
79607 82880
79608 0
79617 82880
79618 0
79627 82880
79628 0
224574 4313184
224575 2310336
224576 0
224705 4313184
224707 0
224850 192528
224851 0
225155 2156592
225156 0
225474 3594320
225475 962640
225476 0
225522 3594320
225523 962640
225524 0
225793 718864
225794 0
225803 718864
225804 0
225813 718864
225814 0
225823 718864
225824 0
225833 718864
225834 0
225843 718864
225844 0
225853 718864
225854 0
225863 718864
225864 0
225873 718864
225874 0
225883 718864
225884 0
225893 718864
225894 0
225903 718864
225904 0
225913 718864
225914 0
225923 718864
225924 0
225933 718864
225934 0
225943 718864
225944 0
225953 718864
225954 0
225973 192528
225974 0
225983 192528
225984 0
225993 192528
225994 0
226003 192528
226004 0
226013 192528
226014 0
226023 192528
226024 0
226033 192528
226034 0
226043 192528
226044 0
226053 192528
226054 0
226063 192528
226064 0
226073 192528
226074 0
226083 192528
226084 0
226093 192528
226094 0
239033 1412104
239035 0
242286 4313184
242287 2117808
242288 0
243007 4313184
243009 0
244827 1437728
244828 0
314888 3748528
314891 0
314898 3748528
314901 0
315488 3748528
315491 0
315498 3748528
315501 0
316688 3748528
316691 0
316698 3748528
316701 0
317288 3748528
317291 0
317298 3748528
317301 0
318488 3748528
318491 0
318498 3748528
318501 0
319088 3748528
319091 0
319098 3748528
319101 0
320288 3748528
320291 0
320298 3748528
320301 0
320888 3748528
320891 0
320898 3748528
320901 0
322088 3748528
322091 0
322098 3748528
322101 0
322688 3748528
322691 0
322698 3748528
322701 0
323888 3748528
323891 0
323898 3748528
323901 0
324488 3748528
324491 0
324498 3748528
324501 0
325433 1882806
325436 0
325698 3748528
325701 0
325708 3748528
325711 0
326298 3748528
326301 0
326308 3748528
326311 0
330378 3748528
330381 0
330388 3748528
330391 0
330978 3748528
330981 0
330988 3748528
330991 0
334278 3748528
334281 0
334288 3748528
334291 0
334878 3748528
334881 0
334888 3748528
334891 0
338478 3748528
338481 0
338488 3748528
338491 0
339078 3748528
339081 0
339088 3748528
339091 0
340467 3748528
340470 0
340477 3748528
340480 0
341067 3748528
341070 0
341077 3748528
341080 0
342678 3748528
342681 0
342688 3748528
342691 0
343278 3748528
343281 0
343288 3748528
343291 0
366174 4236312
366178 0
367974 4236312
367978 0
369774 4236312
369778 0
371574 4236312
371578 0
373374 4236312
373378 0
375174 4236312
375178 0
376974 4236312
376978 0
378774 4236312
378778 0
380574 4236312
380578 0
386450 4236312
386454 0
388250 4236312
388254 0
390050 4236312
390054 0
391850 4236312
391854 0
393650 4236312
393654 0
395874 4236312
395878 0
397674 4236312
397678 0
402139 4236312
402143 0
403939 4236312
403943 0
405739 4236312
405743 0
407539 4236312
407543 0
409339 4236312
409343 0
411139 4236312
411143 0
412939 4236312
412943 0
414739 4236312
414743 0
416539 4236312
416543 0
424134 4236312
424138 0
427794 4236312
427798 0
431454 4236312
431458 0
438354 4236312
438358 0
442074 4236312
442078 0
445794 4236312
445798 0
449514 4236312
449518 0
597833 82880
597834 0
597843 82880
597844 0
597853 82880
597854 0
597884 82880
597885 0
597894 82880
597895 0
597904 82880
597905 0
601469 5000000
601493 0
602739 5000000
602763 0
604009 5000000
604033 0
620398 4494818
620399 3748528
620402 0
620408 4494818
620413 0
620458 4494818
620463 0
620518 4494818
620519 3748528
620522 0
620528 4494818
620533 0
620578 4494818
620583 0
620638 4494818
620643 0
620648 4494818
620653 0
620698 4494818
620699 3748528
620702 0
624598 4494818
624599 3748528
624602 0
624608 4494818
624613 0
624658 4494818
624663 0
624718 4494818
624719 3748528
624722 0
624728 4494818
624733 0
624778 4494818
624783 0
624838 4494818
624843 0
624848 4494818
624853 0
624898 4494818
624899 3748528
624902 0
743063 3748528
743066 0
743103 3748528
743106 0
743143 4494818
743148 0
743183 4494818
743188 0
743223 3748528
743226 0
743263 3748528
743266 0
743303 4494818
743308 0
743343 4494818
743348 0
743383 3748528
743386 0
743423 3748528
743426 0
743463 4494818
743468 0
743503 4494818
743508 0
763093 3748528
763096 0
763113 3748528
763116 0
763133 3748528
763136 0
769393 3748528
769396 0
769413 3748528
769416 0
769433 3748528
769436 0
775711 3748528
775714 0
775731 3748528
775734 0
775751 3748528
775754 0
780511 3748528
780514 0
780531 3748528
780534 0
780551 3748528
780554 0
783811 2824208
783812 0
783902 3748528
783905 0
784171 2824208
784172 0
784241 2824208
784242 0
784311 2824208
784312 0
784631 3748528
784634 0
784646 5000000
784664 0
785311 3748528
785314 0
785331 3748528
785334 0
785351 3748528
785354 0
788611 2824208
788612 0
788702 3748528
788705 0
788971 2824208
788972 0
789041 2824208
789042 0
789111 2824208
789112 0
789431 3748528
789434 0
789446 5000000
789464 0
790111 3748528
790114 0
790131 3748528
790134 0
790151 3748528
790154 0
795599 3748528
795602 0
795619 3748528
795622 0
795639 3748528
795642 0
798899 2824208
798900 0
798990 3748528
798993 0
799259 2824208
799260 0
799329 2824208
799330 0
799399 2824208
799400 0
799719 3748528
799722 0
799734 5000000
799752 0
800399 3748528
800402 0
800419 3748528
800422 0
800439 3748528
800442 0
802693 2824208
802694 0
802784 3748528
802787 0
803053 2824208
803054 0
803123 2824208
803124 0
803193 2824208
803194 0
803513 3748528
803516 0
803528 5000000
803546 0
805393 3748528
805396 0
805413 3748528
805416 0
805433 3748528
805436 0
806293 2824208
806294 0
806384 3748528
806387 0
806653 2824208
806654 0
806723 2824208
806724 0
806793 2824208
806794 0
807113 3748528
807116 0
807128 5000000
807146 0
811287 2824208
811288 0
811378 3748528
811381 0
811647 2824208
811648 0
811717 2824208
811718 0
811787 2824208
811788 0
812107 3748528
812110 0
812122 5000000
812140 0
815037 2824208
815038 0
815128 3748528
815131 0
815397 2824208
815398 0
815467 2824208
815468 0
815537 2824208
815538 0
815857 3748528
815860 0
815872 5000000
815890 0
818787 2824208
818788 0
818878 3748528
818881 0
819147 2824208
819148 0
819217 2824208
819218 0
819287 2824208
819288 0
819607 3748528
819610 0
819622 5000000
819640 0
822537 2824208
822538 0
822628 3748528
822631 0
822897 2824208
822898 0
822967 2824208
822968 0
823037 2824208
823038 0
823357 3748528
823360 0
823372 5000000
823390 0
825837 2824208
825838 0
825928 3748528
825931 0
826197 2824208
826198 0
826267 2824208
826268 0
826337 2824208
826338 0
826657 3748528
826660 0
826672 5000000
826690 0
829525 2824208
829526 0
829616 3748528
829619 0
829885 2824208
829886 0
829955 2824208
829956 0
830025 2824208
830026 0
833275 2824208
833276 0
833366 3748528
833369 0
833635 2824208
833636 0
833705 2824208
833706 0
833775 2824208
833776 0
834095 3748528
834098 0
834110 5000000
834128 0
836406 3748528
836407 4498234
836412 0
836417 3748528
836420 0
837006 3748528
837007 4498234
837012 0
837017 3748528
837020 0
837606 3748528
837607 4498234
837612 0
837617 3748528
837620 0
838206 3748528
838207 4498234
838212 0
838217 3748528
838220 0
838806 3748528
838807 4498234
838812 0
838817 3748528
838820 0
839406 3748528
839407 4498234
839412 0
839417 3748528
839420 0
840006 3748528
840007 4498234
840012 0
840017 3748528
840020 0
840606 3748528
840607 4498234
840612 0
840617 3748528
840620 0
841206 3748528
841207 4498234
841212 0
841217 3748528
841220 0
841806 3748528
841807 4498234
841812 0
841817 3748528
841820 0
842406 3748528
842407 4498234
842412 0
842417 3748528
842420 0
843006 3748528
843007 4498234
843012 0
843017 3748528
843020 0
843609 5000000
843654 0
843819 5000000
843831 0
850495 3748528
850498 0
850535 3748528
850538 0
850575 4494818
850580 0
850615 4494818
850620 0
850655 3748528
850658 0
850695 3748528
850698 0
850735 4494818
850740 0
850775 4494818
850780 0
850815 3748528
850818 0
850855 3748528
850858 0
850895 4494818
850900 0
850935 4494818
850940 0
857574 5000000
857590 0
859374 5000000
859390 0
861174 5000000
861190 0
864633 5000000
864649 0
864932 3748528
864935 0
864947 5000000
864965 0
866433 5000000
866449 0
866732 3748528
866735 0
866747 5000000
866765 0
868233 5000000
868249 0
868532 3748528
868535 0
868547 5000000
868565 0
870033 5000000
870049 0
870332 3748528
870335 0
870347 5000000
870365 0
871833 5000000
871849 0
872132 3748528
872135 0
872147 5000000
872165 0
873633 5000000
873649 0
873932 3748528
873935 0
873947 5000000
873965 0
875433 5000000
875449 0
875732 3748528
875735 0
875747 5000000
875765 0
877233 5000000
877249 0
877532 3748528
877535 0
877547 5000000
877565 0
879033 5000000
879049 0
879332 3748528
879335 0
879347 5000000
879365 0
884521 5000000
884537 0
886321 5000000
886337 0
888121 5000000
888137 0
889921 5000000
889937 0
891721 5000000
891737 0
893521 5000000
893537 0
895321 5000000
895337 0
897121 5000000
897137 0
900209 5000000
900225 0
902009 5000000
902025 0
903809 5000000
903825 0
905609 5000000
905625 0
907409 5000000
907425 0
909209 5000000
909225 0
911009 5000000
911025 0
912809 5000000
912825 0
914609 5000000
914625 0
920098 5000000
920114 0
970993 3748528
970996 0
971013 3748528
971016 0
971033 3748528
971036 0
973693 3748528
973696 0
973713 3748528
973716 0
973733 3748528
973736 0
976093 3748528
976096 0
976113 3748528
976116 0
976133 3748528
976136 0
978793 3748528
978796 0
978813 3748528
978816 0
978833 3748528
978836 0
980893 3748528
980896 0
980913 3748528
980916 0
980933 3748528
980936 0
983593 3748528
983596 0
983613 3748528
983616 0
983633 3748528
983636 0
985693 3748528
985696 0
985713 3748528
985716 0
985733 3748528
985736 0
991869 3748528
991872 0
991889 3748528
991892 0
991909 3748528
991912 0
998169 3748528
998172 0
998189 3748528
998192 0
998209 3748528
998212 0
1087467 3748528
1087470 0
1087477 3748528
1087480 0
1088067 3748528
1088070 0
1088077 3748528
1088080 0
1092267 3748528
1092270 0
1092277 3748528
1092280 0
1092867 3748528
1092870 0
1092877 3748528
1092880 0
1098373 3748528
1098376 0
1098383 3748528
1098386 0
1098973 3748528
1098976 0
1098983 3748528
1098986 0
1102873 3748528
1102876 0
1102883 3748528
1102886 0
1103473 3748528
1103476 0
1103483 3748528
1103486 0
1107673 3748528
1107676 0
1107683 3748528
1107686 0
1108273 3748528
1108276 0
1108283 3748528
1108286 0
1114061 3748528
1114064 0
1114071 3748528
1114074 0
1114661 3748528
1114664 0
1114671 3748528
1114674 0
1118561 3748528
1118564 0
1118571 3748528
1118574 0
1119161 3748528
1119164 0
1119171 3748528
1119174 0
1120268 3748528
1120272 0
1120279 4992344
1120288 0
1120299 4992344
1120308 0
1120628 3748528
1120632 0
1120639 4992344
1120648 0
1120659 4992344
1120668 0
1120988 3748528
1120992 0
1120999 4992344
1121008 0
1121019 4992344
1121028 0
1121348 3748528
1121352 0
1121359 4992344
1121368 0
1121379 4992344
1121388 0
1121708 3748528
1121712 0
1121719 4992344
1121728 0
1121739 4992344
1121748 0
1122068 3748528
1122072 0
1122079 4992344
1122088 0
1122099 4992344
1122108 0
1122428 3748528
1122432 0
1122439 4992344
1122448 0
1122459 4992344
1122468 0
1122788 3748528
1122792 0
1122799 4992344
1122808 0
1122819 4992344
1122828 0
1123148 3748528
1123152 0
1123159 4992344
1123168 0
1123179 4992344
1123188 0
1123508 3748528
1123512 0
1123519 4992344
1123528 0
1123539 4992344
1123548 0
1123868 3748528
1123872 0
1123879 4992344
1123888 0
1123899 4992344
1123908 0
1124228 3748528
1124232 0
1124239 4992344
1124248 0
1124259 4992344
1124268 0
1124588 3748528
1124592 0
1124599 4992344
1124608 0
1124619 4992344
1124628 0
1125161 3748528
1125164 0
1125171 3748528
1125174 0
1125761 3748528
1125764 0
1125771 3748528
1125774 0
1127949 3748528
1127952 0
1127959 3748528
1127962 0
1128549 3748528
1128552 0
1128559 3748528
1128562 0
1145558 3748528
1145561 0
1145568 3748528
1145571 0
1146248 3748528
1146251 0
1146258 3748528
1146261 0
1202928 2824208
1202929 0
1203019 3748528
1203022 0
1203228 2824208
1203229 0
1203298 2824208
1203299 0
1203509 3765611
1203512 0
1206528 2824208
1206529 0
1206619 3748528
1206622 0
1206828 2824208
1206829 0
1206898 2824208
1206899 0
1207109 3765611
1207112 0
1210128 2824208
1210129 0
1210219 3748528
1210222 0
1210428 2824208
1210429 0
1210498 2824208
1210499 0
1210709 3765611
1210712 0
1213728 2824208
1213729 0
1213819 3748528
1213822 0
1214028 2824208
1214029 0
1214098 2824208
1214099 0
1214309 3765611
1214312 0
1217028 2824208
1217029 0
1217119 3748528
1217122 0
1217328 2824208
1217329 0
1217398 2824208
1217399 0
1217609 3765611
1217612 0
1390153 718864
1390154 0
1390763 718864
1390764 0
1391394 3748528
1391397 0
1391653 718864
1391654 0
1392263 718864
1392264 0
1392894 3748528
1392897 0
1393153 718864
1393154 0
1393763 718864
1393764 0
1394394 3748528
1394397 0
1401913 718864
1401914 0
1402523 718864
1402524 0
1403154 3748528
1403157 0
1403413 718864
1403414 0
1404023 718864
1404024 0
1404654 3748528
1404657 0
1404913 718864
1404914 0
1405523 718864
1405524 0
1406154 3748528
1406157 0
1436574 4313184
1436575 2310336
1436576 0
1436705 4313184
1436707 0
1436850 192528
1436851 0
1437155 2156592
1437156 0
1437474 3594320
1437475 962640
1437476 0
1437522 3594320
1437523 962640
1437524 0
1437793 718864
1437794 0
1437803 718864
1437804 0
1437813 718864
1437814 0
1437823 718864
1437824 0
1437833 718864
1437834 0
1437843 718864
1437844 0
1437853 718864
1437854 0
1437863 718864
1437864 0
1437873 718864
1437874 0
1437883 718864
1437884 0
1437893 718864
1437894 0
1437903 718864
1437904 0
1437913 718864
1437914 0
1437923 718864
1437924 0
1437933 718864
1437934 0
1437943 718864
1437944 0
1437953 718864
1437954 0
1437973 192528
1437974 0
1437983 192528
1437984 0
1437993 192528
1437994 0
1438003 192528
1438004 0
1438013 192528
1438014 0
1438023 192528
1438024 0
1438033 192528
1438034 0
1438043 192528
1438044 0
1438053 192528
1438054 0
1438063 192528
1438064 0
1438073 192528
1438074 0
1438083 192528
1438084 0
1438093 192528
1438094 0
1543674 4494818
1543675 3748528
1543678 0
1543684 4494818
1543689 0
1543734 4494818
1543739 0
1543794 4494818
1543795 3748528
1543798 0
1543804 4494818
1543809 0
1543854 4494818
1543859 0
1543914 4494818
1543919 0
1543924 4494818
1543929 0
1543974 4494818
1543975 3748528
1543978 0
1547874 4494818
1547875 3748528
1547878 0
1547884 4494818
1547889 0
1547934 4494818
1547939 0
1547994 4494818
1547995 3748528
1547998 0
1548004 4494818
1548009 0
1548054 4494818
1548059 0
1548114 4494818
1548119 0
1548124 4494818
1548129 0
1548174 4494818
1548175 3748528
1548178 0
1585098 82880
1585099 0
1585108 82880
1585109 0
1585118 82880
1585119 0
1585149 82880
1585150 0
1585159 82880
1585160 0
1585169 82880
1585170 0
1634550 3748528
1634553 0
1638150 3748528
1638153 0
1641750 3748528
1641753 0
1645350 3748528
1645353 0
1648770 3748528
1648773 0
1650964 3748528
1650967 0
1654564 3748528
1654567 0
1658164 3748528
1658167 0
1661764 3748528
1661767 0
1665364 3748528
1665367 0
1671579 3748528
1671582 0
1675179 3748528
1675182 0
1678779 3748528
1678782 0
1682379 3748528
1682382 0
1685799 3748528
1685802 0
1687993 3748528
1687996 0
1691593 3748528
1691596 0
1693167 3748528
1693170 0
1693177 3748528
1693180 0
1693767 3748528
1693770 0
1693777 3748528
1693780 0
1696081 3748528
1696084 0
1696091 3748528
1696094 0
1696681 3748528
1696684 0
1696691 3748528
1696694 0
1702981 3748528
1702984 0
1702991 3748528
1702994 0
1703581 3748528
1703584 0
1703591 3748528
1703594 0
1721581 3748528
1721584 0
1721591 3748528
1721594 0
1722181 3748528
1722184 0
1722191 3748528
1722194 0
1785064 2824208
1785065 0
1785184 2824208
1785185 0
1785304 2824208
1785305 0
1785784 2824208
1785785 0
1785904 2824208
1785905 0
1786024 2824208
1786025 0
1786504 2824208
1786505 0
1786624 2824208
1786625 0
1786744 2824208
1786745 0
1787224 2824208
1787225 0
1787344 2824208
1787345 0
1787464 2824208
1787465 0
1787944 2824208
1787945 0
1788064 2824208
1788065 0
1788184 2824208
1788185 0
1788664 2824208
1788665 0
1788784 2824208
1788785 0
1788904 2824208
1788905 0
1789384 2824208
1789385 0
1789504 2824208
1789505 0
1789624 2824208
1789625 0
1790104 2824208
1790105 0
1790224 2824208
1790225 0
1790344 2824208
1790345 0
1790824 2824208
1790825 0
1790944 2824208
1790945 0
1791064 2824208
1791065 0
1791484 2824208
1791485 0
1791604 2824208
1791605 0
1791724 2824208
1791725 0
1792264 2824208
1792265 0
1792384 2824208
1792385 0
1792504 2824208
1792505 0
1795179 2824208
1795180 0
1795270 3748528
1795273 0
1795479 2824208
1795480 0
1795549 2824208
1795550 0
1795760 3765611
1795763 0
1799079 2824208
1799080 0
1799170 3748528
1799173 0
1799379 2824208
1799380 0
1799449 2824208
1799450 0
1799660 3765611
1799663 0
1801179 2824208
1801180 0
1801270 3748528
1801273 0
1801479 2824208
1801480 0
1801549 2824208
1801550 0
1801760 3765611
1801763 0
1802679 2824208
1802680 0
1802770 3748528
1802773 0
1802979 2824208
1802980 0
1803049 2824208
1803050 0
1803260 3765611
1803263 0
1812793 2824208
1812794 0
1812884 3748528
1812887 0
1813093 2824208
1813094 0
1813163 2824208
1813164 0
1813374 3765611
1813377 0
1872141 3748528
1872144 0
1872156 5000000
1872174 0
1873941 3748528
1873944 0
1873956 5000000
1873974 0
1875741 3748528
1875744 0
1875756 5000000
1875774 0
1877541 3748528
1877544 0
1877556 5000000
1877574 0
1879341 3748528
1879344 0
1879356 5000000
1879374 0
1881141 3748528
1881144 0
1881156 5000000
1881174 0
1882941 3748528
1882944 0
1882956 5000000
1882974 0
1884741 3748528
1884744 0
1884756 5000000
1884774 0
1886541 3748528
1886544 0
1886556 5000000
1886574 0
1892431 3748528
1892434 0
1892446 5000000
1892464 0
1894231 3748528
1894234 0
1894246 5000000
1894264 0
1896031 3748528
1896034 0
1896046 5000000
1896064 0
1897831 3748528
1897834 0
1897846 5000000
1897864 0
1899631 3748528
1899634 0
1899646 5000000
1899664 0
1901431 3748528
1901434 0
1901446 5000000
1901464 0
1903231 3748528
1903234 0
1903246 5000000
1903264 0
1905031 3748528
1905034 0
1905046 5000000
1905064 0
1951093 3748528
1951096 0
1951113 3748528
1951116 0
1951133 3748528
1951136 0
1957393 3748528
1957396 0
1957413 3748528
1957416 0
1957433 3748528
1957436 0
1965209 3748528
1965212 0
1965229 3748528
1965232 0
1965249 3748528
1965252 0
1971509 3748528
1971512 0
1971529 3748528
1971532 0
1971549 3748528
1971552 0
1977809 3748528
1977812 0
1977829 3748528
1977832 0
1977849 3748528
1977852 0
1983209 3748528
1983212 0
1983229 3748528
1983232 0
1983249 3748528
1983252 0
1988009 3748528
1988012 0
1988029 3748528
1988032 0
1988049 3748528
1988052 0
1992809 3748528
1992812 0
1992829 3748528
1992832 0
1992849 3748528
1992852 0
1996788 3748528
1996791 0
1996808 3748528
1996811 0
1996828 3748528
1996831 0
7 events for C
5790 185
345090 0
345690 185
949890 0
950490 185
1554690 0
1555290 185
158 events for D
20442 906
36841 0
49662 906
54730 0
57610 906
73220 0
79400 906
91109 0
93822 593
109122 0
115759 593
126642 0
131388 906
132282 593
136068 906
145978 0
152158 906
164167 0
166447 906
182357 0
221382 906
222132 1500
228144 0
229472 1500
235472 0
294942 215
306362 0
366042 906
381638 0
387818 906
399607 0
400927 906
416862 0
423695 906
434703 0
437583 906
452791 0
458971 906
470280 0
474480 906
488368 0
494548 906
502662 0
508436 906
523944 0
525444 906
541733 0
644142 906
644922 0
668442 906
684038 0
690218 906
701827 0
706207 906
719615 0
725795 906
737403 0
738903 906
755191 0
761371 906
772980 0
775260 906
790080 0
796948 906
808556 0
810056 906
826344 0
829074 906
844133 0
850313 906
861921 0
910242 1087
912952 0
914142 906
914922 0
978942 906
979722 0
1042083 906
1057591 0
1063771 906
1075002 0
1078980 906
1092762 0
1099648 906
1110956 0
1113536 906
1128444 0
1130844 906
1146233 0
1202477 906
1217297 0
1223866 906
1234874 0
1236374 906
1251762 0
1273242 906
1288838 0
1295018 906
1306627 0
1311007 906
1324415 0
1330595 906
1342203 0
1345362 906
1359991 0
1366171 906
1377780 0
1380060 906
1388562 0
1389942 593
1394572 0
1401448 593
1405292 0
1406982 593
1412872 0
1416582 593
1420532 0
1422342 593
1428823 0
1434132 1500
1440152 0
1441452 1500
1447472 0
1457742 215
1469162 0
1526266 906
1537274 0
1542462 906
1550862 0
1577742 906
1592691 0
1598871 906
1611205 0
1612705 906
1629719 0
1672928 906
1685262 0
1686762 906
1703476 0
1761899 906
1777662 0
1784313 906
1791462 0
1793202 906
1795748 0
1797848 906
1813362 0
1864542 906
1865322 0
1872010 906
1887620 0
1893800 906
1905809 0
1950942 906
1951722 0
2002937 906
2014946 0
2017226 906
50 events for E
39979 873
68779 0
261382 3276
276382 0
544871 3481
546071 0
547871 3481
565871 0
687176 873
715976 0
778846 3276
793846 0
793906 873
822706 0
1010093 3276
1025093 0
1025153 873
1053953 0
1081246 3276
1096246 0
1096306 873
1125106 0
1170187 3276
1185187 0
1185247 873
1214047 0
1276916 3276
1291916 0
1291976 873
1320776 0
1348069 3276
1363069 0
1363129 873
1391929 0
1437011 3276
1452011 0
1452071 873
1480871 0
1508164 3276
1523164 0
1523224 873
1552024 0
1691854 3276
1706854 0
1706914 873
1735714 0
1854379 873
1883179 0
1927137 873
1955937 0
7 events for F
5700 185
345000 0
345600 185
949800 0
950400 185
1554600 0
1555200 185
1 events for G
3082 74
62 events for H
5738 10000000
5739 0
346162 10000000
346163 0
387129 10000000
387130 0
429443 10000000
429444 0
472203 10000000
472204 0
515113 10000000
515114 0
557973 10000000
557974 0
600584 10000000
600585 0
642730 10000000
642731 0
684373 10000000
684374 0
725990 10000000
725991 0
768257 10000000
768258 0
811351 10000000
811352 0
855089 10000000
855090 0
899279 10000000
899280 0
943822 10000000
943823 0
988724 10000000
988725 0
1034202 10000000
1034203 0
1505203 10000000
1505204 0
1547132 10000000
1547133 0
1589780 10000000
1589781 0
1632698 10000000
1632699 0
1675676 10000000
1675677 0
1718533 10000000
1718534 0
1761063 10000000
1761064 0
1803048 10000000
1803049 0
1844541 10000000
1844542 0
1886191 10000000
1886192 0
1928648 10000000
1928649 0
1971949 10000000
1971950 0
2015864 10000000
2015865 0
141 events for I
71 240
2182 444
20192 1471
36393 444
41792 1471
64593 444
77792 548
108393 444
113792 548
128203 2738
144393 2635
156992 3662
178593 2635
185792 2738
200203 548
234393 444
243392 548
246965 1830
262003 1768
262303 1830
270393 1727
279392 1830
306393 1727
324392 2754
345393 1727
365792 1830
380193 1727
387392 1830
414393 1727
421592 1830
450393 1727
457592 1830
484565 548
486393 444
493592 548
540393 444
545792 1471
567392 548
574593 444
581792 548
612393 444
617792 548
646603 2738
647793 2635
666392 2738
682593 2635
696992 3662
718593 2635
718603 444
723992 1471
738392 548
752793 444
759992 1471
788793 444
795992 548
842793 444
848192 548
876993 444
884192 548
914793 444
920192 548
941814 494
950193 391
956203 2581
968792 3608
984993 2581
990392 3608
991434 3662
1019193 2635
1026392 3662
1028203 1471
1054593 444
1062392 1471
1071403 3662
1091193 2635
1100192 3662
1125403 1471
1125703 1409
1126003 1471
1130143 3662
1130196 3912
1145193 2885
1145863 695
1150614 444
1152392 548
1179393 444
1186592 548
1215393 444
1222592 548
1233365 1830
1251993 1727
1271192 1830
1285593 1727
1292792 1830
1321593 1727
1328792 2754
1357593 1727
1364792 2754
1393593 1727
1400792 2754
1445793 1727
1454792 1830
1481793 1727
1490792 1830
1517793 1727
1517803 3917
1526792 4021
1537592 4944
1539403 2754
1553493 1727
1575392 2754
1589793 1727
1596992 2754
1625793 1727
1632992 1830
1665393 1727
1672592 1830
1701393 1727
1708592 1830
1737393 1727
1744592 2754
1775193 1727
1782392 2754
1814193 1727
1816903 1664
1817203 1727
1820203 3917
1832792 4944
1850793 3917
1856192 4944
1883193 3917
1885003 1727
1893992 2754
1906565 1471
1922793 444
1929992 1471
1958793 444
1965992 1471
1994793 444
2001992 1471
2003803 3662
1 events for J
2824 2650
332 events for K
23700 12910592
23701 0
30905 12910592
30906 0
51905 12910592
51906 0
57300 12910592
57301 0
60900 12910592
60901 0
64800 12910592
64801 0
68700 12910592
68701 0
78720 12910592
78721 0
82500 12910592
82501 0
86400 12910592
86401 0
93360 12910592
93361 0
103380 12910592
103381 0
115740 12910592
115741 0
122280 12910592
122281 0
131820 12910592
131821 0
139025 12910592
139026 0
151500 12910592
151501 0
158705 12910592
158706 0
166080 1089536
166081 0
170400 12910592
170401 0
175205 12910592
175206 0
178200 1089536
178201 0
180965 12910592
180966 0
365400 12910592
365401 0
372780 12910592
372781 0
380220 12910592
380221 0
387125 12910592
387126 0
398100 12910592
398101 0
408905 12910592
408906 0
423000 12910592
423001 0
426900 12910592
426901 0
430500 12910592
430501 0
433320 12910592
433321 0
440700 12910592
440701 0
444900 12910592
444901 0
462005 12910592
462006 0
465720 12910592
465721 0
477840 12910592
477841 0
481080 12910592
481081 0
484265 12910592
484266 0
493860 12910592
493861 0
497640 12910592
497641 0
513300 12910592
513301 0
520985 12910592
520986 0
526200 1089536
526201 0
529620 12910592
529621 0
533400 12910592
533401 0
536880 1089536
536881 0
539885 12910592
539886 0
667805 12910592
667806 0
671400 12910592
671401 0
675000 12910592
675001 0
678600 12910592
678601 0
682620 12910592
682621 0
689525 12910592
689526 0
693120 12910592
693121 0
709985 12910592
709986 0
716400 1089536
716401 0
725100 12910592
725101 0
732905 12910592
732906 0
742380 1089536
742381 0
750900 12910592
750901 0
760800 12910592
760801 0
770700 1089536
770701 0
778200 12910592
778201 0
787800 12910592
787801 0
796265 12910592
796266 0
801900 1089536
801901 0
812100 12910592
812101 0
819605 12910592
819606 0
828720 1089536
828721 0
837300 12910592
837301 0
849660 12910592
849661 0
856800 1089536
856801 0
860520 12910592
860521 0
1041720 12910592
1041721 0
1053300 1089536
1053301 0
1063080 12910592
1063081 0
1073640 12910592
1073641 0
1080305 12910592
1080306 0
1089300 1089536
1089301 0
1099265 12910592
1099266 0
1108500 12910592
1108501 0
1115700 1089536
1115701 0
1122600 12910592
1122601 0
1132680 12910592
1132681 0
1136520 1089536
1136521 0
1138740 12910592
1138741 0
1144860 12910592
1144861 0
1202165 12910592
1202166 0
1205700 1089536
1205701 0
1209305 12910592
1209306 0
1212900 1089536
1212901 0
1215845 12910592
1215846 0
1236785 12910592
1236786 0
1242300 1089536
1242301 0
1246500 12910592
1246501 0
1250400 12910592
1250401 0
1272900 1089536
1272901 0
1276620 12910592
1276621 0
1281300 1089536
1281301 0
1286700 12910592
1286701 0
1298400 12910592
1298401 0
1310640 1089536
1310641 0
1319705 12910592
1319706 0
1329900 12910592
1329901 0
1339505 12910592
1339506 0
1348500 12910592
1348501 0
1357500 1089536
1357501 0
1366800 12910592
1366801 0
1375200 1089536
1375201 0
1382700 12910592
1382701 0
1386605 12910592
1386606 0
1525625 12910592
1525626 0
1528500 1089536
1528501 0
1532100 12910592
1532101 0
1535880 12910592
1535881 0
1542900 1089536
1542901 0
1546205 12910592
1546206 0
1549500 12910592
1549501 0
1577100 12910592
1577101 0
1584180 1089536
1584181 0
1591320 12910592
1591321 0
1598225 12910592
1598226 0
1603500 1089536
1603501 0
1609800 12910592
1609801 0
1613100 12910592
1613101 0
1618505 12910592
1618506 0
1623900 1089536
1623901 0
1628340 12910592
1628341 0
1672260 12910592
1672261 0
1676100 1089536
1676101 0
1679705 12910592
1679706 0
1683900 1089536
1683901 0
1687200 12910592
1687201 0
1689900 12910592
1689901 0
1695900 1089536
1695901 0
1698725 12910592
1698726 0
1761545 12910592
1761546 0
1766100 12910592
1766101 0
1771200 1089536
1771201 0
1775700 12910592
1775701 0
1783925 12910592
1783926 0
1798260 12910592
1798261 0
1802100 1089536
1802101 0
1805700 12910592
1805701 0
1809300 1089536
1809301 0
1812000 12910592
1812001 0
1871340 12910592
1871341 0
1875305 12910592
1875306 0
1878900 1089536
1878901 0
1882500 12910592
1882501 0
1886220 1089536
1886221 0
1893120 12910592
1893121 0
1896725 12910592
1896726 0
1900320 1089536
1900321 0
1904400 12910592
1904401 0
2002260 12910592
2002261 0
2005865 12910592
2005866 0
2009460 1089536
2009461 0
2013540 12910592
2013541 0
2016840 1089536
2016841 0
2020440 12910592
2020441 0
2024040 1089536
2024041 0
2027645 12910592
2027646 0
2031720 12910592
2031721 0
1 events for L
1301 18
3 events for M
948731 90
959651 3500
985271 0
13 events for N
20538 1370
348618 0
366138 1370
651018 0
668538 1370
953418 0
970938 1370
1255818 0
1273338 1370
1558218 0
1575738 1370
1817418 0
1834938 1370
1 events for O
1 18
1 events for P
1 2650
