16 instruments
A 10 100 1801610371.8348846 4747451505.5334387
B 10 100 2338 640000000
C 10 100 376310 320000000
D 10 100 1289849390.9659207 3398902187.0561032
E 10 100 352362.70723718189 299636114.68177354
F 10 100 0.00018444817663405244 950598422.35720563
G 10 100 2312500 800000000
H 10 100 8192 3200000000
I 10 100 22528 960000000
J 10 100 2238.0782914523293 612647607.58318675
K 10 100 20412.132877845776 869835207.86274612
L 10 100 2665037.1650940888 921958803.05957663
M 10 100 154000 595557000
N 10 100 157159.98672976866 607777468.940395
O 10 100 0 296462475.07613176
P 10 100 1935.2198577632046 529743673.63920057
140 downlinks
0 19800 49577 17825.048205999999
1 49578 67745 16584.801629000001
2 91816 96499 56583.634539999999
3 120738 135056 54510.231771999999
4 137178 152542 17937.152144
5 178088 221962 61000.683803
6 221963 249338 18467.928540000001
7 264361 308238 25417.817937
8 308239 327328 19015.030229
9 330078 347128 24567.032964000002
10 365400 394577 17828.859713000002
11 394578 411962 17701.536620999999
12 436911 480795 25418.320157999999
13 480796 501418 17542.270487000002
14 502578 528436 23159.729212999999
15 528437 567073 59981.281416999998
16 567074 597076 17972.728726000001
17 597077 613056 22999.291153999999
18 614837 654623 56629.461013
19 667800 674336 23614.41446
20 679877 701139 22122.706344999999
21 701176 739875 59998.788971000002
22 739876 757341 17624.346496999999
23 782015 826275 61074.347796000002
24 826276 843861 17138.572087
25 868291 913175 61181.460402999997
26 913176 932357 17433.778816999999
27 933675 950344 23082.352213999999
28 970200 999423 17883.640805999999
29 999424 1023140 17543.785331999999
30 1023675 1046233 22376.399878
31 1046234 1080073 58655.879155000002
32 1080074 1103435 17582.023593000002
33 1105574 1117118 58623.309652000004
34 1127127 1168572 15119.160288999999
35 1168573 1190199 16914.110455999999
36 1194973 1207189 55409.676240000001
37 1213406 1243421 14837.924851
38 1244310 1247704 18937.599925999999
39 1278072 1294888 56160.945200000002
40 1299686 1347970 56661.696495999997
41 1347971 1360266 56748.807657999998
42 1364471 1376676 58852.465277000003
43 1396870 1423170 17334.486729
44 1429871 1472246 60764.045818999999
45 1472247 1519663 24005.080918
46 1527369 1531566 18969.341575999999
47 1536969 1558329 18036.499982000001
48 1581368 1593440 52719.905522000001
49 1602442 1633051 54389.954824
50 1656966 1668740 17991.02982
51 1688727 1730446 61717.871531999997
52 1731094 1776643 24930.695499000001
53 1795565 1819204 22398.438724
54 1834200 1862647 17244.778962
55 1865463 1877801 18220.925300999999
56 1894563 1906123 58678.576760000004
57 1909322 1949161 58555.537063999996
58 1949162 1964047 18992.23504
59 1981862 2018383 13796.402593000001
60 2033878 2072159 59962.626314000001
61 2072160 2078069 23204.996364999999
62 2095500 2118635 60314.874481999999
63 2121059 2137467 18020.649063000001
64 2179800 2207240 17416.188300000002
65 2233257 2253543 17116.766715000002
66 2254255 2260753 60234.572946
67 2264755 2284848 16963.427941999998
68 2292746 2335084 60809.052052999999
69 2335085 2360164 23716.228502000002
70 2360753 2368255 18029.108412000001
71 2371913 2374993 60100.563959999999
72 2439000 2465425 17729.224104000001
73 2498751 2510833 17589.138943000002
74 2513509 2545848 58302.529763999999
75 2545849 2563293 18080.346756999999
76 2571649 2599285 55874.873438000002
77 2605247 2628473 60291.091052000003
78 2637912 2680234 60832.041154999999
79 2680235 2718344 24945.773354000001
80 2718345 2742158 18650.039686
81 2784600 2810215 17801.393711000001
82 2810648 2813791 18241.361444999999
83 2830242 2853075 24067.369501000001
84 2854240 2878223 56712.888793999999
85 2904340 2913195 58370.132263
86 2916711 2937551 58005.525035999999
87 2939102 2976937 24930.123806
88 2976938 2998111 16739.689300999999
89 3043800 3068367 18181.419744999999
90 3090335 3115951 18610.315675999998
91 3117393 3155781 59847.283359000001
92 3157233 3173308 18063.419893999999
93 3177933 3202738 18186.627066000001
94 3203790 3219637 56843.492619999997
95 3241970 3275429 9175.5815739999998
96 3275430 3286919 9288.5908459999991
97 3290187 3328186 29976.478185
98 3330327 3347364 8340.6453669999992
99 3356727 3367030 28164.287346000001
100 3389400 3411983 9615.6592349999992
101 3434125 3462621 8936.4976299999998
102 3462622 3466445 29078.912095
103 3482122 3489569 8738.7729049999998
104 3507750 3543139 9283.3064869999998
105 3543140 3588918 9136.56639
106 3588919 3605326 8867.2325060000003
107 3620753 3625159 30843.021497000002
108 3648600 3665369 8651.5363890000008
109 3666916 3689823 8598.6086899999991
110 3692716 3721212 28620.571626000001
111 3721213 3732133 29488.2804
112 3735373 3757773 29574.456625999999
113 3763813 3777150 8990.2936559999998
114 3779713 3808595 27889.095755999999
115 3810610 3820739 27279.489213000001
116 3823590 3826815 29339.122920000002
117 3833110 3841936 30467.823106
118 3851410 3862960 9273.8508989999991
119 3866215 3887451 28091.132868000001
120 3888313 3932352 9462.077765
121 3932353 3947686 8739.387213
122 3988200 4003104 27177.101999999999
123 4018653 4042762 28867.988366000001
124 4043703 4066231 8757.0573490000006
125 4104954 4147202 30482.278361000001
126 4147203 4184096 9337.789702
127 4184097 4212558 8515.7706749999998
128 4253400 4268283 8900.7025030000004
129 4270493 4296282 8778.3355150000007
130 4296293 4324665 29886.497736000001
131 4327190 4354431 29243.536622
132 4355150 4359363 26517.245249
133 4363859 4378131 8834.4018649999998
134 4397390 4408765 9457.9623840000004
135 4420786 4440682 28164.872808
136 4450161 4492390 30503.298975000002
137 4492391 4514806 8691.2845450000004
138 4515282 4525277 8525.9525360000007
139 4527942 4531695 28086.786929000002
0 opportunities for A
0 opportunities for B
0 opportunities for C
0 opportunities for D
0 opportunities for E
0 opportunities for F
0 opportunities for G
0 opportunities for H
0 opportunities for I
0 opportunities for J
0 opportunities for K
0 opportunities for L
0 opportunities for M
0 opportunities for N
0 opportunities for O
0 opportunities for P
588 events for A
26888 117965
26977 328745
27089 117965
27158 125479
27659 7514
28568 125479
29339 7414
29344 7514
30428 125479
31199 7514
32168 125479
32939 7514
34028 125479
34799 7514
35828 125479
36599 7514
37499 0
41667 117965
41757 125479
42498 7514
45327 125479
46098 7514
48927 125479
49698 7514
50118 0
94268 58982
94358 66496
95639 7514
95879 0
96008 58982
96098 66496
97379 7514
97619 0
98168 58982
98258 66496
99539 7514
99779 0
99908 58982
99998 66496
101279 7514
101519 0
102068 58982
102158 66496
103439 7514
103679 0
103808 58982
103898 66496
105179 7514
105419 0
106268 58982
106358 66496
107639 7514
107879 0
108008 58982
108098 66496
109379 7514
109619 0
114548 58982
114638 66496
115919 7514
116159 0
116528 58982
116618 66496
117899 7514
118139 0
118928 58982
119018 66496
120299 7514
120539 0
120908 58982
120998 66496
122279 7514
122519 0
123308 58982
123398 66496
124679 7514
124919 0
125288 58982
125378 66496
126659 7514
126899 0
132728 58982
132818 66496
134099 7514
134219 0
134408 58982
134498 66496
135779 7514
136019 0
372038 125479
372384 0
372428 117965
373139 7514
373448 125479
374219 7414
374224 7514
375308 125479
376079 7514
377048 125479
377819 7514
378908 125479
379679 7514
380708 125479
381479 7514
381839 0
386464 117965
386554 125479
387295 7514
390124 125479
390895 7514
393724 125479
394495 7514
394915 0
395888 117965
395978 125479
396719 7514
397748 125479
398519 7514
399539 0
402153 117965
402243 125479
402984 7514
404013 125479
404784 7514
405813 125479
406584 7514
407613 125479
408384 7514
409413 125479
410184 7514
417804 0
674648 117965
674738 125479
675419 7514
675848 125479
676619 7514
677648 125479
678419 7514
679448 125479
680219 7514
681248 125479
682019 7514
684239 0
688864 117965
688954 125479
689695 7514
690724 125479
691495 7514
692524 125479
693295 7514
694324 125479
695095 7514
697915 0
763178 6744
770339 0
775796 6744
791357 0
795684 6744
806039 0
1279658 6744
1289039 0
1293754 6744
1296144 0
1303388 117965
1303478 125479
1304219 7514
1305248 125479
1306019 7514
1307039 0
1311453 117965
1311543 119538
1312284 1573
1313313 119538
1314084 1573
1315113 119538
1315884 1573
1316913 119538
1317684 1573
1318713 119538
1319484 1573
1324704 0
1329241 117965
1329331 119538
1330072 1573
1331101 119538
1331872 1573
1332901 119538
1333672 1573
1334701 119538
1335472 7514
1336501 119538
1337272 1573
1342492 0
1344929 117965
1345019 125479
1345760 7514
1346180 0
1584128 117965
1584278 125479
1584899 7514
1585328 125479
1586099 7514
1586528 125479
1587299 7514
1587908 125479
1588679 7514
1592939 0
1597517 117965
1597607 125479
1598348 7514
1598777 125479
1599548 7514
1599977 125479
1600748 7514
1601177 125479
1601948 7514
1604768 0
1605788 117965
1605878 124709
1606619 6744
1607048 124709
1607819 6744
1608248 124709
1609019 6744
1609448 124709
1610219 6744
1611239 0
1613931 117965
1614021 124709
1614762 6744
1615191 124709
1615962 6744
1616391 124709
1617162 6744
1617591 124709
1618362 6744
1619391 124709
1620162 6744
1621191 124709
1621962 6744
1622991 124709
1623762 6744
1630182 0
1634545 117965
1634635 124709
1635376 6744
1635805 124709
1636576 6744
1637005 124709
1637776 6744
1638205 124709
1638976 6744
1640005 124709
1640776 6744
1648396 0
1650959 117965
1651049 124709
1651790 7514
1651795 6744
1652219 124709
1652990 6744
1653419 124709
1654190 6744
1654619 124709
1655390 6744
1656419 124709
1657190 6744
1658219 124709
1658990 6744
1667210 0
1671574 117965
1671664 124709
1672405 6744
1672834 124709
1673605 6744
1674034 124709
1674805 6744
1675234 124709
1676005 6744
1676434 124709
1677205 6744
1678834 124709
1679605 6744
1685425 0
1687988 117965
1688078 124709
1688819 6744
1689248 124709
1690019 6744
1690448 124709
1691219 6744
1691639 0
1841228 117965
1841378 119538
1841399 1573
1842428 119538
1843199 1573
1843628 119538
1844399 1573
1845008 119538
1845779 1573
1846208 119538
1846979 1573
1847468 119538
1848239 1573
1848668 119538
1849439 1573
1850639 0
1856067 117965
1856157 119538
1856898 1573
1857327 119538
1858098 1573
1858527 119538
1859298 1573
1859727 119538
1860498 1573
1860927 119538
1861698 1573
1864518 0
2187038 14189
2187719 58982
2187818 7514
2188104 0
2188148 73171
2189519 7514
2194868 66496
2196239 7514
2197139 0
2202317 58982
2202407 66496
2203748 7514
2205977 66496
2207348 7514
2207777 66496
2209148 7514
2209568 0
2210288 58982
2210378 66496
2211719 7514
2212104 0
2212148 58982
2213519 7514
2216639 0
2218731 58982
2218821 66496
2220162 7514
2220547 0
2220591 58982
2221962 7514
2225382 0
2225665 58982
2225755 66496
2227096 7514
2227481 0
2227525 58982
2228896 7514
2235196 0
2239345 58982
2239435 66496
2240776 7514
2245096 0
2245388 58982
2245478 66496
2246819 7514
2251139 0
2447078 7514
2456699 0
2460957 7514
2464098 0
2464478 7514
2469539 0
2577578 7514
2584019 0
2586182 179338
2586284 0
2587873 7514
2602224 0
2606473 7514
2620414 0
2791088 19661
2791178 27175
2791859 7514
2792528 27175
2793299 7514
2793548 27175
2794319 7514
2794988 27175
2795759 7514
2796008 27175
2796779 7514
2797448 27175
2798219 7514
2798468 27175
2799239 7514
2799908 27175
2800679 7514
2800928 27175
2801699 7514
2801939 0
2807228 19661
2807318 27175
2807879 7514
2808008 27175
2808659 7514
2809208 27175
2809799 7514
2809988 27175
2810639 7514
2811188 27175
2811839 7514
2811968 27175
2812619 7514
2813168 27175
2813819 7514
2813948 27175
2814599 7514
2815148 27175
2815799 7514
2815928 27175
2816579 7514
2817128 27175
2817779 7514
2817908 27175
2818559 7514
2818679 0
3050378 7514
3052448 66496
3053819 7514
3057008 66496
3058379 7514
3061499 0
3065667 58982
3065757 66496
3067038 7514
3070287 66496
3071658 7514
3071898 0
3072188 58982
3072278 66496
3073559 7514
3076808 66496
3078179 7514
3079679 0
3081756 58982
3081846 66496
3083127 7514
3086376 66496
3087747 7514
3091707 0
3091988 58982
3092078 66496
3093359 7514
3096308 66496
3097679 7514
3097859 0
3102046 58982
3102136 66496
3103417 7514
3104806 66496
3106177 7514
3106717 0
3106988 58982
3107078 66496
3108359 7514
3113348 66496
3114719 7514
3116039 0
3118135 117965
3118225 124709
3119086 6744
3119995 124709
3120886 6744
3121795 124709
3122686 6744
3123595 124709
3124486 6744
3125395 124709
3126286 6744
3127195 124709
3128086 6744
3128995 124709
3129886 6744
3134266 0
3138425 117965
3138515 124709
3139376 6744
3140285 124709
3141176 6744
3142085 124709
3142976 6744
3143885 124709
3144776 6744
3145685 124709
3146576 6744
3147485 124709
3148376 6744
3149285 124709
3150176 6744
3151085 124709
3151976 6744
3152456 0
3156614 117965
3156704 124709
3157565 6744
3158474 124709
3159365 6744
3160265 0
3175139 169032
3176459 45609
3177784 0
3354089 7514
3361250 0
3654908 117965
3654998 124709
3655799 6744
3655928 124709
3656634 6744
3656639 0
3657488 58982
3657578 66496
3658859 7514
3666299 0
3670467 58982
3670557 7514
3679098 0
3679388 117965
3679478 124709
3680339 6744
3684059 0
3686556 117965
3686646 124709
3687507 6744
3697407 0
3706846 117965
3706936 124709
3707797 6744
3717697 0
3998202 117965
3998292 124709
3999153 6744
4000062 124709
4000953 6744
4001862 124709
4002753 6744
4003662 124709
4004553 6744
4005462 124709
4006353 6744
4007262 124709
4008153 6744
4009053 0
4016717 117965
4016807 124709
4017668 6744
4018577 124709
4019468 6744
4020377 124709
4021268 6744
4022177 124709
4023068 6744
4023968 0
4201949 7514
4215590 0
4217764 7514
4233205 0
4521488 58982
4521578 66496
4522859 6744
4523348 66496
4524719 6744
4525139 0
4527820 58982
4527910 66496
4529191 6744
4529680 66496
4531051 6744
4531480 66496
4532851 6744
4542271 0
4548109 58982
4548199 66496
4549480 6744
4549969 66496
4551340 6744
4551769 66496
4553140 6744
4558960 0
132 events for B
39979 873
68779 0
261382 3276
276382 0
544871 3481
546071 0
547871 3481
565871 0
687176 873
715976 0
778846 3276
793846 0
793906 873
822706 0
1010093 3276
1025093 0
1025153 873
1053953 0
1081246 3276
1096246 0
1096306 873
1125106 0
1170187 3276
1185187 0
1185247 873
1214047 0
1276916 3276
1291916 0
1291976 873
1320776 0
1348069 3276
1363069 0
1363129 873
1391929 0
1437011 3276
1452011 0
1452071 873
1480871 0
1508164 3276
1523164 0
1523224 873
1552024 0
1691854 3276
1706854 0
1706914 873
1735714 0
1854379 873
1883179 0
1927137 873
1955937 0
2075782 3276
2090782 0
2090842 873
2119642 0
2177400 4096
2185600 0
2274686 4096
2282886 0
2348743 4096
2356943 0
2436600 4096
2444800 0
2459179 665
2488339 0
2531937 4096
2540137 0
2604695 4096
2612895 0
2695642 4096
2703842 0
2782200 4096
2790400 0
2879486 4096
2887686 0
2953543 4096
2961743 0
3041400 4096
3049600 0
3063979 665
3093139 0
3136737 4096
3144937 0
3209495 4096
3217695 0
3300442 4096
3308642 0
3387000 1365
3387180 0
3388980 1365
3389520 3481
3408720 1365
3409440 3481
3428640 1365
3429360 3481
3448286 0
3484286 873
3513086 0
3558343 873
3587143 0
3646200 873
3675000 0
3741537 3481
3755937 0
3755952 2252
3759552 0
3759567 2252
3763167 0
3763182 2252
3766782 0
3766797 2252
3770397 0
3803940 3276
3818940 0
3905242 873
3934042 0
3985800 1365
3985980 0
3987780 1365
3988320 3481
4007520 0
4089086 873
4117886 0
4163143 873
4191943 0
4251000 1365
4251720 3481
4270920 0
4331277 3276
4346277 0
4581300 1979
4582500 0
4584300 1979
76 events for C
5700 185
345000 0
345600 185
949800 0
950400 185
1554600 0
1555200 185
2159400 0
2178060 20
2178240 0
2180400 20
2180580 0
2180640 62
2227080 0
2227740 20
2227920 0
2230080 20
2230260 0
2230320 62
2276760 0
2276880 20
2277060 289
2290320 0
2309700 20
2324272 0
2324932 20
2325112 0
2327272 20
2327452 0
2327512 62
2373952 0
2374732 20
2523000 0
2523780 20
2523960 0
2526120 20
2526300 0
2526360 53
2579820 0
2580480 20
2580660 0
2582820 20
2583000 0
2583060 53
2636520 0
2637180 20
2637360 0
2639520 20
2639700 0
2639760 53
2693220 0
2693880 20
2694060 0
2696220 20
2696400 0
2696460 53
2749920 0
2750040 20
2750220 252
2764440 0
3042060 20
3042240 0
3044400 20
3044580 0
3044640 28
3298440 0
3299100 20
3299280 0
3301440 20
3301620 0
3301680 56
3369360 0
3369600 243
3973800 0
3974400 224
4578600 0
588 events for D
28880 117965
28969 328745
29081 117965
29150 125479
29651 7514
30560 125479
31331 7414
31336 7514
32420 125479
33191 7514
34160 125479
34931 7514
36020 125479
36791 7514
37820 125479
38591 7514
39491 0
43659 117965
43749 125479
44490 7514
47319 125479
48090 7514
50919 125479
51690 7514
52110 0
96260 58982
96350 66496
97631 7514
97871 0
98000 58982
98090 66496
99371 7514
99611 0
100160 58982
100250 66496
101531 7514
101771 0
101900 58982
101990 66496
103271 7514
103511 0
104060 58982
104150 66496
105431 7514
105671 0
105800 58982
105890 66496
107171 7514
107411 0
108260 58982
108350 66496
109631 7514
109871 0
110000 58982
110090 66496
111371 7514
111611 0
116540 58982
116630 66496
117911 7514
118151 0
118520 58982
118610 66496
119891 7514
120131 0
120920 58982
121010 66496
122291 7514
122531 0
122900 58982
122990 66496
124271 7514
124511 0
125300 58982
125390 66496
126671 7514
126911 0
127280 58982
127370 66496
128651 7514
128891 0
134720 58982
134810 66496
136091 7514
136211 0
136400 58982
136490 66496
137771 7514
138011 0
374030 125479
374376 0
374420 117965
375131 7514
375440 125479
376211 7414
376216 7514
377300 125479
378071 7514
379040 125479
379811 7514
380900 125479
381671 7514
382700 125479
383471 7514
383831 0
388456 117965
388546 125479
389287 7514
392116 125479
392887 7514
395716 125479
396487 7514
396907 0
397880 117965
397970 125479
398711 7514
399740 125479
400511 7514
401531 0
404145 117965
404235 125479
404976 7514
406005 125479
406776 7514
407805 125479
408576 7514
409605 125479
410376 7514
411405 125479
412176 7514
419796 0
676640 117965
676730 125479
677411 7514
677840 125479
678611 7514
679640 125479
680411 7514
681440 125479
682211 7514
683240 125479
684011 7514
686231 0
690856 117965
690946 125479
691687 7514
692716 125479
693487 7514
694516 125479
695287 7514
696316 125479
697087 7514
699907 0
765170 6744
772331 0
777788 6744
793349 0
797676 6744
808031 0
1281650 6744
1291031 0
1295746 6744
1298136 0
1305380 117965
1305470 125479
1306211 7514
1307240 125479
1308011 7514
1309031 0
1313445 117965
1313535 119538
1314276 1573
1315305 119538
1316076 1573
1317105 119538
1317876 1573
1318905 119538
1319676 1573
1320705 119538
1321476 1573
1326696 0
1331233 117965
1331323 119538
1332064 1573
1333093 119538
1333864 1573
1334893 119538
1335664 1573
1336693 119538
1337464 7514
1338493 119538
1339264 1573
1344484 0
1346921 117965
1347011 125479
1347752 7514
1348172 0
1586120 117965
1586270 125479
1586891 7514
1587320 125479
1588091 7514
1588520 125479
1589291 7514
1589900 125479
1590671 7514
1594931 0
1599509 117965
1599599 125479
1600340 7514
1600769 125479
1601540 7514
1601969 125479
1602740 7514
1603169 125479
1603940 7514
1606760 0
1607780 117965
1607870 124709
1608611 6744
1609040 124709
1609811 6744
1610240 124709
1611011 6744
1611440 124709
1612211 6744
1613231 0
1615923 117965
1616013 124709
1616754 6744
1617183 124709
1617954 6744
1618383 124709
1619154 6744
1619583 124709
1620354 6744
1621383 124709
1622154 6744
1623183 124709
1623954 6744
1624983 124709
1625754 6744
1632174 0
1636537 117965
1636627 124709
1637368 6744
1637797 124709
1638568 6744
1638997 124709
1639768 6744
1640197 124709
1640968 6744
1641997 124709
1642768 6744
1650388 0
1652951 117965
1653041 124709
1653782 7514
1653787 6744
1654211 124709
1654982 6744
1655411 124709
1656182 6744
1656611 124709
1657382 6744
1658411 124709
1659182 6744
1660211 124709
1660982 6744
1669202 0
1673566 117965
1673656 124709
1674397 6744
1674826 124709
1675597 6744
1676026 124709
1676797 6744
1677226 124709
1677997 6744
1678426 124709
1679197 6744
1680826 124709
1681597 6744
1687417 0
1689980 117965
1690070 124709
1690811 6744
1691240 124709
1692011 6744
1692440 124709
1693211 6744
1693631 0
1843220 117965
1843370 119538
1843391 1573
1844420 119538
1845191 1573
1845620 119538
1846391 1573
1847000 119538
1847771 1573
1848200 119538
1848971 1573
1849460 119538
1850231 1573
1850660 119538
1851431 1573
1852631 0
1858059 117965
1858149 119538
1858890 1573
1859319 119538
1860090 1573
1860519 119538
1861290 1573
1861719 119538
1862490 1573
1862919 119538
1863690 1573
1866510 0
2189030 14189
2189711 58982
2189810 7514
2190096 0
2190140 73171
2191511 7514
2196860 66496
2198231 7514
2199131 0
2204309 58982
2204399 66496
2205740 7514
2207969 66496
2209340 7514
2209769 66496
2211140 7514
2211560 0
2212280 58982
2212370 66496
2213711 7514
2214096 0
2214140 58982
2215511 7514
2218631 0
2220723 58982
2220813 66496
2222154 7514
2222539 0
2222583 58982
2223954 7514
2227374 0
2227657 58982
2227747 66496
2229088 7514
2229473 0
2229517 58982
2230888 7514
2237188 0
2241337 58982
2241427 66496
2242768 7514
2247088 0
2247380 58982
2247470 66496
2248811 7514
2253131 0
2449070 7514
2458691 0
2462949 7514
2466090 0
2466470 7514
2471531 0
2579570 7514
2586011 0
2588174 179338
2588276 0
2589865 7514
2604216 0
2608465 7514
2622406 0
2793080 19661
2793170 27175
2793851 7514
2794520 27175
2795291 7514
2795540 27175
2796311 7514
2796980 27175
2797751 7514
2798000 27175
2798771 7514
2799440 27175
2800211 7514
2800460 27175
2801231 7514
2801900 27175
2802671 7514
2802920 27175
2803691 7514
2803931 0
2809220 19661
2809310 27175
2809871 7514
2810000 27175
2810651 7514
2811200 27175
2811791 7514
2811980 27175
2812631 7514
2813180 27175
2813831 7514
2813960 27175
2814611 7514
2815160 27175
2815811 7514
2815940 27175
2816591 7514
2817140 27175
2817791 7514
2817920 27175
2818571 7514
2819120 27175
2819771 7514
2819900 27175
2820551 7514
2820671 0
3052370 7514
3054440 66496
3055811 7514
3059000 66496
3060371 7514
3063491 0
3067659 58982
3067749 66496
3069030 7514
3072279 66496
3073650 7514
3073890 0
3074180 58982
3074270 66496
3075551 7514
3078800 66496
3080171 7514
3081671 0
3083748 58982
3083838 66496
3085119 7514
3088368 66496
3089739 7514
3093699 0
3093980 58982
3094070 66496
3095351 7514
3098300 66496
3099671 7514
3099851 0
3104038 58982
3104128 66496
3105409 7514
3106798 66496
3108169 7514
3108709 0
3108980 58982
3109070 66496
3110351 7514
3115340 66496
3116711 7514
3118031 0
3120127 117965
3120217 124709
3121078 6744
3121987 124709
3122878 6744
3123787 124709
3124678 6744
3125587 124709
3126478 6744
3127387 124709
3128278 6744
3129187 124709
3130078 6744
3130987 124709
3131878 6744
3136258 0
3140417 117965
3140507 124709
3141368 6744
3142277 124709
3143168 6744
3144077 124709
3144968 6744
3145877 124709
3146768 6744
3147677 124709
3148568 6744
3149477 124709
3150368 6744
3151277 124709
3152168 6744
3153077 124709
3153968 6744
3154448 0
3158606 117965
3158696 124709
3159557 6744
3160466 124709
3161357 6744
3162257 0
3177131 169032
3178451 45609
3179776 0
3356081 7514
3363242 0
3656900 117965
3656990 124709
3657791 6744
3657920 124709
3658626 6744
3658631 0
3659480 58982
3659570 66496
3660851 7514
3668291 0
3672459 58982
3672549 7514
3681090 0
3681380 117965
3681470 124709
3682331 6744
3686051 0
3688548 117965
3688638 124709
3689499 6744
3699399 0
3708838 117965
3708928 124709
3709789 6744
3719689 0
4000194 117965
4000284 124709
4001145 6744
4002054 124709
4002945 6744
4003854 124709
4004745 6744
4005654 124709
4006545 6744
4007454 124709
4008345 6744
4009254 124709
4010145 6744
4011045 0
4018709 117965
4018799 124709
4019660 6744
4020569 124709
4021460 6744
4022369 124709
4023260 6744
4024169 124709
4025060 6744
4025960 0
4203941 7514
4217582 0
4219756 7514
4235197 0
4523480 58982
4523570 66496
4524851 6744
4525340 66496
4526711 6744
4527131 0
4529812 58982
4529902 66496
4531183 6744
4531672 66496
4533043 6744
4533472 66496
4534843 6744
4544263 0
4550101 58982
4550191 66496
4551472 6744
4551961 66496
4553332 6744
4553761 66496
4555132 6744
4560952 0
76 events for E
6822 185
346122 0
346722 185
950922 0
951522 185
1555722 0
1556322 185
2160522 0
2179182 20
2179362 0
2181522 20
2181702 0
2181762 62
2228202 0
2228862 20
2229042 0
2231202 20
2231382 0
2231442 62
2277882 0
2278002 20
2278182 289
2291442 0
2310822 20
2325394 0
2326054 20
2326234 0
2328394 20
2328574 0
2328634 62
2375074 0
2375854 20
2524122 0
2524902 20
2525082 0
2527242 20
2527422 0
2527482 53
2580942 0
2581602 20
2581782 0
2583942 20
2584122 0
2584182 53
2637642 0
2638302 20
2638482 0
2640642 20
2640822 0
2640882 53
2694342 0
2695002 20
2695182 0
2697342 20
2697522 0
2697582 53
2751042 0
2751162 20
2751342 252
2765562 0
3043182 20
3043362 0
3045522 20
3045702 0
3045762 28
3299562 0
3300222 20
3300402 0
3302562 20
3302742 0
3302802 56
3370482 0
3370722 243
3974922 0
3975522 224
4579722 0
674 events for F
24395 12910592
24396 0
31600 12910592
31601 0
52600 12910592
52601 0
57995 12910592
57996 0
61595 12910592
61596 0
65495 12910592
65496 0
69395 12910592
69396 0
79415 12910592
79416 0
83195 12910592
83196 0
87095 12910592
87096 0
94055 12910592
94056 0
104075 12910592
104076 0
116435 12910592
116436 0
122975 12910592
122976 0
132515 12910592
132516 0
139720 12910592
139721 0
152195 12910592
152196 0
159400 12910592
159401 0
166775 1089536
166776 0
171095 12910592
171096 0
175900 12910592
175901 0
178895 1089536
178896 0
181660 12910592
181661 0
366095 12910592
366096 0
373475 12910592
373476 0
380915 12910592
380916 0
387820 12910592
387821 0
398795 12910592
398796 0
409600 12910592
409601 0
423695 12910592
423696 0
427595 12910592
427596 0
431195 12910592
431196 0
434015 12910592
434016 0
441395 12910592
441396 0
445595 12910592
445596 0
462700 12910592
462701 0
466415 12910592
466416 0
478535 12910592
478536 0
481775 12910592
481776 0
484960 12910592
484961 0
494555 12910592
494556 0
498335 12910592
498336 0
513995 12910592
513996 0
521680 12910592
521681 0
526895 1089536
526896 0
530315 12910592
530316 0
534095 12910592
534096 0
537575 1089536
537576 0
540580 12910592
540581 0
668500 12910592
668501 0
672095 12910592
672096 0
675695 12910592
675696 0
679295 12910592
679296 0
683315 12910592
683316 0
690220 12910592
690221 0
693815 12910592
693816 0
710680 12910592
710681 0
717095 1089536
717096 0
725795 12910592
725796 0
733600 12910592
733601 0
743075 1089536
743076 0
751595 12910592
751596 0
761495 12910592
761496 0
771395 1089536
771396 0
778895 12910592
778896 0
788495 12910592
788496 0
796960 12910592
796961 0
802595 1089536
802596 0
812795 12910592
812796 0
820300 12910592
820301 0
829415 1089536
829416 0
837995 12910592
837996 0
850355 12910592
850356 0
857495 1089536
857496 0
861215 12910592
861216 0
1042415 12910592
1042416 0
1053995 1089536
1053996 0
1063775 12910592
1063776 0
1074335 12910592
1074336 0
1081000 12910592
1081001 0
1089995 1089536
1089996 0
1099960 12910592
1099961 0
1109195 12910592
1109196 0
1116395 1089536
1116396 0
1123295 12910592
1123296 0
1133375 12910592
1133376 0
1137215 1089536
1137216 0
1139435 12910592
1139436 0
1145555 12910592
1145556 0
1202860 12910592
1202861 0
1206395 1089536
1206396 0
1210000 12910592
1210001 0
1213595 1089536
1213596 0
1216540 12910592
1216541 0
1237480 12910592
1237481 0
1242995 1089536
1242996 0
1247195 12910592
1247196 0
1251095 12910592
1251096 0
1273595 1089536
1273596 0
1277315 12910592
1277316 0
1281995 1089536
1281996 0
1287395 12910592
1287396 0
1299095 12910592
1299096 0
1311335 1089536
1311336 0
1320400 12910592
1320401 0
1330595 12910592
1330596 0
1340200 12910592
1340201 0
1349195 12910592
1349196 0
1358195 1089536
1358196 0
1367495 12910592
1367496 0
1375895 1089536
1375896 0
1383395 12910592
1383396 0
1387300 12910592
1387301 0
1526320 12910592
1526321 0
1529195 1089536
1529196 0
1532795 12910592
1532796 0
1536575 12910592
1536576 0
1543595 1089536
1543596 0
1546900 12910592
1546901 0
1550195 12910592
1550196 0
1577795 12910592
1577796 0
1584875 1089536
1584876 0
1592015 12910592
1592016 0
1598920 12910592
1598921 0
1604195 1089536
1604196 0
1610495 12910592
1610496 0
1613795 12910592
1613796 0
1619200 12910592
1619201 0
1624595 1089536
1624596 0
1629035 12910592
1629036 0
1672955 12910592
1672956 0
1676795 1089536
1676796 0
1680400 12910592
1680401 0
1684595 1089536
1684596 0
1687895 12910592
1687896 0
1690595 12910592
1690596 0
1696595 1089536
1696596 0
1699420 12910592
1699421 0
1762240 12910592
1762241 0
1766795 12910592
1766796 0
1771895 1089536
1771896 0
1776395 12910592
1776396 0
1784620 12910592
1784621 0
1798955 12910592
1798956 0
1802795 1089536
1802796 0
1806395 12910592
1806396 0
1809995 1089536
1809996 0
1812695 12910592
1812696 0
1872035 12910592
1872036 0
1876000 12910592
1876001 0
1879595 1089536
1879596 0
1883195 12910592
1883196 0
1886915 1089536
1886916 0
1893815 12910592
1893816 0
1897420 12910592
1897421 0
1901015 1089536
1901016 0
1905095 12910592
1905096 0
2002955 12910592
2002956 0
2006560 12910592
2006561 0
2010155 1089536
2010156 0
2014235 12910592
2014236 0
2017535 1089536
2017536 0
2021135 12910592
2021136 0
2024735 1089536
2024736 0
2028340 12910592
2028341 0
2032415 12910592
2032416 0
2183500 12910592
2183501 0
2188145 12910592
2188146 0
2195795 12910592
2195796 0
2203729 12910592
2203730 0
2215188 12910592
2215189 0
2233852 12910592
2233853 0
2240752 12910592
2240753 0
2243233 12910592
2243234 0
2247395 12910592
2247396 0
2250996 12910592
2250997 0
2255671 12910592
2255672 0
2263273 12910592
2263274 0
2270881 12910592
2270882 0
2278013 12910592
2278014 0
2285195 12910592
2285196 0
2295395 12910592
2295396 0
2439695 12910592
2439696 0
2447534 12910592
2447535 0
2462274 12910592
2462275 0
2467900 12910592
2467901 0
2477163 12910592
2477164 0
2484458 12910592
2484459 0
2490100 12910592
2490101 0
2501195 12910592
2501196 0
2508996 12910592
2508997 0
2513242 12910592
2513243 0
2516967 12910592
2516968 0
2520567 12910592
2520568 0
2527892 12910592
2527893 0
2535457 12910592
2535458 0
2544401 12910592
2544402 0
2551901 12910592
2551902 0
2558080 12910592
2558081 0
2564091 12910592
2564092 0
2788025 12910592
2788026 0
2799995 12910592
2799996 0
2808524 12910592
2808525 0
2813474 12910592
2813475 0
2815600 12910592
2815601 0
2823738 12910592
2823739 0
2831795 12910592
2831796 0
2837080 12910592
2837081 0
2846795 12910592
2846796 0
2853394 12910592
2853395 0
2854596 12910592
2854597 0
2860771 12910592
2860772 0
2867495 12910592
2867496 0
2875681 12910592
2875682 0
2882586 12910592
2882587 0
2888238 12910592
2888239 0
2893895 12910592
2893896 0
2905102 12910592
2905103 0
2912409 12910592
2912410 0
3044500 12910592
3044501 0
3055934 12910592
3055935 0
3067079 12910592
3067080 0
3078363 12910592
3078364 0
3081663 12910592
3081664 0
3089108 12910592
3089109 0
3096553 12910592
3096554 0
3103595 12910592
3103596 0
3109595 12910592
3109596 0
3114700 12910592
3114701 0
3392195 12910592
3392196 0
3402995 12910592
3402996 0
3413329 12910592
3413330 0
3417995 12910592
3417996 0
3428555 12910592
3428556 0
3434800 12910592
3434801 0
3441995 12910592
3441996 0
3450995 12910592
3450996 0
3458194 12910592
3458195 0
3460681 12910592
3460682 0
3469595 12910592
3469596 0
3480395 12910592
3480396 0
3487595 12910592
3487596 0
3497495 12910592
3497496 0
3524200 12910592
3524201 0
3536024 12910592
3536025 0
3544599 12910592
3544600 0
3549760 12910592
3549761 0
3561438 12910592
3561439 0
3567245 12910592
3567246 0
3576352 12910592
3576353 0
3583959 12910592
3583960 0
3603978 12910592
3603979 0
3609481 12910592
3609482 0
3617238 12910592
3617239 0
3627100 12910592
3627101 0
3649295 12910592
3649296 0
3657695 12910592
3657696 0
3671874 12910592
3671875 0
3682715 12910592
3682716 0
3686468 12910592
3686469 0
3701103 12910592
3701104 0
3709228 12910592
3709229 0
3717394 12910592
3717395 0
3722795 12910592
3722796 0
3732995 12910592
3732996 0
3750281 12910592
3750282 0
3761836 12910592
3761837 0
3772000 12910592
3772001 0
3781595 12910592
3781596 0
3789995 12910592
3789996 0
3797237 12910592
3797238 0
3800795 12910592
3800796 0
3807696 12910592
3807697 0
3821795 12910592
3821796 0
3828147 12910592
3828148 0
3833214 12910592
3833215 0
3840395 12910592
3840396 0
3845214 12910592
3845215 0
3861280 12910592
3861281 0
3872375 12910592
3872376 0
3882460 12910592
3882461 0
3887315 12910592
3887316 0
3891395 12910592
3891396 0
3893855 12910592
3893856 0
3944795 12910592
3944796 0
3950066 12910592
3950067 0
3955406 12910592
3955407 0
3958706 12910592
3958707 0
3965700 12910592
3965701 0
3972700 12910592
3972701 0
3991000 12910592
3991001 0
3992795 12910592
3992796 0
4008995 12910592
4008996 0
4011280 12910592
4011281 0
4203271 12910592
4203272 0
4206266 12910592
4206267 0
4208773 12910592
4208774 0
4211281 12910592
4211282 0
4214281 12910592
4214282 0
4217581 12910592
4217582 0
4220581 12910592
4220582 0
4224743 12910592
4224744 0
4228895 12910592
4228896 0
4231895 12910592
4231896 0
4254400 12910592
4254401 0
4256195 12910592
4256196 0
4257995 12910592
4257996 0
4261595 12910592
4261596 0
4265195 12910592
4265196 0
4269395 12910592
4269396 0
4276600 12910592
4276601 0
4278995 12910592
4278996 0
4281995 12910592
4281996 0
4327762 12910592
4327763 0
4329460 12910592
4329461 0
4334997 12910592
4334998 0
4339232 12910592
4339233 0
4342232 12910592
4342233 0
4350695 12910592
4350696 0
4354000 12910592
4354001 0
4445195 12910592
4445196 0
4451495 12910592
4451496 0
4455095 12910592
4455096 0
4458695 12910592
4458696 0
4462295 12910592
4462296 0
4465954 12910592
4465955 0
4469849 12910592
4469850 0
4476995 12910592
4476996 0
4487740 12910592
4487741 0
4527732 12910592
4527733 0
4531595 12910592
4531596 0
4535195 12910592
4535196 0
4538795 12910592
4538796 0
4542616 12910592
4542617 0
4549521 12910592
4549522 0
4554995 12910592
4554996 0
4559795 12910592
4559796 0
40 events for G
17400 1370
345480 0
363000 1370
647880 0
665400 1370
950280 0
967800 1370
1252680 0
1270200 1370
1555080 0
1572600 1370
1814280 0
1831800 1370
2159880 0
2177580 600
2177760 1300
2417640 600
2417840 0
2436780 600
2436960 1300
2764124 700
2764169 0
2782380 600
2782620 1300
3023440 700
3023485 0
3041580 600
3041820 1300
3368780 700
3368825 0
3387000 1300
3628799 0
3646200 1300
3974399 0
3985800 1300
4233599 0
4251000 1300
4579199 0
4591080 600
4591260 1300
2008 events for H
17699 12910592
17700 0
17959 12910592
17960 0
18539 12910592
18540 0
18799 12910592
18800 0
36678 12910592
36679 0
36938 12910592
36939 0
37518 12910592
37519 0
37778 12910592
37779 0
54867 12910592
54868 0
55127 12910592
55128 0
55707 12910592
55708 0
55967 12910592
55968 0
73057 12910592
73058 0
73317 12910592
73318 0
73897 12910592
73898 0
74157 12910592
74158 0
91246 12910592
91247 0
91506 12910592
91507 0
92086 12910592
92087 0
92346 12910592
92347 0
109436 12910592
109437 0
109696 12910592
109697 0
110276 12910592
110277 0
110536 12910592
110537 0
127625 12910592
127626 0
127855 12910592
127856 0
128395 12910592
128396 0
128625 12910592
128626 0
145815 12910592
145816 0
146075 12910592
146076 0
146655 12910592
146656 0
146915 12910592
146916 0
164004 12910592
164005 0
164264 12910592
164265 0
164844 12910592
164845 0
165104 12910592
165105 0
182194 12910592
182195 0
182454 12910592
182455 0
183034 12910592
183035 0
183294 12910592
183295 0
200383 12910592
200384 0
200643 12910592
200644 0
201223 12910592
201224 0
201483 12910592
201484 0
218573 12910592
218574 0
218833 12910592
218834 0
219413 12910592
219414 0
219673 12910592
219674 0
236762 12910592
236763 0
237022 12910592
237023 0
237602 12910592
237603 0
237862 12910592
237863 0
254952 12910592
254953 0
255212 12910592
255213 0
255792 12910592
255793 0
256052 12910592
256053 0
273141 12910592
273142 0
273401 12910592
273402 0
273981 12910592
273982 0
274241 12910592
274242 0
291331 12910592
291332 0
291591 12910592
291592 0
292171 12910592
292172 0
292431 12910592
292432 0
309520 12910592
309521 0
309780 12910592
309781 0
310360 12910592
310361 0
310620 12910592
310621 0
327110 12910592
327111 0
327370 12910592
327371 0
327950 12910592
327951 0
328210 12910592
328211 0
344399 12910592
344400 0
344659 12910592
344660 0
345239 12910592
345240 0
345499 12910592
345500 0
363299 12910592
363300 0
363559 12910592
363560 0
364139 12910592
364140 0
364399 12910592
364400 0
381475 12910592
381476 0
381735 12910592
381736 0
382315 12910592
382316 0
382575 12910592
382576 0
399264 12910592
399265 0
399524 12910592
399525 0
400104 12910592
400105 0
400364 12910592
400365 0
417052 12910592
417053 0
417312 12910592
417313 0
417892 12910592
417893 0
418152 12910592
418153 0
434840 12910592
434841 0
435100 12910592
435101 0
435680 12910592
435681 0
435940 12910592
435941 0
452628 12910592
452629 0
452888 12910592
452889 0
453468 12910592
453469 0
453728 12910592
453729 0
470417 12910592
470418 0
470647 12910592
470648 0
471187 12910592
471188 0
471417 12910592
471418 0
488205 12910592
488206 0
488465 12910592
488466 0
489045 12910592
489046 0
489305 12910592
489306 0
505993 12910592
505994 0
506253 12910592
506254 0
506833 12910592
506834 0
507093 12910592
507094 0
523781 12910592
523782 0
524041 12910592
524042 0
524621 12910592
524622 0
524881 12910592
524882 0
541570 12910592
541571 0
541830 12910592
541831 0
542410 12910592
542411 0
542670 12910592
542671 0
559358 12910592
559359 0
559618 12910592
559619 0
560198 12910592
560199 0
560458 12910592
560459 0
577146 12910592
577147 0
577406 12910592
577407 0
577986 12910592
577987 0
578246 12910592
578247 0
594934 12910592
594935 0
595194 12910592
595195 0
595774 12910592
595775 0
596034 12910592
596035 0
612723 12910592
612724 0
612983 12910592
612984 0
613563 12910592
613564 0
613823 12910592
613824 0
629911 12910592
629912 0
630171 12910592
630172 0
630751 12910592
630752 0
631011 12910592
631012 0
646799 12910592
646800 0
647059 12910592
647060 0
647639 12910592
647640 0
647899 12910592
647900 0
665699 12910592
665700 0
665959 12910592
665960 0
666539 12910592
666540 0
666799 12910592
666800 0
683875 12910592
683876 0
684135 12910592
684136 0
684715 12910592
684716 0
684975 12910592
684976 0
701664 12910592
701665 0
701894 12910592
701895 0
702434 12910592
702435 0
702664 12910592
702665 0
719452 12910592
719453 0
719712 12910592
719713 0
720292 12910592
720293 0
720552 12910592
720553 0
737240 12910592
737241 0
737500 12910592
737501 0
738080 12910592
738081 0
738340 12910592
738341 0
755028 12910592
755029 0
755288 12910592
755289 0
755868 12910592
755869 0
756128 12910592
756129 0
772817 12910592
772818 0
773077 12910592
773078 0
773657 12910592
773658 0
773917 12910592
773918 0
790605 12910592
790606 0
790865 12910592
790866 0
791445 12910592
791446 0
791705 12910592
791706 0
808393 12910592
808394 0
808653 12910592
808654 0
809233 12910592
809234 0
809493 12910592
809494 0
826181 12910592
826182 0
826441 12910592
826442 0
827021 12910592
827022 0
827281 12910592
827282 0
843970 12910592
843971 0
844230 12910592
844231 0
844810 12910592
844811 0
845070 12910592
845071 0
861758 12910592
861759 0
862018 12910592
862019 0
862598 12910592
862599 0
862858 12910592
862859 0
879546 12910592
879547 0
879806 12910592
879807 0
880386 12910592
880387 0
880646 12910592
880647 0
897334 12910592
897335 0
897594 12910592
897595 0
898174 12910592
898175 0
898434 12910592
898435 0
915123 12910592
915124 0
915383 12910592
915384 0
915963 12910592
915964 0
916223 12910592
916224 0
932311 12910592
932312 0
932571 12910592
932572 0
933151 12910592
933152 0
933411 12910592
933412 0
949199 12910592
949200 0
949459 12910592
949460 0
950039 12910592
950040 0
950299 12910592
950300 0
968099 12910592
968100 0
968359 12910592
968360 0
968939 12910592
968940 0
969199 12910592
969200 0
986275 12910592
986276 0
986535 12910592
986536 0
987115 12910592
987116 0
987375 12910592
987376 0
1004064 12910592
1004065 0
1004324 12910592
1004325 0
1004904 12910592
1004905 0
1005164 12910592
1005165 0
1021852 12910592
1021853 0
1022112 12910592
1022113 0
1022692 12910592
1022693 0
1022952 12910592
1022953 0
1039640 12910592
1039641 0
1039900 12910592
1039901 0
1040480 12910592
1040481 0
1040740 12910592
1040741 0
1057428 12910592
1057429 0
1057688 12910592
1057689 0
1058268 12910592
1058269 0
1058528 12910592
1058529 0
1075217 12910592
1075218 0
1075447 12910592
1075448 0
1075987 12910592
1075988 0
1076217 12910592
1076218 0
1093005 12910592
1093006 0
1093265 12910592
1093266 0
1093845 12910592
1093846 0
1094105 12910592
1094106 0
1110793 12910592
1110794 0
1111053 12910592
1111054 0
1111633 12910592
1111634 0
1111893 12910592
1111894 0
1128581 12910592
1128582 0
1128841 12910592
1128842 0
1129421 12910592
1129422 0
1129681 12910592
1129682 0
1146370 12910592
1146371 0
1146630 12910592
1146631 0
1147210 12910592
1147211 0
1147470 12910592
1147471 0
1164158 12910592
1164159 0
1164418 12910592
1164419 0
1164998 12910592
1164999 0
1165258 12910592
1165259 0
1181946 12910592
1181947 0
1182206 12910592
1182207 0
1182786 12910592
1182787 0
1183046 12910592
1183047 0
1199734 12910592
1199735 0
1199994 12910592
1199995 0
1200574 12910592
1200575 0
1200834 12910592
1200835 0
1217523 12910592
1217524 0
1217783 12910592
1217784 0
1218363 12910592
1218364 0
1218623 12910592
1218624 0
1234711 12910592
1234712 0
1234971 12910592
1234972 0
1235551 12910592
1235552 0
1235811 12910592
1235812 0
1251599 12910592
1251600 0
1251859 12910592
1251860 0
1252439 12910592
1252440 0
1252699 12910592
1252700 0
1270499 12910592
1270500 0
1270759 12910592
1270760 0
1271339 12910592
1271340 0
1271599 12910592
1271600 0
1288675 12910592
1288676 0
1288935 12910592
1288936 0
1289515 12910592
1289516 0
1289775 12910592
1289776 0
1306464 12910592
1306465 0
1306694 12910592
1306695 0
1307234 12910592
1307235 0
1307464 12910592
1307465 0
1324252 12910592
1324253 0
1324512 12910592
1324513 0
1325092 12910592
1325093 0
1325352 12910592
1325353 0
1342040 12910592
1342041 0
1342300 12910592
1342301 0
1342880 12910592
1342881 0
1343140 12910592
1343141 0
1359828 12910592
1359829 0
1360088 12910592
1360089 0
1360668 12910592
1360669 0
1360928 12910592
1360929 0
1377617 12910592
1377618 0
1377877 12910592
1377878 0
1378457 12910592
1378458 0
1378717 12910592
1378718 0
1395405 12910592
1395406 0
1395665 12910592
1395666 0
1396245 12910592
1396246 0
1396505 12910592
1396506 0
1413193 12910592
1413194 0
1413453 12910592
1413454 0
1414033 12910592
1414034 0
1414293 12910592
1414294 0
1430981 12910592
1430982 0
1431241 12910592
1431242 0
1431821 12910592
1431822 0
1432081 12910592
1432082 0
1448770 12910592
1448771 0
1449030 12910592
1449031 0
1449610 12910592
1449611 0
1449870 12910592
1449871 0
1466558 12910592
1466559 0
1466818 12910592
1466819 0
1467398 12910592
1467399 0
1467658 12910592
1467659 0
1484346 12910592
1484347 0
1484606 12910592
1484607 0
1485186 12910592
1485187 0
1485446 12910592
1485447 0
1502134 12910592
1502135 0
1502394 12910592
1502395 0
1502974 12910592
1502975 0
1503234 12910592
1503235 0
1519923 12910592
1519924 0
1520183 12910592
1520184 0
1520763 12910592
1520764 0
1521023 12910592
1521024 0
1537111 12910592
1537112 0
1537371 12910592
1537372 0
1537951 12910592
1537952 0
1538211 12910592
1538212 0
1553999 12910592
1554000 0
1554259 12910592
1554260 0
1554839 12910592
1554840 0
1555099 12910592
1555100 0
1572899 12910592
1572900 0
1573129 12910592
1573130 0
1573669 12910592
1573670 0
1573899 12910592
1573900 0
1592528 12910592
1592529 0
1592788 12910592
1592789 0
1593368 12910592
1593369 0
1593628 12910592
1593629 0
1611042 12910592
1611043 0
1611302 12910592
1611303 0
1611882 12910592
1611883 0
1612142 12910592
1612143 0
1629556 12910592
1629557 0
1629816 12910592
1629817 0
1630396 12910592
1630397 0
1630656 12910592
1630657 0
1648070 12910592
1648071 0
1648330 12910592
1648331 0
1648910 12910592
1648911 0
1649170 12910592
1649171 0
1666585 12910592
1666586 0
1666845 12910592
1666846 0
1667425 12910592
1667426 0
1667685 12910592
1667686 0
1685099 12910592
1685100 0
1685359 12910592
1685360 0
1685939 12910592
1685940 0
1686199 12910592
1686200 0
1703613 12910592
1703614 0
1703873 12910592
1703874 0
1704453 12910592
1704454 0
1704713 12910592
1704714 0
1722128 12910592
1722129 0
1722388 12910592
1722389 0
1722968 12910592
1722969 0
1723228 12910592
1723229 0
1740642 12910592
1740643 0
1740902 12910592
1740903 0
1741482 12910592
1741483 0
1741742 12910592
1741743 0
1759156 12910592
1759157 0
1759416 12910592
1759417 0
1759996 12910592
1759997 0
1760256 12910592
1760257 0
1777670 12910592
1777671 0
1777930 12910592
1777931 0
1778510 12910592
1778511 0
1778770 12910592
1778771 0
1795585 12910592
1795586 0
1795845 12910592
1795846 0
1796425 12910592
1796426 0
1796685 12910592
1796686 0
1813199 12910592
1813200 0
1813459 12910592
1813460 0
1814039 12910592
1814040 0
1814299 12910592
1814300 0
1832099 12910592
1832100 0
1832359 12910592
1832360 0
1832939 12910592
1832940 0
1833199 12910592
1833200 0
1851078 12910592
1851079 0
1851338 12910592
1851339 0
1851918 12910592
1851919 0
1852178 12910592
1852179 0
1869267 12910592
1869268 0
1869527 12910592
1869528 0
1870107 12910592
1870108 0
1870367 12910592
1870368 0
1887457 12910592
1887458 0
1887717 12910592
1887718 0
1888297 12910592
1888298 0
1888557 12910592
1888558 0
1905646 12910592
1905647 0
1905906 12910592
1905907 0
1906486 12910592
1906487 0
1906746 12910592
1906747 0
1923836 12910592
1923837 0
1924096 12910592
1924097 0
1924676 12910592
1924677 0
1924936 12910592
1924937 0
1942025 12910592
1942026 0
1942255 12910592
1942256 0
1942795 12910592
1942796 0
1943025 12910592
1943026 0
1960215 12910592
1960216 0
1960475 12910592
1960476 0
1961055 12910592
1961056 0
1961315 12910592
1961316 0
1978404 12910592
1978405 0
1978664 12910592
1978665 0
1979244 12910592
1979245 0
1979504 12910592
1979505 0
1996594 12910592
1996595 0
1996854 12910592
1996855 0
1997434 12910592
1997435 0
1997694 12910592
1997695 0
2014783 12910592
2014784 0
2015043 12910592
2015044 0
2015623 12910592
2015624 0
2015883 12910592
2015884 0
2032973 12910592
2032974 0
2033233 12910592
2033234 0
2033813 12910592
2033814 0
2034073 12910592
2034074 0
2051162 12910592
2051163 0
2051422 12910592
2051423 0
2052002 12910592
2052003 0
2052262 12910592
2052263 0
2069352 12910592
2069353 0
2069612 12910592
2069613 0
2070192 12910592
2070193 0
2070452 12910592
2070453 0
2087541 12910592
2087542 0
2087801 12910592
2087802 0
2088381 12910592
2088382 0
2088641 12910592
2088642 0
2105731 12910592
2105732 0
2105991 12910592
2105992 0
2106571 12910592
2106572 0
2106831 12910592
2106832 0
2123920 12910592
2123921 0
2124180 12910592
2124181 0
2124760 12910592
2124761 0
2125020 12910592
2125021 0
2141510 12910592
2141511 0
2141770 12910592
2141771 0
2142350 12910592
2142351 0
2142610 12910592
2142611 0
2158799 12910592
2158800 0
2159059 12910592
2159060 0
2159639 12910592
2159640 0
2159899 12910592
2159900 0
2177699 12910592
2177700 0
2177929 12910592
2177930 0
2178469 12910592
2178470 0
2178699 12910592
2178700 0
2197328 12910592
2197329 0
2197588 12910592
2197589 0
2198168 12910592
2198169 0
2198428 12910592
2198429 0
2215842 12910592
2215843 0
2216102 12910592
2216103 0
2216682 12910592
2216683 0
2216942 12910592
2216943 0
2234356 12910592
2234357 0
2234616 12910592
2234617 0
2235196 12910592
2235197 0
2235456 12910592
2235457 0
2252870 12910592
2252871 0
2253130 12910592
2253131 0
2253710 12910592
2253711 0
2253970 12910592
2253971 0
2271385 12910592
2271386 0
2271645 12910592
2271646 0
2272225 12910592
2272226 0
2272485 12910592
2272486 0
2289899 12910592
2289900 0
2290159 12910592
2290160 0
2290739 12910592
2290740 0
2290999 12910592
2291000 0
2308413 12910592
2308414 0
2308673 12910592
2308674 0
2309253 12910592
2309254 0
2309513 12910592
2309514 0
2326928 12910592
2326929 0
2327188 12910592
2327189 0
2327768 12910592
2327769 0
2328028 12910592
2328029 0
2345442 12910592
2345443 0
2345702 12910592
2345703 0
2346282 12910592
2346283 0
2346542 12910592
2346543 0
2363956 12910592
2363957 0
2364216 12910592
2364217 0
2364796 12910592
2364797 0
2365056 12910592
2365057 0
2382470 12910592
2382471 0
2382730 12910592
2382731 0
2383310 12910592
2383311 0
2383570 12910592
2383571 0
2400385 12910592
2400386 0
2400645 12910592
2400646 0
2401225 12910592
2401226 0
2401485 12910592
2401486 0
2417999 12910592
2418000 0
2418259 12910592
2418260 0
2418839 12910592
2418840 0
2419099 12910592
2419100 0
2436899 12910592
2436900 0
2437159 12910592
2437160 0
2437739 12910592
2437740 0
2437999 12910592
2438000 0
2455878 12910592
2455879 0
2456138 12910592
2456139 0
2456718 12910592
2456719 0
2456978 12910592
2456979 0
2474067 12910592
2474068 0
2474327 12910592
2474328 0
2474907 12910592
2474908 0
2475167 12910592
2475168 0
2492257 12910592
2492258 0
2492517 12910592
2492518 0
2493097 12910592
2493098 0
2493357 12910592
2493358 0
2510446 12910592
2510447 0
2510706 12910592
2510707 0
2511286 12910592
2511287 0
2511546 12910592
2511547 0
2528636 12910592
2528637 0
2528896 12910592
2528897 0
2529476 12910592
2529477 0
2529736 12910592
2529737 0
2546825 12910592
2546826 0
2547055 12910592
2547056 0
2547595 12910592
2547596 0
2547825 12910592
2547826 0
2565015 12910592
2565016 0
2565275 12910592
2565276 0
2565855 12910592
2565856 0
2566115 12910592
2566116 0
2583204 12910592
2583205 0
2583464 12910592
2583465 0
2584044 12910592
2584045 0
2584304 12910592
2584305 0
2601394 12910592
2601395 0
2601654 12910592
2601655 0
2602234 12910592
2602235 0
2602494 12910592
2602495 0
2619583 12910592
2619584 0
2619843 12910592
2619844 0
2620423 12910592
2620424 0
2620683 12910592
2620684 0
2637773 12910592
2637774 0
2638033 12910592
2638034 0
2638613 12910592
2638614 0
2638873 12910592
2638874 0
2655962 12910592
2655963 0
2656222 12910592
2656223 0
2656802 12910592
2656803 0
2657062 12910592
2657063 0
2674152 12910592
2674153 0
2674412 12910592
2674413 0
2674992 12910592
2674993 0
2675252 12910592
2675253 0
2692341 12910592
2692342 0
2692601 12910592
2692602 0
2693181 12910592
2693182 0
2693441 12910592
2693442 0
2710531 12910592
2710532 0
2710791 12910592
2710792 0
2711371 12910592
2711372 0
2711631 12910592
2711632 0
2728720 12910592
2728721 0
2728980 12910592
2728981 0
2729560 12910592
2729561 0
2729820 12910592
2729821 0
2746310 12910592
2746311 0
2746570 12910592
2746571 0
2747150 12910592
2747151 0
2747410 12910592
2747411 0
2763599 12910592
2763600 0
2763859 12910592
2763860 0
2764439 12910592
2764440 0
2764699 12910592
2764700 0
2782499 12910592
2782500 0
2782729 12910592
2782730 0
2783269 12910592
2783270 0
2783499 12910592
2783500 0
2802128 12910592
2802129 0
2802388 12910592
2802389 0
2802968 12910592
2802969 0
2803228 12910592
2803229 0
2820642 12910592
2820643 0
2820902 12910592
2820903 0
2821482 12910592
2821483 0
2821742 12910592
2821743 0
2839156 12910592
2839157 0
2839416 12910592
2839417 0
2839996 12910592
2839997 0
2840256 12910592
2840257 0
2857670 12910592
2857671 0
2857930 12910592
2857931 0
2858510 12910592
2858511 0
2858770 12910592
2858771 0
2876185 12910592
2876186 0
2876445 12910592
2876446 0
2877025 12910592
2877026 0
2877285 12910592
2877286 0
2894699 12910592
2894700 0
2894959 12910592
2894960 0
2895539 12910592
2895540 0
2895799 12910592
2895800 0
2913213 12910592
2913214 0
2913473 12910592
2913474 0
2914053 12910592
2914054 0
2914313 12910592
2914314 0
2931728 12910592
2931729 0
2931988 12910592
2931989 0
2932568 12910592
2932569 0
2932828 12910592
2932829 0
2950242 12910592
2950243 0
2950502 12910592
2950503 0
2951082 12910592
2951083 0
2951342 12910592
2951343 0
2968756 12910592
2968757 0
2969016 12910592
2969017 0
2969596 12910592
2969597 0
2969856 12910592
2969857 0
2987270 12910592
2987271 0
2987530 12910592
2987531 0
2988110 12910592
2988111 0
2988370 12910592
2988371 0
3005185 12910592
3005186 0
3005445 12910592
3005446 0
3006025 12910592
3006026 0
3006285 12910592
3006286 0
3022799 12910592
3022800 0
3023059 12910592
3023060 0
3023639 12910592
3023640 0
3023899 12910592
3023900 0
3041699 12910592
3041700 0
3041959 12910592
3041960 0
3042539 12910592
3042540 0
3042799 12910592
3042800 0
3060678 12910592
3060679 0
3060938 12910592
3060939 0
3061518 12910592
3061519 0
3061778 12910592
3061779 0
3078867 12910592
3078868 0
3079127 12910592
3079128 0
3079707 12910592
3079708 0
3079967 12910592
3079968 0
3097057 12910592
3097058 0
3097317 12910592
3097318 0
3097897 12910592
3097898 0
3098157 12910592
3098158 0
3115246 12910592
3115247 0
3115506 12910592
3115507 0
3116086 12910592
3116087 0
3116346 12910592
3116347 0
3133436 12910592
3133437 0
3133696 12910592
3133697 0
3134276 12910592
3134277 0
3134536 12910592
3134537 0
3151625 12910592
3151626 0
3151855 12910592
3151856 0
3152395 12910592
3152396 0
3152625 12910592
3152626 0
3169815 12910592
3169816 0
3170075 12910592
3170076 0
3170655 12910592
3170656 0
3170915 12910592
3170916 0
3188004 12910592
3188005 0
3188264 12910592
3188265 0
3188844 12910592
3188845 0
3189104 12910592
3189105 0
3206194 12910592
3206195 0
3206454 12910592
3206455 0
3207034 12910592
3207035 0
3207294 12910592
3207295 0
3224383 12910592
3224384 0
3224643 12910592
3224644 0
3225223 12910592
3225224 0
3225483 12910592
3225484 0
3242573 12910592
3242574 0
3242833 12910592
3242834 0
3243413 12910592
3243414 0
3243673 12910592
3243674 0
3260762 12910592
3260763 0
3261022 12910592
3261023 0
3261602 12910592
3261603 0
3261862 12910592
3261863 0
3278952 12910592
3278953 0
3279212 12910592
3279213 0
3279792 12910592
3279793 0
3280052 12910592
3280053 0
3297141 12910592
3297142 0
3297401 12910592
3297402 0
3297981 12910592
3297982 0
3298241 12910592
3298242 0
3315331 12910592
3315332 0
3315591 12910592
3315592 0
3316171 12910592
3316172 0
3316431 12910592
3316432 0
3333520 12910592
3333521 0
3333780 12910592
3333781 0
3334360 12910592
3334361 0
3334620 12910592
3334621 0
3351110 12910592
3351111 0
3351370 12910592
3351371 0
3351950 12910592
3351951 0
3352210 12910592
3352211 0
3368399 12910592
3368400 0
3368659 12910592
3368660 0
3369239 12910592
3369240 0
3369499 12910592
3369500 0
3387299 12910592
3387300 0
3387529 12910592
3387530 0
3388069 12910592
3388070 0
3388299 12910592
3388300 0
3406928 12910592
3406929 0
3407188 12910592
3407189 0
3407768 12910592
3407769 0
3408028 12910592
3408029 0
3425442 12910592
3425443 0
3425702 12910592
3425703 0
3426282 12910592
3426283 0
3426542 12910592
3426543 0
3443956 12910592
3443957 0
3444216 12910592
3444217 0
3444796 12910592
3444797 0
3445056 12910592
3445057 0
3462470 12910592
3462471 0
3462730 12910592
3462731 0
3463310 12910592
3463311 0
3463570 12910592
3463571 0
3480985 12910592
3480986 0
3481245 12910592
3481246 0
3481825 12910592
3481826 0
3482085 12910592
3482086 0
3499499 12910592
3499500 0
3499759 12910592
3499760 0
3500339 12910592
3500340 0
3500599 12910592
3500600 0
3518013 12910592
3518014 0
3518273 12910592
3518274 0
3518853 12910592
3518854 0
3519113 12910592
3519114 0
3536528 12910592
3536529 0
3536788 12910592
3536789 0
3537368 12910592
3537369 0
3537628 12910592
3537629 0
3555042 12910592
3555043 0
3555302 12910592
3555303 0
3555882 12910592
3555883 0
3556142 12910592
3556143 0
3573556 12910592
3573557 0
3573816 12910592
3573817 0
3574396 12910592
3574397 0
3574656 12910592
3574657 0
3592070 12910592
3592071 0
3592330 12910592
3592331 0
3592910 12910592
3592911 0
3593170 12910592
3593171 0
3609985 12910592
3609986 0
3610245 12910592
3610246 0
3610825 12910592
3610826 0
3611085 12910592
3611086 0
3627599 12910592
3627600 0
3627859 12910592
3627860 0
3628439 12910592
3628440 0
3628699 12910592
3628700 0
3646499 12910592
3646500 0
3646759 12910592
3646760 0
3647339 12910592
3647340 0
3647599 12910592
3647600 0
3665478 12910592
3665479 0
3665738 12910592
3665739 0
3666318 12910592
3666319 0
3666578 12910592
3666579 0
3683667 12910592
3683668 0
3683927 12910592
3683928 0
3684507 12910592
3684508 0
3684767 12910592
3684768 0
3701857 12910592
3701858 0
3702117 12910592
3702118 0
3702697 12910592
3702698 0
3702957 12910592
3702958 0
3720046 12910592
3720047 0
3720306 12910592
3720307 0
3720886 12910592
3720887 0
3721146 12910592
3721147 0
3738236 12910592
3738237 0
3738496 12910592
3738497 0
3739076 12910592
3739077 0
3739336 12910592
3739337 0
3756425 12910592
3756426 0
3756655 12910592
3756656 0
3757195 12910592
3757196 0
3757425 12910592
3757426 0
3774615 12910592
3774616 0
3774875 12910592
3774876 0
3775455 12910592
3775456 0
3775715 12910592
3775716 0
3792804 12910592
3792805 0
3793064 12910592
3793065 0
3793644 12910592
3793645 0
3793904 12910592
3793905 0
3829183 12910592
3829184 0
3829443 12910592
3829444 0
3830023 12910592
3830024 0
3830283 12910592
3830284 0
3847373 12910592
3847374 0
3847633 12910592
3847634 0
3848213 12910592
3848214 0
3848473 12910592
3848474 0
3865562 12910592
3865563 0
3865822 12910592
3865823 0
3866402 12910592
3866403 0
3866662 12910592
3866663 0
3883752 12910592
3883753 0
3884012 12910592
3884013 0
3884592 12910592
3884593 0
3884852 12910592
3884853 0
3901941 12910592
3901942 0
3902201 12910592
3902202 0
3902781 12910592
3902782 0
3903041 12910592
3903042 0
3920131 12910592
3920132 0
3920391 12910592
3920392 0
3920971 12910592
3920972 0
3921231 12910592
3921232 0
3938320 12910592
3938321 0
3938580 12910592
3938581 0
3939160 12910592
3939161 0
3939420 12910592
3939421 0
3955910 12910592
3955911 0
3956170 12910592
3956171 0
3956750 12910592
3956751 0
3957010 12910592
3957011 0
3973199 12910592
3973200 0
3973459 12910592
3973460 0
3974039 12910592
3974040 0
3974299 12910592
3974300 0
3993213 12910592
3993214 0
3993443 12910592
3993444 0
3993983 12910592
3993984 0
3994213 12910592
3994214 0
4011728 12910592
4011729 0
4011988 12910592
4011989 0
4012568 12910592
4012569 0
4012828 12910592
4012829 0
4030242 12910592
4030243 0
4030502 12910592
4030503 0
4031082 12910592
4031083 0
4031342 12910592
4031343 0
4048756 12910592
4048757 0
4049016 12910592
4049017 0
4049596 12910592
4049597 0
4049856 12910592
4049857 0
4067270 12910592
4067271 0
4067530 12910592
4067531 0
4068110 12910592
4068111 0
4068370 12910592
4068371 0
4085785 12910592
4085786 0
4086045 12910592
4086046 0
4086625 12910592
4086626 0
4086885 12910592
4086886 0
4104299 12910592
4104300 0
4104559 12910592
4104560 0
4105139 12910592
4105140 0
4105399 12910592
4105400 0
4122813 12910592
4122814 0
4123073 12910592
4123074 0
4123653 12910592
4123654 0
4123913 12910592
4123914 0
4141328 12910592
4141329 0
4141588 12910592
4141589 0
4142168 12910592
4142169 0
4142428 12910592
4142429 0
4159842 12910592
4159843 0
4160102 12910592
4160103 0
4160682 12910592
4160683 0
4160942 12910592
4160943 0
4178356 12910592
4178357 0
4178616 12910592
4178617 0
4179196 12910592
4179197 0
4179456 12910592
4179457 0
4196870 12910592
4196871 0
4197130 12910592
4197131 0
4197710 12910592
4197711 0
4197970 12910592
4197971 0
4214785 12910592
4214786 0
4215045 12910592
4215046 0
4215625 12910592
4215626 0
4215885 12910592
4215886 0
4232399 12910592
4232400 0
4232659 12910592
4232660 0
4233239 12910592
4233240 0
4233499 12910592
4233500 0
4251299 12910592
4251300 0
4251559 12910592
4251560 0
4252139 12910592
4252140 0
4252399 12910592
4252400 0
4270278 12910592
4270279 0
4270538 12910592
4270539 0
4271118 12910592
4271119 0
4271378 12910592
4271379 0
4288467 12910592
4288468 0
4288727 12910592
4288728 0
4289307 12910592
4289308 0
4289567 12910592
4289568 0
4306657 12910592
4306658 0
4306917 12910592
4306918 0
4307497 12910592
4307498 0
4307757 12910592
4307758 0
4324846 12910592
4324847 0
4325106 12910592
4325107 0
4325686 12910592
4325687 0
4325946 12910592
4325947 0
4343036 12910592
4343037 0
4343296 12910592
4343297 0
4343876 12910592
4343877 0
4344136 12910592
4344137 0
4361225 12910592
4361226 0
4361455 12910592
4361456 0
4361995 12910592
4361996 0
4362225 12910592
4362226 0
4379415 12910592
4379416 0
4379675 12910592
4379676 0
4380255 12910592
4380256 0
4380515 12910592
4380516 0
4397604 12910592
4397605 0
4397864 12910592
4397865 0
4398444 12910592
4398445 0
4398704 12910592
4398705 0
4415794 12910592
4415795 0
4416054 12910592
4416055 0
4416634 12910592
4416635 0
4416894 12910592
4416895 0
4432199 12910592
4432200 0
4432429 12910592
4432430 0
4432969 12910592
4432970 0
4433199 12910592
4433200 0
4452173 12910592
4452174 0
4452433 12910592
4452434 0
4453013 12910592
4453014 0
4453273 12910592
4453274 0
4470362 12910592
4470363 0
4470622 12910592
4470623 0
4471202 12910592
4471203 0
4471462 12910592
4471463 0
4488552 12910592
4488553 0
4488812 12910592
4488813 0
4489392 12910592
4489393 0
4489652 12910592
4489653 0
4506741 12910592
4506742 0
4507001 12910592
4507002 0
4507581 12910592
4507582 0
4507841 12910592
4507842 0
4524931 12910592
4524932 0
4525191 12910592
4525192 0
4525771 12910592
4525772 0
4526031 12910592
4526032 0
4543120 12910592
4543121 0
4543380 12910592
4543381 0
4543960 12910592
4543961 0
4544220 12910592
4544221 0
4560710 12910592
4560711 0
4560970 12910592
4560971 0
4561550 12910592
4561551 0
4561810 12910592
4561811 0
4577999 12910592
4578000 0
4578259 12910592
4578260 0
4578839 12910592
4578840 0
4579099 12910592
4579100 0
136 events for I
129136 4214960
129140 0
129566 4214960
129570 0
130306 4214960
130310 0
130736 4214960
130740 0
471928 4214960
471932 0
472358 4214960
472362 0
473098 4214960
473102 0
473528 4214960
473532 0
703175 4214960
703179 0
703605 4214960
703609 0
704345 4214960
704349 0
704775 4214960
704779 0
1076728 4214960
1076732 0
1077158 4214960
1077162 0
1077898 4214960
1077902 0
1078328 4214960
1078332 0
1307975 4214960
1307979 0
1308405 4214960
1308409 0
1309145 4214960
1309149 0
1309575 4214960
1309579 0
1574410 4214960
1574414 0
1574840 4214960
1574844 0
1575580 4214960
1575584 0
1576010 4214960
1576014 0
1943536 4214960
1943540 0
1943966 4214960
1943970 0
1944706 4214960
1944710 0
1945136 4214960
1945140 0
2179210 4214960
2179214 0
2179640 4214960
2179644 0
2180380 4214960
2180384 0
2180810 4214960
2180814 0
2548336 4214960
2548340 0
2548766 4214960
2548770 0
2549506 4214960
2549510 0
2549936 4214960
2549940 0
2784010 4214960
2784014 0
2784440 4214960
2784444 0
2785180 4214960
2785184 0
2785610 4214960
2785614 0
3153136 4214960
3153140 0
3153566 4214960
3153570 0
3154306 4214960
3154310 0
3154736 4214960
3154740 0
3388810 4214960
3388814 0
3389240 4214960
3389244 0
3389980 4214960
3389984 0
3390410 4214960
3390414 0
3757936 4214960
3757940 0
3758366 4214960
3758370 0
3759106 4214960
3759110 0
3759536 4214960
3759540 0
3810010 4214960
3810014 0
3810440 4214960
3810444 0
3811180 4214960
3811184 0
3811610 4214960
3811614 0
3994724 4214960
3994728 0
3995154 4214960
3995158 0
3995894 4214960
3995898 0
3996324 4214960
3996328 0
4362736 4214960
4362740 0
4363166 4214960
4363170 0
4363906 4214960
4363910 0
4364336 4214960
4364340 0
4433710 4214960
4433714 0
4434140 4214960
4434144 0
4434880 4214960
4434884 0
4435310 4214960
4435314 0
132 events for J
40321 873
69121 0
261724 3276
276724 0
545213 3481
546413 0
548213 3481
566213 0
687518 873
716318 0
779188 3276
794188 0
794248 873
823048 0
1010435 3276
1025435 0
1025495 873
1054295 0
1081588 3276
1096588 0
1096648 873
1125448 0
1170529 3276
1185529 0
1185589 873
1214389 0
1277258 3276
1292258 0
1292318 873
1321118 0
1348411 3276
1363411 0
1363471 873
1392271 0
1437353 3276
1452353 0
1452413 873
1481213 0
1508506 3276
1523506 0
1523566 873
1552366 0
1692196 3276
1707196 0
1707256 873
1736056 0
1854721 873
1883521 0
1927479 873
1956279 0
2076124 3276
2091124 0
2091184 873
2119984 0
2177742 4096
2185942 0
2275028 4096
2283228 0
2349085 4096
2357285 0
2436942 4096
2445142 0
2459521 665
2488681 0
2532279 4096
2540479 0
2605037 4096
2613237 0
2695984 4096
2704184 0
2782542 4096
2790742 0
2879828 4096
2888028 0
2953885 4096
2962085 0
3041742 4096
3049942 0
3064321 665
3093481 0
3137079 4096
3145279 0
3209837 4096
3218037 0
3300784 4096
3308984 0
3387342 1365
3387522 0
3389322 1365
3389862 3481
3409062 1365
3409782 3481
3428982 1365
3429702 3481
3448628 0
3484628 873
3513428 0
3558685 873
3587485 0
3646542 873
3675342 0
3741879 3481
3756279 0
3756294 2252
3759894 0
3759909 2252
3763509 0
3763524 2252
3767124 0
3767139 2252
3770739 0
3804282 3276
3819282 0
3905584 873
3934384 0
3986142 1365
3986322 0
3988122 1365
3988662 3481
4007862 0
4089428 873
4118228 0
4163485 873
4192285 0
4251342 1365
4252062 3481
4271262 0
4331619 3276
4346619 0
4581642 1979
4582842 0
4584642 1979
136 events for K
132220 4214960
132224 0
132650 4214960
132654 0
133390 4214960
133394 0
133820 4214960
133824 0
475012 4214960
475016 0
475442 4214960
475446 0
476182 4214960
476186 0
476612 4214960
476616 0
706259 4214960
706263 0
706689 4214960
706693 0
707429 4214960
707433 0
707859 4214960
707863 0
1079812 4214960
1079816 0
1080242 4214960
1080246 0
1080982 4214960
1080986 0
1081412 4214960
1081416 0
1311059 4214960
1311063 0
1311489 4214960
1311493 0
1312229 4214960
1312233 0
1312659 4214960
1312663 0
1577494 4214960
1577498 0
1577924 4214960
1577928 0
1578664 4214960
1578668 0
1579094 4214960
1579098 0
1946620 4214960
1946624 0
1947050 4214960
1947054 0
1947790 4214960
1947794 0
1948220 4214960
1948224 0
2182294 4214960
2182298 0
2182724 4214960
2182728 0
2183464 4214960
2183468 0
2183894 4214960
2183898 0
2551420 4214960
2551424 0
2551850 4214960
2551854 0
2552590 4214960
2552594 0
2553020 4214960
2553024 0
2787094 4214960
2787098 0
2787524 4214960
2787528 0
2788264 4214960
2788268 0
2788694 4214960
2788698 0
3156220 4214960
3156224 0
3156650 4214960
3156654 0
3157390 4214960
3157394 0
3157820 4214960
3157824 0
3391894 4214960
3391898 0
3392324 4214960
3392328 0
3393064 4214960
3393068 0
3393494 4214960
3393498 0
3761020 4214960
3761024 0
3761450 4214960
3761454 0
3762190 4214960
3762194 0
3762620 4214960
3762624 0
3813094 4214960
3813098 0
3813524 4214960
3813528 0
3814264 4214960
3814268 0
3814694 4214960
3814698 0
3997808 4214960
3997812 0
3998238 4214960
3998242 0
3998978 4214960
3998982 0
3999408 4214960
3999412 0
4365820 4214960
4365824 0
4366250 4214960
4366254 0
4366990 4214960
4366994 0
4367420 4214960
4367424 0
4436794 4214960
4436798 0
4437224 4214960
4437228 0
4437964 4214960
4437968 0
4438394 4214960
4438398 0
38 events for L
20538 1370
348618 0
366138 1370
651018 0
668538 1370
953418 0
970938 1370
1255818 0
1273338 1370
1558218 0
1575738 1370
1817418 0
1834938 1370
2163018 0
2180718 600
2180898 1300
2420778 600
2420978 0
2439918 600
2440098 1300
2767262 700
2767307 0
2785518 600
2785758 1300
3026578 700
3026623 0
3044718 600
3044958 1300
3371918 700
3371963 0
3390138 1300
3631937 0
3649338 1300
3977537 0
3988938 1300
4236737 0
4254138 1300
4582337 0
5 events for M
1 74
2160000 0
2160001 74
4579200 0
4579201 74
5 events for N
3082 74
2163081 0
2163082 74
4582281 0
4582282 74
6 events for O
948686 90
959606 3500
985226 0
2066606 90
2077526 3500
2101586 0
132 events for P
41510 873
70310 0
262913 3276
277913 0
546402 3481
547602 0
549402 3481
567402 0
688707 873
717507 0
780377 3276
795377 0
795437 873
824237 0
1011624 3276
1026624 0
1026684 873
1055484 0
1082777 3276
1097777 0
1097837 873
1126637 0
1171718 3276
1186718 0
1186778 873
1215578 0
1278447 3276
1293447 0
1293507 873
1322307 0
1349600 3276
1364600 0
1364660 873
1393460 0
1438542 3276
1453542 0
1453602 873
1482402 0
1509695 3276
1524695 0
1524755 873
1553555 0
1693385 3276
1708385 0
1708445 873
1737245 0
1855910 873
1884710 0
1928668 873
1957468 0
2077313 3276
2092313 0
2092373 873
2121173 0
2178931 4096
2187131 0
2276217 4096
2284417 0
2350274 4096
2358474 0
2438131 4096
2446331 0
2460710 665
2489870 0
2533468 4096
2541668 0
2606226 4096
2614426 0
2697173 4096
2705373 0
2783731 4096
2791931 0
2881017 4096
2889217 0
2955074 4096
2963274 0
3042931 4096
3051131 0
3065510 665
3094670 0
3138268 4096
3146468 0
3211026 4096
3219226 0
3301973 4096
3310173 0
3388531 1365
3388711 0
3390511 1365
3391051 3481
3410251 1365
3410971 3481
3430171 1365
3430891 3481
3449817 0
3485817 873
3514617 0
3559874 873
3588674 0
3647731 873
3676531 0
3743068 3481
3757468 0
3757483 2252
3761083 0
3761098 2252
3764698 0
3764713 2252
3768313 0
3768328 2252
3771928 0
3805471 3276
3820471 0
3906773 873
3935573 0
3987331 1365
3987511 0
3989311 1365
3989851 3481
4009051 0
4090617 873
4119417 0
4164674 873
4193474 0
4252531 1365
4253251 3481
4272451 0
4332808 3276
4347808 0
4582831 1979
4584031 0
4585831 1979
