16 instruments
A 10 100 20927.686835728317 891804836.74978614
B 10 100 128045.25187067324 495183416.02819836
C 10 100 54084010.43300014 1720684275.4783733
D 10 100 0 296462475.07613176
E 10 100 177168740.44080633 781629408.46013641
F 10 100 0 320000000
G 10 100 376310 320000000
H 10 100 5910082.7758317869 3030989320.3134623
I 10 100 0.000155227 800000000
J 10 100 23264.147255000564 168504461.78361657
K 10 100 2238.0782914523293 612647607.58318675
L 10 100 24955.266722182481 180753403.14844713
M 10 100 8192 3200000000
N 10 100 1517960000 4000000000
O 10 100 1935.2198577632046 529743673.63920057
P 10 100 815344000 7516190000
100 downlinks
0 19800 49577 17825.048205999999
1 49578 67745 16584.801629000001
2 91816 96499 56583.634539999999
3 120738 135056 54510.231771999999
4 137178 152542 17937.152144
5 178088 221962 61000.683803
6 221963 249338 18467.928540000001
7 264361 308238 25417.817937
8 308239 327328 19015.030229
9 330078 347128 24567.032964000002
10 365400 394577 17828.859713000002
11 394578 411962 17701.536620999999
12 436911 480795 25418.320157999999
13 480796 501418 17542.270487000002
14 502578 528436 23159.729212999999
15 528437 567073 59981.281416999998
16 567074 597076 17972.728726000001
17 597077 613056 22999.291153999999
18 614837 654623 56629.461013
19 667800 674336 23614.41446
20 679877 701139 22122.706344999999
21 701176 739875 59998.788971000002
22 739876 757341 17624.346496999999
23 782015 826275 61074.347796000002
24 826276 843861 17138.572087
25 868291 913175 61181.460402999997
26 913176 932357 17433.778816999999
27 933675 950344 23082.352213999999
28 970200 999423 17883.640805999999
29 999424 1023140 17543.785331999999
30 1023675 1046233 22376.399878
31 1046234 1080073 58655.879155000002
32 1080074 1103435 17582.023593000002
33 1105574 1117118 58623.309652000004
34 1127127 1168572 15119.160288999999
35 1168573 1190199 16914.110455999999
36 1194973 1207189 55409.676240000001
37 1213406 1243421 14837.924851
38 1244310 1247704 18937.599925999999
39 1278072 1294888 56160.945200000002
40 1299686 1347970 56661.696495999997
41 1347971 1360266 56748.807657999998
42 1364471 1376676 58852.465277000003
43 1396870 1423170 17334.486729
44 1429871 1472246 60764.045818999999
45 1472247 1519663 24005.080918
46 1527369 1531566 18969.341575999999
47 1536969 1558329 18036.499982000001
48 1581368 1593440 52719.905522000001
49 1602442 1633051 54389.954824
50 1656966 1668740 17991.02982
51 1688727 1730446 61717.871531999997
52 1731094 1776643 24930.695499000001
53 1795565 1819204 22398.438724
54 1834200 1862647 17244.778962
55 1865463 1877801 18220.925300999999
56 1894563 1906123 58678.576760000004
57 1909322 1949161 58555.537063999996
58 1949162 1964047 18992.23504
59 1981862 2018383 13796.402593000001
60 2033878 2072159 59962.626314000001
61 2072160 2078069 23204.996364999999
62 2095500 2118635 60314.874481999999
63 2121059 2137467 18020.649063000001
64 2179800 2207240 17416.188300000002
65 2233257 2253543 17116.766715000002
66 2254255 2260753 60234.572946
67 2264755 2284848 16963.427941999998
68 2292746 2335084 60809.052052999999
69 2335085 2360164 23716.228502000002
70 2360753 2368255 18029.108412000001
71 2371913 2374993 60100.563959999999
72 2439000 2465425 17729.224104000001
73 2498751 2510833 17589.138943000002
74 2513509 2545848 58302.529763999999
75 2545849 2563293 18080.346756999999
76 2571649 2599285 55874.873438000002
77 2605247 2628473 60291.091052000003
78 2637912 2680234 60832.041154999999
79 2680235 2718344 24945.773354000001
80 2718345 2742158 18650.039686
81 2784600 2810215 17801.393711000001
82 2810648 2813791 18241.361444999999
83 2830242 2853075 24067.369501000001
84 2854240 2878223 56712.888793999999
85 2904340 2913195 58370.132263
86 2916711 2937551 58005.525035999999
87 2939102 2976937 24930.123806
88 2976938 2998111 16739.689300999999
89 3043800 3068367 18181.419744999999
90 3090335 3115951 18610.315675999998
91 3117393 3155781 59847.283359000001
92 3157233 3173308 18063.419893999999
93 3177933 3202738 18186.627066000001
94 3203790 3219637 56843.492619999997
95 3241970 3275429 9175.5815739999998
96 3275430 3286919 9288.5908459999991
97 3290187 3328186 29976.478185
98 3330327 3347364 8340.6453669999992
99 3356727 3367030 28164.287346000001
0 opportunities for A
0 opportunities for B
0 opportunities for C
0 opportunities for D
0 opportunities for E
0 opportunities for F
0 opportunities for G
0 opportunities for H
0 opportunities for I
0 opportunities for J
0 opportunities for K
0 opportunities for L
0 opportunities for M
0 opportunities for N
0 opportunities for O
0 opportunities for P
88 events for A
130838 4214960
130842 0
131268 4214960
131272 0
132008 4214960
132012 0
132438 4214960
132442 0
473630 4214960
473634 0
474060 4214960
474064 0
474800 4214960
474804 0
475230 4214960
475234 0
704877 4214960
704881 0
705307 4214960
705311 0
706047 4214960
706051 0
706477 4214960
706481 0
1078430 4214960
1078434 0
1078860 4214960
1078864 0
1079600 4214960
1079604 0
1080030 4214960
1080034 0
1309677 4214960
1309681 0
1310107 4214960
1310111 0
1310847 4214960
1310851 0
1311277 4214960
1311281 0
1576112 4214960
1576116 0
1576542 4214960
1576546 0
1577282 4214960
1577286 0
1577712 4214960
1577716 0
1945238 4214960
1945242 0
1945668 4214960
1945672 0
1946408 4214960
1946412 0
1946838 4214960
1946842 0
2180912 4214960
2180916 0
2181342 4214960
2181346 0
2182082 4214960
2182086 0
2182512 4214960
2182516 0
2550038 4214960
2550042 0
2550468 4214960
2550472 0
2551208 4214960
2551212 0
2551638 4214960
2551642 0
2785712 4214960
2785716 0
2786142 4214960
2786146 0
2786882 4214960
2786886 0
2787312 4214960
2787316 0
3154838 4214960
3154842 0
3155268 4214960
3155272 0
3156008 4214960
3156012 0
3156438 4214960
3156442 0
3 events for B
2244 74
2162243 0
2162244 74
54 events for C
146 1642
20065 2414
36224 1642
40424 2414
72603 1642
78303 2414
90492 1642
129071 2414
130911 1642
364945 2414
416245 1642
422598 2414
452174 1642
458174 2414
487751 1642
493451 2414
541116 1642
697345 2414
736786 1642
1041286 2414
1085725 1642
1221269 2414
1251145 1642
1272145 2414
1301845 1642
1307910 2414
1309750 1642
1345345 2414
1387945 1642
1574345 2414
1576185 1642
1707359 2414
1777045 1642
1943471 2414
1945311 1642
2160145 0
2160146 1285
2179145 2414
2180985 1285
2512092 2057
2527942 1285
2532382 2057
2548271 2414
2550511 2057
2564141 1285
2783945 2414
2785785 1285
3153071 2414
3154911 1285
3173561 2057
3223929 706
3337885 2057
3369745 706
3388745 2414
6 events for D
948686 90
959606 3500
985226 0
2066606 90
2077526 3500
2101586 0
252 events for E
71 240
2182 444
20192 1471
36393 444
41792 1471
64593 444
77792 548
108393 444
113792 548
128203 2738
144393 2635
156992 3662
178593 2635
185792 2738
200203 548
234393 444
243392 548
246965 1830
262003 1768
262303 1830
270393 1727
279392 1830
306393 1727
324392 2754
345393 1727
365792 1830
380193 1727
387392 1830
414393 1727
421592 1830
450393 1727
457592 1830
484565 548
486393 444
493592 548
540393 444
545792 1471
567392 548
574593 444
581792 548
612393 444
617792 548
646603 2738
647793 2635
666392 2738
682593 2635
696992 3662
718593 2635
718603 444
723992 1471
738392 548
752793 444
759992 1471
788793 444
795992 548
842793 444
848192 548
876993 444
884192 548
914793 444
920192 548
941814 494
950193 391
956203 2581
968792 3608
984993 2581
990392 3608
991434 3662
1019193 2635
1026392 3662
1028203 1471
1054593 444
1062392 1471
1071403 3662
1091193 2635
1100192 3662
1125403 1471
1125703 1409
1126003 1471
1130143 3662
1130196 3912
1145193 2885
1145863 695
1150614 444
1152392 548
1179393 444
1186592 548
1215393 444
1222592 548
1233365 1830
1251993 1727
1271192 1830
1285593 1727
1292792 1830
1321593 1727
1328792 2754
1357593 1727
1364792 2754
1393593 1727
1400792 2754
1445793 1727
1454792 1830
1481793 1727
1490792 1830
1517793 1727
1517803 3917
1526792 4021
1537592 4944
1539403 2754
1553493 1727
1575392 2754
1589793 1727
1596992 2754
1625793 1727
1632992 1830
1665393 1727
1672592 1830
1701393 1727
1708592 1830
1737393 1727
1744592 2754
1775193 1727
1782392 2754
1814193 1727
1816903 1664
1817203 1727
1820203 3917
1832792 4944
1850793 3917
1856192 4944
1883193 3917
1885003 1727
1893992 2754
1906565 1471
1922793 444
1929992 1471
1958793 444
1965992 1471
1994793 444
2001992 1471
2003803 3662
2046993 2635
2055992 2738
2058594 2685
2084793 2581
2095592 3608
2107794 3662
2108203 1471
2120793 444
2127992 548
2159793 444
2160070 0
2160071 444
2162203 382
2162503 444
2178392 548
2196393 444
2201792 1471
2209003 3662
2209025 4944
2230593 3917
2241392 4944
2245003 2754
2252225 1471
2261192 548
2270193 444
2277392 548
2291574 798
2306193 695
2313392 798
2335014 548
2342193 444
2352992 1471
2381793 444
2388992 1471
2418693 444
2439392 1471
2453793 444
2460992 1471
2489793 444
2496992 1471
2507803 1409
2508103 1471
2525793 444
2534792 548
2558203 2738
2563593 2635
2570792 2738
2594203 548
2599593 444
2604992 548
2617593 444
2626592 548
2653593 444
2662592 548
2680603 485
2680903 2738
2689593 2635
2698592 3662
2705825 4944
2727393 3917
2734592 4944
2748970 5195
2764293 4168
2783192 5195
2792214 4944
2792225 3662
2795803 1471
2801193 444
2806592 1471
2817392 548
2837193 444
2846192 548
2857003 485
2857303 548
2874993 444
2882192 1471
2910993 444
2921792 548
2946993 444
2954192 548
2986593 444
2993792 548
3023793 444
3026203 382
3026503 444
3044192 548
3058593 444
3065792 548
3065803 2738
3094593 2635
3101792 3662
3130593 2635
3137792 2738
3145003 548
3145014 798
3168393 695
3177392 798
3199003 736
3199014 485
3199303 548
3204393 444
3209792 548
3222393 444
3231392 548
3258393 444
3267392 548
3294393 444
3303392 1471
3332193 444
3339392 548
3369393 444
6 events for F
947700 90
958620 3500
984240 0
2065620 90
2076540 3500
2100600 0
73 events for G
5700 185
345000 0
345600 185
949800 0
950400 185
1554600 0
1555200 185
2159400 0
2178060 20
2178240 0
2180400 20
2180580 0
2180640 62
2227080 0
2227740 20
2227920 0
2230080 20
2230260 0
2230320 62
2276760 0
2276880 20
2277060 289
2290320 0
2309700 20
2324272 0
2324932 20
2325112 0
2327272 20
2327452 0
2327512 62
2373952 0
2374732 20
2523000 0
2523780 20
2523960 0
2526120 20
2526300 0
2526360 53
2579820 0
2580480 20
2580660 0
2582820 20
2583000 0
2583060 53
2636520 0
2637180 20
2637360 0
2639520 20
2639700 0
2639760 53
2693220 0
2693880 20
2694060 0
2696220 20
2696400 0
2696460 53
2749920 0
2750040 20
2750220 252
2764440 0
3042060 20
3042240 0
3044400 20
3044580 0
3044640 28
3298440 0
3299100 20
3299280 0
3301440 20
3301620 0
3301680 56
3369360 0
3369600 243
3 events for H
1638 2650
2161637 0
2161638 2650
458 events for I
23700 12910592
23701 0
30905 12910592
30906 0
51905 12910592
51906 0
57300 12910592
57301 0
60900 12910592
60901 0
64800 12910592
64801 0
68700 12910592
68701 0
78720 12910592
78721 0
82500 12910592
82501 0
86400 12910592
86401 0
93360 12910592
93361 0
103380 12910592
103381 0
115740 12910592
115741 0
122280 12910592
122281 0
131820 12910592
131821 0
139025 12910592
139026 0
151500 12910592
151501 0
158705 12910592
158706 0
166080 1089536
166081 0
170400 12910592
170401 0
175205 12910592
175206 0
178200 1089536
178201 0
180965 12910592
180966 0
365400 12910592
365401 0
372780 12910592
372781 0
380220 12910592
380221 0
387125 12910592
387126 0
398100 12910592
398101 0
408905 12910592
408906 0
423000 12910592
423001 0
426900 12910592
426901 0
430500 12910592
430501 0
433320 12910592
433321 0
440700 12910592
440701 0
444900 12910592
444901 0
462005 12910592
462006 0
465720 12910592
465721 0
477840 12910592
477841 0
481080 12910592
481081 0
484265 12910592
484266 0
493860 12910592
493861 0
497640 12910592
497641 0
513300 12910592
513301 0
520985 12910592
520986 0
526200 1089536
526201 0
529620 12910592
529621 0
533400 12910592
533401 0
536880 1089536
536881 0
539885 12910592
539886 0
667805 12910592
667806 0
671400 12910592
671401 0
675000 12910592
675001 0
678600 12910592
678601 0
682620 12910592
682621 0
689525 12910592
689526 0
693120 12910592
693121 0
709985 12910592
709986 0
716400 1089536
716401 0
725100 12910592
725101 0
732905 12910592
732906 0
742380 1089536
742381 0
750900 12910592
750901 0
760800 12910592
760801 0
770700 1089536
770701 0
778200 12910592
778201 0
787800 12910592
787801 0
796265 12910592
796266 0
801900 1089536
801901 0
812100 12910592
812101 0
819605 12910592
819606 0
828720 1089536
828721 0
837300 12910592
837301 0
849660 12910592
849661 0
856800 1089536
856801 0
860520 12910592
860521 0
1041720 12910592
1041721 0
1053300 1089536
1053301 0
1063080 12910592
1063081 0
1073640 12910592
1073641 0
1080305 12910592
1080306 0
1089300 1089536
1089301 0
1099265 12910592
1099266 0
1108500 12910592
1108501 0
1115700 1089536
1115701 0
1122600 12910592
1122601 0
1132680 12910592
1132681 0
1136520 1089536
1136521 0
1138740 12910592
1138741 0
1144860 12910592
1144861 0
1202165 12910592
1202166 0
1205700 1089536
1205701 0
1209305 12910592
1209306 0
1212900 1089536
1212901 0
1215845 12910592
1215846 0
1236785 12910592
1236786 0
1242300 1089536
1242301 0
1246500 12910592
1246501 0
1250400 12910592
1250401 0
1272900 1089536
1272901 0
1276620 12910592
1276621 0
1281300 1089536
1281301 0
1286700 12910592
1286701 0
1298400 12910592
1298401 0
1310640 1089536
1310641 0
1319705 12910592
1319706 0
1329900 12910592
1329901 0
1339505 12910592
1339506 0
1348500 12910592
1348501 0
1357500 1089536
1357501 0
1366800 12910592
1366801 0
1375200 1089536
1375201 0
1382700 12910592
1382701 0
1386605 12910592
1386606 0
1525625 12910592
1525626 0
1528500 1089536
1528501 0
1532100 12910592
1532101 0
1535880 12910592
1535881 0
1542900 1089536
1542901 0
1546205 12910592
1546206 0
1549500 12910592
1549501 0
1577100 12910592
1577101 0
1584180 1089536
1584181 0
1591320 12910592
1591321 0
1598225 12910592
1598226 0
1603500 1089536
1603501 0
1609800 12910592
1609801 0
1613100 12910592
1613101 0
1618505 12910592
1618506 0
1623900 1089536
1623901 0
1628340 12910592
1628341 0
1672260 12910592
1672261 0
1676100 1089536
1676101 0
1679705 12910592
1679706 0
1683900 1089536
1683901 0
1687200 12910592
1687201 0
1689900 12910592
1689901 0
1695900 1089536
1695901 0
1698725 12910592
1698726 0
1761545 12910592
1761546 0
1766100 12910592
1766101 0
1771200 1089536
1771201 0
1775700 12910592
1775701 0
1783925 12910592
1783926 0
1798260 12910592
1798261 0
1802100 1089536
1802101 0
1805700 12910592
1805701 0
1809300 1089536
1809301 0
1812000 12910592
1812001 0
1871340 12910592
1871341 0
1875305 12910592
1875306 0
1878900 1089536
1878901 0
1882500 12910592
1882501 0
1886220 1089536
1886221 0
1893120 12910592
1893121 0
1896725 12910592
1896726 0
1900320 1089536
1900321 0
1904400 12910592
1904401 0
2002260 12910592
2002261 0
2005865 12910592
2005866 0
2009460 1089536
2009461 0
2013540 12910592
2013541 0
2016840 1089536
2016841 0
2020440 12910592
2020441 0
2024040 1089536
2024041 0
2027645 12910592
2027646 0
2031720 12910592
2031721 0
2182805 12910592
2182806 0
2187450 12910592
2187451 0
2195100 12910592
2195101 0
2203034 12910592
2203035 0
2214493 12910592
2214494 0
2233157 12910592
2233158 0
2240057 12910592
2240058 0
2242538 12910592
2242539 0
2246700 12910592
2246701 0
2250301 12910592
2250302 0
2254976 12910592
2254977 0
2262578 12910592
2262579 0
2270186 12910592
2270187 0
2277318 12910592
2277319 0
2284500 12910592
2284501 0
2294700 12910592
2294701 0
2439000 12910592
2439001 0
2446839 12910592
2446840 0
2461579 12910592
2461580 0
2467205 12910592
2467206 0
2476468 12910592
2476469 0
2483763 12910592
2483764 0
2489405 12910592
2489406 0
2500500 12910592
2500501 0
2508301 12910592
2508302 0
2512547 12910592
2512548 0
2516272 12910592
2516273 0
2519872 12910592
2519873 0
2527197 12910592
2527198 0
2534762 12910592
2534763 0
2543706 12910592
2543707 0
2551206 12910592
2551207 0
2557385 12910592
2557386 0
2563396 12910592
2563397 0
2787330 12910592
2787331 0
2799300 12910592
2799301 0
2807829 12910592
2807830 0
2812779 12910592
2812780 0
2814905 12910592
2814906 0
2823043 12910592
2823044 0
2831100 12910592
2831101 0
2836385 12910592
2836386 0
2846100 12910592
2846101 0
2852699 12910592
2852700 0
2853901 12910592
2853902 0
2860076 12910592
2860077 0
2866800 12910592
2866801 0
2874986 12910592
2874987 0
2881891 12910592
2881892 0
2887543 12910592
2887544 0
2893200 12910592
2893201 0
2904407 12910592
2904408 0
2911714 12910592
2911715 0
3043805 12910592
3043806 0
3055239 12910592
3055240 0
3066384 12910592
3066385 0
3077668 12910592
3077669 0
3080968 12910592
3080969 0
3088413 12910592
3088414 0
3095858 12910592
3095859 0
3102900 12910592
3102901 0
3108900 12910592
3108901 0
3114005 12910592
3114006 0
246 events for J
22393 906
38792 0
51613 906
56681 0
59561 906
75171 0
81351 906
93060 0
95773 593
111073 0
117710 593
128593 0
133339 906
134233 593
138019 906
147929 0
154109 906
166118 0
168398 906
184308 0
223333 906
224083 1500
230095 0
231423 1500
237423 0
296893 215
308313 0
367993 906
383589 0
389769 906
401558 0
402878 906
418813 0
425646 906
436654 0
439534 906
454742 0
460922 906
472231 0
476431 906
490319 0
496499 906
504613 0
510387 906
525895 0
527395 906
543684 0
646093 906
646873 0
670393 906
685989 0
692169 906
703778 0
708158 906
721566 0
727746 906
739354 0
740854 906
757142 0
763322 906
774931 0
777211 906
792031 0
798899 906
810507 0
812007 906
828295 0
831025 906
846084 0
852264 906
863872 0
912193 1087
914903 0
916093 906
916873 0
980893 906
981673 0
1044034 906
1059542 0
1065722 906
1076953 0
1080931 906
1094713 0
1101599 906
1112907 0
1115487 906
1130395 0
1132795 906
1148184 0
1204428 906
1219248 0
1225817 906
1236825 0
1238325 906
1253713 0
1275193 906
1290789 0
1296969 906
1308578 0
1312958 906
1326366 0
1332546 906
1344154 0
1347313 906
1361942 0
1368122 906
1379731 0
1382011 906
1390513 0
1391893 593
1396523 0
1403399 593
1407243 0
1408933 593
1414823 0
1418533 593
1422483 0
1424293 593
1430774 0
1436083 1500
1442103 0
1443403 1500
1449423 0
1459693 215
1471113 0
1528217 906
1539225 0
1544413 906
1552813 0
1579693 906
1594642 0
1600822 906
1613156 0
1614656 906
1631670 0
1674879 906
1687213 0
1688713 906
1705427 0
1763850 906
1779613 0
1786264 906
1793413 0
1795153 906
1797699 0
1799799 906
1815313 0
1866493 906
1867273 0
1873961 906
1889571 0
1895751 906
1907760 0
1952893 906
1953673 0
2004888 906
2016897 0
2019177 906
2036032 0
2114893 906
2115673 0
2184493 906
2198413 0
2205622 906
2236470 0
2242650 906
2254813 0
2257264 906
2273499 0
2279679 906
2292013 0
2293513 906
2298013 0
2344093 906
2345143 0
2441593 906
2457992 0
2464172 906
2470813 0
2471833 906
2475853 0
2478333 906
2494333 0
2500551 906
2512260 0
2514840 906
2530510 0
2536930 906
2548579 0
2552539 906
2566709 0
2617479 906
2618509 0
2701314 906
2702054 0
2737004 1500
2742183 0
2747683 479
2748923 0
2750403 479
2752513 1500
2758493 0
2764153 479
2766213 0
2788253 906
2803395 0
2810713 906
2820143 0
2825336 906
2840970 0
2847450 906
2859484 0
2862364 906
2878299 0
2884479 906
2896513 0
2899393 906
2915027 0
2920993 1087
2923703 0
2924207 215
2935627 0
2995553 1600
3005738 0
3010693 906
3011593 1500
3018076 0
3019143 1500
3022043 0
3046393 906
3062792 0
3068972 906
3080981 0
3082481 906
3099171 0
3105351 906
3117360 0
3143040 906
3143780 0
3224040 906
3224790 0
3341974 593
3352663 0
3355503 906
3356253 593
3369093 0
89 events for K
40321 873
69121 0
261724 3276
276724 0
545213 3481
546413 0
548213 3481
566213 0
687518 873
716318 0
779188 3276
794188 0
794248 873
823048 0
1010435 3276
1025435 0
1025495 873
1054295 0
1081588 3276
1096588 0
1096648 873
1125448 0
1170529 3276
1185529 0
1185589 873
1214389 0
1277258 3276
1292258 0
1292318 873
1321118 0
1348411 3276
1363411 0
1363471 873
1392271 0
1437353 3276
1452353 0
1452413 873
1481213 0
1508506 3276
1523506 0
1523566 873
1552366 0
1692196 3276
1707196 0
1707256 873
1736056 0
1854721 873
1883521 0
1927479 873
1956279 0
2076124 3276
2091124 0
2091184 873
2119984 0
2177742 4096
2185942 0
2275028 4096
2283228 0
2349085 4096
2357285 0
2436942 4096
2445142 0
2459521 665
2488681 0
2532279 4096
2540479 0
2605037 4096
2613237 0
2695984 4096
2704184 0
2782542 4096
2790742 0
2879828 4096
2888028 0
2953885 4096
2962085 0
3041742 4096
3049942 0
3064321 665
3093481 0
3137079 4096
3145279 0
3209837 4096
3218037 0
3300784 4096
3308984 0
3387342 1365
3387522 0
3389322 1365
246 events for L
20442 906
36841 0
49662 906
54730 0
57610 906
73220 0
79400 906
91109 0
93822 593
109122 0
115759 593
126642 0
131388 906
132282 593
136068 906
145978 0
152158 906
164167 0
166447 906
182357 0
221382 906
222132 1500
228144 0
229472 1500
235472 0
294942 215
306362 0
366042 906
381638 0
387818 906
399607 0
400927 906
416862 0
423695 906
434703 0
437583 906
452791 0
458971 906
470280 0
474480 906
488368 0
494548 906
502662 0
508436 906
523944 0
525444 906
541733 0
644142 906
644922 0
668442 906
684038 0
690218 906
701827 0
706207 906
719615 0
725795 906
737403 0
738903 906
755191 0
761371 906
772980 0
775260 906
790080 0
796948 906
808556 0
810056 906
826344 0
829074 906
844133 0
850313 906
861921 0
910242 1087
912952 0
914142 906
914922 0
978942 906
979722 0
1042083 906
1057591 0
1063771 906
1075002 0
1078980 906
1092762 0
1099648 906
1110956 0
1113536 906
1128444 0
1130844 906
1146233 0
1202477 906
1217297 0
1223866 906
1234874 0
1236374 906
1251762 0
1273242 906
1288838 0
1295018 906
1306627 0
1311007 906
1324415 0
1330595 906
1342203 0
1345362 906
1359991 0
1366171 906
1377780 0
1380060 906
1388562 0
1389942 593
1394572 0
1401448 593
1405292 0
1406982 593
1412872 0
1416582 593
1420532 0
1422342 593
1428823 0
1434132 1500
1440152 0
1441452 1500
1447472 0
1457742 215
1469162 0
1526266 906
1537274 0
1542462 906
1550862 0
1577742 906
1592691 0
1598871 906
1611205 0
1612705 906
1629719 0
1672928 906
1685262 0
1686762 906
1703476 0
1761899 906
1777662 0
1784313 906
1791462 0
1793202 906
1795748 0
1797848 906
1813362 0
1864542 906
1865322 0
1872010 906
1887620 0
1893800 906
1905809 0
1950942 906
1951722 0
2002937 906
2014946 0
2017226 906
2034081 0
2112942 906
2113722 0
2182542 906
2196462 0
2203671 906
2234519 0
2240699 906
2252862 0
2255313 906
2271548 0
2277728 906
2290062 0
2291562 906
2296062 0
2342142 906
2343192 0
2439642 906
2456041 0
2462221 906
2468862 0
2469882 906
2473902 0
2476382 906
2492382 0
2498600 906
2510309 0
2512889 906
2528559 0
2534979 906
2546628 0
2550588 906
2564758 0
2615528 906
2616558 0
2699363 906
2700103 0
2735053 1500
2740232 0
2745732 479
2746972 0
2748452 479
2750562 1500
2756542 0
2762202 479
2764262 0
2786302 906
2801444 0
2808762 906
2818192 0
2823385 906
2839019 0
2845499 906
2857533 0
2860413 906
2876348 0
2882528 906
2894562 0
2897442 906
2913076 0
2919042 1087
2921752 0
2922256 215
2933676 0
2993602 1600
3003787 0
3008742 906
3009642 1500
3016125 0
3017192 1500
3020092 0
3044442 906
3060841 0
3067021 906
3079030 0
3080530 906
3097220 0
3103400 906
3115409 0
3141089 906
3141829 0
3222089 906
3222839 0
3340023 593
3350712 0
3353552 906
3354302 593
3367142 0
1496 events for M
17699 12910592
17700 0
17959 12910592
17960 0
18539 12910592
18540 0
18799 12910592
18800 0
36678 12910592
36679 0
36938 12910592
36939 0
37518 12910592
37519 0
37778 12910592
37779 0
54867 12910592
54868 0
55127 12910592
55128 0
55707 12910592
55708 0
55967 12910592
55968 0
73057 12910592
73058 0
73317 12910592
73318 0
73897 12910592
73898 0
74157 12910592
74158 0
91246 12910592
91247 0
91506 12910592
91507 0
92086 12910592
92087 0
92346 12910592
92347 0
109436 12910592
109437 0
109696 12910592
109697 0
110276 12910592
110277 0
110536 12910592
110537 0
127625 12910592
127626 0
127855 12910592
127856 0
128395 12910592
128396 0
128625 12910592
128626 0
145815 12910592
145816 0
146075 12910592
146076 0
146655 12910592
146656 0
146915 12910592
146916 0
164004 12910592
164005 0
164264 12910592
164265 0
164844 12910592
164845 0
165104 12910592
165105 0
182194 12910592
182195 0
182454 12910592
182455 0
183034 12910592
183035 0
183294 12910592
183295 0
200383 12910592
200384 0
200643 12910592
200644 0
201223 12910592
201224 0
201483 12910592
201484 0
218573 12910592
218574 0
218833 12910592
218834 0
219413 12910592
219414 0
219673 12910592
219674 0
236762 12910592
236763 0
237022 12910592
237023 0
237602 12910592
237603 0
237862 12910592
237863 0
254952 12910592
254953 0
255212 12910592
255213 0
255792 12910592
255793 0
256052 12910592
256053 0
273141 12910592
273142 0
273401 12910592
273402 0
273981 12910592
273982 0
274241 12910592
274242 0
291331 12910592
291332 0
291591 12910592
291592 0
292171 12910592
292172 0
292431 12910592
292432 0
309520 12910592
309521 0
309780 12910592
309781 0
310360 12910592
310361 0
310620 12910592
310621 0
327110 12910592
327111 0
327370 12910592
327371 0
327950 12910592
327951 0
328210 12910592
328211 0
344399 12910592
344400 0
344659 12910592
344660 0
345239 12910592
345240 0
345499 12910592
345500 0
363299 12910592
363300 0
363559 12910592
363560 0
364139 12910592
364140 0
364399 12910592
364400 0
381475 12910592
381476 0
381735 12910592
381736 0
382315 12910592
382316 0
382575 12910592
382576 0
399264 12910592
399265 0
399524 12910592
399525 0
400104 12910592
400105 0
400364 12910592
400365 0
417052 12910592
417053 0
417312 12910592
417313 0
417892 12910592
417893 0
418152 12910592
418153 0
434840 12910592
434841 0
435100 12910592
435101 0
435680 12910592
435681 0
435940 12910592
435941 0
452628 12910592
452629 0
452888 12910592
452889 0
453468 12910592
453469 0
453728 12910592
453729 0
470417 12910592
470418 0
470647 12910592
470648 0
471187 12910592
471188 0
471417 12910592
471418 0
488205 12910592
488206 0
488465 12910592
488466 0
489045 12910592
489046 0
489305 12910592
489306 0
505993 12910592
505994 0
506253 12910592
506254 0
506833 12910592
506834 0
507093 12910592
507094 0
523781 12910592
523782 0
524041 12910592
524042 0
524621 12910592
524622 0
524881 12910592
524882 0
541570 12910592
541571 0
541830 12910592
541831 0
542410 12910592
542411 0
542670 12910592
542671 0
559358 12910592
559359 0
559618 12910592
559619 0
560198 12910592
560199 0
560458 12910592
560459 0
577146 12910592
577147 0
577406 12910592
577407 0
577986 12910592
577987 0
578246 12910592
578247 0
594934 12910592
594935 0
595194 12910592
595195 0
595774 12910592
595775 0
596034 12910592
596035 0
612723 12910592
612724 0
612983 12910592
612984 0
613563 12910592
613564 0
613823 12910592
613824 0
629911 12910592
629912 0
630171 12910592
630172 0
630751 12910592
630752 0
631011 12910592
631012 0
646799 12910592
646800 0
647059 12910592
647060 0
647639 12910592
647640 0
647899 12910592
647900 0
665699 12910592
665700 0
665959 12910592
665960 0
666539 12910592
666540 0
666799 12910592
666800 0
683875 12910592
683876 0
684135 12910592
684136 0
684715 12910592
684716 0
684975 12910592
684976 0
701664 12910592
701665 0
701894 12910592
701895 0
702434 12910592
702435 0
702664 12910592
702665 0
719452 12910592
719453 0
719712 12910592
719713 0
720292 12910592
720293 0
720552 12910592
720553 0
737240 12910592
737241 0
737500 12910592
737501 0
738080 12910592
738081 0
738340 12910592
738341 0
755028 12910592
755029 0
755288 12910592
755289 0
755868 12910592
755869 0
756128 12910592
756129 0
772817 12910592
772818 0
773077 12910592
773078 0
773657 12910592
773658 0
773917 12910592
773918 0
790605 12910592
790606 0
790865 12910592
790866 0
791445 12910592
791446 0
791705 12910592
791706 0
808393 12910592
808394 0
808653 12910592
808654 0
809233 12910592
809234 0
809493 12910592
809494 0
826181 12910592
826182 0
826441 12910592
826442 0
827021 12910592
827022 0
827281 12910592
827282 0
843970 12910592
843971 0
844230 12910592
844231 0
844810 12910592
844811 0
845070 12910592
845071 0
861758 12910592
861759 0
862018 12910592
862019 0
862598 12910592
862599 0
862858 12910592
862859 0
879546 12910592
879547 0
879806 12910592
879807 0
880386 12910592
880387 0
880646 12910592
880647 0
897334 12910592
897335 0
897594 12910592
897595 0
898174 12910592
898175 0
898434 12910592
898435 0
915123 12910592
915124 0
915383 12910592
915384 0
915963 12910592
915964 0
916223 12910592
916224 0
932311 12910592
932312 0
932571 12910592
932572 0
933151 12910592
933152 0
933411 12910592
933412 0
949199 12910592
949200 0
949459 12910592
949460 0
950039 12910592
950040 0
950299 12910592
950300 0
968099 12910592
968100 0
968359 12910592
968360 0
968939 12910592
968940 0
969199 12910592
969200 0
986275 12910592
986276 0
986535 12910592
986536 0
987115 12910592
987116 0
987375 12910592
987376 0
1004064 12910592
1004065 0
1004324 12910592
1004325 0
1004904 12910592
1004905 0
1005164 12910592
1005165 0
1021852 12910592
1021853 0
1022112 12910592
1022113 0
1022692 12910592
1022693 0
1022952 12910592
1022953 0
1039640 12910592
1039641 0
1039900 12910592
1039901 0
1040480 12910592
1040481 0
1040740 12910592
1040741 0
1057428 12910592
1057429 0
1057688 12910592
1057689 0
1058268 12910592
1058269 0
1058528 12910592
1058529 0
1075217 12910592
1075218 0
1075447 12910592
1075448 0
1075987 12910592
1075988 0
1076217 12910592
1076218 0
1093005 12910592
1093006 0
1093265 12910592
1093266 0
1093845 12910592
1093846 0
1094105 12910592
1094106 0
1110793 12910592
1110794 0
1111053 12910592
1111054 0
1111633 12910592
1111634 0
1111893 12910592
1111894 0
1128581 12910592
1128582 0
1128841 12910592
1128842 0
1129421 12910592
1129422 0
1129681 12910592
1129682 0
1146370 12910592
1146371 0
1146630 12910592
1146631 0
1147210 12910592
1147211 0
1147470 12910592
1147471 0
1164158 12910592
1164159 0
1164418 12910592
1164419 0
1164998 12910592
1164999 0
1165258 12910592
1165259 0
1181946 12910592
1181947 0
1182206 12910592
1182207 0
1182786 12910592
1182787 0
1183046 12910592
1183047 0
1199734 12910592
1199735 0
1199994 12910592
1199995 0
1200574 12910592
1200575 0
1200834 12910592
1200835 0
1217523 12910592
1217524 0
1217783 12910592
1217784 0
1218363 12910592
1218364 0
1218623 12910592
1218624 0
1234711 12910592
1234712 0
1234971 12910592
1234972 0
1235551 12910592
1235552 0
1235811 12910592
1235812 0
1251599 12910592
1251600 0
1251859 12910592
1251860 0
1252439 12910592
1252440 0
1252699 12910592
1252700 0
1270499 12910592
1270500 0
1270759 12910592
1270760 0
1271339 12910592
1271340 0
1271599 12910592
1271600 0
1288675 12910592
1288676 0
1288935 12910592
1288936 0
1289515 12910592
1289516 0
1289775 12910592
1289776 0
1306464 12910592
1306465 0
1306694 12910592
1306695 0
1307234 12910592
1307235 0
1307464 12910592
1307465 0
1324252 12910592
1324253 0
1324512 12910592
1324513 0
1325092 12910592
1325093 0
1325352 12910592
1325353 0
1342040 12910592
1342041 0
1342300 12910592
1342301 0
1342880 12910592
1342881 0
1343140 12910592
1343141 0
1359828 12910592
1359829 0
1360088 12910592
1360089 0
1360668 12910592
1360669 0
1360928 12910592
1360929 0
1377617 12910592
1377618 0
1377877 12910592
1377878 0
1378457 12910592
1378458 0
1378717 12910592
1378718 0
1395405 12910592
1395406 0
1395665 12910592
1395666 0
1396245 12910592
1396246 0
1396505 12910592
1396506 0
1413193 12910592
1413194 0
1413453 12910592
1413454 0
1414033 12910592
1414034 0
1414293 12910592
1414294 0
1430981 12910592
1430982 0
1431241 12910592
1431242 0
1431821 12910592
1431822 0
1432081 12910592
1432082 0
1448770 12910592
1448771 0
1449030 12910592
1449031 0
1449610 12910592
1449611 0
1449870 12910592
1449871 0
1466558 12910592
1466559 0
1466818 12910592
1466819 0
1467398 12910592
1467399 0
1467658 12910592
1467659 0
1484346 12910592
1484347 0
1484606 12910592
1484607 0
1485186 12910592
1485187 0
1485446 12910592
1485447 0
1502134 12910592
1502135 0
1502394 12910592
1502395 0
1502974 12910592
1502975 0
1503234 12910592
1503235 0
1519923 12910592
1519924 0
1520183 12910592
1520184 0
1520763 12910592
1520764 0
1521023 12910592
1521024 0
1537111 12910592
1537112 0
1537371 12910592
1537372 0
1537951 12910592
1537952 0
1538211 12910592
1538212 0
1553999 12910592
1554000 0
1554259 12910592
1554260 0
1554839 12910592
1554840 0
1555099 12910592
1555100 0
1572899 12910592
1572900 0
1573129 12910592
1573130 0
1573669 12910592
1573670 0
1573899 12910592
1573900 0
1592528 12910592
1592529 0
1592788 12910592
1592789 0
1593368 12910592
1593369 0
1593628 12910592
1593629 0
1611042 12910592
1611043 0
1611302 12910592
1611303 0
1611882 12910592
1611883 0
1612142 12910592
1612143 0
1629556 12910592
1629557 0
1629816 12910592
1629817 0
1630396 12910592
1630397 0
1630656 12910592
1630657 0
1648070 12910592
1648071 0
1648330 12910592
1648331 0
1648910 12910592
1648911 0
1649170 12910592
1649171 0
1666585 12910592
1666586 0
1666845 12910592
1666846 0
1667425 12910592
1667426 0
1667685 12910592
1667686 0
1685099 12910592
1685100 0
1685359 12910592
1685360 0
1685939 12910592
1685940 0
1686199 12910592
1686200 0
1703613 12910592
1703614 0
1703873 12910592
1703874 0
1704453 12910592
1704454 0
1704713 12910592
1704714 0
1722128 12910592
1722129 0
1722388 12910592
1722389 0
1722968 12910592
1722969 0
1723228 12910592
1723229 0
1740642 12910592
1740643 0
1740902 12910592
1740903 0
1741482 12910592
1741483 0
1741742 12910592
1741743 0
1759156 12910592
1759157 0
1759416 12910592
1759417 0
1759996 12910592
1759997 0
1760256 12910592
1760257 0
1777670 12910592
1777671 0
1777930 12910592
1777931 0
1778510 12910592
1778511 0
1778770 12910592
1778771 0
1795585 12910592
1795586 0
1795845 12910592
1795846 0
1796425 12910592
1796426 0
1796685 12910592
1796686 0
1813199 12910592
1813200 0
1813459 12910592
1813460 0
1814039 12910592
1814040 0
1814299 12910592
1814300 0
1832099 12910592
1832100 0
1832359 12910592
1832360 0
1832939 12910592
1832940 0
1833199 12910592
1833200 0
1851078 12910592
1851079 0
1851338 12910592
1851339 0
1851918 12910592
1851919 0
1852178 12910592
1852179 0
1869267 12910592
1869268 0
1869527 12910592
1869528 0
1870107 12910592
1870108 0
1870367 12910592
1870368 0
1887457 12910592
1887458 0
1887717 12910592
1887718 0
1888297 12910592
1888298 0
1888557 12910592
1888558 0
1905646 12910592
1905647 0
1905906 12910592
1905907 0
1906486 12910592
1906487 0
1906746 12910592
1906747 0
1923836 12910592
1923837 0
1924096 12910592
1924097 0
1924676 12910592
1924677 0
1924936 12910592
1924937 0
1942025 12910592
1942026 0
1942255 12910592
1942256 0
1942795 12910592
1942796 0
1943025 12910592
1943026 0
1960215 12910592
1960216 0
1960475 12910592
1960476 0
1961055 12910592
1961056 0
1961315 12910592
1961316 0
1978404 12910592
1978405 0
1978664 12910592
1978665 0
1979244 12910592
1979245 0
1979504 12910592
1979505 0
1996594 12910592
1996595 0
1996854 12910592
1996855 0
1997434 12910592
1997435 0
1997694 12910592
1997695 0
2014783 12910592
2014784 0
2015043 12910592
2015044 0
2015623 12910592
2015624 0
2015883 12910592
2015884 0
2032973 12910592
2032974 0
2033233 12910592
2033234 0
2033813 12910592
2033814 0
2034073 12910592
2034074 0
2051162 12910592
2051163 0
2051422 12910592
2051423 0
2052002 12910592
2052003 0
2052262 12910592
2052263 0
2069352 12910592
2069353 0
2069612 12910592
2069613 0
2070192 12910592
2070193 0
2070452 12910592
2070453 0
2087541 12910592
2087542 0
2087801 12910592
2087802 0
2088381 12910592
2088382 0
2088641 12910592
2088642 0
2105731 12910592
2105732 0
2105991 12910592
2105992 0
2106571 12910592
2106572 0
2106831 12910592
2106832 0
2123920 12910592
2123921 0
2124180 12910592
2124181 0
2124760 12910592
2124761 0
2125020 12910592
2125021 0
2141510 12910592
2141511 0
2141770 12910592
2141771 0
2142350 12910592
2142351 0
2142610 12910592
2142611 0
2158799 12910592
2158800 0
2159059 12910592
2159060 0
2159639 12910592
2159640 0
2159899 12910592
2159900 0
2177699 12910592
2177700 0
2177929 12910592
2177930 0
2178469 12910592
2178470 0
2178699 12910592
2178700 0
2197328 12910592
2197329 0
2197588 12910592
2197589 0
2198168 12910592
2198169 0
2198428 12910592
2198429 0
2215842 12910592
2215843 0
2216102 12910592
2216103 0
2216682 12910592
2216683 0
2216942 12910592
2216943 0
2234356 12910592
2234357 0
2234616 12910592
2234617 0
2235196 12910592
2235197 0
2235456 12910592
2235457 0
2252870 12910592
2252871 0
2253130 12910592
2253131 0
2253710 12910592
2253711 0
2253970 12910592
2253971 0
2271385 12910592
2271386 0
2271645 12910592
2271646 0
2272225 12910592
2272226 0
2272485 12910592
2272486 0
2289899 12910592
2289900 0
2290159 12910592
2290160 0
2290739 12910592
2290740 0
2290999 12910592
2291000 0
2308413 12910592
2308414 0
2308673 12910592
2308674 0
2309253 12910592
2309254 0
2309513 12910592
2309514 0
2326928 12910592
2326929 0
2327188 12910592
2327189 0
2327768 12910592
2327769 0
2328028 12910592
2328029 0
2345442 12910592
2345443 0
2345702 12910592
2345703 0
2346282 12910592
2346283 0
2346542 12910592
2346543 0
2363956 12910592
2363957 0
2364216 12910592
2364217 0
2364796 12910592
2364797 0
2365056 12910592
2365057 0
2382470 12910592
2382471 0
2382730 12910592
2382731 0
2383310 12910592
2383311 0
2383570 12910592
2383571 0
2400385 12910592
2400386 0
2400645 12910592
2400646 0
2401225 12910592
2401226 0
2401485 12910592
2401486 0
2417999 12910592
2418000 0
2418259 12910592
2418260 0
2418839 12910592
2418840 0
2419099 12910592
2419100 0
2436899 12910592
2436900 0
2437159 12910592
2437160 0
2437739 12910592
2437740 0
2437999 12910592
2438000 0
2455878 12910592
2455879 0
2456138 12910592
2456139 0
2456718 12910592
2456719 0
2456978 12910592
2456979 0
2474067 12910592
2474068 0
2474327 12910592
2474328 0
2474907 12910592
2474908 0
2475167 12910592
2475168 0
2492257 12910592
2492258 0
2492517 12910592
2492518 0
2493097 12910592
2493098 0
2493357 12910592
2493358 0
2510446 12910592
2510447 0
2510706 12910592
2510707 0
2511286 12910592
2511287 0
2511546 12910592
2511547 0
2528636 12910592
2528637 0
2528896 12910592
2528897 0
2529476 12910592
2529477 0
2529736 12910592
2529737 0
2546825 12910592
2546826 0
2547055 12910592
2547056 0
2547595 12910592
2547596 0
2547825 12910592
2547826 0
2565015 12910592
2565016 0
2565275 12910592
2565276 0
2565855 12910592
2565856 0
2566115 12910592
2566116 0
2583204 12910592
2583205 0
2583464 12910592
2583465 0
2584044 12910592
2584045 0
2584304 12910592
2584305 0
2601394 12910592
2601395 0
2601654 12910592
2601655 0
2602234 12910592
2602235 0
2602494 12910592
2602495 0
2619583 12910592
2619584 0
2619843 12910592
2619844 0
2620423 12910592
2620424 0
2620683 12910592
2620684 0
2637773 12910592
2637774 0
2638033 12910592
2638034 0
2638613 12910592
2638614 0
2638873 12910592
2638874 0
2655962 12910592
2655963 0
2656222 12910592
2656223 0
2656802 12910592
2656803 0
2657062 12910592
2657063 0
2674152 12910592
2674153 0
2674412 12910592
2674413 0
2674992 12910592
2674993 0
2675252 12910592
2675253 0
2692341 12910592
2692342 0
2692601 12910592
2692602 0
2693181 12910592
2693182 0
2693441 12910592
2693442 0
2710531 12910592
2710532 0
2710791 12910592
2710792 0
2711371 12910592
2711372 0
2711631 12910592
2711632 0
2728720 12910592
2728721 0
2728980 12910592
2728981 0
2729560 12910592
2729561 0
2729820 12910592
2729821 0
2746310 12910592
2746311 0
2746570 12910592
2746571 0
2747150 12910592
2747151 0
2747410 12910592
2747411 0
2763599 12910592
2763600 0
2763859 12910592
2763860 0
2764439 12910592
2764440 0
2764699 12910592
2764700 0
2782499 12910592
2782500 0
2782729 12910592
2782730 0
2783269 12910592
2783270 0
2783499 12910592
2783500 0
2802128 12910592
2802129 0
2802388 12910592
2802389 0
2802968 12910592
2802969 0
2803228 12910592
2803229 0
2820642 12910592
2820643 0
2820902 12910592
2820903 0
2821482 12910592
2821483 0
2821742 12910592
2821743 0
2839156 12910592
2839157 0
2839416 12910592
2839417 0
2839996 12910592
2839997 0
2840256 12910592
2840257 0
2857670 12910592
2857671 0
2857930 12910592
2857931 0
2858510 12910592
2858511 0
2858770 12910592
2858771 0
2876185 12910592
2876186 0
2876445 12910592
2876446 0
2877025 12910592
2877026 0
2877285 12910592
2877286 0
2894699 12910592
2894700 0
2894959 12910592
2894960 0
2895539 12910592
2895540 0
2895799 12910592
2895800 0
2913213 12910592
2913214 0
2913473 12910592
2913474 0
2914053 12910592
2914054 0
2914313 12910592
2914314 0
2931728 12910592
2931729 0
2931988 12910592
2931989 0
2932568 12910592
2932569 0
2932828 12910592
2932829 0
2950242 12910592
2950243 0
2950502 12910592
2950503 0
2951082 12910592
2951083 0
2951342 12910592
2951343 0
2968756 12910592
2968757 0
2969016 12910592
2969017 0
2969596 12910592
2969597 0
2969856 12910592
2969857 0
2987270 12910592
2987271 0
2987530 12910592
2987531 0
2988110 12910592
2988111 0
2988370 12910592
2988371 0
3005185 12910592
3005186 0
3005445 12910592
3005446 0
3006025 12910592
3006026 0
3006285 12910592
3006286 0
3022799 12910592
3022800 0
3023059 12910592
3023060 0
3023639 12910592
3023640 0
3023899 12910592
3023900 0
3041699 12910592
3041700 0
3041959 12910592
3041960 0
3042539 12910592
3042540 0
3042799 12910592
3042800 0
3060678 12910592
3060679 0
3060938 12910592
3060939 0
3061518 12910592
3061519 0
3061778 12910592
3061779 0
3078867 12910592
3078868 0
3079127 12910592
3079128 0
3079707 12910592
3079708 0
3079967 12910592
3079968 0
3097057 12910592
3097058 0
3097317 12910592
3097318 0
3097897 12910592
3097898 0
3098157 12910592
3098158 0
3115246 12910592
3115247 0
3115506 12910592
3115507 0
3116086 12910592
3116087 0
3116346 12910592
3116347 0
3133436 12910592
3133437 0
3133696 12910592
3133697 0
3134276 12910592
3134277 0
3134536 12910592
3134537 0
3151625 12910592
3151626 0
3151855 12910592
3151856 0
3152395 12910592
3152396 0
3152625 12910592
3152626 0
3169815 12910592
3169816 0
3170075 12910592
3170076 0
3170655 12910592
3170656 0
3170915 12910592
3170916 0
3188004 12910592
3188005 0
3188264 12910592
3188265 0
3188844 12910592
3188845 0
3189104 12910592
3189105 0
3206194 12910592
3206195 0
3206454 12910592
3206455 0
3207034 12910592
3207035 0
3207294 12910592
3207295 0
3224383 12910592
3224384 0
3224643 12910592
3224644 0
3225223 12910592
3225224 0
3225483 12910592
3225484 0
3242573 12910592
3242574 0
3242833 12910592
3242834 0
3243413 12910592
3243414 0
3243673 12910592
3243674 0
3260762 12910592
3260763 0
3261022 12910592
3261023 0
3261602 12910592
3261603 0
3261862 12910592
3261863 0
3278952 12910592
3278953 0
3279212 12910592
3279213 0
3279792 12910592
3279793 0
3280052 12910592
3280053 0
3297141 12910592
3297142 0
3297401 12910592
3297402 0
3297981 12910592
3297982 0
3298241 12910592
3298242 0
3315331 12910592
3315332 0
3315591 12910592
3315592 0
3316171 12910592
3316172 0
3316431 12910592
3316432 0
3333520 12910592
3333521 0
3333780 12910592
3333781 0
3334360 12910592
3334361 0
3334620 12910592
3334621 0
3351110 12910592
3351111 0
3351370 12910592
3351371 0
3351950 12910592
3351951 0
3352210 12910592
3352211 0
3368399 12910592
3368400 0
3368659 12910592
3368660 0
3369239 12910592
3369240 0
3369499 12910592
3369500 0
3387299 12910592
3387300 0
3387529 12910592
3387530 0
3388069 12910592
3388070 0
3388299 12910592
3388300 0
513 events for N
25449 117965
25538 328745
25650 117965
25719 125479
26220 7514
27129 125479
27900 7414
27905 7514
28989 125479
29760 7514
30729 125479
31500 7514
32589 125479
33360 7514
34389 125479
35160 7514
36060 0
40228 117965
40318 125479
41059 7514
43888 125479
44659 7514
47488 125479
48259 7514
48679 0
92829 58982
92919 66496
94200 7514
94440 0
94569 58982
94659 66496
95940 7514
96180 0
96729 58982
96819 66496
98100 7514
98340 0
98469 58982
98559 66496
99840 7514
100080 0
100629 58982
100719 66496
102000 7514
102240 0
102369 58982
102459 66496
103740 7514
103980 0
104829 58982
104919 66496
106200 7514
106440 0
106569 58982
106659 66496
107940 7514
108180 0
113109 58982
113199 66496
114480 7514
114720 0
115089 58982
115179 66496
116460 7514
116700 0
117489 58982
117579 66496
118860 7514
119100 0
119469 58982
119559 66496
120840 7514
121080 0
121869 58982
121959 66496
123240 7514
123480 0
123849 58982
123939 66496
125220 7514
125460 0
131289 58982
131379 66496
132660 7514
132780 0
132969 58982
133059 66496
134340 7514
134580 0
370599 125479
370945 0
370989 117965
371700 7514
372009 125479
372780 7414
372785 7514
373869 125479
374640 7514
375609 125479
376380 7514
377469 125479
378240 7514
379269 125479
380040 7514
380400 0
385025 117965
385115 125479
385856 7514
388685 125479
389456 7514
392285 125479
393056 7514
393476 0
394449 117965
394539 125479
395280 7514
396309 125479
397080 7514
398100 0
400714 117965
400804 125479
401545 7514
402574 125479
403345 7514
404374 125479
405145 7514
406174 125479
406945 7514
407974 125479
408745 7514
416365 0
673209 117965
673299 125479
673980 7514
674409 125479
675180 7514
676209 125479
676980 7514
678009 125479
678780 7514
679809 125479
680580 7514
682800 0
687425 117965
687515 125479
688256 7514
689285 125479
690056 7514
691085 125479
691856 7514
692885 125479
693656 7514
696476 0
761739 6744
768900 0
774357 6744
789918 0
794245 6744
804600 0
1278219 6744
1287600 0
1292315 6744
1294705 0
1301949 117965
1302039 125479
1302780 7514
1303809 125479
1304580 7514
1305600 0
1310014 117965
1310104 119538
1310845 1573
1311874 119538
1312645 1573
1313674 119538
1314445 1573
1315474 119538
1316245 1573
1317274 119538
1318045 1573
1323265 0
1327802 117965
1327892 119538
1328633 1573
1329662 119538
1330433 1573
1331462 119538
1332233 1573
1333262 119538
1334033 7514
1335062 119538
1335833 1573
1341053 0
1343490 117965
1343580 125479
1344321 7514
1344741 0
1582689 117965
1582839 125479
1583460 7514
1583889 125479
1584660 7514
1585089 125479
1585860 7514
1586469 125479
1587240 7514
1591500 0
1596078 117965
1596168 125479
1596909 7514
1597338 125479
1598109 7514
1598538 125479
1599309 7514
1599738 125479
1600509 7514
1603329 0
1604349 117965
1604439 124709
1605180 6744
1605609 124709
1606380 6744
1606809 124709
1607580 6744
1608009 124709
1608780 6744
1609800 0
1612492 117965
1612582 124709
1613323 6744
1613752 124709
1614523 6744
1614952 124709
1615723 6744
1616152 124709
1616923 6744
1617952 124709
1618723 6744
1619752 124709
1620523 6744
1621552 124709
1622323 6744
1628743 0
1633106 117965
1633196 124709
1633937 6744
1634366 124709
1635137 6744
1635566 124709
1636337 6744
1636766 124709
1637537 6744
1638566 124709
1639337 6744
1646957 0
1649520 117965
1649610 124709
1650351 7514
1650356 6744
1650780 124709
1651551 6744
1651980 124709
1652751 6744
1653180 124709
1653951 6744
1654980 124709
1655751 6744
1656780 124709
1657551 6744
1665771 0
1670135 117965
1670225 124709
1670966 6744
1671395 124709
1672166 6744
1672595 124709
1673366 6744
1673795 124709
1674566 6744
1674995 124709
1675766 6744
1677395 124709
1678166 6744
1683986 0
1686549 117965
1686639 124709
1687380 6744
1687809 124709
1688580 6744
1689009 124709
1689780 6744
1690200 0
1839789 117965
1839939 119538
1839960 1573
1840989 119538
1841760 1573
1842189 119538
1842960 1573
1843569 119538
1844340 1573
1844769 119538
1845540 1573
1846029 119538
1846800 1573
1847229 119538
1848000 1573
1849200 0
1854628 117965
1854718 119538
1855459 1573
1855888 119538
1856659 1573
1857088 119538
1857859 1573
1858288 119538
1859059 1573
1859488 119538
1860259 1573
1863079 0
2185599 14189
2186280 58982
2186379 7514
2186665 0
2186709 73171
2188080 7514
2193429 66496
2194800 7514
2195700 0
2200878 58982
2200968 66496
2202309 7514
2204538 66496
2205909 7514
2206338 66496
2207709 7514
2208129 0
2208849 58982
2208939 66496
2210280 7514
2210665 0
2210709 58982
2212080 7514
2215200 0
2217292 58982
2217382 66496
2218723 7514
2219108 0
2219152 58982
2220523 7514
2223943 0
2224226 58982
2224316 66496
2225657 7514
2226042 0
2226086 58982
2227457 7514
2233757 0
2237906 58982
2237996 66496
2239337 7514
2243657 0
2243949 58982
2244039 66496
2245380 7514
2249700 0
2445639 7514
2455260 0
2459518 7514
2462659 0
2463039 7514
2468100 0
2576139 7514
2582580 0
2584743 179338
2584845 0
2586434 7514
2600785 0
2605034 7514
2618975 0
2789649 19661
2789739 27175
2790420 7514
2791089 27175
2791860 7514
2792109 27175
2792880 7514
2793549 27175
2794320 7514
2794569 27175
2795340 7514
2796009 27175
2796780 7514
2797029 27175
2797800 7514
2798469 27175
2799240 7514
2799489 27175
2800260 7514
2800500 0
2805789 19661
2805879 27175
2806440 7514
2806569 27175
2807220 7514
2807769 27175
2808360 7514
2808549 27175
2809200 7514
2809749 27175
2810400 7514
2810529 27175
2811180 7514
2811729 27175
2812380 7514
2812509 27175
2813160 7514
2813709 27175
2814360 7514
2814489 27175
2815140 7514
2815689 27175
2816340 7514
2816469 27175
2817120 7514
2817240 0
3048939 7514
3051009 66496
3052380 7514
3055569 66496
3056940 7514
3060060 0
3064228 58982
3064318 66496
3065599 7514
3068848 66496
3070219 7514
3070459 0
3070749 58982
3070839 66496
3072120 7514
3075369 66496
3076740 7514
3078240 0
3080317 58982
3080407 66496
3081688 7514
3084937 66496
3086308 7514
3090268 0
3090549 58982
3090639 66496
3091920 7514
3094869 66496
3096240 7514
3096420 0
3100607 58982
3100697 66496
3101978 7514
3103367 66496
3104738 7514
3105278 0
3105549 58982
3105639 66496
3106920 7514
3111909 66496
3113280 7514
3114600 0
3116696 117965
3116786 124709
3117647 6744
3118556 124709
3119447 6744
3120356 124709
3121247 6744
3122156 124709
3123047 6744
3123956 124709
3124847 6744
3125756 124709
3126647 6744
3127556 124709
3128447 6744
3132827 0
3136986 117965
3137076 124709
3137937 6744
3138846 124709
3139737 6744
3140646 124709
3141537 6744
3142446 124709
3143337 6744
3144246 124709
3145137 6744
3146046 124709
3146937 6744
3147846 124709
3148737 6744
3149646 124709
3150537 6744
3151017 0
3155175 117965
3155265 124709
3156126 6744
3157035 124709
3157926 6744
3158826 0
3173700 169032
3175020 45609
3176345 0
3352650 7514
3359811 0
88 events for O
41510 873
70310 0
262913 3276
277913 0
546402 3481
547602 0
549402 3481
567402 0
688707 873
717507 0
780377 3276
795377 0
795437 873
824237 0
1011624 3276
1026624 0
1026684 873
1055484 0
1082777 3276
1097777 0
1097837 873
1126637 0
1171718 3276
1186718 0
1186778 873
1215578 0
1278447 3276
1293447 0
1293507 873
1322307 0
1349600 3276
1364600 0
1364660 873
1393460 0
1438542 3276
1453542 0
1453602 873
1482402 0
1509695 3276
1524695 0
1524755 873
1553555 0
1693385 3276
1708385 0
1708445 873
1737245 0
1855910 873
1884710 0
1928668 873
1957468 0
2077313 3276
2092313 0
2092373 873
2121173 0
2178931 4096
2187131 0
2276217 4096
2284417 0
2350274 4096
2358474 0
2438131 4096
2446331 0
2460710 665
2489870 0
2533468 4096
2541668 0
2606226 4096
2614426 0
2697173 4096
2705373 0
2783731 4096
2791931 0
2881017 4096
2889217 0
2955074 4096
2963274 0
3042931 4096
3051131 0
3065510 665
3094670 0
3138268 4096
3146468 0
3211026 4096
3219226 0
3301973 4096
3310173 0
3388531 1365
3388711 0
1554 events for P
19922 4707014
19928 0
19942 2824208
19943 0
20842 2824208
20843 0
21142 2824208
21143 0
22042 2824208
22043 0
22342 2824208
22343 0
23522 4707014
23528 0
27122 4707014
27128 0
30722 4707014
30728 0
34322 4707014
34328 0
40281 4707014
40287 0
43261 1882806
43264 0
43881 4707014
43887 0
47481 4707014
47487 0
49742 4707014
49748 0
56972 4707014
56978 0
60782 4707014
60788 0
64532 4707014
64538 0
64861 1412104
64863 0
68342 4707014
68348 0
78184 82880
78185 0
78194 82880
78195 0
78204 82880
78205 0
78235 82880
78236 0
78245 82880
78246 0
78255 82880
78256 0
223202 4313184
223203 2310336
223204 0
223333 4313184
223335 0
223478 192528
223479 0
223783 2156592
223784 0
224102 3594320
224103 962640
224104 0
224150 3594320
224151 962640
224152 0
224421 718864
224422 0
224431 718864
224432 0
224441 718864
224442 0
224451 718864
224452 0
224461 718864
224462 0
224471 718864
224472 0
224481 718864
224482 0
224491 718864
224492 0
224501 718864
224502 0
224511 718864
224512 0
224521 718864
224522 0
224531 718864
224532 0
224541 718864
224542 0
224551 718864
224552 0
224561 718864
224562 0
224571 718864
224572 0
224581 718864
224582 0
224601 192528
224602 0
224611 192528
224612 0
224621 192528
224622 0
224631 192528
224632 0
224641 192528
224642 0
224651 192528
224652 0
224661 192528
224662 0
224671 192528
224672 0
224681 192528
224682 0
224691 192528
224692 0
224701 192528
224702 0
224711 192528
224712 0
224721 192528
224722 0
237661 1412104
237663 0
240914 4313184
240915 2117808
240916 0
241635 4313184
241637 0
243455 1437728
243456 0
313516 3748528
313519 0
313526 3748528
313529 0
314116 3748528
314119 0
314126 3748528
314129 0
315316 3748528
315319 0
315326 3748528
315329 0
315916 3748528
315919 0
315926 3748528
315929 0
317116 3748528
317119 0
317126 3748528
317129 0
317716 3748528
317719 0
317726 3748528
317729 0
318916 3748528
318919 0
318926 3748528
318929 0
319516 3748528
319519 0
319526 3748528
319529 0
320716 3748528
320719 0
320726 3748528
320729 0
321316 3748528
321319 0
321326 3748528
321329 0
322516 3748528
322519 0
322526 3748528
322529 0
323116 3748528
323119 0
323126 3748528
323129 0
324061 1882806
324064 0
324326 3748528
324329 0
324336 3748528
324339 0
324926 3748528
324929 0
324936 3748528
324939 0
329006 3748528
329009 0
329016 3748528
329019 0
329606 3748528
329609 0
329616 3748528
329619 0
332906 3748528
332909 0
332916 3748528
332919 0
333506 3748528
333509 0
333516 3748528
333519 0
337106 3748528
337109 0
337116 3748528
337119 0
337706 3748528
337709 0
337716 3748528
337719 0
339095 3748528
339098 0
339105 3748528
339108 0
339695 3748528
339698 0
339705 3748528
339708 0
341306 3748528
341309 0
341316 3748528
341319 0
341906 3748528
341909 0
341916 3748528
341919 0
364802 4236312
364806 0
366602 4236312
366606 0
368402 4236312
368406 0
370202 4236312
370206 0
372002 4236312
372006 0
373802 4236312
373806 0
375602 4236312
375606 0
377402 4236312
377406 0
379202 4236312
379206 0
385078 4236312
385082 0
386878 4236312
386882 0
388678 4236312
388682 0
390478 4236312
390482 0
392278 4236312
392282 0
394502 4236312
394506 0
396302 4236312
396306 0
400767 4236312
400771 0
402567 4236312
402571 0
404367 4236312
404371 0
406167 4236312
406171 0
407967 4236312
407971 0
409767 4236312
409771 0
411567 4236312
411571 0
413367 4236312
413371 0
415167 4236312
415171 0
422762 4236312
422766 0
426422 4236312
426426 0
430082 4236312
430086 0
436982 4236312
436986 0
440702 4236312
440706 0
444422 4236312
444426 0
448142 4236312
448146 0
596461 82880
596462 0
596471 82880
596472 0
596481 82880
596482 0
596512 82880
596513 0
596522 82880
596523 0
596532 82880
596533 0
600097 5000000
600121 0
601367 5000000
601391 0
602637 5000000
602661 0
619026 4494818
619027 3748528
619030 0
619036 4494818
619041 0
619086 4494818
619091 0
619146 4494818
619147 3748528
619150 0
619156 4494818
619161 0
619206 4494818
619211 0
619266 4494818
619271 0
619276 4494818
619281 0
619326 4494818
619327 3748528
619330 0
623226 4494818
623227 3748528
623230 0
623236 4494818
623241 0
623286 4494818
623291 0
623346 4494818
623347 3748528
623350 0
623356 4494818
623361 0
623406 4494818
623411 0
623466 4494818
623471 0
623476 4494818
623481 0
623526 4494818
623527 3748528
623530 0
741691 3748528
741694 0
741731 3748528
741734 0
741771 4494818
741776 0
741811 4494818
741816 0
741851 3748528
741854 0
741891 3748528
741894 0
741931 4494818
741936 0
741971 4494818
741976 0
742011 3748528
742014 0
742051 3748528
742054 0
742091 4494818
742096 0
742131 4494818
742136 0
761721 3748528
761724 0
761741 3748528
761744 0
761761 3748528
761764 0
768021 3748528
768024 0
768041 3748528
768044 0
768061 3748528
768064 0
774339 3748528
774342 0
774359 3748528
774362 0
774379 3748528
774382 0
779139 3748528
779142 0
779159 3748528
779162 0
779179 3748528
779182 0
782439 2824208
782440 0
782530 3748528
782533 0
782799 2824208
782800 0
782869 2824208
782870 0
782939 2824208
782940 0
783259 3748528
783262 0
783274 5000000
783292 0
783939 3748528
783942 0
783959 3748528
783962 0
783979 3748528
783982 0
787239 2824208
787240 0
787330 3748528
787333 0
787599 2824208
787600 0
787669 2824208
787670 0
787739 2824208
787740 0
788059 3748528
788062 0
788074 5000000
788092 0
788739 3748528
788742 0
788759 3748528
788762 0
788779 3748528
788782 0
794227 3748528
794230 0
794247 3748528
794250 0
794267 3748528
794270 0
797527 2824208
797528 0
797618 3748528
797621 0
797887 2824208
797888 0
797957 2824208
797958 0
798027 2824208
798028 0
798347 3748528
798350 0
798362 5000000
798380 0
799027 3748528
799030 0
799047 3748528
799050 0
799067 3748528
799070 0
801321 2824208
801322 0
801412 3748528
801415 0
801681 2824208
801682 0
801751 2824208
801752 0
801821 2824208
801822 0
802141 3748528
802144 0
802156 5000000
802174 0
804021 3748528
804024 0
804041 3748528
804044 0
804061 3748528
804064 0
804921 2824208
804922 0
805012 3748528
805015 0
805281 2824208
805282 0
805351 2824208
805352 0
805421 2824208
805422 0
805741 3748528
805744 0
805756 5000000
805774 0
809915 2824208
809916 0
810006 3748528
810009 0
810275 2824208
810276 0
810345 2824208
810346 0
810415 2824208
810416 0
810735 3748528
810738 0
810750 5000000
810768 0
813665 2824208
813666 0
813756 3748528
813759 0
814025 2824208
814026 0
814095 2824208
814096 0
814165 2824208
814166 0
814485 3748528
814488 0
814500 5000000
814518 0
817415 2824208
817416 0
817506 3748528
817509 0
817775 2824208
817776 0
817845 2824208
817846 0
817915 2824208
817916 0
818235 3748528
818238 0
818250 5000000
818268 0
821165 2824208
821166 0
821256 3748528
821259 0
821525 2824208
821526 0
821595 2824208
821596 0
821665 2824208
821666 0
821985 3748528
821988 0
822000 5000000
822018 0
824465 2824208
824466 0
824556 3748528
824559 0
824825 2824208
824826 0
824895 2824208
824896 0
824965 2824208
824966 0
825285 3748528
825288 0
825300 5000000
825318 0
828153 2824208
828154 0
828244 3748528
828247 0
828513 2824208
828514 0
828583 2824208
828584 0
828653 2824208
828654 0
831903 2824208
831904 0
831994 3748528
831997 0
832263 2824208
832264 0
832333 2824208
832334 0
832403 2824208
832404 0
832723 3748528
832726 0
832738 5000000
832756 0
835034 3748528
835035 4498234
835040 0
835045 3748528
835048 0
835634 3748528
835635 4498234
835640 0
835645 3748528
835648 0
836234 3748528
836235 4498234
836240 0
836245 3748528
836248 0
836834 3748528
836835 4498234
836840 0
836845 3748528
836848 0
837434 3748528
837435 4498234
837440 0
837445 3748528
837448 0
838034 3748528
838035 4498234
838040 0
838045 3748528
838048 0
838634 3748528
838635 4498234
838640 0
838645 3748528
838648 0
839234 3748528
839235 4498234
839240 0
839245 3748528
839248 0
839834 3748528
839835 4498234
839840 0
839845 3748528
839848 0
840434 3748528
840435 4498234
840440 0
840445 3748528
840448 0
841034 3748528
841035 4498234
841040 0
841045 3748528
841048 0
841634 3748528
841635 4498234
841640 0
841645 3748528
841648 0
842237 5000000
842282 0
842447 5000000
842459 0
849123 3748528
849126 0
849163 3748528
849166 0
849203 4494818
849208 0
849243 4494818
849248 0
849283 3748528
849286 0
849323 3748528
849326 0
849363 4494818
849368 0
849403 4494818
849408 0
849443 3748528
849446 0
849483 3748528
849486 0
849523 4494818
849528 0
849563 4494818
849568 0
856202 5000000
856218 0
858002 5000000
858018 0
859802 5000000
859818 0
863261 5000000
863277 0
863560 3748528
863563 0
863575 5000000
863593 0
865061 5000000
865077 0
865360 3748528
865363 0
865375 5000000
865393 0
866861 5000000
866877 0
867160 3748528
867163 0
867175 5000000
867193 0
868661 5000000
868677 0
868960 3748528
868963 0
868975 5000000
868993 0
870461 5000000
870477 0
870760 3748528
870763 0
870775 5000000
870793 0
872261 5000000
872277 0
872560 3748528
872563 0
872575 5000000
872593 0
874061 5000000
874077 0
874360 3748528
874363 0
874375 5000000
874393 0
875861 5000000
875877 0
876160 3748528
876163 0
876175 5000000
876193 0
877661 5000000
877677 0
877960 3748528
877963 0
877975 5000000
877993 0
883149 5000000
883165 0
884949 5000000
884965 0
886749 5000000
886765 0
888549 5000000
888565 0
890349 5000000
890365 0
892149 5000000
892165 0
893949 5000000
893965 0
895749 5000000
895765 0
898837 5000000
898853 0
900637 5000000
900653 0
902437 5000000
902453 0
904237 5000000
904253 0
906037 5000000
906053 0
907837 5000000
907853 0
909637 5000000
909653 0
911437 5000000
911453 0
913237 5000000
913253 0
918726 5000000
918742 0
969621 3748528
969624 0
969641 3748528
969644 0
969661 3748528
969664 0
972321 3748528
972324 0
972341 3748528
972344 0
972361 3748528
972364 0
974721 3748528
974724 0
974741 3748528
974744 0
974761 3748528
974764 0
977421 3748528
977424 0
977441 3748528
977444 0
977461 3748528
977464 0
979521 3748528
979524 0
979541 3748528
979544 0
979561 3748528
979564 0
982221 3748528
982224 0
982241 3748528
982244 0
982261 3748528
982264 0
984321 3748528
984324 0
984341 3748528
984344 0
984361 3748528
984364 0
990497 3748528
990500 0
990517 3748528
990520 0
990537 3748528
990540 0
996797 3748528
996800 0
996817 3748528
996820 0
996837 3748528
996840 0
1086095 3748528
1086098 0
1086105 3748528
1086108 0
1086695 3748528
1086698 0
1086705 3748528
1086708 0
1090895 3748528
1090898 0
1090905 3748528
1090908 0
1091495 3748528
1091498 0
1091505 3748528
1091508 0
1097001 3748528
1097004 0
1097011 3748528
1097014 0
1097601 3748528
1097604 0
1097611 3748528
1097614 0
1101501 3748528
1101504 0
1101511 3748528
1101514 0
1102101 3748528
1102104 0
1102111 3748528
1102114 0
1106301 3748528
1106304 0
1106311 3748528
1106314 0
1106901 3748528
1106904 0
1106911 3748528
1106914 0
1112689 3748528
1112692 0
1112699 3748528
1112702 0
1113289 3748528
1113292 0
1113299 3748528
1113302 0
1117189 3748528
1117192 0
1117199 3748528
1117202 0
1117789 3748528
1117792 0
1117799 3748528
1117802 0
1118896 3748528
1118900 0
1118907 4992344
1118916 0
1118927 4992344
1118936 0
1119256 3748528
1119260 0
1119267 4992344
1119276 0
1119287 4992344
1119296 0
1119616 3748528
1119620 0
1119627 4992344
1119636 0
1119647 4992344
1119656 0
1119976 3748528
1119980 0
1119987 4992344
1119996 0
1120007 4992344
1120016 0
1120336 3748528
1120340 0
1120347 4992344
1120356 0
1120367 4992344
1120376 0
1120696 3748528
1120700 0
1120707 4992344
1120716 0
1120727 4992344
1120736 0
1121056 3748528
1121060 0
1121067 4992344
1121076 0
1121087 4992344
1121096 0
1121416 3748528
1121420 0
1121427 4992344
1121436 0
1121447 4992344
1121456 0
1121776 3748528
1121780 0
1121787 4992344
1121796 0
1121807 4992344
1121816 0
1122136 3748528
1122140 0
1122147 4992344
1122156 0
1122167 4992344
1122176 0
1122496 3748528
1122500 0
1122507 4992344
1122516 0
1122527 4992344
1122536 0
1122856 3748528
1122860 0
1122867 4992344
1122876 0
1122887 4992344
1122896 0
1123216 3748528
1123220 0
1123227 4992344
1123236 0
1123247 4992344
1123256 0
1123789 3748528
1123792 0
1123799 3748528
1123802 0
1124389 3748528
1124392 0
1124399 3748528
1124402 0
1126577 3748528
1126580 0
1126587 3748528
1126590 0
1127177 3748528
1127180 0
1127187 3748528
1127190 0
1144186 3748528
1144189 0
1144196 3748528
1144199 0
1144876 3748528
1144879 0
1144886 3748528
1144889 0
1201556 2824208
1201557 0
1201647 3748528
1201650 0
1201856 2824208
1201857 0
1201926 2824208
1201927 0
1202137 3765611
1202140 0
1205156 2824208
1205157 0
1205247 3748528
1205250 0
1205456 2824208
1205457 0
1205526 2824208
1205527 0
1205737 3765611
1205740 0
1208756 2824208
1208757 0
1208847 3748528
1208850 0
1209056 2824208
1209057 0
1209126 2824208
1209127 0
1209337 3765611
1209340 0
1212356 2824208
1212357 0
1212447 3748528
1212450 0
1212656 2824208
1212657 0
1212726 2824208
1212727 0
1212937 3765611
1212940 0
1215656 2824208
1215657 0
1215747 3748528
1215750 0
1215956 2824208
1215957 0
1216026 2824208
1216027 0
1216237 3765611
1216240 0
1388781 718864
1388782 0
1389391 718864
1389392 0
1390022 3748528
1390025 0
1390281 718864
1390282 0
1390891 718864
1390892 0
1391522 3748528
1391525 0
1391781 718864
1391782 0
1392391 718864
1392392 0
1393022 3748528
1393025 0
1400541 718864
1400542 0
1401151 718864
1401152 0
1401782 3748528
1401785 0
1402041 718864
1402042 0
1402651 718864
1402652 0
1403282 3748528
1403285 0
1403541 718864
1403542 0
1404151 718864
1404152 0
1404782 3748528
1404785 0
1435202 4313184
1435203 2310336
1435204 0
1435333 4313184
1435335 0
1435478 192528
1435479 0
1435783 2156592
1435784 0
1436102 3594320
1436103 962640
1436104 0
1436150 3594320
1436151 962640
1436152 0
1436421 718864
1436422 0
1436431 718864
1436432 0
1436441 718864
1436442 0
1436451 718864
1436452 0
1436461 718864
1436462 0
1436471 718864
1436472 0
1436481 718864
1436482 0
1436491 718864
1436492 0
1436501 718864
1436502 0
1436511 718864
1436512 0
1436521 718864
1436522 0
1436531 718864
1436532 0
1436541 718864
1436542 0
1436551 718864
1436552 0
1436561 718864
1436562 0
1436571 718864
1436572 0
1436581 718864
1436582 0
1436601 192528
1436602 0
1436611 192528
1436612 0
1436621 192528
1436622 0
1436631 192528
1436632 0
1436641 192528
1436642 0
1436651 192528
1436652 0
1436661 192528
1436662 0
1436671 192528
1436672 0
1436681 192528
1436682 0
1436691 192528
1436692 0
1436701 192528
1436702 0
1436711 192528
1436712 0
1436721 192528
1436722 0
1542302 4494818
1542303 3748528
1542306 0
1542312 4494818
1542317 0
1542362 4494818
1542367 0
1542422 4494818
1542423 3748528
1542426 0
1542432 4494818
1542437 0
1542482 4494818
1542487 0
1542542 4494818
1542547 0
1542552 4494818
1542557 0
1542602 4494818
1542603 3748528
1542606 0
1546502 4494818
1546503 3748528
1546506 0
1546512 4494818
1546517 0
1546562 4494818
1546567 0
1546622 4494818
1546623 3748528
1546626 0
1546632 4494818
1546637 0
1546682 4494818
1546687 0
1546742 4494818
1546747 0
1546752 4494818
1546757 0
1546802 4494818
1546803 3748528
1546806 0
1583726 82880
1583727 0
1583736 82880
1583737 0
1583746 82880
1583747 0
1583777 82880
1583778 0
1583787 82880
1583788 0
1583797 82880
1583798 0
1633178 3748528
1633181 0
1636778 3748528
1636781 0
1640378 3748528
1640381 0
1643978 3748528
1643981 0
1647398 3748528
1647401 0
1649592 3748528
1649595 0
1653192 3748528
1653195 0
1656792 3748528
1656795 0
1660392 3748528
1660395 0
1663992 3748528
1663995 0
1670207 3748528
1670210 0
1673807 3748528
1673810 0
1677407 3748528
1677410 0
1681007 3748528
1681010 0
1684427 3748528
1684430 0
1686621 3748528
1686624 0
1690221 3748528
1690224 0
1691795 3748528
1691798 0
1691805 3748528
1691808 0
1692395 3748528
1692398 0
1692405 3748528
1692408 0
1694709 3748528
1694712 0
1694719 3748528
1694722 0
1695309 3748528
1695312 0
1695319 3748528
1695322 0
1701609 3748528
1701612 0
1701619 3748528
1701622 0
1702209 3748528
1702212 0
1702219 3748528
1702222 0
1720209 3748528
1720212 0
1720219 3748528
1720222 0
1720809 3748528
1720812 0
1720819 3748528
1720822 0
1783692 2824208
1783693 0
1783812 2824208
1783813 0
1783932 2824208
1783933 0
1784412 2824208
1784413 0
1784532 2824208
1784533 0
1784652 2824208
1784653 0
1785132 2824208
1785133 0
1785252 2824208
1785253 0
1785372 2824208
1785373 0
1785852 2824208
1785853 0
1785972 2824208
1785973 0
1786092 2824208
1786093 0
1786572 2824208
1786573 0
1786692 2824208
1786693 0
1786812 2824208
1786813 0
1787292 2824208
1787293 0
1787412 2824208
1787413 0
1787532 2824208
1787533 0
1788012 2824208
1788013 0
1788132 2824208
1788133 0
1788252 2824208
1788253 0
1788732 2824208
1788733 0
1788852 2824208
1788853 0
1788972 2824208
1788973 0
1789452 2824208
1789453 0
1789572 2824208
1789573 0
1789692 2824208
1789693 0
1790112 2824208
1790113 0
1790232 2824208
1790233 0
1790352 2824208
1790353 0
1790892 2824208
1790893 0
1791012 2824208
1791013 0
1791132 2824208
1791133 0
1793807 2824208
1793808 0
1793898 3748528
1793901 0
1794107 2824208
1794108 0
1794177 2824208
1794178 0
1794388 3765611
1794391 0
1797707 2824208
1797708 0
1797798 3748528
1797801 0
1798007 2824208
1798008 0
1798077 2824208
1798078 0
1798288 3765611
1798291 0
1799807 2824208
1799808 0
1799898 3748528
1799901 0
1800107 2824208
1800108 0
1800177 2824208
1800178 0
1800388 3765611
1800391 0
1801307 2824208
1801308 0
1801398 3748528
1801401 0
1801607 2824208
1801608 0
1801677 2824208
1801678 0
1801888 3765611
1801891 0
1811421 2824208
1811422 0
1811512 3748528
1811515 0
1811721 2824208
1811722 0
1811791 2824208
1811792 0
1812002 3765611
1812005 0
1870769 3748528
1870772 0
1870784 5000000
1870802 0
1872569 3748528
1872572 0
1872584 5000000
1872602 0
1874369 3748528
1874372 0
1874384 5000000
1874402 0
1876169 3748528
1876172 0
1876184 5000000
1876202 0
1877969 3748528
1877972 0
1877984 5000000
1878002 0
1879769 3748528
1879772 0
1879784 5000000
1879802 0
1881569 3748528
1881572 0
1881584 5000000
1881602 0
1883369 3748528
1883372 0
1883384 5000000
1883402 0
1885169 3748528
1885172 0
1885184 5000000
1885202 0
1891059 3748528
1891062 0
1891074 5000000
1891092 0
1892859 3748528
1892862 0
1892874 5000000
1892892 0
1894659 3748528
1894662 0
1894674 5000000
1894692 0
1896459 3748528
1896462 0
1896474 5000000
1896492 0
1898259 3748528
1898262 0
1898274 5000000
1898292 0
1900059 3748528
1900062 0
1900074 5000000
1900092 0
1901859 3748528
1901862 0
1901874 5000000
1901892 0
1903659 3748528
1903662 0
1903674 5000000
1903692 0
1949721 3748528
1949724 0
1949741 3748528
1949744 0
1949761 3748528
1949764 0
1956021 3748528
1956024 0
1956041 3748528
1956044 0
1956061 3748528
1956064 0
1963837 3748528
1963840 0
1963857 3748528
1963860 0
1963877 3748528
1963880 0
1970137 3748528
1970140 0
1970157 3748528
1970160 0
1970177 3748528
1970180 0
1976437 3748528
1976440 0
1976457 3748528
1976460 0
1976477 3748528
1976480 0
1981837 3748528
1981840 0
1981857 3748528
1981860 0
1981877 3748528
1981880 0
1986637 3748528
1986640 0
1986657 3748528
1986660 0
1986677 3748528
1986680 0
1991437 3748528
1991440 0
1991457 3748528
1991460 0
1991477 3748528
1991480 0
1995416 3748528
1995419 0
1995436 3748528
1995439 0
1995456 3748528
1995459 0
2354462 226158674
2354467 0
2376062 20242052
2376067 0
2397662 20242052
2397667 0
2462462 178452312
2462464 8996469
2462469 0
2592062 18598775
2592067 0
2613662 22542416
2613667 0
2635262 57946826
2635267 0
2656862 112491168
2656867 0
2678462 89992935
2678467 0
2739125 90225847
2739126 99456
2739127 17992937
2739132 0
2808063 36047367
2808068 0
2829663 39436416
2829668 0
2937663 79610631
2937668 0
2959263 77494701
2959268 0
3067263 73767533
3067268 0
3088863 221441780
3088868 0
3348063 47723996
3348068 0
3365013 12683312
3365018 0
