16 instruments
A 10 100 40786.332763907049 54547276.407707497
B 10 100 0 895660078.44187188
C 10 100 20412.132877845776 869835207.86274612
D 10 100 815344000 7516190000
E 10 100 0 320000000
F 10 100 1935.2198577632046 529743673.63920057
G 10 100 0.00017956089109901502 925410610.77784157
H 10 100 2022727.6804039259 699754440.78838515
I 10 100 199466000 880000000
J 10 100 157159.98672976866 607777468.940395
K 10 100 192158478.34180248 847760826.1096437
L 10 100 5910082.7758317869 3030989320.3134623
M 10 100 22528 960000000
N 10 100 45126217.813212499 1435691857.5629289
O 10 100 177168740.44080633 781629408.46013641
P 10 100 2338 640000000
100 downlinks
0 862 44901 9462.077765
1 44902 60235 8739.387213
2 100749 115653 27177.101999999999
3 131202 155311 28867.988366000001
4 156252 178780 8757.0573490000006
5 217503 259751 30482.278361000001
6 259752 296645 9337.789702
7 296646 325107 8515.7706749999998
8 365949 380832 8900.7025030000004
9 383042 408831 8778.3355150000007
10 408842 437214 29886.497736000001
11 439739 466980 29243.536622
12 467699 471912 26517.245249
13 476408 490680 8834.4018649999998
14 509939 521314 9457.9623840000004
15 533335 553231 28164.872808
16 562710 604939 30503.298975000002
17 604940 627355 8691.2845450000004
18 627831 637826 8525.9525360000007
19 640491 644244 28086.786929000002
20 705549 733493 9305.8530659999997
21 735317 739831 9003.7058219999999
22 765228 780989 29720.859928999998
23 813982 817639 28196.056719
24 821621 838334 8724.7512220000008
25 839924 867259 9238.0711549999996
26 868180 907924 29465.914934
27 907925 915901 8736.7051790000005
28 938920 952934 8623.2506759999997
29 964749 986998 8421.9856619999991
30 991239 1011098 27549.328343000001
31 1022916 1040175 29572.320551000001
32 1042472 1072611 29086.290951999999
33 1072712 1101387 8813.8421070000004
34 1109612 1126578 29493.047434
35 1134508 1157999 27435.630709000001
36 1158890 1170418 29792.428981000001
37 1173508 1183391 8997.6095590000004
38 1186408 1209595 26654.011493000002
39 1223949 1247074 8664.3956859999998
40 1247304 1273163 8910.3347130000002
41 1316349 1336346 9263.3037550000008
42 1339455 1345687 8194.1372179999998
43 1357400 1370063 8812.3468479999992
44 1388896 1390727 28513.272391999999
45 1417571 1421732 29797.943813000002
46 1425763 1460595 9287.2106050000002
47 1460596 1471348 9493.8769009999996
48 1474752 1510832 29841.66733
49 1512071 1516749 9031.5484039999992
50 1575549 1587179 27058.173078
51 1589288 1592845 27764.822221999999
52 1596788 1613390 8866.3210920000001
53 1625275 1637435 30200.423556999998
54 1640547 1645391 9259.4321029999992
55 1649583 1673654 9457.3783449999992
56 1675383 1679211 29542.407908000001
57 1684689 1699532 8564.5545529999999
58 1708683 1731352 9335.3412189999999
59 1733879 1762605 27874.981927000001
60 1770999 1813154 30587.746092000001
61 1813155 1857307 9231.3874039999992
62 1857308 1873526 8609.2624169999999
63 1874875 1891107 8689.6108280000008
64 1899460 1901507 26609.79682
65 1921149 1940754 8915.2263710000007
66 1943619 1973569 9094.9622560000007
67 1973570 1991284 8333.9255690000009
68 1991866 1998207 27500.430241999999
69 2012284 2028637 8601.7316499999997
70 2029930 2064843 9100.8958739999998
71 2078561 2091850 9427.4328960000003
72 2094821 2105233 27243.904355999999
73 2107661 2129381 8431.3051790000009
74 2158377 2160699 27636.251289
75 2180349 2199637 8831.2619180000002
76 2200745 2217344 8966.6639699999996
77 2224956 2230707 54396.705881000002
78 2234499 2248527 58970.262822999997
79 2251112 2280151 57826.355975999999
80 2280152 2290896 17374.699861000001
81 2306252 2333043 57611.601310999999
82 2333252 2365332 59023.283414999998
83 2366074 2371824 55193.106121999997
84 2375180 2417297 25530.421285
85 2417298 2461493 29269.697155999998
86 2461494 2465584 16830.732371999999
87 2478742 2493409 28226.256141999998
88 2495739 2498290 60093.408818999997
89 2538737 2568436 58272.632834999997
90 2568437 2575711 61499.660580999996
91 2589914 2611211 28538.149495000001
92 2624759 2630581 18090.695755000001
93 2634124 2649336 23661.293665000001
94 2651233 2679187 28757.617953000001
95 2679188 2721484 56137.919716999997
96 2722628 2739522 23437.772314999998
97 2754728 2767368 55980.942202999999
98 2780583 2794435 60635.164006999999
99 2797323 2828250 23619.145155999999
0 opportunities for A
0 opportunities for B
0 opportunities for C
0 opportunities for D
0 opportunities for E
0 opportunities for F
0 opportunities for G
0 opportunities for H
0 opportunities for I
0 opportunities for J
0 opportunities for K
0 opportunities for L
0 opportunities for M
0 opportunities for N
0 opportunities for O
0 opportunities for P
2 events for A
693049 0
693050 18
94 events for B
732179 1000
733179 0
777887 1000
778887 0
823786 1000
824786 0
869909 1000
870909 0
916357 1000
917357 0
963164 1000
964164 0
1027972 1000
1028972 0
1073591 1000
1074591 0
1118466 1000
1119466 0
1158838 1000
1158902 0
1171449 1000
1172449 0
1208056 1000
1209056 0
1252457 1000
1253457 0
1296789 1000
1297789 0
1358642 1000
1359642 0
1420652 1000
1421652 0
1472320 1000
1473320 0
1516152 1000
1517152 0
1559701 1000
1560701 0
1603044 1000
1604044 0
1646154 1000
1647154 0
1688914 1000
1689914 0
1731463 1000
1732463 0
1774075 1000
1775075 0
1817007 1000
1818007 0
1860377 1000
1861377 0
1904024 1000
1905024 0
1947700 1000
1948700 0
1991431 1000
1992431 0
2035159 1000
2036159 0
2079311 1000
2080311 0
2118350 1000
2119350 0
2171844 1000
2172844 0
2212216 1000
2213216 0
2258417 1000
2259417 0
2306208 1000
2307208 0
2355716 1000
2356716 0
2404047 1000
2405047 0
2450734 1000
2451734 0
2496897 1000
2497897 0
2541895 1000
2542895 0
2586600 1000
2587600 0
2631517 1000
2632517 0
2676701 1000
2677701 0
2722455 1000
2723455 0
2767790 1000
2768790 0
2811902 1000
2812902 0
44 events for C
110357 4214960
110361 0
110787 4214960
110791 0
111527 4214960
111531 0
111957 4214960
111961 0
478369 4214960
478373 0
478799 4214960
478803 0
479539 4214960
479543 0
479969 4214960
479973 0
549343 4214960
549347 0
549773 4214960
549777 0
550513 4214960
550517 0
550943 4214960
550947 0
715157 4214960
715161 0
715587 4214960
715591 0
716327 4214960
716331 0
716757 4214960
716761 0
1083169 4214960
1083173 0
1083599 4214960
1083603 0
1084339 4214960
1084343 0
1084769 4214960
1084773 0
1688495 67463256
1688500 0
2293295 47210957
2293300 0
36 events for D
562211 26968906
562216 0
583811 134824032
583816 0
586737 20221556
586742 0
778151 83191028
778156 0
972551 38234987
972556 0
994151 107957608
994156 0
1015751 350862225
1015756 0
1015757 4498234
1015762 0
1037351 38234987
1037356 0
1361411 42873674
1361416 0
1383011 60808152
1383016 0
1469411 123650191
1469416 0
1491011 112353360
1491016 0
1512611 191051956
1512616 0
1534211 148359728
1534216 0
2195051 92231261
2195056 0
2225411 67412016
2225416 0
2534098 67429102
2534103 0
0 events for E

123 events for F
19322 873
48122 0
99880 1365
100060 0
101860 1365
102400 3481
121600 0
203166 873
231966 0
277223 873
306023 0
365080 1365
365800 3481
385000 0
445357 3276
460357 0
695380 1979
696580 0
698380 1979
711580 0
880949 8
880950 0
882023 1365
882203 0
884003 1365
884543 1979
898943 1365
899123 1979
913523 1365
914243 1979
928643 1365
928823 1979
943223 1365
943943 1979
958343 1365
958523 1979
972923 0
1011323 3754
1012043 0
1013843 3754
1017443 0
1050880 3754
1051600 0
1053400 3754
1057000 0
1085980 3754
1086700 0
1088500 3754
1092100 0
1127380 3754
1128100 0
1129900 3754
1133500 0
1170580 3754
1171300 0
1173100 3754
1176700 0
1363180 3754
1363900 0
1365700 3754
1369300 0
1391980 3754
1392700 0
1394500 3754
1398100 0
1434280 3754
1435000 0
1436800 3754
1440400 0
1508980 3754
1509700 0
1511500 3754
1515100 0
1595380 1365
1595560 0
1597360 1365
1597900 1979
1612300 1365
1612480 1979
1626880 1365
1627600 1979
1642000 1365
1642180 1979
1656580 1365
1657300 1979
1671700 1365
1671880 1979
1686280 0
1732180 665
1764580 0
2094220 3276
2109220 0
2123680 3754
2124400 0
2126200 3754
2129800 0
2141680 3754
2142400 0
2144200 3754
2147800 0
2211880 3754
2212600 0
2214400 3754
2218000 0
2233480 1365
2233660 0
2235460 1365
2236000 2935
2250400 1365
2250580 2935
2264980 1365
2265700 2935
2280100 1365
2280280 2935
2294680 1365
2295400 2935
2309800 1365
2309980 2935
2324380 0
2681363 3276
2696363 0
2806859 665
2806860 0
562 events for G
2335 12910592
2336 0
6415 12910592
6416 0
8875 12910592
8876 0
59815 12910592
59816 0
65086 12910592
65087 0
70426 12910592
70427 0
73726 12910592
73727 0
80720 12910592
80721 0
87720 12910592
87721 0
106020 12910592
106021 0
107815 12910592
107816 0
124015 12910592
124016 0
126300 12910592
126301 0
318291 12910592
318292 0
321286 12910592
321287 0
323793 12910592
323794 0
326301 12910592
326302 0
329301 12910592
329302 0
332601 12910592
332602 0
335601 12910592
335602 0
339763 12910592
339764 0
343915 12910592
343916 0
346915 12910592
346916 0
369420 12910592
369421 0
371215 12910592
371216 0
373015 12910592
373016 0
376615 12910592
376616 0
380215 12910592
380216 0
384415 12910592
384416 0
391620 12910592
391621 0
394015 12910592
394016 0
397015 12910592
397016 0
442782 12910592
442783 0
444480 12910592
444481 0
450017 12910592
450018 0
454252 12910592
454253 0
457252 12910592
457253 0
465715 12910592
465716 0
469020 12910592
469021 0
560215 12910592
560216 0
566515 12910592
566516 0
570115 12910592
570116 0
573715 12910592
573716 0
577315 12910592
577316 0
580974 12910592
580975 0
584869 12910592
584870 0
592015 12910592
592016 0
602760 12910592
602761 0
642752 12910592
642753 0
646615 12910592
646616 0
650215 12910592
650216 0
653815 12910592
653816 0
657636 12910592
657637 0
664541 12910592
664542 0
670015 12910592
670016 0
674815 12910592
674816 0
717950 12910592
717951 0
720953 12910592
720954 0
724497 12910592
724498 0
728044 12910592
728045 0
731044 12910592
731045 0
737944 12910592
737945 0
740944 12910592
740945 0
743754 12910592
743755 0
746558 12910592
746559 0
749558 12910592
749559 0
827158 12910592
827159 0
832015 12910592
832016 0
836815 12910592
836816 0
841735 12910592
841736 0
849058 12910592
849059 0
852595 12910592
852596 0
856135 12910592
856136 0
860515 12910592
860516 0
863995 12910592
863996 0
868015 12910592
868016 0
870478 12910592
870479 0
969359 12910592
969360 0
975295 12910592
975296 0
983335 12910592
983336 0
991378 12910592
991379 0
1014537 12910592
1014538 0
1019844 12910592
1019845 0
1025373 12910592
1025374 0
1032715 12910592
1032716 0
1037215 12910592
1037216 0
1042015 12910592
1042016 0
1047462 12910592
1047463 0
1054907 12910592
1054908 0
1062235 12910592
1062236 0
1069252 12910592
1069253 0
1074896 12910592
1074897 0
1080541 12910592
1080542 0
1086287 12910592
1086288 0
1092507 12910592
1092508 0
1098731 12910592
1098732 0
1108026 12910592
1108027 0
1269336 12910592
1269337 0
1272336 12910592
1272337 0
1274684 12910592
1274685 0
1277026 12910592
1277027 0
1280026 12910592
1280027 0
1283326 12910592
1283327 0
1286326 12910592
1286327 0
1290320 12910592
1290321 0
1294315 12910592
1294316 0
1297318 12910592
1297319 0
1321650 12910592
1321651 0
1328515 12910592
1328516 0
1335675 12910592
1335676 0
1345015 12910592
1345016 0
1354358 12910592
1354359 0
1357661 12910592
1357662 0
1365158 12910592
1365159 0
1372658 12910592
1372659 0
1380538 12910592
1380539 0
1387614 12910592
1387615 0
1395360 12910592
1395361 0
1402350 12910592
1402351 0
1409095 12910592
1409096 0
1417015 12910592
1417016 0
1427815 12910592
1427816 0
1432018 12910592
1432019 0
1445815 12910592
1445816 0
1454925 12910592
1454926 0
1461479 12910592
1461480 0
1471379 12910592
1471380 0
1478215 12910592
1478216 0
1481815 12910592
1481816 0
1490858 12910592
1490859 0
1495015 12910592
1495016 0
1499098 12910592
1499099 0
1507015 12910592
1507016 0
1510495 12910592
1510496 0
1515415 12910592
1515416 0
1520517 12910592
1520518 0
1537375 12910592
1537376 0
1581715 12910592
1581716 0
1586815 12910592
1586816 0
1594015 12910592
1594016 0
1601816 12910592
1601817 0
1612135 12910592
1612136 0
1615855 12910592
1615856 0
1622364 12910592
1622365 0
1630535 12910592
1630536 0
1640215 12910592
1640216 0
1646755 12910592
1646756 0
1652815 12910592
1652816 0
1659693 12910592
1659694 0
1666015 12910592
1666016 0
1674352 12910592
1674353 0
1679777 12910592
1679778 0
1691395 12910592
1691396 0
1697777 12910592
1697778 0
1704415 12910592
1704416 0
1720165 12910592
1720166 0
1726015 12910592
1726016 0
1741015 12910592
1741016 0
1753615 12910592
1753616 0
1768915 12910592
1768916 0
1779715 12910592
1779716 0
1787037 12910592
1787038 0
1794357 12910592
1794358 0
1797893 12910592
1797894 0
1805241 12910592
1805242 0
1812587 12910592
1812588 0
1819614 12910592
1819615 0
1825616 12910592
1825617 0
1830415 12910592
1830416 0
1841815 12910592
1841816 0
1847816 12910592
1847817 0
1855855 12910592
1855856 0
1866715 12910592
1866716 0
1879481 12910592
1879482 0
1890770 12910592
1890771 0
1897015 12910592
1897016 0
1902115 12910592
1902116 0
1929415 12910592
1929416 0
1937215 12910592
1937216 0
1948017 12910592
1948018 0
1954015 12910592
1954016 0
1959158 12910592
1959159 0
1962458 12910592
1962459 0
1970067 12910592
1970068 0
1977672 12910592
1977673 0
1985215 12910592
1985216 0
1989415 12910592
1989416 0
1993616 12910592
1993617 0
1996015 12910592
1996016 0
2000988 12910592
2000989 0
2005015 12910592
2005016 0
2009215 12910592
2009216 0
2013201 12910592
2013202 0
2021603 12910592
2021604 0
2027408 12910592
2027409 0
2033215 12910592
2033216 0
2037715 12910592
2037716 0
2081995 12910592
2081996 0
2084935 12910592
2084936 0
2088715 12910592
2088716 0
2095660 12910592
2095661 0
2099218 12910592
2099219 0
2102779 12910592
2102780 0
2110615 12910592
2110616 0
2115417 12910592
2115418 0
2120215 12910592
2120216 0
2125015 12910592
2125016 0
2183515 12910592
2183516 0
2189217 12910592
2189218 0
2194615 12910592
2194616 0
2198815 12910592
2198816 0
2206094 12910592
2206095 0
2210596 12910592
2210597 0
2214235 12910592
2214236 0
2242615 12910592
2242616 0
2247043 12910592
2247044 0
2251614 12910592
2251615 0
2257197 12910592
2257198 0
2264395 12910592
2264396 0
2271595 12910592
2271596 0
2279877 12910592
2279878 0
2289535 12910592
2289536 0
2299015 12910592
2299016 0
2306215 12910592
2306216 0
2318815 12910592
2318816 0
2324215 12910592
2324216 0
2332615 12910592
2332616 0
2340415 12910592
2340416 0
2344015 12910592
2344016 0
2354815 12910592
2354816 0
2360215 12910592
2360216 0
2371015 12910592
2371016 0
2378215 12910592
2378216 0
2387397 12910592
2387398 0
2396155 12910592
2396156 0
2408127 12910592
2408128 0
2414515 12910592
2414516 0
2426815 12910592
2426816 0
2432215 12910592
2432216 0
2442559 12910592
2442560 0
2448202 12910592
2448203 0
2453847 12910592
2453848 0
2457415 12910592
2457416 0
2464593 12910592
2464594 0
2472036 12910592
2472037 0
2482015 12910592
2482016 0
2487415 12910592
2487416 0
2524315 12910592
2524316 0
2567215 12910592
2567216 0
2574760 12910592
2574761 0
2582258 12910592
2582259 0
2592415 12910592
2592416 0
2597216 12910592
2597217 0
2604286 12910592
2604287 0
2611893 12910592
2611894 0
2619417 12910592
2619418 0
2628415 12910592
2628416 0
2636815 12910592
2636816 0
2642817 12910592
2642818 0
2651815 12910592
2651816 0
2663215 12910592
2663216 0
2671015 12910592
2671016 0
2680915 12910592
2680916 0
2690095 12910592
2690096 0
2703355 12910592
2703356 0
2711215 12910592
2711216 0
2716617 12910592
2716618 0
2723815 12910592
2723816 0
2739777 12910592
2739778 0
2745715 12910592
2745716 0
2753095 12910592
2753096 0
2758795 12910592
2758796 0
2765635 12910592
2765636 0
2784055 12910592
2784056 0
2789104 12910592
2789105 0
2794015 12910592
2794016 0
2799537 12910592
2799538 0
2812015 12910592
2812016 0
2820417 12910592
2820418 0
2831815 12910592
2831816 0
2839015 12910592
2839016 0
32 events for H
89402 0
100803 1300
348602 0
366003 1300
694202 0
706083 600
706263 1300
952883 700
952928 0
965103 600
965283 1300
1212023 700
1212068 0
1224183 600
1224363 1300
1298423 700
1298468 0
1316583 600
1316763 1300
1556843 700
1556888 0
1575783 600
1575903 1300
1903403 700
1903448 0
1921203 1300
2163002 0
2180403 1300
2508602 0
2520003 1950
2767802 0
2779203 1950
209 events for I
2682 2738
11672 2635
20671 2738
22482 548
49472 444
56671 548
86672 444
89061 240
99871 344
103482 2534
121472 2431
121482 240
128671 344
159272 240
168271 344
197072 240
204271 344
233072 240
243871 344
269072 240
278071 344
306872 240
314071 344
345872 240
366271 344
380672 240
387871 344
416672 240
423871 344
452672 240
463471 344
490472 240
495871 344
526472 240
531871 344
580472 240
589471 344
607782 281
608082 344
618272 240
625471 344
654272 240
661471 344
691472 240
691749 0
691750 240
694782 178
695082 240
708271 344
728072 240
737071 344
764072 240
773071 344
801872 240
809071 344
837872 240
845071 344
867582 281
867882 344
873872 240
881071 344
911672 240
920671 344
949472 240
963871 344
967542 281
967842 344
1021472 240
1032271 344
1057472 240
1064671 344
1083582 281
1083882 344
1095272 240
1100671 344
1133072 240
1140271 344
1167272 240
1176271 344
1206872 240
1213182 178
1213482 240
1223071 344
1259072 240
1266271 344
1295072 240
1298661 444
1316671 548
1331072 444
1338271 548
1345471 1471
1367104 2754
1368872 1727
1374271 1830
1379361 1626
1385922 1564
1386222 3817
1388704 2534
1406672 2431
1413871 2534
1442672 2431
1449871 2534
1451022 344
1471461 548
1478672 444
1485871 548
1518272 444
1525471 548
1554272 444
1557861 240
1560162 178
1560462 240
1575871 344
1590272 240
1597471 344
1604671 1267
1626272 240
1637071 344
1664072 240
1669471 344
1669493 594
1669504 1877
1691061 2081
1691071 3004
1712661 2800
1712671 1877
1712704 594
1725272 491
1730693 240
1731642 178
1731942 240
1734271 344
1768472 240
1777471 344
1826072 240
1833271 344
1848571 1267
1862972 240
1871071 1267
1899872 240
1903482 2431
1921471 2534
1937672 2431
1943071 2534
1971904 3817
1973672 3713
1979071 3817
1986282 1626
2011472 1523
2015104 240
2018671 1267
2040271 344
2047472 240
2054671 344
2058261 548
2076261 344
2083472 240
2090671 344
2121272 240
2130271 344
2159072 240
2180671 344
2231072 240
2238271 344
2267072 240
2274271 344
2303072 240
2312071 344
2340872 240
2346271 344
2371471 1267
2378661 1471
2393072 444
2403871 548
2411071 1471
2421882 1409
2422182 1471
2425482 3662
2425504 4944
2432672 3917
2439871 4944
2468672 3917
2468682 1727
2475871 2754
2490304 1471
2505872 444
2508282 2635
2519071 3662
2540672 2635
2547871 3662
2555061 3458
2576672 2431
2585671 2534
2616272 2431
2623471 2534
2652272 2431
2659471 3458
2681061 3662
2688272 2635
2695471 3662
2726072 2635
2735071 3662
2765072 2635
2767461 2431
2778271 2534
2801672 2431
2807071 2534
2835872 2431
2843071 2534
2 events for J
694830 0
694831 74
209 events for K
3693 2738
12683 2635
21682 2738
23493 548
50483 444
57682 548
87683 444
90072 240
100882 344
104493 2534
122483 2431
122493 240
129682 344
160283 240
169282 344
198083 240
205282 344
234083 240
244882 344
270083 240
279082 344
307883 240
315082 344
346883 240
367282 344
381683 240
388882 344
417683 240
424882 344
453683 240
464482 344
491483 240
496882 344
527483 240
532882 344
581483 240
590482 344
608793 281
609093 344
619283 240
626482 344
655283 240
662482 344
692483 240
692760 0
692761 240
695793 178
696093 240
709282 344
729083 240
738082 344
765083 240
774082 344
802883 240
810082 344
838883 240
846082 344
868593 281
868893 344
874883 240
882082 344
912683 240
921682 344
950483 240
964882 344
968553 281
968853 344
1022483 240
1033282 344
1058483 240
1065682 344
1084593 281
1084893 344
1096283 240
1101682 344
1134083 240
1141282 344
1168283 240
1177282 344
1207883 240
1214193 178
1214493 240
1224082 344
1260083 240
1267282 344
1296083 240
1299672 444
1317682 548
1332083 444
1339282 548
1346482 1471
1368115 2754
1369883 1727
1375282 1830
1380372 1626
1386933 1564
1387233 3817
1389715 2534
1407683 2431
1414882 2534
1443683 2431
1450882 2534
1452033 344
1472472 548
1479683 444
1486882 548
1519283 444
1526482 548
1555283 444
1558872 240
1561173 178
1561473 240
1576882 344
1591283 240
1598482 344
1605682 1267
1627283 240
1638082 344
1665083 240
1670482 344
1670504 594
1670515 1877
1692072 2081
1692082 3004
1713672 2800
1713682 1877
1713715 594
1726283 491
1731704 240
1732653 178
1732953 240
1735282 344
1769483 240
1778482 344
1827083 240
1834282 344
1849582 1267
1863983 240
1872082 1267
1900883 240
1904493 2431
1922482 2534
1938683 2431
1944082 2534
1972915 3817
1974683 3713
1980082 3817
1987293 1626
2012483 1523
2016115 240
2019682 1267
2041282 344
2048483 240
2055682 344
2059272 548
2077272 344
2084483 240
2091682 344
2122283 240
2131282 344
2160083 240
2181682 344
2232083 240
2239282 344
2268083 240
2275282 344
2304083 240
2313082 344
2341883 240
2347282 344
2372482 1267
2379672 1471
2394083 444
2404882 548
2412082 1471
2422893 1409
2423193 1471
2426493 3662
2426515 4944
2433683 3917
2440882 4944
2469683 3917
2469693 1727
2476882 2754
2491315 1471
2506883 444
2509293 2635
2520082 3662
2541683 2635
2548882 3662
2556072 3458
2577683 2431
2586682 2534
2617283 2431
2624482 2534
2653283 2431
2660482 3458
2682072 3662
2689283 2635
2696482 3662
2727083 2635
2736082 3662
2766083 2635
2768472 2431
2779282 2534
2802683 2431
2808082 2534
2836883 2431
2844082 2534
2 events for L
693386 0
693387 2650
44 events for M
107273 4214960
107277 0
107703 4214960
107707 0
108443 4214960
108447 0
108873 4214960
108877 0
475285 4214960
475289 0
475715 4214960
475719 0
476455 4214960
476459 0
476885 4214960
476889 0
546259 4214960
546263 0
546689 4214960
546693 0
547429 4214960
547433 0
547859 4214960
547863 0
712073 4214960
712077 0
712503 4214960
712507 0
713243 4214960
713247 0
713673 4214960
713677 0
1080085 4214960
1080089 0
1080515 4214960
1080519 0
1081255 4214960
1081259 0
1081685 4214960
1081689 0
1685411 67463256
1685416 0
2290211 47210957
2290216 0
97 events for N
14295 706
18495 1285
50674 706
107467 2414
109307 706
136073 1285
141653 706
155784 1285
157764 706
395453 1285
419011 706
423211 1285
437200 706
439420 1772
455090 706
459710 1772
475479 2414
477839 1772
491469 706
546453 2414
556213 706
588296 1285
619073 706
623295 1285
632753 706
692153 0
692154 487
712267 2414
714107 487
786524 2414
802724 487
807139 2414
839967 487
844167 2414
876996 487
1080279 2414
1082119 487
1108553 2414
1132947 487
1137148 2414
1169326 487
1173527 2414
1177127 487
1195127 2414
1198727 487
1208406 2414
1210553 487
1221953 2414
1260274 487
1315953 2414
1333682 487
1337882 2414
1345853 487
1391393 2414
1407178 487
1596432 2414
1603853 487
1632856 2414
1664896 487
1685079 2414
1686919 487
1842953 2414
1865074 487
1869277 2414
1891253 487
1920753 2414
1938477 487
1942684 2414
1950353 487
2037053 2414
2049507 487
2053767 2414
2086596 487
2253700 2414
2269790 487
2273990 2414
2306049 487
2310429 2414
2339453 487
2381027 2414
2397055 487
2401316 2414
2425853 1285
2526667 2414
2528507 1285
2533560 2414
2543282 1285
2547482 2414
2555282 1285
2663453 2414
2691396 1285
2695596 2414
2706653 1285
2732624 2414
2763953 1285
2777153 2414
2787542 1285
209 events for O
2752 2738
11742 2635
20741 2738
22552 548
49542 444
56741 548
86742 444
89131 240
99941 344
103552 2534
121542 2431
121552 240
128741 344
159342 240
168341 344
197142 240
204341 344
233142 240
243941 344
269142 240
278141 344
306942 240
314141 344
345942 240
366341 344
380742 240
387941 344
416742 240
423941 344
452742 240
463541 344
490542 240
495941 344
526542 240
531941 344
580542 240
589541 344
607852 281
608152 344
618342 240
625541 344
654342 240
661541 344
691542 240
691819 0
691820 240
694852 178
695152 240
708341 344
728142 240
737141 344
764142 240
773141 344
801942 240
809141 344
837942 240
845141 344
867652 281
867952 344
873942 240
881141 344
911742 240
920741 344
949542 240
963941 344
967612 281
967912 344
1021542 240
1032341 344
1057542 240
1064741 344
1083652 281
1083952 344
1095342 240
1100741 344
1133142 240
1140341 344
1167342 240
1176341 344
1206942 240
1213252 178
1213552 240
1223141 344
1259142 240
1266341 344
1295142 240
1298731 444
1316741 548
1331142 444
1338341 548
1345541 1471
1367174 2754
1368942 1727
1374341 1830
1379431 1626
1385992 1564
1386292 3817
1388774 2534
1406742 2431
1413941 2534
1442742 2431
1449941 2534
1451092 344
1471531 548
1478742 444
1485941 548
1518342 444
1525541 548
1554342 444
1557931 240
1560232 178
1560532 240
1575941 344
1590342 240
1597541 344
1604741 1267
1626342 240
1637141 344
1664142 240
1669541 344
1669563 594
1669574 1877
1691131 2081
1691141 3004
1712731 2800
1712741 1877
1712774 594
1725342 491
1730763 240
1731712 178
1732012 240
1734341 344
1768542 240
1777541 344
1826142 240
1833341 344
1848641 1267
1863042 240
1871141 1267
1899942 240
1903552 2431
1921541 2534
1937742 2431
1943141 2534
1971974 3817
1973742 3713
1979141 3817
1986352 1626
2011542 1523
2015174 240
2018741 1267
2040341 344
2047542 240
2054741 344
2058331 548
2076331 344
2083542 240
2090741 344
2121342 240
2130341 344
2159142 240
2180741 344
2231142 240
2238341 344
2267142 240
2274341 344
2303142 240
2312141 344
2340942 240
2346341 344
2371541 1267
2378731 1471
2393142 444
2403941 548
2411141 1471
2421952 1409
2422252 1471
2425552 3662
2425574 4944
2432742 3917
2439941 4944
2468742 3917
2468752 1727
2475941 2754
2490374 1471
2505942 444
2508352 2635
2519141 3662
2540742 2635
2547941 3662
2555131 3458
2576742 2431
2585741 2534
2616342 2431
2623541 2534
2652342 2431
2659541 3458
2681131 3662
2688342 2635
2695541 3662
2726142 2635
2735141 3662
2765142 2635
2767531 2431
2778341 2534
2801742 2431
2807141 2534
2835942 2431
2843141 2534
123 events for P
17791 873
46591 0
98349 1365
98529 0
100329 1365
100869 3481
120069 0
201635 873
230435 0
275692 873
304492 0
363549 1365
364269 3481
383469 0
443826 3276
458826 0
693849 1979
695049 0
696849 1979
710049 0
879418 8
879419 0
880492 1365
880672 0
882472 1365
883012 1979
897412 1365
897592 1979
911992 1365
912712 1979
927112 1365
927292 1979
941692 1365
942412 1979
956812 1365
956992 1979
971392 0
1009792 3754
1010512 0
1012312 3754
1015912 0
1049349 3754
1050069 0
1051869 3754
1055469 0
1084449 3754
1085169 0
1086969 3754
1090569 0
1125849 3754
1126569 0
1128369 3754
1131969 0
1169049 3754
1169769 0
1171569 3754
1175169 0
1361649 3754
1362369 0
1364169 3754
1367769 0
1390449 3754
1391169 0
1392969 3754
1396569 0
1432749 3754
1433469 0
1435269 3754
1438869 0
1507449 3754
1508169 0
1509969 3754
1513569 0
1593849 1365
1594029 0
1595829 1365
1596369 1979
1610769 1365
1610949 1979
1625349 1365
1626069 1979
1640469 1365
1640649 1979
1655049 1365
1655769 1979
1670169 1365
1670349 1979
1684749 0
1730649 665
1763049 0
2092689 3276
2107689 0
2122149 3754
2122869 0
2124669 3754
2128269 0
2140149 3754
2140869 0
2142669 3754
2146269 0
2210349 3754
2211069 0
2212869 3754
2216469 0
2231949 1365
2232129 0
2233929 1365
2234469 2935
2248869 1365
2249049 2935
2263449 1365
2264169 2935
2278569 1365
2278749 2935
2293149 1365
2293869 2935
2308269 1365
2308449 2935
2322849 0
2679832 3276
2694832 0
2805328 665
2805329 0
