16 instruments
A 10 100 23264.147255000564 168504461.78361657
B 10 100 0 276873309.16802311
C 10 100 0 320000000
D 10 100 6553.6061313363007 2560002395.0532427
E 10 100 22018.298358889329 159480658.09969637
F 10 100 2312500 800000000
G 10 100 37632 50328700
H 10 100 2022727.6804039259 699754440.78838515
I 10 100 2338 640000000
J 10 100 1538660356.7547786 4054547831.9712734
K 10 100 1517960000 4000000000
L 10 100 128045.25187067324 495183416.02819836
M 10 100 40530.039409419333 54204511.969197564
N 10 100 192158478.34180248 847760826.1096437
O 10 100 376310 320000000
P 10 100 0.000155227 800000000
60 downlinks
0 862 44901 9462.077765
1 44902 60235 8739.387213
2 100749 115653 27177.101999999999
3 131202 155311 28867.988366000001
4 156252 178780 8757.0573490000006
5 217503 259751 30482.278361000001
6 259752 296645 9337.789702
7 296646 325107 8515.7706749999998
8 365949 380832 8900.7025030000004
9 383042 408831 8778.3355150000007
10 408842 437214 29886.497736000001
11 439739 466980 29243.536622
12 467699 471912 26517.245249
13 476408 490680 8834.4018649999998
14 509939 521314 9457.9623840000004
15 533335 553231 28164.872808
16 562710 604939 30503.298975000002
17 604940 627355 8691.2845450000004
18 627831 637826 8525.9525360000007
19 640491 644244 28086.786929000002
20 705549 733493 9305.8530659999997
21 735317 739831 9003.7058219999999
22 765228 780989 29720.859928999998
23 813982 817639 28196.056719
24 821621 838334 8724.7512220000008
25 839924 867259 9238.0711549999996
26 868180 907924 29465.914934
27 907925 915901 8736.7051790000005
28 938920 952934 8623.2506759999997
29 964749 986998 8421.9856619999991
30 991239 1011098 27549.328343000001
31 1022916 1040175 29572.320551000001
32 1042472 1072611 29086.290951999999
33 1072712 1101387 8813.8421070000004
34 1109612 1126578 29493.047434
35 1134508 1157999 27435.630709000001
36 1158890 1170418 29792.428981000001
37 1173508 1183391 8997.6095590000004
38 1186408 1209595 26654.011493000002
39 1223949 1247074 8664.3956859999998
40 1247304 1273163 8910.3347130000002
41 1316349 1336346 9263.3037550000008
42 1339455 1345687 8194.1372179999998
43 1357400 1370063 8812.3468479999992
44 1388896 1390727 28513.272391999999
45 1417571 1421732 29797.943813000002
46 1425763 1460595 9287.2106050000002
47 1460596 1471348 9493.8769009999996
48 1474752 1510832 29841.66733
49 1512071 1516749 9031.5484039999992
50 1575549 1587179 27058.173078
51 1589288 1592845 27764.822221999999
52 1596788 1613390 8866.3210920000001
53 1625275 1637435 30200.423556999998
54 1640547 1645391 9259.4321029999992
55 1649583 1673654 9457.3783449999992
56 1675383 1679211 29542.407908000001
57 1684689 1699532 8564.5545529999999
58 1708683 1731352 9335.3412189999999
59 1733879 1762605 27874.981927000001
0 opportunities for A
0 opportunities for B
0 opportunities for C
0 opportunities for D
0 opportunities for E
0 opportunities for F
0 opportunities for G
0 opportunities for H
0 opportunities for I
0 opportunities for J
0 opportunities for K
0 opportunities for L
0 opportunities for M
0 opportunities for N
0 opportunities for O
0 opportunities for P
138 events for A
815 906
8662 0
59163 1714
70573 0
72113 906
72853 1714
87862 0
105142 1714
107876 0
108056 215
119532 0
123356 1714
126391 0
149562 1500
155577 0
169752 1500
175762 0
207802 906
208552 0
317713 906
329448 0
330988 906
347062 0
368542 906
384941 0
391121 906
398082 0
441909 906
457399 0
464662 906
470982 0
559381 906
566836 0
568376 906
585025 0
591265 906
603215 0
641134 906
657783 0
663963 906
675373 0
716337 906
731191 0
737371 906
749705 0
760385 1500
766497 0
774459 1500
780571 0
825302 906
842276 0
848456 906
860731 0
863071 906
870948 0
913042 906
913808 0
967342 1714
970951 0
974422 1714
991716 0
998292 1714
1006792 0
1012702 906
1013442 1714
1025520 0
1032300 1714
1044309 0
1046589 1714
1062499 0
1068679 1714
1080688 0
1084671 906
1085411 1714
1098878 0
1105058 1714
1110562 0
1141437 215
1152857 0
1258642 906
1259382 0
1268763 906
1280173 0
1282453 906
1297462 0
1320769 906
1335991 0
1343128 906
1354505 0
1356045 906
1372805 0
1379799 906
1391319 0
1394487 906
1409487 0
1416228 906
1428562 0
1430102 906
1447076 0
1453256 906
1456162 0
1456642 906
1465591 0
1467871 906
1483805 0
1490285 906
1499362 0
1499542 1087
1502252 0
1505199 906
1521133 0
1527287 593
1532954 0
1534973 906
1537933 0
1542408 593
1555969 0
1578142 906
1584862 0
1585942 906
1594524 0
1600721 906
1612702 0
1614298 906
1628962 0
1629442 906
1630902 0
1637100 906
1649044 0
1651453 906
1667205 0
1673479 1714
1685347 0
1689527 906
1690267 1714
1726162 0
1738942 1714
1769362 0
0 events for B

0 events for C

738 events for D
197 12910592
198 0
17286 12910592
17287 0
17546 12910592
17547 0
18126 12910592
18127 0
18386 12910592
18387 0
35476 12910592
35477 0
35736 12910592
35737 0
36316 12910592
36317 0
36576 12910592
36577 0
53665 12910592
53666 0
53925 12910592
53926 0
54505 12910592
54506 0
54765 12910592
54766 0
71255 12910592
71256 0
71515 12910592
71516 0
72095 12910592
72096 0
72355 12910592
72356 0
88544 12910592
88545 0
88804 12910592
88805 0
89384 12910592
89385 0
89644 12910592
89645 0
108558 12910592
108559 0
108788 12910592
108789 0
109328 12910592
109329 0
109558 12910592
109559 0
127073 12910592
127074 0
127333 12910592
127334 0
127913 12910592
127914 0
128173 12910592
128174 0
145587 12910592
145588 0
145847 12910592
145848 0
146427 12910592
146428 0
146687 12910592
146688 0
164101 12910592
164102 0
164361 12910592
164362 0
164941 12910592
164942 0
165201 12910592
165202 0
182615 12910592
182616 0
182875 12910592
182876 0
183455 12910592
183456 0
183715 12910592
183716 0
201130 12910592
201131 0
201390 12910592
201391 0
201970 12910592
201971 0
202230 12910592
202231 0
219644 12910592
219645 0
219904 12910592
219905 0
220484 12910592
220485 0
220744 12910592
220745 0
238158 12910592
238159 0
238418 12910592
238419 0
238998 12910592
238999 0
239258 12910592
239259 0
256673 12910592
256674 0
256933 12910592
256934 0
257513 12910592
257514 0
257773 12910592
257774 0
275187 12910592
275188 0
275447 12910592
275448 0
276027 12910592
276028 0
276287 12910592
276288 0
293701 12910592
293702 0
293961 12910592
293962 0
294541 12910592
294542 0
294801 12910592
294802 0
312215 12910592
312216 0
312475 12910592
312476 0
313055 12910592
313056 0
313315 12910592
313316 0
330130 12910592
330131 0
330390 12910592
330391 0
330970 12910592
330971 0
331230 12910592
331231 0
347744 12910592
347745 0
348004 12910592
348005 0
348584 12910592
348585 0
348844 12910592
348845 0
366644 12910592
366645 0
366904 12910592
366905 0
367484 12910592
367485 0
367744 12910592
367745 0
385623 12910592
385624 0
385883 12910592
385884 0
386463 12910592
386464 0
386723 12910592
386724 0
403812 12910592
403813 0
404072 12910592
404073 0
404652 12910592
404653 0
404912 12910592
404913 0
422002 12910592
422003 0
422262 12910592
422263 0
422842 12910592
422843 0
423102 12910592
423103 0
440191 12910592
440192 0
440451 12910592
440452 0
441031 12910592
441032 0
441291 12910592
441292 0
458381 12910592
458382 0
458641 12910592
458642 0
459221 12910592
459222 0
459481 12910592
459482 0
476570 12910592
476571 0
476800 12910592
476801 0
477340 12910592
477341 0
477570 12910592
477571 0
494760 12910592
494761 0
495020 12910592
495021 0
495600 12910592
495601 0
495860 12910592
495861 0
512949 12910592
512950 0
513209 12910592
513210 0
513789 12910592
513790 0
514049 12910592
514050 0
531139 12910592
531140 0
531399 12910592
531400 0
531979 12910592
531980 0
532239 12910592
532240 0
547544 12910592
547545 0
547774 12910592
547775 0
548314 12910592
548315 0
548544 12910592
548545 0
567518 12910592
567519 0
567778 12910592
567779 0
568358 12910592
568359 0
568618 12910592
568619 0
585707 12910592
585708 0
585967 12910592
585968 0
586547 12910592
586548 0
586807 12910592
586808 0
603897 12910592
603898 0
604157 12910592
604158 0
604737 12910592
604738 0
604997 12910592
604998 0
622086 12910592
622087 0
622346 12910592
622347 0
622926 12910592
622927 0
623186 12910592
623187 0
640276 12910592
640277 0
640536 12910592
640537 0
641116 12910592
641117 0
641376 12910592
641377 0
658465 12910592
658466 0
658725 12910592
658726 0
659305 12910592
659306 0
659565 12910592
659566 0
676055 12910592
676056 0
676315 12910592
676316 0
676895 12910592
676896 0
677155 12910592
677156 0
693344 12910592
693345 0
693604 12910592
693605 0
694184 12910592
694185 0
694444 12910592
694445 0
713358 12910592
713359 0
713588 12910592
713589 0
714128 12910592
714129 0
714358 12910592
714359 0
731873 12910592
731874 0
732133 12910592
732134 0
732713 12910592
732714 0
732973 12910592
732974 0
750387 12910592
750388 0
750647 12910592
750648 0
751227 12910592
751228 0
751487 12910592
751488 0
768901 12910592
768902 0
769161 12910592
769162 0
769741 12910592
769742 0
770001 12910592
770002 0
787415 12910592
787416 0
787675 12910592
787676 0
788255 12910592
788256 0
788515 12910592
788516 0
805930 12910592
805931 0
806190 12910592
806191 0
806770 12910592
806771 0
807030 12910592
807031 0
824444 12910592
824445 0
824704 12910592
824705 0
825284 12910592
825285 0
825544 12910592
825545 0
842958 12910592
842959 0
843218 12910592
843219 0
843798 12910592
843799 0
844058 12910592
844059 0
861473 12910592
861474 0
861733 12910592
861734 0
862313 12910592
862314 0
862573 12910592
862574 0
879987 12910592
879988 0
880247 12910592
880248 0
880827 12910592
880828 0
881087 12910592
881088 0
898501 12910592
898502 0
898761 12910592
898762 0
899341 12910592
899342 0
899601 12910592
899602 0
917015 12910592
917016 0
917275 12910592
917276 0
917855 12910592
917856 0
918115 12910592
918116 0
934930 12910592
934931 0
935190 12910592
935191 0
935770 12910592
935771 0
936030 12910592
936031 0
952544 12910592
952545 0
952804 12910592
952805 0
953384 12910592
953385 0
953644 12910592
953645 0
972233 12910592
972234 0
972493 12910592
972494 0
973073 12910592
973074 0
973333 12910592
973334 0
992794 12910592
992795 0
993054 12910592
993055 0
993634 12910592
993635 0
993894 12910592
993895 0
1007194 12910592
1007195 0
1007454 12910592
1007455 0
1008034 12910592
1008035 0
1008294 12910592
1008295 0
1026802 12910592
1026803 0
1027062 12910592
1027063 0
1027642 12910592
1027643 0
1027902 12910592
1027903 0
1044991 12910592
1044992 0
1045251 12910592
1045252 0
1045831 12910592
1045832 0
1046091 12910592
1046092 0
1063181 12910592
1063182 0
1063441 12910592
1063442 0
1064021 12910592
1064022 0
1064281 12910592
1064282 0
1081370 12910592
1081371 0
1081600 12910592
1081601 0
1082140 12910592
1082141 0
1082370 12910592
1082371 0
1099560 12910592
1099561 0
1099820 12910592
1099821 0
1100400 12910592
1100401 0
1100660 12910592
1100661 0
1117749 12910592
1117750 0
1118009 12910592
1118010 0
1118589 12910592
1118590 0
1118849 12910592
1118850 0
1135939 12910592
1135940 0
1136199 12910592
1136200 0
1136779 12910592
1136780 0
1137039 12910592
1137040 0
1154128 12910592
1154129 0
1154388 12910592
1154389 0
1154968 12910592
1154969 0
1155228 12910592
1155229 0
1172318 12910592
1172319 0
1172578 12910592
1172579 0
1173158 12910592
1173159 0
1173418 12910592
1173419 0
1190507 12910592
1190508 0
1190767 12910592
1190768 0
1191347 12910592
1191348 0
1191607 12910592
1191608 0
1208697 12910592
1208698 0
1208957 12910592
1208958 0
1209537 12910592
1209538 0
1209797 12910592
1209798 0
1226886 12910592
1226887 0
1227146 12910592
1227147 0
1227726 12910592
1227727 0
1227986 12910592
1227987 0
1245076 12910592
1245077 0
1245336 12910592
1245337 0
1245916 12910592
1245917 0
1246176 12910592
1246177 0
1263265 12910592
1263266 0
1263525 12910592
1263526 0
1264105 12910592
1264106 0
1264365 12910592
1264366 0
1280855 12910592
1280856 0
1281115 12910592
1281116 0
1281695 12910592
1281696 0
1281955 12910592
1281956 0
1298144 12910592
1298145 0
1298404 12910592
1298405 0
1298984 12910592
1298985 0
1299244 12910592
1299245 0
1317044 12910592
1317045 0
1317274 12910592
1317275 0
1317814 12910592
1317815 0
1318044 12910592
1318045 0
1336673 12910592
1336674 0
1336933 12910592
1336934 0
1337513 12910592
1337514 0
1337773 12910592
1337774 0
1355187 12910592
1355188 0
1355447 12910592
1355448 0
1356027 12910592
1356028 0
1356287 12910592
1356288 0
1373701 12910592
1373702 0
1373961 12910592
1373962 0
1374541 12910592
1374542 0
1374801 12910592
1374802 0
1392215 12910592
1392216 0
1392475 12910592
1392476 0
1393055 12910592
1393056 0
1393315 12910592
1393316 0
1410730 12910592
1410731 0
1410990 12910592
1410991 0
1411570 12910592
1411571 0
1411830 12910592
1411831 0
1429244 12910592
1429245 0
1429504 12910592
1429505 0
1430084 12910592
1430085 0
1430344 12910592
1430345 0
1447758 12910592
1447759 0
1448018 12910592
1448019 0
1448598 12910592
1448599 0
1448858 12910592
1448859 0
1466273 12910592
1466274 0
1466533 12910592
1466534 0
1467113 12910592
1467114 0
1467373 12910592
1467374 0
1484787 12910592
1484788 0
1485047 12910592
1485048 0
1485627 12910592
1485628 0
1485887 12910592
1485888 0
1503301 12910592
1503302 0
1503561 12910592
1503562 0
1504141 12910592
1504142 0
1504401 12910592
1504402 0
1521815 12910592
1521816 0
1522075 12910592
1522076 0
1522655 12910592
1522656 0
1522915 12910592
1522916 0
1539730 12910592
1539731 0
1539990 12910592
1539991 0
1540570 12910592
1540571 0
1540830 12910592
1540831 0
1557344 12910592
1557345 0
1557604 12910592
1557605 0
1558184 12910592
1558185 0
1558444 12910592
1558445 0
1576244 12910592
1576245 0
1576504 12910592
1576505 0
1577084 12910592
1577085 0
1577344 12910592
1577345 0
1595223 12910592
1595224 0
1595483 12910592
1595484 0
1596063 12910592
1596064 0
1596323 12910592
1596324 0
1613412 12910592
1613413 0
1613672 12910592
1613673 0
1614252 12910592
1614253 0
1614512 12910592
1614513 0
1631602 12910592
1631603 0
1631862 12910592
1631863 0
1632442 12910592
1632443 0
1632702 12910592
1632703 0
1649791 12910592
1649792 0
1650051 12910592
1650052 0
1650631 12910592
1650632 0
1650891 12910592
1650892 0
1667981 12910592
1667982 0
1668241 12910592
1668242 0
1668821 12910592
1668822 0
1669081 12910592
1669082 0
1686170 12910592
1686171 0
1686400 12910592
1686401 0
1686940 12910592
1686941 0
1687170 12910592
1687171 0
137 events for E
7716 0
58217 1714
69627 0
71167 906
71907 1714
86916 0
104196 1714
106930 0
107110 215
118586 0
122410 1714
125445 0
148616 1500
154631 0
168806 1500
174816 0
206856 906
207606 0
316767 906
328502 0
330042 906
346116 0
367596 906
383995 0
390175 906
397136 0
440963 906
456453 0
463716 906
470036 0
558435 906
565890 0
567430 906
584079 0
590319 906
602269 0
640188 906
656837 0
663017 906
674427 0
715391 906
730245 0
736425 906
748759 0
759439 1500
765551 0
773513 1500
779625 0
824356 906
841330 0
847510 906
859785 0
862125 906
870002 0
912096 906
912862 0
966396 1714
970005 0
973476 1714
990770 0
997346 1714
1005846 0
1011756 906
1012496 1714
1024574 0
1031354 1714
1043363 0
1045643 1714
1061553 0
1067733 1714
1079742 0
1083725 906
1084465 1714
1097932 0
1104112 1714
1109616 0
1140491 215
1151911 0
1257696 906
1258436 0
1267817 906
1279227 0
1281507 906
1296516 0
1319823 906
1335045 0
1342182 906
1353559 0
1355099 906
1371859 0
1378853 906
1390373 0
1393541 906
1408541 0
1415282 906
1427616 0
1429156 906
1446130 0
1452310 906
1455216 0
1455696 906
1464645 0
1466925 906
1482859 0
1489339 906
1498416 0
1498596 1087
1501306 0
1504253 906
1520187 0
1526341 593
1532008 0
1534027 906
1536987 0
1541462 593
1555023 0
1577196 906
1583916 0
1584996 906
1593578 0
1599775 906
1611756 0
1613352 906
1628016 0
1628496 906
1629956 0
1636154 906
1648098 0
1650507 906
1666259 0
1672533 1714
1684401 0
1688581 906
1689321 1714
1725216 0
1737996 1714
1768416 0
23 events for F
86948 0
98349 1300
346148 0
363549 1300
691748 0
703629 600
703809 1300
950429 700
950474 0
962649 600
962829 1300
1209569 700
1209614 0
1221729 600
1221909 1300
1295969 700
1296014 0
1314129 600
1314309 1300
1554389 700
1554434 0
1573329 600
1573449 1300
2 events for G
691749 0
691750 18
23 events for H
89402 0
100803 1300
348602 0
366003 1300
694202 0
706083 600
706263 1300
952883 700
952928 0
965103 600
965283 1300
1212023 700
1212068 0
1224183 600
1224363 1300
1298423 700
1298468 0
1316583 600
1316763 1300
1556843 700
1556888 0
1575783 600
1575903 1300
90 events for I
17791 873
46591 0
98349 1365
98529 0
100329 1365
100869 3481
120069 0
201635 873
230435 0
275692 873
304492 0
363549 1365
364269 3481
383469 0
443826 3276
458826 0
693849 1979
695049 0
696849 1979
710049 0
879418 8
879419 0
880492 1365
880672 0
882472 1365
883012 1979
897412 1365
897592 1979
911992 1365
912712 1979
927112 1365
927292 1979
941692 1365
942412 1979
956812 1365
956992 1979
971392 0
1009792 3754
1010512 0
1012312 3754
1015912 0
1049349 3754
1050069 0
1051869 3754
1055469 0
1084449 3754
1085169 0
1086969 3754
1090569 0
1125849 3754
1126569 0
1128369 3754
1131969 0
1169049 3754
1169769 0
1171569 3754
1175169 0
1361649 3754
1362369 0
1364169 3754
1367769 0
1390449 3754
1391169 0
1392969 3754
1396569 0
1432749 3754
1433469 0
1435269 3754
1438869 0
1507449 3754
1508169 0
1509969 3754
1513569 0
1593849 1365
1594029 0
1595829 1365
1596369 1979
1610769 1365
1610949 1979
1625349 1365
1626069 1979
1640469 1365
1640649 1979
1655049 1365
1655769 1979
1670169 1365
1670349 1979
1684749 0
1730649 665
1763049 0
77 events for J
111185 117965
111275 124709
112136 6744
113045 124709
113936 6744
114845 124709
115736 6744
116645 124709
117536 6744
118445 124709
119336 6744
120245 124709
121136 6744
122036 0
129700 117965
129790 124709
130651 6744
131560 124709
132451 6744
133360 124709
134251 6744
135160 124709
136051 6744
136951 0
314932 7514
328573 0
330747 7514
346188 0
634471 58982
634561 66496
635842 6744
636331 66496
637702 6744
638122 0
640803 58982
640893 66496
642174 6744
642663 66496
644034 6744
644463 66496
645834 6744
655254 0
661092 58982
661182 66496
662463 6744
662952 66496
664323 6744
664752 66496
666123 6744
671943 0
1012371 235930
1012461 242674
1014222 6744
1014411 242674
1016262 6744
1016451 242674
1018302 6744
1018551 242674
1020402 6744
1021422 0
1029429 235930
1029519 242674
1030135 6744
1030140 0
1044922 169032
1046722 45609
1048527 0
1582291 117965
1582381 125479
1583662 7514
1584022 0
1719961 3372
1725142 0
1745161 3372
1753522 0
1762561 3372
1767922 0
77 events for K
109312 117965
109402 124709
110263 6744
111172 124709
112063 6744
112972 124709
113863 6744
114772 124709
115663 6744
116572 124709
117463 6744
118372 124709
119263 6744
120163 0
127827 117965
127917 124709
128778 6744
129687 124709
130578 6744
131487 124709
132378 6744
133287 124709
134178 6744
135078 0
313059 7514
326700 0
328874 7514
344315 0
632598 58982
632688 66496
633969 6744
634458 66496
635829 6744
636249 0
638930 58982
639020 66496
640301 6744
640790 66496
642161 6744
642590 66496
643961 6744
653381 0
659219 58982
659309 66496
660590 6744
661079 66496
662450 6744
662879 66496
664250 6744
670070 0
1010498 235930
1010588 242674
1012349 6744
1012538 242674
1014389 6744
1014578 242674
1016429 6744
1016678 242674
1018529 6744
1019549 0
1027556 235930
1027646 242674
1028262 6744
1028267 0
1043049 169032
1044849 45609
1046654 0
1580418 117965
1580508 125479
1581789 7514
1582149 0
1718088 3372
1723269 0
1743288 3372
1751649 0
1760688 3372
1766049 0
2 events for L
693992 0
693993 74
2 events for M
694117 0
694118 18
133 events for N
3693 2738
12683 2635
21682 2738
23493 548
50483 444
57682 548
87683 444
90072 240
100882 344
104493 2534
122483 2431
122493 240
129682 344
160283 240
169282 344
198083 240
205282 344
234083 240
244882 344
270083 240
279082 344
307883 240
315082 344
346883 240
367282 344
381683 240
388882 344
417683 240
424882 344
453683 240
464482 344
491483 240
496882 344
527483 240
532882 344
581483 240
590482 344
608793 281
609093 344
619283 240
626482 344
655283 240
662482 344
692483 240
692760 0
692761 240
695793 178
696093 240
709282 344
729083 240
738082 344
765083 240
774082 344
802883 240
810082 344
838883 240
846082 344
868593 281
868893 344
874883 240
882082 344
912683 240
921682 344
950483 240
964882 344
968553 281
968853 344
1022483 240
1033282 344
1058483 240
1065682 344
1084593 281
1084893 344
1096283 240
1101682 344
1134083 240
1141282 344
1168283 240
1177282 344
1207883 240
1214193 178
1214493 240
1224082 344
1260083 240
1267282 344
1296083 240
1299672 444
1317682 548
1332083 444
1339282 548
1346482 1471
1368115 2754
1369883 1727
1375282 1830
1380372 1626
1386933 1564
1387233 3817
1389715 2534
1407683 2431
1414882 2534
1443683 2431
1450882 2534
1452033 344
1472472 548
1479683 444
1486882 548
1519283 444
1526482 548
1555283 444
1558872 240
1561173 178
1561473 240
1576882 344
1591283 240
1598482 344
1605682 1267
1627283 240
1638082 344
1665083 240
1670482 344
1670504 594
1670515 1877
1692072 2081
1692082 3004
1713672 2800
1713682 1877
1713715 594
1726283 491
1731704 240
1732653 178
1732953 240
1735282 344
1769483 240
16 events for O
86349 0
86949 224
691149 0
1041189 20
1041369 0
1043529 20
1043709 0
1043769 28
1209909 0
1222209 20
1222389 0
1224549 20
1224729 0
1224789 126
1296309 0
1296549 305
318 events for P
3249 12910592
3250 0
5709 12910592
5710 0
56649 12910592
56650 0
61920 12910592
61921 0
67260 12910592
67261 0
70560 12910592
70561 0
77554 12910592
77555 0
84554 12910592
84555 0
102854 12910592
102855 0
104649 12910592
104650 0
120849 12910592
120850 0
123134 12910592
123135 0
315125 12910592
315126 0
318120 12910592
318121 0
320627 12910592
320628 0
323135 12910592
323136 0
326135 12910592
326136 0
329435 12910592
329436 0
332435 12910592
332436 0
336597 12910592
336598 0
340749 12910592
340750 0
343749 12910592
343750 0
366254 12910592
366255 0
368049 12910592
368050 0
369849 12910592
369850 0
373449 12910592
373450 0
377049 12910592
377050 0
381249 12910592
381250 0
388454 12910592
388455 0
390849 12910592
390850 0
393849 12910592
393850 0
439616 12910592
439617 0
441314 12910592
441315 0
446851 12910592
446852 0
451086 12910592
451087 0
454086 12910592
454087 0
462549 12910592
462550 0
465854 12910592
465855 0
557049 12910592
557050 0
563349 12910592
563350 0
566949 12910592
566950 0
570549 12910592
570550 0
574149 12910592
574150 0
577808 12910592
577809 0
581703 12910592
581704 0
588849 12910592
588850 0
599594 12910592
599595 0
639586 12910592
639587 0
643449 12910592
643450 0
647049 12910592
647050 0
650649 12910592
650650 0
654470 12910592
654471 0
661375 12910592
661376 0
666849 12910592
666850 0
671649 12910592
671650 0
714784 12910592
714785 0
717787 12910592
717788 0
721331 12910592
721332 0
724878 12910592
724879 0
727878 12910592
727879 0
734778 12910592
734779 0
737778 12910592
737779 0
740588 12910592
740589 0
743392 12910592
743393 0
746392 12910592
746393 0
823992 12910592
823993 0
828849 12910592
828850 0
833649 12910592
833650 0
838569 12910592
838570 0
845892 12910592
845893 0
849429 12910592
849430 0
852969 12910592
852970 0
857349 12910592
857350 0
860829 12910592
860830 0
864849 12910592
864850 0
867312 12910592
867313 0
966193 12910592
966194 0
972129 12910592
972130 0
980169 12910592
980170 0
988212 12910592
988213 0
1011371 12910592
1011372 0
1016678 12910592
1016679 0
1022207 12910592
1022208 0
1029549 12910592
1029550 0
1034049 12910592
1034050 0
1038849 12910592
1038850 0
1044296 12910592
1044297 0
1051741 12910592
1051742 0
1059069 12910592
1059070 0
1066086 12910592
1066087 0
1071730 12910592
1071731 0
1077375 12910592
1077376 0
1083121 12910592
1083122 0
1089341 12910592
1089342 0
1095565 12910592
1095566 0
1104860 12910592
1104861 0
1266170 12910592
1266171 0
1269170 12910592
1269171 0
1271518 12910592
1271519 0
1273860 12910592
1273861 0
1276860 12910592
1276861 0
1280160 12910592
1280161 0
1283160 12910592
1283161 0
1287154 12910592
1287155 0
1291149 12910592
1291150 0
1294152 12910592
1294153 0
1318484 12910592
1318485 0
1325349 12910592
1325350 0
1332509 12910592
1332510 0
1341849 12910592
1341850 0
1351192 12910592
1351193 0
1354495 12910592
1354496 0
1361992 12910592
1361993 0
1369492 12910592
1369493 0
1377372 12910592
1377373 0
1384448 12910592
1384449 0
1392194 12910592
1392195 0
1399184 12910592
1399185 0
1405929 12910592
1405930 0
1413849 12910592
1413850 0
1424649 12910592
1424650 0
1428852 12910592
1428853 0
1442649 12910592
1442650 0
1451759 12910592
1451760 0
1458313 12910592
1458314 0
1468213 12910592
1468214 0
1475049 12910592
1475050 0
1478649 12910592
1478650 0
1487692 12910592
1487693 0
1491849 12910592
1491850 0
1495932 12910592
1495933 0
1503849 12910592
1503850 0
1507329 12910592
1507330 0
1512249 12910592
1512250 0
1517351 12910592
1517352 0
1534209 12910592
1534210 0
1578549 12910592
1578550 0
1583649 12910592
1583650 0
1590849 12910592
1590850 0
1598650 12910592
1598651 0
1608969 12910592
1608970 0
1612689 12910592
1612690 0
1619198 12910592
1619199 0
1627369 12910592
1627370 0
1637049 12910592
1637050 0
1643589 12910592
1643590 0
1649649 12910592
1649650 0
1656527 12910592
1656528 0
1662849 12910592
1662850 0
1671186 12910592
1671187 0
1676611 12910592
1676612 0
1688229 12910592
1688230 0
1694611 12910592
1694612 0
1701249 12910592
1701250 0
1716999 12910592
1717000 0
1722849 12910592
1722850 0
1737849 12910592
1737850 0
1750449 12910592
1750450 0
1765749 12910592
1765750 0
