16 instruments
A 10 100 47192398.279190399 1501427445.7644184
B 10 100 0 974485132.8010211
C 10 100 23264.147255000564 168504461.78361657
D 10 100 4367744.2331614867 2240000119.5770016
E 10 100 1991925.5289842244 689098561.3783263
F 10 100 1517960000 4000000000
G 10 100 763800535.41096985 7041040280.2382517
H 10 100 2665037.1650940888 921958803.05957663
I 10 100 1289849390.9659207 3398902187.0561032
J 10 100 0 895660078.44187188
K 10 100 22090 160000000
L 10 100 6499613.0472409306 3333330256.035996
M 10 100 0 276873309.16802311
N 10 100 376310 320000000
O 10 100 50290700 1600000000
P 10 100 45126217.813212499 1435691857.5629289
100 downlinks
0 230 26089 8910.3347130000002
1 69275 89272 9263.3037550000008
2 92381 98613 8194.1372179999998
3 110326 122989 8812.3468479999992
4 141822 143653 28513.272391999999
5 170497 174658 29797.943813000002
6 178689 213521 9287.2106050000002
7 213522 224274 9493.8769009999996
8 227678 263758 29841.66733
9 264997 269675 9031.5484039999992
10 328475 340105 27058.173078
11 342214 345771 27764.822221999999
12 349714 366316 8866.3210920000001
13 378201 390361 30200.423556999998
14 393473 398317 9259.4321029999992
15 402509 426580 9457.3783449999992
16 428309 432137 29542.407908000001
17 437615 452458 8564.5545529999999
18 461609 484278 9335.3412189999999
19 486805 515531 27874.981927000001
20 523925 566080 30587.746092000001
21 566081 610233 9231.3874039999992
22 610234 626452 8609.2624169999999
23 627801 644033 8689.6108280000008
24 652386 654433 26609.79682
25 674075 693680 8915.2263710000007
26 696545 726495 9094.9622560000007
27 726496 744210 8333.9255690000009
28 744792 751133 27500.430241999999
29 765210 781563 8601.7316499999997
30 782856 817769 9100.8958739999998
31 831487 844776 9427.4328960000003
32 847747 858159 27243.904355999999
33 860587 882307 8431.3051790000009
34 911303 913625 27636.251289
35 933275 952563 8831.2619180000002
36 953671 970270 8966.6639699999996
37 977882 983633 54396.705881000002
38 987425 1001453 58970.262822999997
39 1004038 1033077 57826.355975999999
40 1033078 1043822 17374.699861000001
41 1059178 1085969 57611.601310999999
42 1086178 1118258 59023.283414999998
43 1119000 1124750 55193.106121999997
44 1128106 1170223 25530.421285
45 1170224 1214419 29269.697155999998
46 1214420 1218510 16830.732371999999
47 1231668 1246335 28226.256141999998
48 1248665 1251216 60093.408818999997
49 1291663 1321362 58272.632834999997
50 1321363 1328637 61499.660580999996
51 1342840 1364137 28538.149495000001
52 1377685 1383507 18090.695755000001
53 1387050 1402262 23661.293665000001
54 1404159 1432113 28757.617953000001
55 1432114 1474410 56137.919716999997
56 1475554 1492448 23437.772314999998
57 1507654 1520294 55980.942202999999
58 1533509 1547361 60635.164006999999
59 1550249 1581176 23619.145155999999
60 1601769 1610035 53049.165158000003
61 1612644 1635803 23042.764167000001
62 1635804 1640256 53421.323553000002
63 1643692 1648372 23396.302264000002
64 1651944 1664848 22759.633384000001
65 1688080 1692679 53785.922146999997
66 1703839 1720293 23595.771228000001
67 1722600 1729257 17076.713232999999
68 1732315 1767438 24932.393585000002
69 1767439 1777662 29494.590024000001
70 1780694 1786566 55821.075068999999
71 1789934 1807223 22968.383259999999
72 1808294 1812475 57490.653299999998
73 1830667 1835727 25500.801521000001
74 1877675 1901061 24904.219582000002
75 1904951 1909019 26817.789122999999
76 1921329 1951392 30236.225505999999
77 1954623 1975014 64968.303881
78 1981285 1987614 18980.648960999999
79 1991269 2032235 26276.326033000001
80 2033328 2075612 30209.873796
81 2077589 2081851 26595.764298999999
82 2112418 2119398 25812.000550000001
83 2138813 2150072 26242.243616
84 2153573 2157292 60521.572561000001
85 2165213 2182006 25759.527445
86 2196713 2208971 62910.21802
87 2212368 2246154 62402.514213000002
88 2250231 2262896 26087.487331
89 2278908 2296389 30312.554313000001
90 2303803 2315435 61079.659066
91 2326303 2338193 18673.221132999999
92 2341063 2343968 64240.288658999998
93 2348705 2358281 31143.729536999999
94 2362745 2373172 31955.262932000001
95 2378585 2417619 32548.652656999999
96 2422874 2433113 26591.031461999999
97 2438797 2448637 31032.775088999999
98 2482475 2503414 26518.557602000001
99 2509196 2513748 27135.491309000001
0 opportunities for A
0 opportunities for B
0 opportunities for C
0 opportunities for D
0 opportunities for E
0 opportunities for F
0 opportunities for G
0 opportunities for H
0 opportunities for I
0 opportunities for J
0 opportunities for K
0 opportunities for L
0 opportunities for M
0 opportunities for N
0 opportunities for O
0 opportunities for P
60 events for A
14741 487
70420 2414
88149 487
92349 2414
100320 487
145860 2414
161645 487
350899 2414
358320 487
387323 2414
419363 487
439546 2414
441386 487
597420 2414
619541 487
623744 2414
645720 487
675220 2414
692944 487
697151 2414
704820 487
791520 2414
803974 487
808234 2414
841063 487
1008167 2414
1024257 487
1028457 2414
1060516 487
1064896 2414
1093920 487
1135494 2414
1151522 487
1155783 2414
1180320 1285
1281134 2414
1282974 1285
1288027 2414
1297749 1285
1301949 2414
1309749 1285
1417920 2414
1445863 1285
1450063 2414
1461120 1285
1487091 2414
1518420 1285
1531620 2414
1542009 1285
1649146 2414
1650986 1285
1655520 2414
1665294 1285
1669657 2414
1698720 2057
1865820 0
1865821 2414
2470620 1772
2490627 2414
2492467 1772
82 events for B
5708 1000
6708 0
50040 1000
51040 0
111893 1000
112893 0
173903 1000
174903 0
225571 1000
226571 0
269403 1000
270403 0
312952 1000
313952 0
356295 1000
357295 0
399405 1000
400405 0
442165 1000
443165 0
484714 1000
485714 0
527326 1000
528326 0
570258 1000
571258 0
613628 1000
614628 0
657275 1000
658275 0
700951 1000
701951 0
744682 1000
745682 0
788410 1000
789410 0
832562 1000
833562 0
871601 1000
872601 0
925095 1000
926095 0
965467 1000
966467 0
1011668 1000
1012668 0
1059459 1000
1060459 0
1108967 1000
1109967 0
1157298 1000
1158298 0
1203985 1000
1204985 0
1250148 1000
1251148 0
1295146 1000
1296146 0
1339851 1000
1340851 0
1384768 1000
1385768 0
1429952 1000
1430952 0
1475706 1000
1476706 0
1521041 1000
1522041 0
1565153 1000
1566153 0
1609012 1000
1610012 0
1652590 1000
1653590 0
1695826 1000
1696826 0
1738749 1000
1739749 0
1781577 1000
1782577 0
1824874 1000
1825874 0
287 events for C
11568 906
12308 0
21689 906
33099 0
35379 906
50388 0
73695 906
88917 0
96054 906
107431 0
108971 906
125731 0
132725 906
144245 0
147413 906
162413 0
169154 906
181488 0
183028 906
200002 0
206182 906
209088 0
209568 906
218517 0
220797 906
236731 0
243211 906
252288 0
252468 1087
255178 0
258125 906
274059 0
280213 593
285880 0
287899 906
290859 0
295334 593
308895 0
331068 906
337788 0
338868 906
347450 0
353647 906
365628 0
367224 906
381888 0
382368 906
383828 0
390026 906
401970 0
404379 906
420131 0
426405 1714
438273 0
442453 906
443193 1714
479088 0
491868 1714
522288 0
531768 1714
547430 0
549206 906
549946 1714
565660 0
568398 1714
583874 0
590110 1714
597888 0
598368 906
602108 0
603677 906
620309 0
626489 906
637899 0
640179 906
646488 0
647268 906
655188 0
678599 906
693712 0
699897 906
712231 0
713771 906
730745 0
736925 906
749259 0
753039 906
766274 0
773954 906
786288 0
787828 906
791988 0
833954 906
841831 0
848011 906
855852 0
861928 906
878088 0
885039 1600
895180 0
900278 1500
906536 0
907598 1500
909940 0
935868 906
952267 0
958447 906
963667 0
964147 906
966888 0
974246 906
975003 1500
980278 0
981603 1500
986888 0
994826 906
1006835 0
1009115 906
1025025 0
1031205 906
1043214 0
1046974 906
1061284 0
1067584 906
1079591 0
1081873 906
1094688 0
1095168 906
1097783 0
1103963 906
1115972 0
1118252 906
1134162 0
1135702 906
1152290 0
1158531 906
1170481 0
1172821 906
1188730 0
1194910 906
1206920 0
1208460 906
1225109 0
1231289 906
1242699 0
1247375 1500
1251390 0
1253075 1500
1257100 0
1275468 906
1278588 0
1285668 215
1297188 0
1319611 906
1335331 0
1341725 906
1354059 0
1356339 906
1372574 0
1378754 906
1391088 0
1392628 906
1409602 0
1415782 906
1428117 0
1430397 906
1446631 0
1452811 906
1465145 0
1466685 906
1483659 0
1489839 906
1501574 0
1503854 906
1519188 0
1534668 906
1538868 0
1541157 906
1557067 0
1563247 906
1575256 0
1576796 906
1593446 0
1599626 906
1611635 0
1613915 906
1629825 0
1636005 906
1648014 0
1651797 906
1666062 0
1672384 906
1684369 0
1686695 906
1702583 0
1708763 906
1720772 0
1723052 906
1738962 0
1740502 906
1757151 0
1763331 906
1775341 0
1777621 906
1791288 0
1799710 906
1810030 0
1813560 906
1829720 0
1836089 906
1847499 0
1849779 906
1864788 0
1879968 1087
1882678 0
1889198 906
1903102 0
1909282 215
1920702 0
1960604 906
1976731 0
1982911 906
1995318 0
1997418 906
2013239 0
2019725 906
2031587 0
2033495 906
2044308 0
2045268 906
2050356 0
2056539 906
2068766 0
2071047 906
2087174 0
2093354 906
2105033 0
2107590 906
2123443 0
2139468 906
2143188 0
2145879 906
2161709 0
2167889 906
2174688 0
2175168 906
2179488 0
2181601 906
2188026 0
2189028 906
2197682 0
2204110 906
2215850 0
2218668 1714
2233968 0
2240511 1714
2252211 0
2256814 1714
2260308 0
2260473 906
2270328 0
2276552 906
2288479 0
2290766 906
2304288 0
2304768 1714
2305804 0
2312773 1714
2314153 0
2315268 1714
2316267 0
2317068 1714
2317548 0
2317938 1714
2318538 0
2319908 1714
2322435 0
2326468 906
2327208 1714
2342388 0
2435807 906
2436727 593
2450648 0
2457717 593
2468758 0
2527888 906
2544588 0
2 events for D
1866698 0
1866699 2650
20 events for E
52419 700
52464 0
70579 600
70759 1300
310839 700
310884 0
329779 600
329899 1300
657399 700
657444 0
675199 1300
916998 0
934399 1300
1262598 0
1273999 1950
1521798 0
1533199 1950
1867398 0
1867400 1944
2483599 1300
312 events for F
333344 117965
333434 125479
334715 7514
335075 0
471014 3372
476195 0
496214 3372
504575 0
513614 3372
518975 0
541214 3372
544175 0
547092 3372
562893 0
703124 117965
703214 121337
704735 3372
704984 121337
706535 3372
706775 0
711567 117965
711657 121337
712998 3372
718827 121337
720198 3372
722418 0
732181 117965
732271 121337
733792 3372
737641 121337
739192 3372
739432 0
939014 3372
939884 121337
942635 3372
943484 121337
946175 3372
947075 0
953703 117965
953793 121337
955254 3372
955563 121337
957114 3372
960954 0
1308164 19661
1308254 25951
1310015 6290
1310804 25951
1312655 6290
1313195 0
1316504 19661
1316594 25951
1318355 6290
1319144 25951
1320995 6290
1321964 25951
1323815 6290
1324544 25951
1326395 6290
1327364 25951
1329215 6290
1329944 25951
1331795 6290
1332335 0
1337084 19661
1337174 25951
1338935 6290
1339064 25951
1340915 6290
1341284 25951
1343135 6290
1343264 25951
1345115 6290
1345484 25951
1347335 6290
1347464 25951
1349310 6290
1349315 0
1353395 117965
1353485 124709
1354946 6744
1369646 0
1374010 117965
1374100 124709
1375561 6744
1388341 0
1390424 117965
1390514 124709
1391975 6744
1404755 0
1540424 19661
1540514 25951
1542275 6290
1542404 25951
1544255 6290
1544624 25951
1546475 6290
1546604 25951
1548455 6290
1548824 25951
1550675 6290
1550804 25951
1552650 6290
1552655 0
1558604 19661
1558694 25951
1559555 6290
1559684 25951
1560635 6290
1561004 25951
1561955 6290
1562204 25951
1563155 6290
1563404 25951
1564355 6290
1564484 25951
1565435 6290
1565440 0
1567124 117965
1567214 124709
1568735 6744
1570740 0
1570784 117965
1572395 6744
1572455 0
1574592 117965
1574682 124709
1576203 6744
1580008 0
1580052 117965
1581663 6744
1587123 0
1594882 117965
1594972 124709
1596493 6744
1598498 0
1598542 117965
1600153 6744
1605313 0
1611061 6290
1621822 0
1631351 6290
1642112 0
1649683 6290
1653244 0
1891124 58982
1893875 7514
1897389 0
1904538 58982
1904628 66496
1905969 7514
1906278 66496
1907709 7514
1907958 66496
1909389 7514
1909638 66496
1911069 7514
1911318 66496
1912749 7514
1912759 0
1957660 58982
1957750 66496
1959091 7514
1959520 66496
1960951 7514
1961320 66496
1962751 7514
1963120 66496
1964551 7514
1964920 66496
1966351 7514
1966720 66496
1968151 7514
1968520 66496
1969951 7514
1970320 66496
1971751 7514
1972120 66496
1973551 7514
1973981 0
1978167 58982
1978257 66496
1979598 7514
1980027 66496
1981458 7514
1981827 66496
1983258 7514
1983627 66496
1985058 7514
1985427 66496
1986858 7514
1987227 66496
1988658 7514
1989027 66496
1990458 7514
1990827 66496
1992258 7514
1992388 0
1994474 58982
1994564 66496
1996025 7514
1996094 66496
1997645 7514
1997714 66496
1999145 7514
1999150 0
2042414 7514
2047595 0
2053385 7514
2066006 0
2068193 7514
2084414 0
2163164 58982
2163254 66496
2164595 7514
2165024 66496
2166455 7514
2166815 0
2167124 58982
2167214 66496
2168555 7514
2168804 66496
2170235 7514
2170544 66496
2171975 7514
2171980 0
2258324 58982
2258414 66496
2259755 7514
2259824 66496
2261255 7514
2261324 66496
2262755 7514
2262824 66496
2264255 7514
2264324 66496
2265755 7514
2265824 66496
2267255 7514
2267615 0
2271809 58982
2271899 66496
2273240 7514
2273669 66496
2275100 7514
2275469 66496
2276900 7514
2277269 58982
2278700 7514
2279069 66496
2280500 7514
2280869 58982
2282300 7514
2282669 66496
2284100 7514
2284289 66496
2285720 7514
2285725 0
2287822 58982
2287912 66496
2289253 7514
2289502 66496
2290933 7514
2291182 66496
2292613 7514
2292862 66496
2294293 7514
2294542 66496
2295973 7514
2296222 66496
2297653 7514
2297902 66496
2299333 7514
2299582 66496
2301013 7514
2301558 0
2491274 7514
2502240 0
2509484 58982
2509574 66496
2510295 7514
2510384 66496
2511195 7514
2511524 66496
2512335 7514
2512424 66496
2513235 7514
2513564 66496
2514375 7514
2514464 66496
2515275 7514
2515784 66496
2516595 7514
2516684 66496
2517495 7514
2517824 66496
2518635 7514
2518724 66496
2519535 7514
2519864 66496
2520675 7514
2520764 66496
2521575 7514
2521580 0
2525684 58982
2525774 65726
2530895 6744
2536544 65726
2541755 6744
2541875 0
2546153 58982
2546243 65726
52 events for G
117473 42873674
117478 0
139073 60808152
139078 0
225473 123650191
225478 0
247073 112353360
247078 0
268673 191051956
268678 0
290273 148359728
290278 0
951113 92231261
951118 0
981473 67412016
981478 0
1290160 67429102
1290165 0
1635760 42866846
1635765 0
1657360 36098616
1657365 0
1786960 15230225
1786965 0
1808560 42774218
1808565 0
1830160 51729687
1830165 0
1850066 67442760
1850071 0
1910213 51185344
1910218 0
1975013 36088368
1975018 0
2018213 46317017
2018218 0
2083013 62132584
2083018 0
2169413 55765577
2169418 0
2234213 60879901
2234218 0
2320613 79077832
2320618 0
2342213 48576383
2342218 0
2407013 294648376
2407018 0
2428613 296678458
2428618 0
2450213 98892820
2450218 0
20 events for H
52033 700
52078 0
70193 600
70373 1300
310453 700
310498 0
329393 600
329513 1300
657013 700
657058 0
674813 1300
916612 0
934013 1300
1262212 0
1273613 1950
1521412 0
1532813 1950
1867012 0
1867014 1944
2483213 1300
310 events for I
336775 117965
336865 125479
338146 7514
338506 0
474445 3372
479626 0
499645 3372
508006 0
517045 3372
522406 0
544645 3372
547606 0
550523 3372
566324 0
706555 117965
706645 121337
708166 3372
708415 121337
709966 3372
710206 0
714998 117965
715088 121337
716429 3372
722258 121337
723629 3372
725849 0
735612 117965
735702 121337
737223 3372
741072 121337
742623 3372
742863 0
942445 3372
943315 121337
946066 3372
946915 121337
949606 3372
950506 0
957134 117965
957224 121337
958685 3372
958994 121337
960545 3372
964385 0
1311595 19661
1311685 25951
1313446 6290
1314235 25951
1316086 6290
1316626 0
1319935 19661
1320025 25951
1321786 6290
1322575 25951
1324426 6290
1325395 25951
1327246 6290
1327975 25951
1329826 6290
1330795 25951
1332646 6290
1333375 25951
1335226 6290
1335766 0
1340515 19661
1340605 25951
1342366 6290
1342495 25951
1344346 6290
1344715 25951
1346566 6290
1346695 25951
1348546 6290
1348915 25951
1350766 6290
1350895 25951
1352741 6290
1352746 0
1356826 117965
1356916 124709
1358377 6744
1373077 0
1377441 117965
1377531 124709
1378992 6744
1391772 0
1393855 117965
1393945 124709
1395406 6744
1408186 0
1543855 19661
1543945 25951
1545706 6290
1545835 25951
1547686 6290
1548055 25951
1549906 6290
1550035 25951
1551886 6290
1552255 25951
1554106 6290
1554235 25951
1556081 6290
1556086 0
1562035 19661
1562125 25951
1562986 6290
1563115 25951
1564066 6290
1564435 25951
1565386 6290
1565635 25951
1566586 6290
1566835 25951
1567786 6290
1567915 25951
1568866 6290
1568871 0
1570555 117965
1570645 124709
1572166 6744
1574171 0
1574215 117965
1575826 6744
1575886 0
1578023 117965
1578113 124709
1579634 6744
1583439 0
1583483 117965
1585094 6744
1590554 0
1598313 117965
1598403 124709
1599924 6744
1601929 0
1601973 117965
1603584 6744
1608744 0
1614492 6290
1625253 0
1634782 6290
1645543 0
1653114 6290
1656675 0
1894555 58982
1897306 7514
1900820 0
1907969 58982
1908059 66496
1909400 7514
1909709 66496
1911140 7514
1911389 66496
1912820 7514
1913069 66496
1914500 7514
1914749 66496
1916180 7514
1916190 0
1961091 58982
1961181 66496
1962522 7514
1962951 66496
1964382 7514
1964751 66496
1966182 7514
1966551 66496
1967982 7514
1968351 66496
1969782 7514
1970151 66496
1971582 7514
1971951 66496
1973382 7514
1973751 66496
1975182 7514
1975551 66496
1976982 7514
1977412 0
1981598 58982
1981688 66496
1983029 7514
1983458 66496
1984889 7514
1985258 66496
1986689 7514
1987058 66496
1988489 7514
1988858 66496
1990289 7514
1990658 66496
1992089 7514
1992458 66496
1993889 7514
1994258 66496
1995689 7514
1995819 0
1997905 58982
1997995 66496
1999456 7514
1999525 66496
2001076 7514
2001145 66496
2002576 7514
2002581 0
2045845 7514
2051026 0
2056816 7514
2069437 0
2071624 7514
2087845 0
2166595 58982
2166685 66496
2168026 7514
2168455 66496
2169886 7514
2170246 0
2170555 58982
2170645 66496
2171986 7514
2172235 66496
2173666 7514
2173975 66496
2175406 7514
2175411 0
2261755 58982
2261845 66496
2263186 7514
2263255 66496
2264686 7514
2264755 66496
2266186 7514
2266255 66496
2267686 7514
2267755 66496
2269186 7514
2269255 66496
2270686 7514
2271046 0
2275240 58982
2275330 66496
2276671 7514
2277100 66496
2278531 7514
2278900 66496
2280331 7514
2280700 58982
2282131 7514
2282500 66496
2283931 7514
2284300 58982
2285731 7514
2286100 66496
2287531 7514
2287720 66496
2289151 7514
2289156 0
2291253 58982
2291343 66496
2292684 7514
2292933 66496
2294364 7514
2294613 66496
2296044 7514
2296293 66496
2297724 7514
2297973 66496
2299404 7514
2299653 66496
2301084 7514
2301333 66496
2302764 7514
2303013 66496
2304444 7514
2304989 0
2494705 7514
2505671 0
2512915 58982
2513005 66496
2513726 7514
2513815 66496
2514626 7514
2514955 66496
2515766 7514
2515855 66496
2516666 7514
2516995 66496
2517806 7514
2517895 66496
2518706 7514
2519215 66496
2520026 7514
2520115 66496
2520926 7514
2521255 66496
2522066 7514
2522155 66496
2522966 7514
2523295 66496
2524106 7514
2524195 66496
2525006 7514
2525011 0
2529115 58982
2529205 65726
2534326 6744
2539975 65726
2545186 6744
2545306 0
82 events for J
5383 1000
6383 0
49715 1000
50715 0
111568 1000
112568 0
173578 1000
174578 0
225246 1000
226246 0
269078 1000
270078 0
312627 1000
313627 0
355970 1000
356970 0
399080 1000
400080 0
441840 1000
442840 0
484389 1000
485389 0
527001 1000
528001 0
569933 1000
570933 0
613303 1000
614303 0
656950 1000
657950 0
700626 1000
701626 0
744357 1000
745357 0
788085 1000
789085 0
832237 1000
833237 0
871276 1000
872276 0
924770 1000
925770 0
965142 1000
966142 0
1011343 1000
1012343 0
1059134 1000
1060134 0
1108642 1000
1109642 0
1156973 1000
1157973 0
1203660 1000
1204660 0
1249823 1000
1250823 0
1294821 1000
1295821 0
1339526 1000
1340526 0
1384443 1000
1385443 0
1429627 1000
1430627 0
1475381 1000
1476381 0
1520716 1000
1521716 0
1564828 1000
1565828 0
1608687 1000
1609687 0
1652265 1000
1653265 0
1695501 1000
1696501 0
1738424 1000
1739424 0
1781252 1000
1782252 0
1824549 1000
1825549 0
287 events for K
8675 906
9415 0
18796 906
30206 0
32486 906
47495 0
70802 906
86024 0
93161 906
104538 0
106078 906
122838 0
129832 906
141352 0
144520 906
159520 0
166261 906
178595 0
180135 906
197109 0
203289 906
206195 0
206675 906
215624 0
217904 906
233838 0
240318 906
249395 0
249575 1087
252285 0
255232 906
271166 0
277320 593
282987 0
285006 906
287966 0
292441 593
306002 0
328175 906
334895 0
335975 906
344557 0
350754 906
362735 0
364331 906
378995 0
379475 906
380935 0
387133 906
399077 0
401486 906
417238 0
423512 1714
435380 0
439560 906
440300 1714
476195 0
488975 1714
519395 0
528875 1714
544537 0
546313 906
547053 1714
562767 0
565505 1714
580981 0
587217 1714
594995 0
595475 906
599215 0
600784 906
617416 0
623596 906
635006 0
637286 906
643595 0
644375 906
652295 0
675706 906
690819 0
697004 906
709338 0
710878 906
727852 0
734032 906
746366 0
750146 906
763381 0
771061 906
783395 0
784935 906
789095 0
831061 906
838938 0
845118 906
852959 0
859035 906
875195 0
882146 1600
892287 0
897385 1500
903643 0
904705 1500
907047 0
932975 906
949374 0
955554 906
960774 0
961254 906
963995 0
971353 906
972110 1500
977385 0
978710 1500
983995 0
991933 906
1003942 0
1006222 906
1022132 0
1028312 906
1040321 0
1044081 906
1058391 0
1064691 906
1076698 0
1078980 906
1091795 0
1092275 906
1094890 0
1101070 906
1113079 0
1115359 906
1131269 0
1132809 906
1149397 0
1155638 906
1167588 0
1169928 906
1185837 0
1192017 906
1204027 0
1205567 906
1222216 0
1228396 906
1239806 0
1244482 1500
1248497 0
1250182 1500
1254207 0
1272575 906
1275695 0
1282775 215
1294295 0
1316718 906
1332438 0
1338832 906
1351166 0
1353446 906
1369681 0
1375861 906
1388195 0
1389735 906
1406709 0
1412889 906
1425224 0
1427504 906
1443738 0
1449918 906
1462252 0
1463792 906
1480766 0
1486946 906
1498681 0
1500961 906
1516295 0
1531775 906
1535975 0
1538264 906
1554174 0
1560354 906
1572363 0
1573903 906
1590553 0
1596733 906
1608742 0
1611022 906
1626932 0
1633112 906
1645121 0
1648904 906
1663169 0
1669491 906
1681476 0
1683802 906
1699690 0
1705870 906
1717879 0
1720159 906
1736069 0
1737609 906
1754258 0
1760438 906
1772448 0
1774728 906
1788395 0
1796817 906
1807137 0
1810667 906
1826827 0
1833196 906
1844606 0
1846886 906
1861895 0
1877075 1087
1879785 0
1886305 906
1900209 0
1906389 215
1917809 0
1957711 906
1973838 0
1980018 906
1992425 0
1994525 906
2010346 0
2016832 906
2028694 0
2030602 906
2041415 0
2042375 906
2047463 0
2053646 906
2065873 0
2068154 906
2084281 0
2090461 906
2102140 0
2104697 906
2120550 0
2136575 906
2140295 0
2142986 906
2158816 0
2164996 906
2171795 0
2172275 906
2176595 0
2178708 906
2185133 0
2186135 906
2194789 0
2201217 906
2212957 0
2215775 1714
2231075 0
2237618 1714
2249318 0
2253921 1714
2257415 0
2257580 906
2267435 0
2273659 906
2285586 0
2287873 906
2301395 0
2301875 1714
2302911 0
2309880 1714
2311260 0
2312375 1714
2313374 0
2314175 1714
2314655 0
2315045 1714
2315645 0
2317015 1714
2319542 0
2323575 906
2324315 1714
2339495 0
2432914 906
2433834 593
2447755 0
2454824 593
2465865 0
2524995 906
2541695 0
2 events for L
1865735 0
1865736 2650
0 events for M

61 events for N
49235 0
49475 305
653675 0
654275 305
1258475 0
1259075 330
1863275 0
1878155 20
1878335 0
1880495 20
1880675 0
1880735 126
1906655 0
1907315 20
1907495 0
1909655 20
1909835 0
1909895 218
1924955 0
1925615 20
1925795 0
1927955 20
1928135 0
1928195 32
2065715 28
2066015 0
2066675 20
2066855 0
2069015 20
2069195 0
2069255 201
2096195 28
2096495 0
2096555 20
2096735 203
2122775 0
2135135 20
2135315 0
2137475 20
2137655 0
2137715 36
2156795 0
2157455 20
2157635 0
2159795 20
2159975 0
2160035 36
2179115 0
2179775 20
2179955 0
2182115 20
2182295 0
2182355 36
2211575 0
2407535 20
2407715 0
2409875 20
2410055 0
2410115 12
2468375 0
2468675 330
60 events for O
12796 487
68475 2414
86204 487
90404 2414
98375 487
143915 2414
159700 487
348954 2414
356375 487
385378 2414
417418 487
437601 2414
439441 487
595475 2414
617596 487
621799 2414
643775 487
673275 2414
690999 487
695206 2414
702875 487
789575 2414
802029 487
806289 2414
839118 487
1006222 2414
1022312 487
1026512 2414
1058571 487
1062951 2414
1091975 487
1133549 2414
1149577 487
1153838 2414
1178375 1285
1279189 2414
1281029 1285
1286082 2414
1295804 1285
1300004 2414
1307804 1285
1415975 2414
1443918 1285
1448118 2414
1459175 1285
1485146 2414
1516475 1285
1529675 2414
1540064 1285
1647201 2414
1649041 1285
1653575 2414
1663349 1285
1667712 2414
1696775 2057
1863875 0
1863876 2414
2468675 1772
2488682 2414
2490522 1772
60 events for P
13200 487
68879 2414
86608 487
90808 2414
98779 487
144319 2414
160104 487
349358 2414
356779 487
385782 2414
417822 487
438005 2414
439845 487
595879 2414
618000 487
622203 2414
644179 487
673679 2414
691403 487
695610 2414
703279 487
789979 2414
802433 487
806693 2414
839522 487
1006626 2414
1022716 487
1026916 2414
1058975 487
1063355 2414
1092379 487
1133953 2414
1149981 487
1154242 2414
1178779 1285
1279593 2414
1281433 1285
1286486 2414
1296208 1285
1300408 2414
1308208 1285
1416379 2414
1444322 1285
1448522 2414
1459579 1285
1485550 2414
1516879 1285
1530079 2414
1540468 1285
1647605 2414
1649445 1285
1653979 2414
1663753 1285
1668116 2414
1697179 2057
1864279 0
1864280 2414
2469079 1772
2489086 2414
2490926 1772
