16 instruments
A 10 100 7152.7561699728749 2794045378.8956542
B 10 100 157159.98672976866 607777468.940395
C 10 100 1991925.5289842244 689098561.3783263
D 10 100 1538660356.7547786 4054547831.9712734
E 10 100 1517960000 4000000000
F 10 100 815344000 7516190000
G 10 100 0 888000000
H 10 100 2238.0782914523293 612647607.58318675
I 10 100 177168740.44080633 781629408.46013641
J 10 100 50290700 1600000000
K 10 100 22018.298358889329 159480658.09969637
L 10 100 2665037.1650940888 921958803.05957663
M 10 100 22090 160000000
N 10 100 192158478.34180248 847760826.1096437
O 10 100 0 275897579.9041419
P 10 100 376310 320000000
140 downlinks
0 230 26089 8910.3347130000002
1 69275 89272 9263.3037550000008
2 92381 98613 8194.1372179999998
3 110326 122989 8812.3468479999992
4 141822 143653 28513.272391999999
5 170497 174658 29797.943813000002
6 178689 213521 9287.2106050000002
7 213522 224274 9493.8769009999996
8 227678 263758 29841.66733
9 264997 269675 9031.5484039999992
10 328475 340105 27058.173078
11 342214 345771 27764.822221999999
12 349714 366316 8866.3210920000001
13 378201 390361 30200.423556999998
14 393473 398317 9259.4321029999992
15 402509 426580 9457.3783449999992
16 428309 432137 29542.407908000001
17 437615 452458 8564.5545529999999
18 461609 484278 9335.3412189999999
19 486805 515531 27874.981927000001
20 523925 566080 30587.746092000001
21 566081 610233 9231.3874039999992
22 610234 626452 8609.2624169999999
23 627801 644033 8689.6108280000008
24 652386 654433 26609.79682
25 674075 693680 8915.2263710000007
26 696545 726495 9094.9622560000007
27 726496 744210 8333.9255690000009
28 744792 751133 27500.430241999999
29 765210 781563 8601.7316499999997
30 782856 817769 9100.8958739999998
31 831487 844776 9427.4328960000003
32 847747 858159 27243.904355999999
33 860587 882307 8431.3051790000009
34 911303 913625 27636.251289
35 933275 952563 8831.2619180000002
36 953671 970270 8966.6639699999996
37 977882 983633 54396.705881000002
38 987425 1001453 58970.262822999997
39 1004038 1033077 57826.355975999999
40 1033078 1043822 17374.699861000001
41 1059178 1085969 57611.601310999999
42 1086178 1118258 59023.283414999998
43 1119000 1124750 55193.106121999997
44 1128106 1170223 25530.421285
45 1170224 1214419 29269.697155999998
46 1214420 1218510 16830.732371999999
47 1231668 1246335 28226.256141999998
48 1248665 1251216 60093.408818999997
49 1291663 1321362 58272.632834999997
50 1321363 1328637 61499.660580999996
51 1342840 1364137 28538.149495000001
52 1377685 1383507 18090.695755000001
53 1387050 1402262 23661.293665000001
54 1404159 1432113 28757.617953000001
55 1432114 1474410 56137.919716999997
56 1475554 1492448 23437.772314999998
57 1507654 1520294 55980.942202999999
58 1533509 1547361 60635.164006999999
59 1550249 1581176 23619.145155999999
60 1601769 1610035 53049.165158000003
61 1612644 1635803 23042.764167000001
62 1635804 1640256 53421.323553000002
63 1643692 1648372 23396.302264000002
64 1651944 1664848 22759.633384000001
65 1688080 1692679 53785.922146999997
66 1703839 1720293 23595.771228000001
67 1722600 1729257 17076.713232999999
68 1732315 1767438 24932.393585000002
69 1767439 1777662 29494.590024000001
70 1780694 1786566 55821.075068999999
71 1789934 1807223 22968.383259999999
72 1808294 1812475 57490.653299999998
73 1830667 1835727 25500.801521000001
74 1877675 1901061 24904.219582000002
75 1904951 1909019 26817.789122999999
76 1921329 1951392 30236.225505999999
77 1954623 1975014 64968.303881
78 1981285 1987614 18980.648960999999
79 1991269 2032235 26276.326033000001
80 2033328 2075612 30209.873796
81 2077589 2081851 26595.764298999999
82 2112418 2119398 25812.000550000001
83 2138813 2150072 26242.243616
84 2153573 2157292 60521.572561000001
85 2165213 2182006 25759.527445
86 2196713 2208971 62910.21802
87 2212368 2246154 62402.514213000002
88 2250231 2262896 26087.487331
89 2278908 2296389 30312.554313000001
90 2303803 2315435 61079.659066
91 2326303 2338193 18673.221132999999
92 2341063 2343968 64240.288658999998
93 2348705 2358281 31143.729536999999
94 2362745 2373172 31955.262932000001
95 2378585 2417619 32548.652656999999
96 2422874 2433113 26591.031461999999
97 2438797 2448637 31032.775088999999
98 2482475 2503414 26518.557602000001
99 2509196 2513748 27135.491309000001
100 2546492 2554449 30548.763144
101 2584895 2599227 61173.218094999997
102 2601986 2613197 25727.776897
103 2616459 2634963 60685.825332
104 2637534 2669078 31943.127114999999
105 2671281 2688734 26854.269729
106 2693359 2699369 60653.754335999998
107 2741675 2762686 25877.051024
108 2768169 2772987 26858.741764999999
109 2783776 2804097 30730.334417999999
110 2810170 2849164 64710.467042999997
111 2854493 2867280 26821.553663999999
112 2870770 2890002 30352.900559999998
113 2898763 2902619 62069.510897
114 2929865 2950755 24941.171042000002
115 2952425 2979426 64615.886477
116 2982808 3024989 29824.478802000001
117 3027146 3032386 25807.814231
118 3053459 3065205 30500.246913999999
119 3069127 3073478 63784.759174999999
120 3087275 3106929 26887.570243999999
121 3113473 3118589 26801.861517000001
122 3141669 3151371 30816.996993000001
123 3188748 3196245 30054.646581000001
124 3199802 3241768 25083.168038
125 3241769 3272974 31964.981436999999
126 3275142 3299827 26020.402946999999
127 3328091 3332595 65210.357319000002
128 3346475 3357999 26020.533994000001
129 3361237 3371654 25744.512599999998
130 3375545 3390392 62740.845427
131 3414414 3417800 59751.354583
132 3422285 3435015 26793.545150000002
133 3442565 3451727 25803.846627999999
134 3458789 3469977 25578.956714
135 3473731 3501295 37319.959895
136 3533725 3559855 26914.434292999998
137 3562585 3584304 37696.254029999996
138 3587061 3591813 40703.395508000001
139 3605675 3625544 25449.31221
0 opportunities for A
0 opportunities for B
0 opportunities for C
0 opportunities for D
0 opportunities for E
0 opportunities for F
0 opportunities for G
0 opportunities for H
0 opportunities for I
0 opportunities for J
0 opportunities for K
0 opportunities for L
0 opportunities for M
0 opportunities for N
0 opportunities for O
0 opportunities for P
1552 events for A
15181 12910592
15182 0
15441 12910592
15442 0
16021 12910592
16022 0
16281 12910592
16282 0
32771 12910592
32772 0
33031 12910592
33032 0
33611 12910592
33612 0
33871 12910592
33872 0
50060 12910592
50061 0
50320 12910592
50321 0
50900 12910592
50901 0
51160 12910592
51161 0
68960 12910592
68961 0
69190 12910592
69191 0
69730 12910592
69731 0
69960 12910592
69961 0
88589 12910592
88590 0
88849 12910592
88850 0
89429 12910592
89430 0
89689 12910592
89690 0
107103 12910592
107104 0
107363 12910592
107364 0
107943 12910592
107944 0
108203 12910592
108204 0
125617 12910592
125618 0
125877 12910592
125878 0
126457 12910592
126458 0
126717 12910592
126718 0
144131 12910592
144132 0
144391 12910592
144392 0
144971 12910592
144972 0
145231 12910592
145232 0
162646 12910592
162647 0
162906 12910592
162907 0
163486 12910592
163487 0
163746 12910592
163747 0
181160 12910592
181161 0
181420 12910592
181421 0
182000 12910592
182001 0
182260 12910592
182261 0
199674 12910592
199675 0
199934 12910592
199935 0
200514 12910592
200515 0
200774 12910592
200775 0
218189 12910592
218190 0
218449 12910592
218450 0
219029 12910592
219030 0
219289 12910592
219290 0
236703 12910592
236704 0
236963 12910592
236964 0
237543 12910592
237544 0
237803 12910592
237804 0
255217 12910592
255218 0
255477 12910592
255478 0
256057 12910592
256058 0
256317 12910592
256318 0
273731 12910592
273732 0
273991 12910592
273992 0
274571 12910592
274572 0
274831 12910592
274832 0
291646 12910592
291647 0
291906 12910592
291907 0
292486 12910592
292487 0
292746 12910592
292747 0
309260 12910592
309261 0
309520 12910592
309521 0
310100 12910592
310101 0
310360 12910592
310361 0
328160 12910592
328161 0
328420 12910592
328421 0
329000 12910592
329001 0
329260 12910592
329261 0
347139 12910592
347140 0
347399 12910592
347400 0
347979 12910592
347980 0
348239 12910592
348240 0
365328 12910592
365329 0
365588 12910592
365589 0
366168 12910592
366169 0
366428 12910592
366429 0
383518 12910592
383519 0
383778 12910592
383779 0
384358 12910592
384359 0
384618 12910592
384619 0
401707 12910592
401708 0
401967 12910592
401968 0
402547 12910592
402548 0
402807 12910592
402808 0
419897 12910592
419898 0
420157 12910592
420158 0
420737 12910592
420738 0
420997 12910592
420998 0
438086 12910592
438087 0
438316 12910592
438317 0
438856 12910592
438857 0
439086 12910592
439087 0
525260 12910592
525261 0
525520 12910592
525521 0
526100 12910592
526101 0
526360 12910592
526361 0
547223 12910592
547224 0
547483 12910592
547484 0
548063 12910592
548064 0
548323 12910592
548324 0
565413 12910592
565414 0
565673 12910592
565674 0
566253 12910592
566254 0
566513 12910592
566514 0
583602 12910592
583603 0
583862 12910592
583863 0
584442 12910592
584443 0
584702 12910592
584703 0
601792 12910592
601793 0
602052 12910592
602053 0
602632 12910592
602633 0
602892 12910592
602893 0
619981 12910592
619982 0
620241 12910592
620242 0
620821 12910592
620822 0
621081 12910592
621082 0
637571 12910592
637572 0
637831 12910592
637832 0
638411 12910592
638412 0
638671 12910592
638672 0
654860 12910592
654861 0
655120 12910592
655121 0
655700 12910592
655701 0
655960 12910592
655961 0
673760 12910592
673761 0
673990 12910592
673991 0
674530 12910592
674531 0
674760 12910592
674761 0
693389 12910592
693390 0
693649 12910592
693650 0
694229 12910592
694230 0
694489 12910592
694490 0
711903 12910592
711904 0
712163 12910592
712164 0
712743 12910592
712744 0
713003 12910592
713004 0
730417 12910592
730418 0
730677 12910592
730678 0
731257 12910592
731258 0
731517 12910592
731518 0
748931 12910592
748932 0
749191 12910592
749192 0
749771 12910592
749772 0
750031 12910592
750032 0
767446 12910592
767447 0
767706 12910592
767707 0
768286 12910592
768287 0
768546 12910592
768547 0
785960 12910592
785961 0
786220 12910592
786221 0
786800 12910592
786801 0
787060 12910592
787061 0
804474 12910592
804475 0
804734 12910592
804735 0
805314 12910592
805315 0
805574 12910592
805575 0
822989 12910592
822990 0
823249 12910592
823250 0
823829 12910592
823830 0
824089 12910592
824090 0
841503 12910592
841504 0
841763 12910592
841764 0
842343 12910592
842344 0
842603 12910592
842604 0
860017 12910592
860018 0
860277 12910592
860278 0
860857 12910592
860858 0
861117 12910592
861118 0
878531 12910592
878532 0
878791 12910592
878792 0
879371 12910592
879372 0
879631 12910592
879632 0
896446 12910592
896447 0
896706 12910592
896707 0
897286 12910592
897287 0
897546 12910592
897547 0
914060 12910592
914061 0
914320 12910592
914321 0
914900 12910592
914901 0
915160 12910592
915161 0
932960 12910592
932961 0
933220 12910592
933221 0
933800 12910592
933801 0
934060 12910592
934061 0
951939 12910592
951940 0
952199 12910592
952200 0
952779 12910592
952780 0
953039 12910592
953040 0
970128 12910592
970129 0
970388 12910592
970389 0
970968 12910592
970969 0
971228 12910592
971229 0
988318 12910592
988319 0
988578 12910592
988579 0
989158 12910592
989159 0
989418 12910592
989419 0
1006507 12910592
1006508 0
1006767 12910592
1006768 0
1007347 12910592
1007348 0
1007607 12910592
1007608 0
1024697 12910592
1024698 0
1024957 12910592
1024958 0
1025537 12910592
1025538 0
1025797 12910592
1025798 0
1042886 12910592
1042887 0
1043116 12910592
1043117 0
1043656 12910592
1043657 0
1043886 12910592
1043887 0
1061076 12910592
1061077 0
1061336 12910592
1061337 0
1061916 12910592
1061917 0
1062176 12910592
1062177 0
1079265 12910592
1079266 0
1079525 12910592
1079526 0
1080105 12910592
1080106 0
1080365 12910592
1080366 0
1097455 12910592
1097456 0
1097715 12910592
1097716 0
1098295 12910592
1098296 0
1098555 12910592
1098556 0
1115644 12910592
1115645 0
1115904 12910592
1115905 0
1116484 12910592
1116485 0
1116744 12910592
1116745 0
1133834 12910592
1133835 0
1134094 12910592
1134095 0
1134674 12910592
1134675 0
1134934 12910592
1134935 0
1152023 12910592
1152024 0
1152283 12910592
1152284 0
1152863 12910592
1152864 0
1153123 12910592
1153124 0
1170213 12910592
1170214 0
1170473 12910592
1170474 0
1171053 12910592
1171054 0
1171313 12910592
1171314 0
1188402 12910592
1188403 0
1188662 12910592
1188663 0
1189242 12910592
1189243 0
1189502 12910592
1189503 0
1206592 12910592
1206593 0
1206852 12910592
1206853 0
1207432 12910592
1207433 0
1207692 12910592
1207693 0
1224781 12910592
1224782 0
1225041 12910592
1225042 0
1225621 12910592
1225622 0
1225881 12910592
1225882 0
1242371 12910592
1242372 0
1242631 12910592
1242632 0
1243211 12910592
1243212 0
1243471 12910592
1243472 0
1259660 12910592
1259661 0
1259920 12910592
1259921 0
1260500 12910592
1260501 0
1260760 12910592
1260761 0
1279674 12910592
1279675 0
1279904 12910592
1279905 0
1280444 12910592
1280445 0
1280674 12910592
1280675 0
1298189 12910592
1298190 0
1298449 12910592
1298450 0
1299029 12910592
1299030 0
1299289 12910592
1299290 0
1316703 12910592
1316704 0
1316963 12910592
1316964 0
1317543 12910592
1317544 0
1317803 12910592
1317804 0
1335217 12910592
1335218 0
1335477 12910592
1335478 0
1336057 12910592
1336058 0
1336317 12910592
1336318 0
1353731 12910592
1353732 0
1353991 12910592
1353992 0
1354571 12910592
1354572 0
1354831 12910592
1354832 0
1372246 12910592
1372247 0
1372506 12910592
1372507 0
1373086 12910592
1373087 0
1373346 12910592
1373347 0
1390760 12910592
1390761 0
1391020 12910592
1391021 0
1391600 12910592
1391601 0
1391860 12910592
1391861 0
1409274 12910592
1409275 0
1409534 12910592
1409535 0
1410114 12910592
1410115 0
1410374 12910592
1410375 0
1427789 12910592
1427790 0
1428049 12910592
1428050 0
1428629 12910592
1428630 0
1428889 12910592
1428890 0
1446303 12910592
1446304 0
1446563 12910592
1446564 0
1447143 12910592
1447144 0
1447403 12910592
1447404 0
1464817 12910592
1464818 0
1465077 12910592
1465078 0
1465657 12910592
1465658 0
1465917 12910592
1465918 0
1483331 12910592
1483332 0
1483591 12910592
1483592 0
1484171 12910592
1484172 0
1484431 12910592
1484432 0
1501246 12910592
1501247 0
1501506 12910592
1501507 0
1502086 12910592
1502087 0
1502346 12910592
1502347 0
1518860 12910592
1518861 0
1519120 12910592
1519121 0
1519700 12910592
1519701 0
1519960 12910592
1519961 0
1538549 12910592
1538550 0
1538809 12910592
1538810 0
1539389 12910592
1539390 0
1539649 12910592
1539650 0
1556739 12910592
1556740 0
1556999 12910592
1557000 0
1557579 12910592
1557580 0
1557839 12910592
1557840 0
1574928 12910592
1574929 0
1575188 12910592
1575189 0
1575768 12910592
1575769 0
1576028 12910592
1576029 0
1593118 12910592
1593119 0
1593378 12910592
1593379 0
1593958 12910592
1593959 0
1594218 12910592
1594219 0
1611307 12910592
1611308 0
1611567 12910592
1611568 0
1612147 12910592
1612148 0
1612407 12910592
1612408 0
1629497 12910592
1629498 0
1629757 12910592
1629758 0
1630337 12910592
1630338 0
1630597 12910592
1630598 0
1647686 12910592
1647687 0
1647916 12910592
1647917 0
1648456 12910592
1648457 0
1648686 12910592
1648687 0
1665876 12910592
1665877 0
1666136 12910592
1666137 0
1666716 12910592
1666717 0
1666976 12910592
1666977 0
1684065 12910592
1684066 0
1684325 12910592
1684326 0
1684905 12910592
1684906 0
1685165 12910592
1685166 0
1702255 12910592
1702256 0
1702515 12910592
1702516 0
1703095 12910592
1703096 0
1703355 12910592
1703356 0
1720444 12910592
1720445 0
1720704 12910592
1720705 0
1721284 12910592
1721285 0
1721544 12910592
1721545 0
1738634 12910592
1738635 0
1738894 12910592
1738895 0
1739474 12910592
1739475 0
1739734 12910592
1739735 0
1756823 12910592
1756824 0
1757083 12910592
1757084 0
1757663 12910592
1757664 0
1757923 12910592
1757924 0
1775013 12910592
1775014 0
1775273 12910592
1775274 0
1775853 12910592
1775854 0
1776113 12910592
1776114 0
1793202 12910592
1793203 0
1793462 12910592
1793463 0
1794042 12910592
1794043 0
1794302 12910592
1794303 0
1811392 12910592
1811393 0
1811652 12910592
1811653 0
1812232 12910592
1812233 0
1812492 12910592
1812493 0
1829581 12910592
1829582 0
1829841 12910592
1829842 0
1830421 12910592
1830422 0
1830681 12910592
1830682 0
1847171 12910592
1847172 0
1847431 12910592
1847432 0
1848011 12910592
1848012 0
1848271 12910592
1848272 0
1864460 12910592
1864461 0
1864720 12910592
1864721 0
1865300 12910592
1865301 0
1865560 12910592
1865561 0
1884308 215177
1884368 0
1884538 215177
1884598 0
1885078 215177
1885138 0
1885308 215177
1885368 0
1902715 215177
1902775 0
1902975 215177
1903035 0
1903555 215177
1903615 0
1903815 215177
1903875 0
1921122 215177
1921182 0
1921382 215177
1921442 0
1921962 215177
1922022 0
1922222 215177
1922282 0
1939530 215177
1939590 0
1939790 215177
1939850 0
1940370 215177
1940430 0
1940630 215177
1940690 0
1957937 215177
1957997 0
1958197 215177
1958257 0
1958777 215177
1958837 0
1959037 215177
1959097 0
1976344 215177
1976404 0
1976604 215177
1976664 0
1977184 215177
1977244 0
1977444 215177
1977504 0
1994751 215177
1994811 0
1995011 215177
1995071 0
1995591 215177
1995651 0
1995851 215177
1995911 0
2013158 215177
2013218 0
2013418 215177
2013478 0
2013998 215177
2014058 0
2014258 215177
2014318 0
2031565 215177
2031625 0
2031825 215177
2031885 0
2032405 215177
2032465 0
2032665 215177
2032725 0
2049972 215177
2050032 0
2050232 215177
2050292 0
2050812 215177
2050872 0
2051072 215177
2051132 0
2068380 215177
2068440 0
2068640 215177
2068700 0
2069220 215177
2069280 0
2069480 215177
2069540 0
2086787 215177
2086847 0
2087047 215177
2087107 0
2087627 215177
2087687 0
2087887 215177
2087947 0
2105194 215177
2105254 0
2105454 215177
2105514 0
2106034 215177
2106094 0
2106294 215177
2106354 0
2123601 215177
2123661 0
2123861 215177
2123921 0
2124441 215177
2124501 0
2124701 215177
2124761 0
2143212 215177
2143272 0
2143472 215177
2143532 0
2144052 215177
2144112 0
2144312 215177
2144372 0
2161322 215177
2161382 0
2161582 215177
2161642 0
2162162 215177
2162222 0
2162422 215177
2162482 0
2179433 215177
2179493 0
2179693 215177
2179753 0
2180273 215177
2180333 0
2180533 215177
2180593 0
2197543 215177
2197603 0
2197803 215177
2197863 0
2198383 215177
2198443 0
2198643 215177
2198703 0
2215654 215177
2215714 0
2215914 215177
2215974 0
2216494 215177
2216554 0
2216754 215177
2216814 0
2233764 215177
2233824 0
2234024 215177
2234084 0
2234604 215177
2234664 0
2234864 215177
2234924 0
2251875 215177
2251935 0
2252105 215177
2252165 0
2252645 215177
2252705 0
2252875 215177
2252935 0
2269985 215177
2270045 0
2270245 215177
2270305 0
2270825 215177
2270885 0
2271085 215177
2271145 0
2288096 215177
2288156 0
2288356 215177
2288416 0
2288936 215177
2288996 0
2289196 215177
2289256 0
2306206 215177
2306266 0
2306466 215177
2306526 0
2307046 215177
2307106 0
2307306 215177
2307366 0
2324317 215177
2324377 0
2324577 215177
2324637 0
2325157 215177
2325217 0
2325417 215177
2325477 0
2342427 215177
2342487 0
2342687 215177
2342747 0
2343267 215177
2343327 0
2343527 215177
2343587 0
2360538 215177
2360598 0
2360798 215177
2360858 0
2361378 215177
2361438 0
2361638 215177
2361698 0
2378648 215177
2378708 0
2378908 215177
2378968 0
2379488 215177
2379548 0
2379748 215177
2379808 0
2396759 215177
2396819 0
2397019 215177
2397079 0
2397599 215177
2397659 0
2397859 215177
2397919 0
2414869 215177
2414929 0
2415129 215177
2415189 0
2415709 215177
2415769 0
2415969 215177
2416029 0
2432980 215177
2433040 0
2433240 215177
2433300 0
2433820 215177
2433880 0
2434080 215177
2434140 0
2451090 215177
2451150 0
2451350 215177
2451410 0
2451930 215177
2451990 0
2452190 215177
2452250 0
2469201 215177
2469261 0
2469461 215177
2469521 0
2470041 215177
2470101 0
2470301 215177
2470361 0
2489108 215177
2489168 0
2489338 215177
2489398 0
2489878 215177
2489938 0
2490108 215177
2490168 0
2507515 215177
2507575 0
2507775 215177
2507835 0
2508355 215177
2508415 0
2508615 215177
2508675 0
2525922 215177
2525982 0
2526182 215177
2526242 0
2526762 215177
2526822 0
2527022 215177
2527082 0
2544330 215177
2544390 0
2544590 215177
2544650 0
2545170 215177
2545230 0
2545430 215177
2545490 0
2562737 215177
2562797 0
2562997 215177
2563057 0
2563577 215177
2563637 0
2563837 215177
2563897 0
2581144 215177
2581204 0
2581404 215177
2581464 0
2581984 215177
2582044 0
2582244 215177
2582304 0
2599551 215177
2599611 0
2599811 215177
2599871 0
2600391 215177
2600451 0
2600651 215177
2600711 0
2617958 215177
2618018 0
2618218 215177
2618278 0
2618798 215177
2618858 0
2619058 215177
2619118 0
2636365 215177
2636425 0
2636625 215177
2636685 0
2637205 215177
2637265 0
2637465 215177
2637525 0
2654772 215177
2654832 0
2655032 215177
2655092 0
2655612 215177
2655672 0
2655872 215177
2655932 0
2673180 215177
2673240 0
2673440 215177
2673500 0
2674020 215177
2674080 0
2674280 215177
2674340 0
2691587 215177
2691647 0
2691847 215177
2691907 0
2692427 215177
2692487 0
2692687 215177
2692747 0
2709994 215177
2710054 0
2710254 215177
2710314 0
2710834 215177
2710894 0
2711094 215177
2711154 0
2728401 215177
2728461 0
2728661 215177
2728721 0
2729241 215177
2729301 0
2729501 215177
2729561 0
2748012 215177
2748072 0
2748272 215177
2748332 0
2748852 215177
2748912 0
2749112 215177
2749172 0
2766122 215177
2766182 0
2766382 215177
2766442 0
2766962 215177
2767022 0
2767222 215177
2767282 0
2784233 215177
2784293 0
2784493 215177
2784553 0
2785073 215177
2785133 0
2785333 215177
2785393 0
2802343 215177
2802403 0
2802603 215177
2802663 0
2803183 215177
2803243 0
2803443 215177
2803503 0
2820454 215177
2820514 0
2820714 215177
2820774 0
2821294 215177
2821354 0
2821554 215177
2821614 0
2838564 215177
2838624 0
2838824 215177
2838884 0
2839404 215177
2839464 0
2839664 215177
2839724 0
2856675 215177
2856735 0
2856905 215177
2856965 0
2857445 215177
2857505 0
2857675 215177
2857735 0
2874785 215177
2874845 0
2875045 215177
2875105 0
2875625 215177
2875685 0
2875885 215177
2875945 0
2892896 215177
2892956 0
2893156 215177
2893216 0
2893736 215177
2893796 0
2893996 215177
2894056 0
2911006 215177
2911066 0
2911266 215177
2911326 0
2911846 215177
2911906 0
2912106 215177
2912166 0
2929117 215177
2929177 0
2929377 215177
2929437 0
2929957 215177
2930017 0
2930217 215177
2930277 0
2947227 215177
2947287 0
2947487 215177
2947547 0
2948067 215177
2948127 0
2948327 215177
2948387 0
2965338 215177
2965398 0
2965598 215177
2965658 0
2966178 215177
2966238 0
2966438 215177
2966498 0
2983448 215177
2983508 0
2983708 215177
2983768 0
2984288 215177
2984348 0
2984548 215177
2984608 0
3001559 215177
3001619 0
3001819 215177
3001879 0
3002399 215177
3002459 0
3002659 215177
3002719 0
3019669 215177
3019729 0
3019929 215177
3019989 0
3020509 215177
3020569 0
3020769 215177
3020829 0
3037780 215177
3037840 0
3038040 215177
3038100 0
3038620 215177
3038680 0
3038880 215177
3038940 0
3055890 215177
3055950 0
3056150 215177
3056210 0
3056730 215177
3056790 0
3056990 215177
3057050 0
3074001 215177
3074061 0
3074261 215177
3074321 0
3074841 215177
3074901 0
3075101 215177
3075161 0
3093908 215177
3093968 0
3094138 215177
3094198 0
3094678 215177
3094738 0
3094908 215177
3094968 0
3112315 215177
3112375 0
3112575 215177
3112635 0
3113155 215177
3113215 0
3113415 215177
3113475 0
3130722 215177
3130782 0
3130982 215177
3131042 0
3131562 215177
3131622 0
3131822 215177
3131882 0
3149130 215177
3149190 0
3149390 215177
3149450 0
3149970 215177
3150030 0
3150230 215177
3150290 0
3167537 215177
3167597 0
3167797 215177
3167857 0
3168377 215177
3168437 0
3168637 215177
3168697 0
3185944 215177
3186004 0
3186204 215177
3186264 0
3186784 215177
3186844 0
3187044 215177
3187104 0
3204351 215177
3204411 0
3204611 215177
3204671 0
3205191 215177
3205251 0
3205451 215177
3205511 0
3222758 215177
3222818 0
3223018 215177
3223078 0
3223598 215177
3223658 0
3223858 215177
3223918 0
3241165 215177
3241225 0
3241425 215177
3241485 0
3242005 215177
3242065 0
3242265 215177
3242325 0
3259572 215177
3259632 0
3259832 215177
3259892 0
3260412 215177
3260472 0
3260672 215177
3260732 0
3277980 215177
3278040 0
3278240 215177
3278300 0
3278820 215177
3278880 0
3279080 215177
3279140 0
3296387 215177
3296447 0
3296647 215177
3296707 0
3297227 215177
3297287 0
3297487 215177
3297547 0
3314794 215177
3314854 0
3315054 215177
3315114 0
3315634 215177
3315694 0
3315894 215177
3315954 0
3333201 215177
3333261 0
3333461 215177
3333521 0
3334041 215177
3334101 0
3334301 215177
3334361 0
3352812 215177
3352872 0
3353072 215177
3353132 0
3353652 215177
3353712 0
3353912 215177
3353972 0
3370922 215177
3370982 0
3371182 215177
3371242 0
3371762 215177
3371822 0
3372022 215177
3372082 0
3389033 215177
3389093 0
3389293 215177
3389353 0
3389873 215177
3389933 0
3390133 215177
3390193 0
3407143 215177
3407203 0
3407403 215177
3407463 0
3407983 215177
3408043 0
3408243 215177
3408303 0
3425254 215177
3425314 0
3425514 215177
3425574 0
3426094 215177
3426154 0
3426354 215177
3426414 0
3443364 215177
3443424 0
3443624 215177
3443684 0
3444204 215177
3444264 0
3444464 215177
3444524 0
3461475 215177
3461535 0
3461705 215177
3461765 0
3462245 215177
3462305 0
3462475 215177
3462535 0
3479585 215177
3479645 0
3479845 215177
3479905 0
3480425 215177
3480485 0
3480685 215177
3480745 0
3497696 215177
3497756 0
3497956 215177
3498016 0
3498536 215177
3498596 0
3498796 215177
3498856 0
3515806 215177
3515866 0
3516066 215177
3516126 0
3516646 215177
3516706 0
3516906 215177
3516966 0
3533917 215177
3533977 0
3534177 215177
3534237 0
3534757 215177
3534817 0
3535017 215177
3535077 0
3552027 215177
3552087 0
3552287 215177
3552347 0
3552867 215177
3552927 0
3553127 215177
3553187 0
3570138 215177
3570198 0
3570398 215177
3570458 0
3570978 215177
3571038 0
3571238 215177
3571298 0
3588248 215177
3588308 0
3588508 215177
3588568 0
3589088 215177
3589148 0
3589348 215177
3589408 0
3605301 215177
3605361 0
3605561 215177
3605621 0
3606141 215177
3606201 0
3606401 215177
3606461 0
3624469 215177
3624529 0
3624729 215177
3624789 0
3625309 215177
3625369 0
3625569 215177
3625629 0
2 events for B
1866956 0
1866957 74
28 events for C
52419 700
52464 0
70579 600
70759 1300
310839 700
310884 0
329779 600
329899 1300
657399 700
657444 0
675199 1300
916998 0
934399 1300
1262598 0
1273999 1950
1521798 0
1533199 1950
1867398 0
1867400 1944
2483599 1300
2731398 0
2742799 1300
3076998 0
3088399 1300
3336198 0
3347599 1300
3595398 0
3606799 1300
448 events for D
335217 117965
335307 125479
336588 7514
336948 0
472887 3372
478068 0
498087 3372
506448 0
515487 3372
520848 0
543087 3372
546048 0
548965 3372
564766 0
704997 117965
705087 121337
706608 3372
706857 121337
708408 3372
708648 0
713440 117965
713530 121337
714871 3372
720700 121337
722071 3372
724291 0
734054 117965
734144 121337
735665 3372
739514 121337
741065 3372
741305 0
940887 3372
941757 121337
944508 3372
945357 121337
948048 3372
948948 0
955576 117965
955666 121337
957127 3372
957436 121337
958987 3372
962827 0
1310037 19661
1310127 25951
1311888 6290
1312677 25951
1314528 6290
1315068 0
1318377 19661
1318467 25951
1320228 6290
1321017 25951
1322868 6290
1323837 25951
1325688 6290
1326417 25951
1328268 6290
1329237 25951
1331088 6290
1331817 25951
1333668 6290
1334208 0
1338957 19661
1339047 25951
1340808 6290
1340937 25951
1342788 6290
1343157 25951
1345008 6290
1345137 25951
1346988 6290
1347357 25951
1349208 6290
1349337 25951
1351183 6290
1351188 0
1355268 117965
1355358 124709
1356819 6744
1371519 0
1375883 117965
1375973 124709
1377434 6744
1390214 0
1392297 117965
1392387 124709
1393848 6744
1406628 0
1542297 19661
1542387 25951
1544148 6290
1544277 25951
1546128 6290
1546497 25951
1548348 6290
1548477 25951
1550328 6290
1550697 25951
1552548 6290
1552677 25951
1554523 6290
1554528 0
1560477 19661
1560567 25951
1561428 6290
1561557 25951
1562508 6290
1562877 25951
1563828 6290
1564077 25951
1565028 6290
1565277 25951
1566228 6290
1566357 25951
1567308 6290
1567313 0
1568997 117965
1569087 124709
1570608 6744
1572613 0
1572657 117965
1574268 6744
1574328 0
1576465 117965
1576555 124709
1578076 6744
1581881 0
1581925 117965
1583536 6744
1588996 0
1596755 117965
1596845 124709
1598366 6744
1600371 0
1600415 117965
1602026 6744
1607186 0
1612934 6290
1623695 0
1633224 6290
1643985 0
1651556 6290
1655117 0
1892997 58982
1895748 7514
1899262 0
1906411 58982
1906501 66496
1907842 7514
1908151 66496
1909582 7514
1909831 66496
1911262 7514
1911511 66496
1912942 7514
1913191 66496
1914622 7514
1914632 0
1959533 58982
1959623 66496
1960964 7514
1961393 66496
1962824 7514
1963193 66496
1964624 7514
1964993 66496
1966424 7514
1966793 66496
1968224 7514
1968593 66496
1970024 7514
1970393 66496
1971824 7514
1972193 66496
1973624 7514
1973993 66496
1975424 7514
1975854 0
1980040 58982
1980130 66496
1981471 7514
1981900 66496
1983331 7514
1983700 66496
1985131 7514
1985500 66496
1986931 7514
1987300 66496
1988731 7514
1989100 66496
1990531 7514
1990900 66496
1992331 7514
1992700 66496
1994131 7514
1994261 0
1996347 58982
1996437 66496
1997898 7514
1997967 66496
1999518 7514
1999587 66496
2001018 7514
2001023 0
2044287 7514
2049468 0
2055258 7514
2067879 0
2070066 7514
2086287 0
2165037 58982
2165127 66496
2166468 7514
2166897 66496
2168328 7514
2168688 0
2168997 58982
2169087 66496
2170428 7514
2170677 66496
2172108 7514
2172417 66496
2173848 7514
2173853 0
2260197 58982
2260287 66496
2261628 7514
2261697 66496
2263128 7514
2263197 66496
2264628 7514
2264697 66496
2266128 7514
2266197 66496
2267628 7514
2267697 66496
2269128 7514
2269488 0
2273682 58982
2273772 66496
2275113 7514
2275542 66496
2276973 7514
2277342 66496
2278773 7514
2279142 58982
2280573 7514
2280942 66496
2282373 7514
2282742 58982
2284173 7514
2284542 66496
2285973 7514
2286162 66496
2287593 7514
2287598 0
2289695 58982
2289785 66496
2291126 7514
2291375 66496
2292806 7514
2293055 66496
2294486 7514
2294735 66496
2296166 7514
2296415 66496
2297846 7514
2298095 66496
2299526 7514
2299775 66496
2301206 7514
2301455 66496
2302886 7514
2303431 0
2493147 7514
2504113 0
2511357 58982
2511447 66496
2512168 7514
2512257 66496
2513068 7514
2513397 66496
2514208 7514
2514297 66496
2515108 7514
2515437 66496
2516248 7514
2516337 66496
2517148 7514
2517657 66496
2518468 7514
2518557 66496
2519368 7514
2519697 66496
2520508 7514
2520597 66496
2521408 7514
2521737 66496
2522548 7514
2522637 66496
2523448 7514
2523453 0
2527557 58982
2527647 65726
2532768 6744
2538417 65726
2543628 6744
2543748 0
2548026 58982
2548116 65726
2553237 6744
2555286 65726
2560497 6744
2560668 0
2562648 169032
2563968 45609
2564633 0
2749608 58982
2749698 66496
2751039 7514
2753268 66496
2754699 7514
2756868 66496
2758299 7514
2760468 66496
2761899 7514
2762268 66496
2763699 7514
2764059 0
2769818 58982
2769908 66496
2771249 7514
2771678 66496
2773109 7514
2773478 66496
2774909 7514
2775278 66496
2776709 7514
2777069 0
2778597 58982
2778687 65726
2781228 6744
2781297 65726
2783748 6744
2783753 0
2785829 58982
2785919 62354
2788460 3372
2789489 62354
2792120 3372
2793089 62354
2795720 3372
2796689 62354
2799320 3372
2801840 0
2806039 58982
2806129 62354
2808670 3372
2809699 62354
2812330 3372
2813299 62354
2815930 3372
2816899 62354
2819530 3372
2819950 0
2886881 58982
2886971 66496
2888312 7514
2888697 0
2888741 58982
2890172 7514
2890541 66496
2891972 7514
2892332 0
2894492 58982
2894582 66496
2895923 7514
2898152 66496
2899583 7514
2899952 66496
2901383 7514
2901752 66496
2903183 7514
2903552 66496
2904983 7514
2907152 66496
2908583 7514
2908943 0
2914702 58982
2914792 66496
2916133 7514
2918362 66496
2919793 7514
2920162 66496
2921593 7514
2921962 66496
2923393 7514
2925562 66496
2926993 7514
2927353 0
3097676 58982
3097766 65726
3099107 6744
3101336 65726
3102767 6744
3103136 65726
3104567 6744
3106736 65726
3108167 6744
3110336 65726
3111767 6744
3111862 0
3116011 58982
3116101 65726
3117382 6744
3117571 65726
3118942 6744
3119131 65726
3120502 6744
3120691 65726
3122062 6744
3122251 65726
3123622 6744
3123948 0
3152826 58982
3152915 248143
3153117 58982
3153276 65726
3154197 6744
3157566 65726
3158937 6744
3162246 65726
3163617 6744
3166677 0
3361797 235930
3361887 7514
3368928 6744
3370469 0
3374618 235930
3374708 242674
3381749 6744
3383290 0
3426940 7514
3427197 243444
3430848 7514
3442911 0
448 events for E
333344 117965
333434 125479
334715 7514
335075 0
471014 3372
476195 0
496214 3372
504575 0
513614 3372
518975 0
541214 3372
544175 0
547092 3372
562893 0
703124 117965
703214 121337
704735 3372
704984 121337
706535 3372
706775 0
711567 117965
711657 121337
712998 3372
718827 121337
720198 3372
722418 0
732181 117965
732271 121337
733792 3372
737641 121337
739192 3372
739432 0
939014 3372
939884 121337
942635 3372
943484 121337
946175 3372
947075 0
953703 117965
953793 121337
955254 3372
955563 121337
957114 3372
960954 0
1308164 19661
1308254 25951
1310015 6290
1310804 25951
1312655 6290
1313195 0
1316504 19661
1316594 25951
1318355 6290
1319144 25951
1320995 6290
1321964 25951
1323815 6290
1324544 25951
1326395 6290
1327364 25951
1329215 6290
1329944 25951
1331795 6290
1332335 0
1337084 19661
1337174 25951
1338935 6290
1339064 25951
1340915 6290
1341284 25951
1343135 6290
1343264 25951
1345115 6290
1345484 25951
1347335 6290
1347464 25951
1349310 6290
1349315 0
1353395 117965
1353485 124709
1354946 6744
1369646 0
1374010 117965
1374100 124709
1375561 6744
1388341 0
1390424 117965
1390514 124709
1391975 6744
1404755 0
1540424 19661
1540514 25951
1542275 6290
1542404 25951
1544255 6290
1544624 25951
1546475 6290
1546604 25951
1548455 6290
1548824 25951
1550675 6290
1550804 25951
1552650 6290
1552655 0
1558604 19661
1558694 25951
1559555 6290
1559684 25951
1560635 6290
1561004 25951
1561955 6290
1562204 25951
1563155 6290
1563404 25951
1564355 6290
1564484 25951
1565435 6290
1565440 0
1567124 117965
1567214 124709
1568735 6744
1570740 0
1570784 117965
1572395 6744
1572455 0
1574592 117965
1574682 124709
1576203 6744
1580008 0
1580052 117965
1581663 6744
1587123 0
1594882 117965
1594972 124709
1596493 6744
1598498 0
1598542 117965
1600153 6744
1605313 0
1611061 6290
1621822 0
1631351 6290
1642112 0
1649683 6290
1653244 0
1891124 58982
1893875 7514
1897389 0
1904538 58982
1904628 66496
1905969 7514
1906278 66496
1907709 7514
1907958 66496
1909389 7514
1909638 66496
1911069 7514
1911318 66496
1912749 7514
1912759 0
1957660 58982
1957750 66496
1959091 7514
1959520 66496
1960951 7514
1961320 66496
1962751 7514
1963120 66496
1964551 7514
1964920 66496
1966351 7514
1966720 66496
1968151 7514
1968520 66496
1969951 7514
1970320 66496
1971751 7514
1972120 66496
1973551 7514
1973981 0
1978167 58982
1978257 66496
1979598 7514
1980027 66496
1981458 7514
1981827 66496
1983258 7514
1983627 66496
1985058 7514
1985427 66496
1986858 7514
1987227 66496
1988658 7514
1989027 66496
1990458 7514
1990827 66496
1992258 7514
1992388 0
1994474 58982
1994564 66496
1996025 7514
1996094 66496
1997645 7514
1997714 66496
1999145 7514
1999150 0
2042414 7514
2047595 0
2053385 7514
2066006 0
2068193 7514
2084414 0
2163164 58982
2163254 66496
2164595 7514
2165024 66496
2166455 7514
2166815 0
2167124 58982
2167214 66496
2168555 7514
2168804 66496
2170235 7514
2170544 66496
2171975 7514
2171980 0
2258324 58982
2258414 66496
2259755 7514
2259824 66496
2261255 7514
2261324 66496
2262755 7514
2262824 66496
2264255 7514
2264324 66496
2265755 7514
2265824 66496
2267255 7514
2267615 0
2271809 58982
2271899 66496
2273240 7514
2273669 66496
2275100 7514
2275469 66496
2276900 7514
2277269 58982
2278700 7514
2279069 66496
2280500 7514
2280869 58982
2282300 7514
2282669 66496
2284100 7514
2284289 66496
2285720 7514
2285725 0
2287822 58982
2287912 66496
2289253 7514
2289502 66496
2290933 7514
2291182 66496
2292613 7514
2292862 66496
2294293 7514
2294542 66496
2295973 7514
2296222 66496
2297653 7514
2297902 66496
2299333 7514
2299582 66496
2301013 7514
2301558 0
2491274 7514
2502240 0
2509484 58982
2509574 66496
2510295 7514
2510384 66496
2511195 7514
2511524 66496
2512335 7514
2512424 66496
2513235 7514
2513564 66496
2514375 7514
2514464 66496
2515275 7514
2515784 66496
2516595 7514
2516684 66496
2517495 7514
2517824 66496
2518635 7514
2518724 66496
2519535 7514
2519864 66496
2520675 7514
2520764 66496
2521575 7514
2521580 0
2525684 58982
2525774 65726
2530895 6744
2536544 65726
2541755 6744
2541875 0
2546153 58982
2546243 65726
2551364 6744
2553413 65726
2558624 6744
2558795 0
2560775 169032
2562095 45609
2562760 0
2747735 58982
2747825 66496
2749166 7514
2751395 66496
2752826 7514
2754995 66496
2756426 7514
2758595 66496
2760026 7514
2760395 66496
2761826 7514
2762186 0
2767945 58982
2768035 66496
2769376 7514
2769805 66496
2771236 7514
2771605 66496
2773036 7514
2773405 66496
2774836 7514
2775196 0
2776724 58982
2776814 65726
2779355 6744
2779424 65726
2781875 6744
2781880 0
2783956 58982
2784046 62354
2786587 3372
2787616 62354
2790247 3372
2791216 62354
2793847 3372
2794816 62354
2797447 3372
2799967 0
2804166 58982
2804256 62354
2806797 3372
2807826 62354
2810457 3372
2811426 62354
2814057 3372
2815026 62354
2817657 3372
2818077 0
2885008 58982
2885098 66496
2886439 7514
2886824 0
2886868 58982
2888299 7514
2888668 66496
2890099 7514
2890459 0
2892619 58982
2892709 66496
2894050 7514
2896279 66496
2897710 7514
2898079 66496
2899510 7514
2899879 66496
2901310 7514
2901679 66496
2903110 7514
2905279 66496
2906710 7514
2907070 0
2912829 58982
2912919 66496
2914260 7514
2916489 66496
2917920 7514
2918289 66496
2919720 7514
2920089 66496
2921520 7514
2923689 66496
2925120 7514
2925480 0
3095803 58982
3095893 65726
3097234 6744
3099463 65726
3100894 6744
3101263 65726
3102694 6744
3104863 65726
3106294 6744
3108463 65726
3109894 6744
3109989 0
3114138 58982
3114228 65726
3115509 6744
3115698 65726
3117069 6744
3117258 65726
3118629 6744
3118818 65726
3120189 6744
3120378 65726
3121749 6744
3122075 0
3150953 58982
3151042 248143
3151244 58982
3151403 65726
3152324 6744
3155693 65726
3157064 6744
3160373 65726
3161744 6744
3164804 0
3359924 235930
3360014 7514
3367055 6744
3368596 0
3372745 235930
3372835 242674
3379876 6744
3381417 0
3425067 7514
3425324 243444
3428975 7514
3441038 0
87 events for F
114337 42873674
114342 0
135937 60808152
135942 0
222337 123650191
222342 0
243937 112353360
243942 0
265537 191051956
265542 0
287137 148359728
287142 0
947977 92231261
947982 0
978337 67412016
978342 0
1287024 67429102
1287029 0
1632624 42866846
1632629 0
1654224 36098616
1654229 0
1783824 15230225
1783829 0
1805424 42774218
1805429 0
1827024 51729687
1827029 0
1846930 67442760
1846935 0
1907077 51185344
1907082 0
1971877 36088368
1971882 0
2015077 46317017
2015082 0
2079877 62132584
2079882 0
2166277 55765577
2166282 0
2231077 60879901
2231082 0
2317477 79077832
2317482 0
2339077 48576383
2339082 0
2403877 294648376
2403882 0
2425477 296678458
2425482 0
2447077 98892820
2447082 0
2576737 164236787
2576742 0
2663137 62903535
2663142 0
2684737 107834631
2684742 0
2943937 75634496
2943942 0
2965537 54224800
2965542 0
2987137 63262266
2987142 0
3008737 64391949
3008742 0
3068379 30501450
3068384 0
3159937 48936228
3159942 0
3354337 299009561
3354342 0
3354447 4498234
3354449 3748528
3354452 0
3354472 4815876
3354486 0
3375937 74179864
3375942 0
3397537 283378476
3397542 0
3463537 384982799
3463542 0
3548737 110156519
3548742 0
3591937 113081558
3591942 0
82 events for G
5138 1000
6138 0
49470 1000
50470 0
111323 1000
112323 0
173333 1000
174333 0
225001 1000
226001 0
268833 1000
269833 0
312382 1000
313382 0
355725 1000
356725 0
398835 1000
399835 0
441595 1000
442595 0
484144 1000
485144 0
526756 1000
527756 0
569688 1000
570688 0
613058 1000
614058 0
656705 1000
657705 0
700381 1000
701381 0
744112 1000
745112 0
787840 1000
788840 0
831992 1000
832992 0
871031 1000
872031 0
924525 1000
925525 0
964897 1000
965897 0
1011098 1000
1012098 0
1058889 1000
1059889 0
1108397 1000
1109397 0
1156728 1000
1157728 0
1203415 1000
1204415 0
1249578 1000
1250578 0
1294576 1000
1295576 0
1339281 1000
1340281 0
1384198 1000
1385198 0
1429382 1000
1430382 0
1475136 1000
1476136 0
1520471 1000
1521471 0
1564583 1000
1565583 0
1608442 1000
1609442 0
1652020 1000
1653020 0
1695256 1000
1696256 0
1738179 1000
1739179 0
1781007 1000
1782007 0
1824304 1000
1825304 0
132 events for H
114917 3754
115637 0
117437 3754
121037 0
143717 3754
144437 0
146237 3754
149837 0
186017 3754
186737 0
188537 3754
192137 0
260717 3754
261437 0
263237 3754
266837 0
347117 1365
347297 0
349097 1365
349637 1979
364037 1365
364217 1979
378617 1365
379337 1979
393737 1365
393917 1979
408317 1365
409037 1979
423437 1365
423617 1979
438017 0
483917 665
516317 0
845957 3276
860957 0
875417 3754
876137 0
877937 3754
881537 0
893417 3754
894137 0
895937 3754
899537 0
963617 3754
964337 0
966137 3754
969737 0
985217 1365
985397 0
987197 1365
987737 2935
1002137 1365
1002317 2935
1016717 1365
1017437 2935
1031837 1365
1032017 2935
1046417 1365
1047137 2935
1061537 1365
1061717 2935
1076117 0
1433100 3276
1448100 0
1558596 665
1558597 0
1631354 665
1631355 0
1705252 3276
1720252 0
1875917 1979
1877117 0
1878917 1979
1882517 1365
1883237 1979
1897637 1365
1897817 1979
1926617 1365
1927337 1979
1941737 1365
1941917 1979
1975517 1365
1976237 1979
1990637 1365
1990817 1979
2010017 0
2051888 4096
2060088 0
2344343 665
2373503 0
2509431 665
2538951 0
2583060 4096
2591260 0
2656688 4096
2664888 0
2739617 4096
2747817 0
2840480 4096
2848680 0
2912922 4096
2921122 0
3021585 4096
3029785 0
3357797 3754
3358517 0
3360317 3754
3363917 0
3371117 3754
3371837 0
3373637 3754
3377237 0
3392837 3754
3393557 0
3395357 3754
3398957 0
3407357 3754
3408077 0
3409877 3754
3413477 0
3471197 3754
3471917 0
3473717 3754
3477317 0
3516917 3754
3517637 0
3519437 3754
3523037 0
3563717 3754
3564437 0
3566237 3754
3569837 0
291 events for I
12068 240
19267 344
48068 240
51657 444
69667 548
84068 444
91267 548
98467 1471
120100 2754
121868 1727
127267 1830
132357 1626
138918 1564
139218 3817
141700 2534
159668 2431
166867 2534
195668 2431
202867 2534
204018 344
224457 548
231668 444
238867 548
271268 444
278467 548
307268 444
310857 240
313158 178
313458 240
328867 344
343268 240
350467 344
357667 1267
379268 240
390067 344
417068 240
422467 344
422489 594
422500 1877
444057 2081
444067 3004
465657 2800
465667 1877
465700 594
478268 491
483689 240
484638 178
484938 240
487267 344
521468 240
530467 344
579068 240
586267 344
601567 1267
615968 240
624067 1267
652868 240
656478 2431
674467 2534
690668 2431
696067 2534
724900 3817
726668 3713
732067 3817
739278 1626
764468 1523
768100 240
771667 1267
793267 344
800468 240
807667 344
811257 548
829257 344
836468 240
843667 344
874268 240
883267 344
912068 240
933667 344
984068 240
991267 344
1020068 240
1027267 344
1056068 240
1065067 344
1093868 240
1099267 344
1124467 1267
1131657 1471
1146068 444
1156867 548
1164067 1471
1174878 1409
1175178 1471
1178478 3662
1178500 4944
1185668 3917
1192867 4944
1221668 3917
1221678 1727
1228867 2754
1243300 1471
1258868 444
1261278 2635
1272067 3662
1293668 2635
1300867 3662
1308057 3458
1329668 2431
1338667 2534
1369268 2431
1376467 2534
1405268 2431
1412467 3458
1434057 3662
1441268 2635
1448467 3662
1479068 2635
1488067 3662
1518068 2635
1520457 2431
1531267 2534
1554668 2431
1560067 2534
1588868 2431
1596067 2534
1624868 2431
1632067 2534
1662668 2431
1669867 2534
1671678 344
1700468 240
1707667 344
1750868 240
1761667 344
1788668 240
1797667 344
1824668 240
1833667 344
1863668 240
1863945 0
1863946 240
1866057 444
1867038 382
1867338 444
1876867 548
1898468 444
1905667 548
1936268 444
1943467 548
1952489 798
1972268 695
1979467 1722
1999300 3004
2010068 1977
2015467 3004
2038889 2754
2046068 1727
2053267 2754
2083868 1727
2088918 1664
2089218 3917
2089267 4944
2122568 3917
2125218 1727
2139667 2754
2158568 1727
2164867 2754
2172100 1471
2193668 444
2200867 548
2231468 444
2236867 1471
2247318 1409
2247618 3662
2258500 4944
2265668 3917
2272867 4944
2298018 2754
2301668 1727
2308867 2754
2337668 1727
2344867 2754
2373668 1727
2380867 2754
2386038 2691
2386338 2754
2388100 1471
2395267 548
2411468 444
2418667 548
2447468 444
2452867 548
2468168 444
2481667 548
2503268 444
2510467 548
2541068 444
2546467 1471
2557257 1267
2557278 1205
2557578 3458
2560900 4740
2578868 3713
2584267 3817
2614868 3713
2616678 1523
2623867 1626
2643657 1830
2652668 1727
2658067 1830
2665289 2081
2668900 798
2686868 695
2690500 1977
2694067 3004
2712067 2081
2712100 798
2727368 695
2730078 632
2730089 382
2730378 444
2742667 548
2762468 444
2769667 548
2798468 444
2805667 548
2834468 444
2841667 548
2870468 444
2877667 548
2902878 485
2903178 548
2908268 444
2913667 548
2942468 444
2951467 548
2980268 444
2987467 548
3016268 444
3021667 548
3052268 444
3057700 1727
3059467 2754
3072068 1727
3075678 1664
3075978 1727
3079300 444
3086467 1471
3108068 444
3115267 1471
3145868 444
3151267 1471
3181868 444
3189067 1471
3219668 444
3225067 1471
3257468 444
3262867 1471
3291668 444
3298867 548
3332168 444
3334518 382
3334818 2635
3334889 2885
3338500 4168
3345667 5195
3367268 4168
3374467 5195
3403268 4168
3410467 5195
3421289 4944
3441068 3917
3446467 4944
3477068 3917
3482467 4944
3486138 2754
3513068 1727
3518467 2754
3529289 3004
3549068 1977
3554467 3004
3590468 1977
3594018 1915
3594089 1664
3594318 3917
3600018 1727
3604867 2754
3619300 1471
3621968 444
3626467 1471
65 events for J
12796 487
68475 2414
86204 487
90404 2414
98375 487
143915 2414
159700 487
348954 2414
356375 487
385378 2414
417418 487
437601 2414
439441 487
595475 2414
617596 487
621799 2414
643775 487
673275 2414
690999 487
695206 2414
702875 487
789575 2414
802029 487
806289 2414
839118 487
1006222 2414
1022312 487
1026512 2414
1058571 487
1062951 2414
1091975 487
1133549 2414
1149577 487
1153838 2414
1178375 1285
1279189 2414
1281029 1285
1286082 2414
1295804 1285
1300004 2414
1307804 1285
1415975 2414
1443918 1285
1448118 2414
1459175 1285
1485146 2414
1516475 1285
1529675 2414
1540064 1285
1647201 2414
1649041 1285
1653575 2414
1663349 1285
1667712 2414
1696775 2057
1863875 0
1863876 2414
2468675 1772
2488682 2414
2490522 1772
2583018 2414
2646076 1772
2820228 2414
2884759 1772
3073475 2414
362 events for K
10622 906
11362 0
20743 906
32153 0
34433 906
49442 0
72749 906
87971 0
95108 906
106485 0
108025 906
124785 0
131779 906
143299 0
146467 906
161467 0
168208 906
180542 0
182082 906
199056 0
205236 906
208142 0
208622 906
217571 0
219851 906
235785 0
242265 906
251342 0
251522 1087
254232 0
257179 906
273113 0
279267 593
284934 0
286953 906
289913 0
294388 593
307949 0
330122 906
336842 0
337922 906
346504 0
352701 906
364682 0
366278 906
380942 0
381422 906
382882 0
389080 906
401024 0
403433 906
419185 0
425459 1714
437327 0
441507 906
442247 1714
478142 0
490922 1714
521342 0
530822 1714
546484 0
548260 906
549000 1714
564714 0
567452 1714
582928 0
589164 1714
596942 0
597422 906
601162 0
602731 906
619363 0
625543 906
636953 0
639233 906
645542 0
646322 906
654242 0
677653 906
692766 0
698951 906
711285 0
712825 906
729799 0
735979 906
748313 0
752093 906
765328 0
773008 906
785342 0
786882 906
791042 0
833008 906
840885 0
847065 906
854906 0
860982 906
877142 0
884093 1600
894234 0
899332 1500
905590 0
906652 1500
908994 0
934922 906
951321 0
957501 906
962721 0
963201 906
965942 0
973300 906
974057 1500
979332 0
980657 1500
985942 0
993880 906
1005889 0
1008169 906
1024079 0
1030259 906
1042268 0
1046028 906
1060338 0
1066638 906
1078645 0
1080927 906
1093742 0
1094222 906
1096837 0
1103017 906
1115026 0
1117306 906
1133216 0
1134756 906
1151344 0
1157585 906
1169535 0
1171875 906
1187784 0
1193964 906
1205974 0
1207514 906
1224163 0
1230343 906
1241753 0
1246429 1500
1250444 0
1252129 1500
1256154 0
1274522 906
1277642 0
1284722 215
1296242 0
1318665 906
1334385 0
1340779 906
1353113 0
1355393 906
1371628 0
1377808 906
1390142 0
1391682 906
1408656 0
1414836 906
1427171 0
1429451 906
1445685 0
1451865 906
1464199 0
1465739 906
1482713 0
1488893 906
1500628 0
1502908 906
1518242 0
1533722 906
1537922 0
1540211 906
1556121 0
1562301 906
1574310 0
1575850 906
1592500 0
1598680 906
1610689 0
1612969 906
1628879 0
1635059 906
1647068 0
1650851 906
1665116 0
1671438 906
1683423 0
1685749 906
1701637 0
1707817 906
1719826 0
1722106 906
1738016 0
1739556 906
1756205 0
1762385 906
1774395 0
1776675 906
1790342 0
1798764 906
1809084 0
1812614 906
1828774 0
1835143 906
1846553 0
1848833 906
1863842 0
1879022 1087
1881732 0
1888252 906
1902156 0
1908336 215
1919756 0
1959658 906
1975785 0
1981965 906
1994372 0
1996472 906
2012293 0
2018779 906
2030641 0
2032549 906
2043362 0
2044322 906
2049410 0
2055593 906
2067820 0
2070101 906
2086228 0
2092408 906
2104087 0
2106644 906
2122497 0
2138522 906
2142242 0
2144933 906
2160763 0
2166943 906
2173742 0
2174222 906
2178542 0
2180655 906
2187080 0
2188082 906
2196736 0
2203164 906
2214904 0
2217722 1714
2233022 0
2239565 1714
2251265 0
2255868 1714
2259362 0
2259527 906
2269382 0
2275606 906
2287533 0
2289820 906
2303342 0
2303822 1714
2304858 0
2311827 1714
2313207 0
2314322 1714
2315321 0
2316122 1714
2316602 0
2316992 1714
2317592 0
2318962 1714
2321489 0
2325522 906
2326262 1714
2341442 0
2434861 906
2435781 593
2449702 0
2456771 593
2467812 0
2526942 906
2543642 0
2549951 906
2562178 0
2586765 906
2587515 0
2660393 906
2670713 0
2674161 906
2690621 0
2712869 1500
2718684 0
2720332 1500
2725977 0
2785214 906
2801784 0
2807964 906
2819895 0
2886962 906
2892226 0
2893877 906
2908837 0
2916627 906
2928618 0
2931182 906
2946542 0
2952848 906
2964542 0
2966382 906
2982889 0
2989069 906
3000782 0
3003422 906
3019082 0
3025290 906
3037526 0
3131703 906
3146942 0
3154751 906
3166978 0
3171422 215
3182842 0
3210722 906
3221942 0
3228379 906
3240302 0
3243122 906
3253742 0
3302008 906
3314235 0
3315775 906
3332642 0
3361922 906
3370493 0
3377143 906
3383222 0
3390282 906
3395226 0
3398272 906
3406442 0
3412764 906
3424455 0
3426975 906
3439505 0
3448985 906
3460916 0
3464604 906
3479026 0
3485206 906
3497137 0
3499417 906
3515247 0
3537482 906
3538222 1500
3544227 0
3557835 1500
3563840 0
28 events for L
52033 700
52078 0
70193 600
70373 1300
310453 700
310498 0
329393 600
329513 1300
657013 700
657058 0
674813 1300
916612 0
934013 1300
1262212 0
1273613 1950
1521412 0
1532813 1950
1867012 0
1867014 1944
2483213 1300
2731012 0
2742413 1300
3076612 0
3088013 1300
3335812 0
3347213 1300
3595012 0
3606413 1300
362 events for M
8675 906
9415 0
18796 906
30206 0
32486 906
47495 0
70802 906
86024 0
93161 906
104538 0
106078 906
122838 0
129832 906
141352 0
144520 906
159520 0
166261 906
178595 0
180135 906
197109 0
203289 906
206195 0
206675 906
215624 0
217904 906
233838 0
240318 906
249395 0
249575 1087
252285 0
255232 906
271166 0
277320 593
282987 0
285006 906
287966 0
292441 593
306002 0
328175 906
334895 0
335975 906
344557 0
350754 906
362735 0
364331 906
378995 0
379475 906
380935 0
387133 906
399077 0
401486 906
417238 0
423512 1714
435380 0
439560 906
440300 1714
476195 0
488975 1714
519395 0
528875 1714
544537 0
546313 906
547053 1714
562767 0
565505 1714
580981 0
587217 1714
594995 0
595475 906
599215 0
600784 906
617416 0
623596 906
635006 0
637286 906
643595 0
644375 906
652295 0
675706 906
690819 0
697004 906
709338 0
710878 906
727852 0
734032 906
746366 0
750146 906
763381 0
771061 906
783395 0
784935 906
789095 0
831061 906
838938 0
845118 906
852959 0
859035 906
875195 0
882146 1600
892287 0
897385 1500
903643 0
904705 1500
907047 0
932975 906
949374 0
955554 906
960774 0
961254 906
963995 0
971353 906
972110 1500
977385 0
978710 1500
983995 0
991933 906
1003942 0
1006222 906
1022132 0
1028312 906
1040321 0
1044081 906
1058391 0
1064691 906
1076698 0
1078980 906
1091795 0
1092275 906
1094890 0
1101070 906
1113079 0
1115359 906
1131269 0
1132809 906
1149397 0
1155638 906
1167588 0
1169928 906
1185837 0
1192017 906
1204027 0
1205567 906
1222216 0
1228396 906
1239806 0
1244482 1500
1248497 0
1250182 1500
1254207 0
1272575 906
1275695 0
1282775 215
1294295 0
1316718 906
1332438 0
1338832 906
1351166 0
1353446 906
1369681 0
1375861 906
1388195 0
1389735 906
1406709 0
1412889 906
1425224 0
1427504 906
1443738 0
1449918 906
1462252 0
1463792 906
1480766 0
1486946 906
1498681 0
1500961 906
1516295 0
1531775 906
1535975 0
1538264 906
1554174 0
1560354 906
1572363 0
1573903 906
1590553 0
1596733 906
1608742 0
1611022 906
1626932 0
1633112 906
1645121 0
1648904 906
1663169 0
1669491 906
1681476 0
1683802 906
1699690 0
1705870 906
1717879 0
1720159 906
1736069 0
1737609 906
1754258 0
1760438 906
1772448 0
1774728 906
1788395 0
1796817 906
1807137 0
1810667 906
1826827 0
1833196 906
1844606 0
1846886 906
1861895 0
1877075 1087
1879785 0
1886305 906
1900209 0
1906389 215
1917809 0
1957711 906
1973838 0
1980018 906
1992425 0
1994525 906
2010346 0
2016832 906
2028694 0
2030602 906
2041415 0
2042375 906
2047463 0
2053646 906
2065873 0
2068154 906
2084281 0
2090461 906
2102140 0
2104697 906
2120550 0
2136575 906
2140295 0
2142986 906
2158816 0
2164996 906
2171795 0
2172275 906
2176595 0
2178708 906
2185133 0
2186135 906
2194789 0
2201217 906
2212957 0
2215775 1714
2231075 0
2237618 1714
2249318 0
2253921 1714
2257415 0
2257580 906
2267435 0
2273659 906
2285586 0
2287873 906
2301395 0
2301875 1714
2302911 0
2309880 1714
2311260 0
2312375 1714
2313374 0
2314175 1714
2314655 0
2315045 1714
2315645 0
2317015 1714
2319542 0
2323575 906
2324315 1714
2339495 0
2432914 906
2433834 593
2447755 0
2454824 593
2465865 0
2524995 906
2541695 0
2548004 906
2560231 0
2584818 906
2585568 0
2658446 906
2668766 0
2672214 906
2688674 0
2710922 1500
2716737 0
2718385 1500
2724030 0
2783267 906
2799837 0
2806017 906
2817948 0
2885015 906
2890279 0
2891930 906
2906890 0
2914680 906
2926671 0
2929235 906
2944595 0
2950901 906
2962595 0
2964435 906
2980942 0
2987122 906
2998835 0
3001475 906
3017135 0
3023343 906
3035579 0
3129756 906
3144995 0
3152804 906
3165031 0
3169475 215
3180895 0
3208775 906
3219995 0
3226432 906
3238355 0
3241175 906
3251795 0
3300061 906
3312288 0
3313828 906
3330695 0
3359975 906
3368546 0
3375196 906
3381275 0
3388335 906
3393279 0
3396325 906
3404495 0
3410817 906
3422508 0
3425028 906
3437558 0
3447038 906
3458969 0
3462657 906
3477079 0
3483259 906
3495190 0
3497470 906
3513300 0
3535535 906
3536275 1500
3542280 0
3555888 1500
3561893 0
291 events for N
13009 240
20208 344
49009 240
52598 444
70608 548
85009 444
92208 548
99408 1471
121041 2754
122809 1727
128208 1830
133298 1626
139859 1564
140159 3817
142641 2534
160609 2431
167808 2534
196609 2431
203808 2534
204959 344
225398 548
232609 444
239808 548
272209 444
279408 548
308209 444
311798 240
314099 178
314399 240
329808 344
344209 240
351408 344
358608 1267
380209 240
391008 344
418009 240
423408 344
423430 594
423441 1877
444998 2081
445008 3004
466598 2800
466608 1877
466641 594
479209 491
484630 240
485579 178
485879 240
488208 344
522409 240
531408 344
580009 240
587208 344
602508 1267
616909 240
625008 1267
653809 240
657419 2431
675408 2534
691609 2431
697008 2534
725841 3817
727609 3713
733008 3817
740219 1626
765409 1523
769041 240
772608 1267
794208 344
801409 240
808608 344
812198 548
830198 344
837409 240
844608 344
875209 240
884208 344
913009 240
934608 344
985009 240
992208 344
1021009 240
1028208 344
1057009 240
1066008 344
1094809 240
1100208 344
1125408 1267
1132598 1471
1147009 444
1157808 548
1165008 1471
1175819 1409
1176119 1471
1179419 3662
1179441 4944
1186609 3917
1193808 4944
1222609 3917
1222619 1727
1229808 2754
1244241 1471
1259809 444
1262219 2635
1273008 3662
1294609 2635
1301808 3662
1308998 3458
1330609 2431
1339608 2534
1370209 2431
1377408 2534
1406209 2431
1413408 3458
1434998 3662
1442209 2635
1449408 3662
1480009 2635
1489008 3662
1519009 2635
1521398 2431
1532208 2534
1555609 2431
1561008 2534
1589809 2431
1597008 2534
1625809 2431
1633008 2534
1663609 2431
1670808 2534
1672619 344
1701409 240
1708608 344
1751809 240
1762608 344
1789609 240
1798608 344
1825609 240
1834608 344
1864609 240
1864886 0
1864887 240
1866998 444
1867979 382
1868279 444
1877808 548
1899409 444
1906608 548
1937209 444
1944408 548
1953430 798
1973209 695
1980408 1722
2000241 3004
2011009 1977
2016408 3004
2039830 2754
2047009 1727
2054208 2754
2084809 1727
2089859 1664
2090159 3917
2090208 4944
2123509 3917
2126159 1727
2140608 2754
2159509 1727
2165808 2754
2173041 1471
2194609 444
2201808 548
2232409 444
2237808 1471
2248259 1409
2248559 3662
2259441 4944
2266609 3917
2273808 4944
2298959 2754
2302609 1727
2309808 2754
2338609 1727
2345808 2754
2374609 1727
2381808 2754
2386979 2691
2387279 2754
2389041 1471
2396208 548
2412409 444
2419608 548
2448409 444
2453808 548
2469109 444
2482608 548
2504209 444
2511408 548
2542009 444
2547408 1471
2558198 1267
2558219 1205
2558519 3458
2561841 4740
2579809 3713
2585208 3817
2615809 3713
2617619 1523
2624808 1626
2644598 1830
2653609 1727
2659008 1830
2666230 2081
2669841 798
2687809 695
2691441 1977
2695008 3004
2713008 2081
2713041 798
2728309 695
2731019 632
2731030 382
2731319 444
2743608 548
2763409 444
2770608 548
2799409 444
2806608 548
2835409 444
2842608 548
2871409 444
2878608 548
2903819 485
2904119 548
2909209 444
2914608 548
2943409 444
2952408 548
2981209 444
2988408 548
3017209 444
3022608 548
3053209 444
3058641 1727
3060408 2754
3073009 1727
3076619 1664
3076919 1727
3080241 444
3087408 1471
3109009 444
3116208 1471
3146809 444
3152208 1471
3182809 444
3190008 1471
3220609 444
3226008 1471
3258409 444
3263808 1471
3292609 444
3299808 548
3333109 444
3335459 382
3335759 2635
3335830 2885
3339441 4168
3346608 5195
3368209 4168
3375408 5195
3404209 4168
3411408 5195
3422230 4944
3442009 3917
3447408 4944
3478009 3917
3483408 4944
3487079 2754
3514009 1727
3519408 2754
3530230 3004
3550009 1977
3555408 3004
3591409 1977
3594959 1915
3595030 1664
3595259 3917
3600959 1727
3605808 2754
3620241 1471
3622909 444
3627408 1471
0 events for O

63 events for P
49235 0
49475 305
653675 0
654275 305
1258475 0
1259075 330
1863275 0
1878155 20
1878335 0
1880495 20
1880675 0
1880735 126
1906655 0
1907315 20
1907495 0
1909655 20
1909835 0
1909895 218
1924955 0
1925615 20
1925795 0
1927955 20
1928135 0
1928195 32
2065715 28
2066015 0
2066675 20
2066855 0
2069015 20
2069195 0
2069255 201
2096195 28
2096495 0
2096555 20
2096735 203
2122775 0
2135135 20
2135315 0
2137475 20
2137655 0
2137715 36
2156795 0
2157455 20
2157635 0
2159795 20
2159975 0
2160035 36
2179115 0
2179775 20
2179955 0
2182115 20
2182295 0
2182355 36
2211575 0
2407535 20
2407715 0
2409875 20
2410055 0
2410115 12
2468375 0
2468675 330
3072875 0
3073475 330
