16 instruments
A 10 100 23264.147255000564 168504461.78361657
B 10 100 22018.298358889329 159480658.09969637
C 10 100 2312500 800000000
D 10 100 815344000 7516190000
E 10 100 7152.7561699728749 2794045378.8956542
F 10 100 45126217.813212499 1435691857.5629289
G 10 100 40530.039409419333 54204511.969197564
H 10 100 20412.132877845776 869835207.86274612
I 10 100 0 974485132.8010211
J 10 100 1991925.5289842244 689098561.3783263
K 10 100 192158478.34180248 847760826.1096437
L 10 100 8192 3200000000
M 10 100 54084010.43300014 1720684275.4783733
N 10 100 4367744.2331614867 2240000119.5770016
O 10 100 0 938631764.34521866
P 10 100 804865230.11019051 7419592213.7182751
140 downlinks
0 862 44901 9462.077765
1 44902 60235 8739.387213
2 100749 115653 27177.101999999999
3 131202 155311 28867.988366000001
4 156252 178780 8757.0573490000006
5 217503 259751 30482.278361000001
6 259752 296645 9337.789702
7 296646 325107 8515.7706749999998
8 365949 380832 8900.7025030000004
9 383042 408831 8778.3355150000007
10 408842 437214 29886.497736000001
11 439739 466980 29243.536622
12 467699 471912 26517.245249
13 476408 490680 8834.4018649999998
14 509939 521314 9457.9623840000004
15 533335 553231 28164.872808
16 562710 604939 30503.298975000002
17 604940 627355 8691.2845450000004
18 627831 637826 8525.9525360000007
19 640491 644244 28086.786929000002
20 705549 733493 9305.8530659999997
21 735317 739831 9003.7058219999999
22 765228 780989 29720.859928999998
23 813982 817639 28196.056719
24 821621 838334 8724.7512220000008
25 839924 867259 9238.0711549999996
26 868180 907924 29465.914934
27 907925 915901 8736.7051790000005
28 938920 952934 8623.2506759999997
29 964749 986998 8421.9856619999991
30 991239 1011098 27549.328343000001
31 1022916 1040175 29572.320551000001
32 1042472 1072611 29086.290951999999
33 1072712 1101387 8813.8421070000004
34 1109612 1126578 29493.047434
35 1134508 1157999 27435.630709000001
36 1158890 1170418 29792.428981000001
37 1173508 1183391 8997.6095590000004
38 1186408 1209595 26654.011493000002
39 1223949 1247074 8664.3956859999998
40 1247304 1273163 8910.3347130000002
41 1316349 1336346 9263.3037550000008
42 1339455 1345687 8194.1372179999998
43 1357400 1370063 8812.3468479999992
44 1388896 1390727 28513.272391999999
45 1417571 1421732 29797.943813000002
46 1425763 1460595 9287.2106050000002
47 1460596 1471348 9493.8769009999996
48 1474752 1510832 29841.66733
49 1512071 1516749 9031.5484039999992
50 1575549 1587179 27058.173078
51 1589288 1592845 27764.822221999999
52 1596788 1613390 8866.3210920000001
53 1625275 1637435 30200.423556999998
54 1640547 1645391 9259.4321029999992
55 1649583 1673654 9457.3783449999992
56 1675383 1679211 29542.407908000001
57 1684689 1699532 8564.5545529999999
58 1708683 1731352 9335.3412189999999
59 1733879 1762605 27874.981927000001
60 1770999 1813154 30587.746092000001
61 1813155 1857307 9231.3874039999992
62 1857308 1873526 8609.2624169999999
63 1874875 1891107 8689.6108280000008
64 1899460 1901507 26609.79682
65 1921149 1940754 8915.2263710000007
66 1943619 1973569 9094.9622560000007
67 1973570 1991284 8333.9255690000009
68 1991866 1998207 27500.430241999999
69 2012284 2028637 8601.7316499999997
70 2029930 2064843 9100.8958739999998
71 2078561 2091850 9427.4328960000003
72 2094821 2105233 27243.904355999999
73 2107661 2129381 8431.3051790000009
74 2158377 2160699 27636.251289
75 2180349 2199637 8831.2619180000002
76 2200745 2217344 8966.6639699999996
77 2224956 2230707 54396.705881000002
78 2234499 2248527 58970.262822999997
79 2251112 2280151 57826.355975999999
80 2280152 2290896 17374.699861000001
81 2306252 2333043 57611.601310999999
82 2333252 2365332 59023.283414999998
83 2366074 2371824 55193.106121999997
84 2375180 2417297 25530.421285
85 2417298 2461493 29269.697155999998
86 2461494 2465584 16830.732371999999
87 2478742 2493409 28226.256141999998
88 2495739 2498290 60093.408818999997
89 2538737 2568436 58272.632834999997
90 2568437 2575711 61499.660580999996
91 2589914 2611211 28538.149495000001
92 2624759 2630581 18090.695755000001
93 2634124 2649336 23661.293665000001
94 2651233 2679187 28757.617953000001
95 2679188 2721484 56137.919716999997
96 2722628 2739522 23437.772314999998
97 2754728 2767368 55980.942202999999
98 2780583 2794435 60635.164006999999
99 2797323 2828250 23619.145155999999
100 2848843 2857109 53049.165158000003
101 2859718 2882877 23042.764167000001
102 2882878 2887330 53421.323553000002
103 2890766 2895446 23396.302264000002
104 2899018 2911922 22759.633384000001
105 2935154 2939753 53785.922146999997
106 2950913 2967367 23595.771228000001
107 2969674 2976331 17076.713232999999
108 2979389 3014512 24932.393585000002
109 3014513 3024736 29494.590024000001
110 3027768 3033640 55821.075068999999
111 3037008 3054297 22968.383259999999
112 3055368 3059549 57490.653299999998
113 3077741 3082801 25500.801521000001
114 3124749 3148135 24904.219582000002
115 3152025 3156093 26817.789122999999
116 3168403 3198466 30236.225505999999
117 3201697 3222088 64968.303881
118 3228359 3234688 18980.648960999999
119 3238343 3279309 26276.326033000001
120 3280402 3322686 30209.873796
121 3324663 3328925 26595.764298999999
122 3359492 3366472 25812.000550000001
123 3385887 3397146 26242.243616
124 3400647 3404366 60521.572561000001
125 3412287 3429080 25759.527445
126 3443787 3456045 62910.21802
127 3459442 3493228 62402.514213000002
128 3497305 3509970 26087.487331
129 3525982 3543463 30312.554313000001
130 3550877 3562509 61079.659066
131 3573377 3585267 18673.221132999999
132 3588137 3591042 64240.288658999998
133 3595779 3605355 31143.729536999999
134 3609819 3620246 31955.262932000001
135 3625659 3664693 32548.652656999999
136 3669948 3680187 26591.031461999999
137 3685871 3695711 31032.775088999999
138 3729549 3750488 26518.557602000001
139 3756270 3760822 27135.491309000001
0 opportunities for A
0 opportunities for B
0 opportunities for C
0 opportunities for D
0 opportunities for E
0 opportunities for F
0 opportunities for G
0 opportunities for H
0 opportunities for I
0 opportunities for J
0 opportunities for K
0 opportunities for L
0 opportunities for M
0 opportunities for N
0 opportunities for O
0 opportunities for P
366 events for A
815 906
8662 0
59163 1714
70573 0
72113 906
72853 1714
87862 0
105142 1714
107876 0
108056 215
119532 0
123356 1714
126391 0
149562 1500
155577 0
169752 1500
175762 0
207802 906
208552 0
317713 906
329448 0
330988 906
347062 0
368542 906
384941 0
391121 906
398082 0
441909 906
457399 0
464662 906
470982 0
559381 906
566836 0
568376 906
585025 0
591265 906
603215 0
641134 906
657783 0
663963 906
675373 0
716337 906
731191 0
737371 906
749705 0
760385 1500
766497 0
774459 1500
780571 0
825302 906
842276 0
848456 906
860731 0
863071 906
870948 0
913042 906
913808 0
967342 1714
970951 0
974422 1714
991716 0
998292 1714
1006792 0
1012702 906
1013442 1714
1025520 0
1032300 1714
1044309 0
1046589 1714
1062499 0
1068679 1714
1080688 0
1084671 906
1085411 1714
1098878 0
1105058 1714
1110562 0
1141437 215
1152857 0
1258642 906
1259382 0
1268763 906
1280173 0
1282453 906
1297462 0
1320769 906
1335991 0
1343128 906
1354505 0
1356045 906
1372805 0
1379799 906
1391319 0
1394487 906
1409487 0
1416228 906
1428562 0
1430102 906
1447076 0
1453256 906
1456162 0
1456642 906
1465591 0
1467871 906
1483805 0
1490285 906
1499362 0
1499542 1087
1502252 0
1505199 906
1521133 0
1527287 593
1532954 0
1534973 906
1537933 0
1542408 593
1555969 0
1578142 906
1584862 0
1585942 906
1594524 0
1600721 906
1612702 0
1614298 906
1628962 0
1629442 906
1630902 0
1637100 906
1649044 0
1651453 906
1667205 0
1673479 1714
1685347 0
1689527 906
1690267 1714
1726162 0
1738942 1714
1769362 0
1778842 1714
1794504 0
1796280 906
1797020 1714
1812734 0
1815472 1714
1830948 0
1837184 1714
1844962 0
1845442 906
1849182 0
1850751 906
1867383 0
1873563 906
1884973 0
1887253 906
1893562 0
1894342 906
1902262 0
1925673 906
1940786 0
1946971 906
1959305 0
1960845 906
1977819 0
1983999 906
1996333 0
2000113 906
2013348 0
2021028 906
2033362 0
2034902 906
2039062 0
2081028 906
2088905 0
2095085 906
2102926 0
2109002 906
2125162 0
2132113 1600
2142254 0
2147352 1500
2153610 0
2154672 1500
2157014 0
2182942 906
2199341 0
2205521 906
2210741 0
2211221 906
2213962 0
2221320 906
2222077 1500
2227352 0
2228677 1500
2233962 0
2241900 906
2253909 0
2256189 906
2272099 0
2278279 906
2290288 0
2294048 906
2308358 0
2314658 906
2326665 0
2328947 906
2341762 0
2342242 906
2344857 0
2351037 906
2363046 0
2365326 906
2381236 0
2382776 906
2399364 0
2405605 906
2417555 0
2419895 906
2435804 0
2441984 906
2453994 0
2455534 906
2472183 0
2478363 906
2489773 0
2494449 1500
2498464 0
2500149 1500
2504174 0
2522542 906
2525662 0
2532742 215
2544262 0
2566685 906
2582405 0
2588799 906
2601133 0
2603413 906
2619648 0
2625828 906
2638162 0
2639702 906
2656676 0
2662856 906
2675191 0
2677471 906
2693705 0
2699885 906
2712219 0
2713759 906
2730733 0
2736913 906
2748648 0
2750928 906
2766262 0
2781742 906
2785942 0
2788231 906
2804141 0
2810321 906
2822330 0
2823870 906
2840520 0
2846700 906
2858709 0
2860989 906
2876899 0
2883079 906
2895088 0
2898871 906
2913136 0
2919458 906
2931443 0
2933769 906
2949657 0
2955837 906
2967846 0
2970126 906
2986036 0
2987576 906
3004225 0
3010405 906
3022415 0
3024695 906
3038362 0
3046784 906
3057104 0
3060634 906
3076794 0
3083163 906
3094573 0
3096853 906
3111862 0
3127042 1087
3129752 0
3136272 906
3150176 0
3156356 215
3167776 0
3207678 906
3223805 0
3229985 906
3242392 0
3244492 906
3260313 0
3266799 906
3278661 0
3280569 906
3291382 0
3292342 906
3297430 0
3303613 906
3315840 0
3318121 906
3334248 0
3340428 906
3352107 0
3354664 906
3370517 0
3386542 906
3390262 0
3392953 906
3408783 0
3414963 906
3421762 0
3422242 906
3426562 0
3428675 906
3435100 0
3436102 906
3444756 0
3451184 906
3462924 0
3465742 1714
3481042 0
3487585 1714
3499285 0
3503888 1714
3507382 0
3507547 906
3517402 0
3523626 906
3535553 0
3537840 906
3551362 0
3551842 1714
3552878 0
3559847 1714
3561227 0
3562342 1714
3563341 0
3564142 1714
3564622 0
3565012 1714
3565612 0
3566982 1714
3569509 0
3573542 906
3574282 1714
3589462 0
3682881 906
3683801 593
3697722 0
3704791 593
3715832 0
3774962 906
3791662 0
365 events for B
7716 0
58217 1714
69627 0
71167 906
71907 1714
86916 0
104196 1714
106930 0
107110 215
118586 0
122410 1714
125445 0
148616 1500
154631 0
168806 1500
174816 0
206856 906
207606 0
316767 906
328502 0
330042 906
346116 0
367596 906
383995 0
390175 906
397136 0
440963 906
456453 0
463716 906
470036 0
558435 906
565890 0
567430 906
584079 0
590319 906
602269 0
640188 906
656837 0
663017 906
674427 0
715391 906
730245 0
736425 906
748759 0
759439 1500
765551 0
773513 1500
779625 0
824356 906
841330 0
847510 906
859785 0
862125 906
870002 0
912096 906
912862 0
966396 1714
970005 0
973476 1714
990770 0
997346 1714
1005846 0
1011756 906
1012496 1714
1024574 0
1031354 1714
1043363 0
1045643 1714
1061553 0
1067733 1714
1079742 0
1083725 906
1084465 1714
1097932 0
1104112 1714
1109616 0
1140491 215
1151911 0
1257696 906
1258436 0
1267817 906
1279227 0
1281507 906
1296516 0
1319823 906
1335045 0
1342182 906
1353559 0
1355099 906
1371859 0
1378853 906
1390373 0
1393541 906
1408541 0
1415282 906
1427616 0
1429156 906
1446130 0
1452310 906
1455216 0
1455696 906
1464645 0
1466925 906
1482859 0
1489339 906
1498416 0
1498596 1087
1501306 0
1504253 906
1520187 0
1526341 593
1532008 0
1534027 906
1536987 0
1541462 593
1555023 0
1577196 906
1583916 0
1584996 906
1593578 0
1599775 906
1611756 0
1613352 906
1628016 0
1628496 906
1629956 0
1636154 906
1648098 0
1650507 906
1666259 0
1672533 1714
1684401 0
1688581 906
1689321 1714
1725216 0
1737996 1714
1768416 0
1777896 1714
1793558 0
1795334 906
1796074 1714
1811788 0
1814526 1714
1830002 0
1836238 1714
1844016 0
1844496 906
1848236 0
1849805 906
1866437 0
1872617 906
1884027 0
1886307 906
1892616 0
1893396 906
1901316 0
1924727 906
1939840 0
1946025 906
1958359 0
1959899 906
1976873 0
1983053 906
1995387 0
1999167 906
2012402 0
2020082 906
2032416 0
2033956 906
2038116 0
2080082 906
2087959 0
2094139 906
2101980 0
2108056 906
2124216 0
2131167 1600
2141308 0
2146406 1500
2152664 0
2153726 1500
2156068 0
2181996 906
2198395 0
2204575 906
2209795 0
2210275 906
2213016 0
2220374 906
2221131 1500
2226406 0
2227731 1500
2233016 0
2240954 906
2252963 0
2255243 906
2271153 0
2277333 906
2289342 0
2293102 906
2307412 0
2313712 906
2325719 0
2328001 906
2340816 0
2341296 906
2343911 0
2350091 906
2362100 0
2364380 906
2380290 0
2381830 906
2398418 0
2404659 906
2416609 0
2418949 906
2434858 0
2441038 906
2453048 0
2454588 906
2471237 0
2477417 906
2488827 0
2493503 1500
2497518 0
2499203 1500
2503228 0
2521596 906
2524716 0
2531796 215
2543316 0
2565739 906
2581459 0
2587853 906
2600187 0
2602467 906
2618702 0
2624882 906
2637216 0
2638756 906
2655730 0
2661910 906
2674245 0
2676525 906
2692759 0
2698939 906
2711273 0
2712813 906
2729787 0
2735967 906
2747702 0
2749982 906
2765316 0
2780796 906
2784996 0
2787285 906
2803195 0
2809375 906
2821384 0
2822924 906
2839574 0
2845754 906
2857763 0
2860043 906
2875953 0
2882133 906
2894142 0
2897925 906
2912190 0
2918512 906
2930497 0
2932823 906
2948711 0
2954891 906
2966900 0
2969180 906
2985090 0
2986630 906
3003279 0
3009459 906
3021469 0
3023749 906
3037416 0
3045838 906
3056158 0
3059688 906
3075848 0
3082217 906
3093627 0
3095907 906
3110916 0
3126096 1087
3128806 0
3135326 906
3149230 0
3155410 215
3166830 0
3206732 906
3222859 0
3229039 906
3241446 0
3243546 906
3259367 0
3265853 906
3277715 0
3279623 906
3290436 0
3291396 906
3296484 0
3302667 906
3314894 0
3317175 906
3333302 0
3339482 906
3351161 0
3353718 906
3369571 0
3385596 906
3389316 0
3392007 906
3407837 0
3414017 906
3420816 0
3421296 906
3425616 0
3427729 906
3434154 0
3435156 906
3443810 0
3450238 906
3461978 0
3464796 1714
3480096 0
3486639 1714
3498339 0
3502942 1714
3506436 0
3506601 906
3516456 0
3522680 906
3534607 0
3536894 906
3550416 0
3550896 1714
3551932 0
3558901 1714
3560281 0
3561396 1714
3562395 0
3563196 1714
3563676 0
3564066 1714
3564666 0
3566036 1714
3568563 0
3572596 906
3573336 1714
3588516 0
3681935 906
3682855 593
3696776 0
3703845 593
3714886 0
3774016 906
3790716 0
35 events for C
86948 0
98349 1300
346148 0
363549 1300
691748 0
703629 600
703809 1300
950429 700
950474 0
962649 600
962829 1300
1209569 700
1209614 0
1221729 600
1221909 1300
1295969 700
1296014 0
1314129 600
1314309 1300
1554389 700
1554434 0
1573329 600
1573449 1300
1900949 700
1900994 0
1918749 1300
2160548 0
2177949 1300
2506148 0
2517549 1950
2765348 0
2776749 1950
3110948 0
3110950 1944
3727149 1300
70 events for D
562211 26968906
562216 0
583811 134824032
583816 0
586737 20221556
586742 0
778151 83191028
778156 0
972551 38234987
972556 0
994151 107957608
994156 0
1015751 350862225
1015756 0
1015757 4498234
1015762 0
1037351 38234987
1037356 0
1361411 42873674
1361416 0
1383011 60808152
1383016 0
1469411 123650191
1469416 0
1491011 112353360
1491016 0
1512611 191051956
1512616 0
1534211 148359728
1534216 0
2195051 92231261
2195056 0
2225411 67412016
2225416 0
2534098 67429102
2534103 0
2879698 42866846
2879703 0
2901298 36098616
2901303 0
3030898 15230225
3030903 0
3052498 42774218
3052503 0
3074098 51729687
3074103 0
3094004 67442760
3094009 0
3154151 51185344
3154156 0
3218951 36088368
3218956 0
3262151 46317017
3262156 0
3326951 62132584
3326956 0
3413351 55765577
3413356 0
3478151 60879901
3478156 0
3564551 79077832
3564556 0
3586151 48576383
3586156 0
3650951 294648376
3650956 0
3672551 296678458
3672556 0
3694151 98892820
3694156 0
1624 events for E
16276 12910592
16277 0
16536 12910592
16537 0
17116 12910592
17117 0
17376 12910592
17377 0
34466 12910592
34467 0
34726 12910592
34727 0
35306 12910592
35307 0
35566 12910592
35567 0
52655 12910592
52656 0
52915 12910592
52916 0
53495 12910592
53496 0
53755 12910592
53756 0
70245 12910592
70246 0
70505 12910592
70506 0
71085 12910592
71086 0
71345 12910592
71346 0
87534 12910592
87535 0
87794 12910592
87795 0
88374 12910592
88375 0
88634 12910592
88635 0
107548 12910592
107549 0
107778 12910592
107779 0
108318 12910592
108319 0
108548 12910592
108549 0
126063 12910592
126064 0
126323 12910592
126324 0
126903 12910592
126904 0
127163 12910592
127164 0
144577 12910592
144578 0
144837 12910592
144838 0
145417 12910592
145418 0
145677 12910592
145678 0
163091 12910592
163092 0
163351 12910592
163352 0
163931 12910592
163932 0
164191 12910592
164192 0
181605 12910592
181606 0
181865 12910592
181866 0
182445 12910592
182446 0
182705 12910592
182706 0
200120 12910592
200121 0
200380 12910592
200381 0
200960 12910592
200961 0
201220 12910592
201221 0
218634 12910592
218635 0
218894 12910592
218895 0
219474 12910592
219475 0
219734 12910592
219735 0
237148 12910592
237149 0
237408 12910592
237409 0
237988 12910592
237989 0
238248 12910592
238249 0
255663 12910592
255664 0
255923 12910592
255924 0
256503 12910592
256504 0
256763 12910592
256764 0
274177 12910592
274178 0
274437 12910592
274438 0
275017 12910592
275018 0
275277 12910592
275278 0
292691 12910592
292692 0
292951 12910592
292952 0
293531 12910592
293532 0
293791 12910592
293792 0
311205 12910592
311206 0
311465 12910592
311466 0
312045 12910592
312046 0
312305 12910592
312306 0
329120 12910592
329121 0
329380 12910592
329381 0
329960 12910592
329961 0
330220 12910592
330221 0
346734 12910592
346735 0
346994 12910592
346995 0
347574 12910592
347575 0
347834 12910592
347835 0
365634 12910592
365635 0
365894 12910592
365895 0
366474 12910592
366475 0
366734 12910592
366735 0
384613 12910592
384614 0
384873 12910592
384874 0
385453 12910592
385454 0
385713 12910592
385714 0
402802 12910592
402803 0
403062 12910592
403063 0
403642 12910592
403643 0
403902 12910592
403903 0
420992 12910592
420993 0
421252 12910592
421253 0
421832 12910592
421833 0
422092 12910592
422093 0
439181 12910592
439182 0
439441 12910592
439442 0
440021 12910592
440022 0
440281 12910592
440282 0
457371 12910592
457372 0
457631 12910592
457632 0
458211 12910592
458212 0
458471 12910592
458472 0
475560 12910592
475561 0
475790 12910592
475791 0
476330 12910592
476331 0
476560 12910592
476561 0
493750 12910592
493751 0
494010 12910592
494011 0
494590 12910592
494591 0
494850 12910592
494851 0
511939 12910592
511940 0
512199 12910592
512200 0
512779 12910592
512780 0
513039 12910592
513040 0
530129 12910592
530130 0
530389 12910592
530390 0
530969 12910592
530970 0
531229 12910592
531230 0
546534 12910592
546535 0
546764 12910592
546765 0
547304 12910592
547305 0
547534 12910592
547535 0
566508 12910592
566509 0
566768 12910592
566769 0
567348 12910592
567349 0
567608 12910592
567609 0
584697 12910592
584698 0
584957 12910592
584958 0
585537 12910592
585538 0
585797 12910592
585798 0
602887 12910592
602888 0
603147 12910592
603148 0
603727 12910592
603728 0
603987 12910592
603988 0
621076 12910592
621077 0
621336 12910592
621337 0
621916 12910592
621917 0
622176 12910592
622177 0
639266 12910592
639267 0
639526 12910592
639527 0
640106 12910592
640107 0
640366 12910592
640367 0
657455 12910592
657456 0
657715 12910592
657716 0
658295 12910592
658296 0
658555 12910592
658556 0
675045 12910592
675046 0
675305 12910592
675306 0
675885 12910592
675886 0
676145 12910592
676146 0
692334 12910592
692335 0
692594 12910592
692595 0
693174 12910592
693175 0
693434 12910592
693435 0
712348 12910592
712349 0
712578 12910592
712579 0
713118 12910592
713119 0
713348 12910592
713349 0
730863 12910592
730864 0
731123 12910592
731124 0
731703 12910592
731704 0
731963 12910592
731964 0
749377 12910592
749378 0
749637 12910592
749638 0
750217 12910592
750218 0
750477 12910592
750478 0
767891 12910592
767892 0
768151 12910592
768152 0
768731 12910592
768732 0
768991 12910592
768992 0
786405 12910592
786406 0
786665 12910592
786666 0
787245 12910592
787246 0
787505 12910592
787506 0
804920 12910592
804921 0
805180 12910592
805181 0
805760 12910592
805761 0
806020 12910592
806021 0
823434 12910592
823435 0
823694 12910592
823695 0
824274 12910592
824275 0
824534 12910592
824535 0
841948 12910592
841949 0
842208 12910592
842209 0
842788 12910592
842789 0
843048 12910592
843049 0
860463 12910592
860464 0
860723 12910592
860724 0
861303 12910592
861304 0
861563 12910592
861564 0
878977 12910592
878978 0
879237 12910592
879238 0
879817 12910592
879818 0
880077 12910592
880078 0
897491 12910592
897492 0
897751 12910592
897752 0
898331 12910592
898332 0
898591 12910592
898592 0
916005 12910592
916006 0
916265 12910592
916266 0
916845 12910592
916846 0
917105 12910592
917106 0
933920 12910592
933921 0
934180 12910592
934181 0
934760 12910592
934761 0
935020 12910592
935021 0
951534 12910592
951535 0
951794 12910592
951795 0
952374 12910592
952375 0
952634 12910592
952635 0
971223 12910592
971224 0
971483 12910592
971484 0
972063 12910592
972064 0
972323 12910592
972324 0
991784 12910592
991785 0
992044 12910592
992045 0
992624 12910592
992625 0
992884 12910592
992885 0
1006184 12910592
1006185 0
1006444 12910592
1006445 0
1007024 12910592
1007025 0
1007284 12910592
1007285 0
1025792 12910592
1025793 0
1026052 12910592
1026053 0
1026632 12910592
1026633 0
1026892 12910592
1026893 0
1043981 12910592
1043982 0
1044241 12910592
1044242 0
1044821 12910592
1044822 0
1045081 12910592
1045082 0
1062171 12910592
1062172 0
1062431 12910592
1062432 0
1063011 12910592
1063012 0
1063271 12910592
1063272 0
1080360 12910592
1080361 0
1080590 12910592
1080591 0
1081130 12910592
1081131 0
1081360 12910592
1081361 0
1098550 12910592
1098551 0
1098810 12910592
1098811 0
1099390 12910592
1099391 0
1099650 12910592
1099651 0
1116739 12910592
1116740 0
1116999 12910592
1117000 0
1117579 12910592
1117580 0
1117839 12910592
1117840 0
1134929 12910592
1134930 0
1135189 12910592
1135190 0
1135769 12910592
1135770 0
1136029 12910592
1136030 0
1153118 12910592
1153119 0
1153378 12910592
1153379 0
1153958 12910592
1153959 0
1154218 12910592
1154219 0
1171308 12910592
1171309 0
1171568 12910592
1171569 0
1172148 12910592
1172149 0
1172408 12910592
1172409 0
1189497 12910592
1189498 0
1189757 12910592
1189758 0
1190337 12910592
1190338 0
1190597 12910592
1190598 0
1207687 12910592
1207688 0
1207947 12910592
1207948 0
1208527 12910592
1208528 0
1208787 12910592
1208788 0
1225876 12910592
1225877 0
1226136 12910592
1226137 0
1226716 12910592
1226717 0
1226976 12910592
1226977 0
1244066 12910592
1244067 0
1244326 12910592
1244327 0
1244906 12910592
1244907 0
1245166 12910592
1245167 0
1262255 12910592
1262256 0
1262515 12910592
1262516 0
1263095 12910592
1263096 0
1263355 12910592
1263356 0
1279845 12910592
1279846 0
1280105 12910592
1280106 0
1280685 12910592
1280686 0
1280945 12910592
1280946 0
1297134 12910592
1297135 0
1297394 12910592
1297395 0
1297974 12910592
1297975 0
1298234 12910592
1298235 0
1316034 12910592
1316035 0
1316264 12910592
1316265 0
1316804 12910592
1316805 0
1317034 12910592
1317035 0
1335663 12910592
1335664 0
1335923 12910592
1335924 0
1336503 12910592
1336504 0
1336763 12910592
1336764 0
1354177 12910592
1354178 0
1354437 12910592
1354438 0
1355017 12910592
1355018 0
1355277 12910592
1355278 0
1372691 12910592
1372692 0
1372951 12910592
1372952 0
1373531 12910592
1373532 0
1373791 12910592
1373792 0
1391205 12910592
1391206 0
1391465 12910592
1391466 0
1392045 12910592
1392046 0
1392305 12910592
1392306 0
1409720 12910592
1409721 0
1409980 12910592
1409981 0
1410560 12910592
1410561 0
1410820 12910592
1410821 0
1428234 12910592
1428235 0
1428494 12910592
1428495 0
1429074 12910592
1429075 0
1429334 12910592
1429335 0
1446748 12910592
1446749 0
1447008 12910592
1447009 0
1447588 12910592
1447589 0
1447848 12910592
1447849 0
1465263 12910592
1465264 0
1465523 12910592
1465524 0
1466103 12910592
1466104 0
1466363 12910592
1466364 0
1483777 12910592
1483778 0
1484037 12910592
1484038 0
1484617 12910592
1484618 0
1484877 12910592
1484878 0
1502291 12910592
1502292 0
1502551 12910592
1502552 0
1503131 12910592
1503132 0
1503391 12910592
1503392 0
1520805 12910592
1520806 0
1521065 12910592
1521066 0
1521645 12910592
1521646 0
1521905 12910592
1521906 0
1538720 12910592
1538721 0
1538980 12910592
1538981 0
1539560 12910592
1539561 0
1539820 12910592
1539821 0
1556334 12910592
1556335 0
1556594 12910592
1556595 0
1557174 12910592
1557175 0
1557434 12910592
1557435 0
1575234 12910592
1575235 0
1575494 12910592
1575495 0
1576074 12910592
1576075 0
1576334 12910592
1576335 0
1594213 12910592
1594214 0
1594473 12910592
1594474 0
1595053 12910592
1595054 0
1595313 12910592
1595314 0
1612402 12910592
1612403 0
1612662 12910592
1612663 0
1613242 12910592
1613243 0
1613502 12910592
1613503 0
1630592 12910592
1630593 0
1630852 12910592
1630853 0
1631432 12910592
1631433 0
1631692 12910592
1631693 0
1648781 12910592
1648782 0
1649041 12910592
1649042 0
1649621 12910592
1649622 0
1649881 12910592
1649882 0
1666971 12910592
1666972 0
1667231 12910592
1667232 0
1667811 12910592
1667812 0
1668071 12910592
1668072 0
1685160 12910592
1685161 0
1685390 12910592
1685391 0
1685930 12910592
1685931 0
1686160 12910592
1686161 0
1772334 12910592
1772335 0
1772594 12910592
1772595 0
1773174 12910592
1773175 0
1773434 12910592
1773435 0
1794297 12910592
1794298 0
1794557 12910592
1794558 0
1795137 12910592
1795138 0
1795397 12910592
1795398 0
1812487 12910592
1812488 0
1812747 12910592
1812748 0
1813327 12910592
1813328 0
1813587 12910592
1813588 0
1830676 12910592
1830677 0
1830936 12910592
1830937 0
1831516 12910592
1831517 0
1831776 12910592
1831777 0
1848866 12910592
1848867 0
1849126 12910592
1849127 0
1849706 12910592
1849707 0
1849966 12910592
1849967 0
1867055 12910592
1867056 0
1867315 12910592
1867316 0
1867895 12910592
1867896 0
1868155 12910592
1868156 0
1884645 12910592
1884646 0
1884905 12910592
1884906 0
1885485 12910592
1885486 0
1885745 12910592
1885746 0
1901934 12910592
1901935 0
1902194 12910592
1902195 0
1902774 12910592
1902775 0
1903034 12910592
1903035 0
1920834 12910592
1920835 0
1921064 12910592
1921065 0
1921604 12910592
1921605 0
1921834 12910592
1921835 0
1940463 12910592
1940464 0
1940723 12910592
1940724 0
1941303 12910592
1941304 0
1941563 12910592
1941564 0
1958977 12910592
1958978 0
1959237 12910592
1959238 0
1959817 12910592
1959818 0
1960077 12910592
1960078 0
1977491 12910592
1977492 0
1977751 12910592
1977752 0
1978331 12910592
1978332 0
1978591 12910592
1978592 0
1996005 12910592
1996006 0
1996265 12910592
1996266 0
1996845 12910592
1996846 0
1997105 12910592
1997106 0
2014520 12910592
2014521 0
2014780 12910592
2014781 0
2015360 12910592
2015361 0
2015620 12910592
2015621 0
2033034 12910592
2033035 0
2033294 12910592
2033295 0
2033874 12910592
2033875 0
2034134 12910592
2034135 0
2051548 12910592
2051549 0
2051808 12910592
2051809 0
2052388 12910592
2052389 0
2052648 12910592
2052649 0
2070063 12910592
2070064 0
2070323 12910592
2070324 0
2070903 12910592
2070904 0
2071163 12910592
2071164 0
2088577 12910592
2088578 0
2088837 12910592
2088838 0
2089417 12910592
2089418 0
2089677 12910592
2089678 0
2107091 12910592
2107092 0
2107351 12910592
2107352 0
2107931 12910592
2107932 0
2108191 12910592
2108192 0
2125605 12910592
2125606 0
2125865 12910592
2125866 0
2126445 12910592
2126446 0
2126705 12910592
2126706 0
2143520 12910592
2143521 0
2143780 12910592
2143781 0
2144360 12910592
2144361 0
2144620 12910592
2144621 0
2161134 12910592
2161135 0
2161394 12910592
2161395 0
2161974 12910592
2161975 0
2162234 12910592
2162235 0
2180034 12910592
2180035 0
2180294 12910592
2180295 0
2180874 12910592
2180875 0
2181134 12910592
2181135 0
2199013 12910592
2199014 0
2199273 12910592
2199274 0
2199853 12910592
2199854 0
2200113 12910592
2200114 0
2217202 12910592
2217203 0
2217462 12910592
2217463 0
2218042 12910592
2218043 0
2218302 12910592
2218303 0
2235392 12910592
2235393 0
2235652 12910592
2235653 0
2236232 12910592
2236233 0
2236492 12910592
2236493 0
2253581 12910592
2253582 0
2253841 12910592
2253842 0
2254421 12910592
2254422 0
2254681 12910592
2254682 0
2271771 12910592
2271772 0
2272031 12910592
2272032 0
2272611 12910592
2272612 0
2272871 12910592
2272872 0
2289960 12910592
2289961 0
2290190 12910592
2290191 0
2290730 12910592
2290731 0
2290960 12910592
2290961 0
2308150 12910592
2308151 0
2308410 12910592
2308411 0
2308990 12910592
2308991 0
2309250 12910592
2309251 0
2326339 12910592
2326340 0
2326599 12910592
2326600 0
2327179 12910592
2327180 0
2327439 12910592
2327440 0
2344529 12910592
2344530 0
2344789 12910592
2344790 0
2345369 12910592
2345370 0
2345629 12910592
2345630 0
2362718 12910592
2362719 0
2362978 12910592
2362979 0
2363558 12910592
2363559 0
2363818 12910592
2363819 0
2380908 12910592
2380909 0
2381168 12910592
2381169 0
2381748 12910592
2381749 0
2382008 12910592
2382009 0
2399097 12910592
2399098 0
2399357 12910592
2399358 0
2399937 12910592
2399938 0
2400197 12910592
2400198 0
2417287 12910592
2417288 0
2417547 12910592
2417548 0
2418127 12910592
2418128 0
2418387 12910592
2418388 0
2435476 12910592
2435477 0
2435736 12910592
2435737 0
2436316 12910592
2436317 0
2436576 12910592
2436577 0
2453666 12910592
2453667 0
2453926 12910592
2453927 0
2454506 12910592
2454507 0
2454766 12910592
2454767 0
2471855 12910592
2471856 0
2472115 12910592
2472116 0
2472695 12910592
2472696 0
2472955 12910592
2472956 0
2489445 12910592
2489446 0
2489705 12910592
2489706 0
2490285 12910592
2490286 0
2490545 12910592
2490546 0
2506734 12910592
2506735 0
2506994 12910592
2506995 0
2507574 12910592
2507575 0
2507834 12910592
2507835 0
2526748 12910592
2526749 0
2526978 12910592
2526979 0
2527518 12910592
2527519 0
2527748 12910592
2527749 0
2545263 12910592
2545264 0
2545523 12910592
2545524 0
2546103 12910592
2546104 0
2546363 12910592
2546364 0
2563777 12910592
2563778 0
2564037 12910592
2564038 0
2564617 12910592
2564618 0
2564877 12910592
2564878 0
2582291 12910592
2582292 0
2582551 12910592
2582552 0
2583131 12910592
2583132 0
2583391 12910592
2583392 0
2600805 12910592
2600806 0
2601065 12910592
2601066 0
2601645 12910592
2601646 0
2601905 12910592
2601906 0
2619320 12910592
2619321 0
2619580 12910592
2619581 0
2620160 12910592
2620161 0
2620420 12910592
2620421 0
2637834 12910592
2637835 0
2638094 12910592
2638095 0
2638674 12910592
2638675 0
2638934 12910592
2638935 0
2656348 12910592
2656349 0
2656608 12910592
2656609 0
2657188 12910592
2657189 0
2657448 12910592
2657449 0
2674863 12910592
2674864 0
2675123 12910592
2675124 0
2675703 12910592
2675704 0
2675963 12910592
2675964 0
2693377 12910592
2693378 0
2693637 12910592
2693638 0
2694217 12910592
2694218 0
2694477 12910592
2694478 0
2711891 12910592
2711892 0
2712151 12910592
2712152 0
2712731 12910592
2712732 0
2712991 12910592
2712992 0
2730405 12910592
2730406 0
2730665 12910592
2730666 0
2731245 12910592
2731246 0
2731505 12910592
2731506 0
2748320 12910592
2748321 0
2748580 12910592
2748581 0
2749160 12910592
2749161 0
2749420 12910592
2749421 0
2765934 12910592
2765935 0
2766194 12910592
2766195 0
2766774 12910592
2766775 0
2767034 12910592
2767035 0
2785623 12910592
2785624 0
2785883 12910592
2785884 0
2786463 12910592
2786464 0
2786723 12910592
2786724 0
2803813 12910592
2803814 0
2804073 12910592
2804074 0
2804653 12910592
2804654 0
2804913 12910592
2804914 0
2822002 12910592
2822003 0
2822262 12910592
2822263 0
2822842 12910592
2822843 0
2823102 12910592
2823103 0
2840192 12910592
2840193 0
2840452 12910592
2840453 0
2841032 12910592
2841033 0
2841292 12910592
2841293 0
2858381 12910592
2858382 0
2858641 12910592
2858642 0
2859221 12910592
2859222 0
2859481 12910592
2859482 0
2876571 12910592
2876572 0
2876831 12910592
2876832 0
2877411 12910592
2877412 0
2877671 12910592
2877672 0
2894760 12910592
2894761 0
2894990 12910592
2894991 0
2895530 12910592
2895531 0
2895760 12910592
2895761 0
2912950 12910592
2912951 0
2913210 12910592
2913211 0
2913790 12910592
2913791 0
2914050 12910592
2914051 0
2931139 12910592
2931140 0
2931399 12910592
2931400 0
2931979 12910592
2931980 0
2932239 12910592
2932240 0
2949329 12910592
2949330 0
2949589 12910592
2949590 0
2950169 12910592
2950170 0
2950429 12910592
2950430 0
2967518 12910592
2967519 0
2967778 12910592
2967779 0
2968358 12910592
2968359 0
2968618 12910592
2968619 0
2985708 12910592
2985709 0
2985968 12910592
2985969 0
2986548 12910592
2986549 0
2986808 12910592
2986809 0
3003897 12910592
3003898 0
3004157 12910592
3004158 0
3004737 12910592
3004738 0
3004997 12910592
3004998 0
3022087 12910592
3022088 0
3022347 12910592
3022348 0
3022927 12910592
3022928 0
3023187 12910592
3023188 0
3040276 12910592
3040277 0
3040536 12910592
3040537 0
3041116 12910592
3041117 0
3041376 12910592
3041377 0
3058466 12910592
3058467 0
3058726 12910592
3058727 0
3059306 12910592
3059307 0
3059566 12910592
3059567 0
3076655 12910592
3076656 0
3076915 12910592
3076916 0
3077495 12910592
3077496 0
3077755 12910592
3077756 0
3094245 12910592
3094246 0
3094505 12910592
3094506 0
3095085 12910592
3095086 0
3095345 12910592
3095346 0
3111534 12910592
3111535 0
3111794 12910592
3111795 0
3112374 12910592
3112375 0
3112634 12910592
3112635 0
3131382 215177
3131442 0
3131612 215177
3131672 0
3132152 215177
3132212 0
3132382 215177
3132442 0
3149789 215177
3149849 0
3150049 215177
3150109 0
3150629 215177
3150689 0
3150889 215177
3150949 0
3168196 215177
3168256 0
3168456 215177
3168516 0
3169036 215177
3169096 0
3169296 215177
3169356 0
3186604 215177
3186664 0
3186864 215177
3186924 0
3187444 215177
3187504 0
3187704 215177
3187764 0
3205011 215177
3205071 0
3205271 215177
3205331 0
3205851 215177
3205911 0
3206111 215177
3206171 0
3223418 215177
3223478 0
3223678 215177
3223738 0
3224258 215177
3224318 0
3224518 215177
3224578 0
3241825 215177
3241885 0
3242085 215177
3242145 0
3242665 215177
3242725 0
3242925 215177
3242985 0
3260232 215177
3260292 0
3260492 215177
3260552 0
3261072 215177
3261132 0
3261332 215177
3261392 0
3278639 215177
3278699 0
3278899 215177
3278959 0
3279479 215177
3279539 0
3279739 215177
3279799 0
3297046 215177
3297106 0
3297306 215177
3297366 0
3297886 215177
3297946 0
3298146 215177
3298206 0
3315454 215177
3315514 0
3315714 215177
3315774 0
3316294 215177
3316354 0
3316554 215177
3316614 0
3333861 215177
3333921 0
3334121 215177
3334181 0
3334701 215177
3334761 0
3334961 215177
3335021 0
3352268 215177
3352328 0
3352528 215177
3352588 0
3353108 215177
3353168 0
3353368 215177
3353428 0
3370675 215177
3370735 0
3370935 215177
3370995 0
3371515 215177
3371575 0
3371775 215177
3371835 0
3390286 215177
3390346 0
3390546 215177
3390606 0
3391126 215177
3391186 0
3391386 215177
3391446 0
3408396 215177
3408456 0
3408656 215177
3408716 0
3409236 215177
3409296 0
3409496 215177
3409556 0
3426507 215177
3426567 0
3426767 215177
3426827 0
3427347 215177
3427407 0
3427607 215177
3427667 0
3444617 215177
3444677 0
3444877 215177
3444937 0
3445457 215177
3445517 0
3445717 215177
3445777 0
3462728 215177
3462788 0
3462988 215177
3463048 0
3463568 215177
3463628 0
3463828 215177
3463888 0
3480838 215177
3480898 0
3481098 215177
3481158 0
3481678 215177
3481738 0
3481938 215177
3481998 0
3498949 215177
3499009 0
3499179 215177
3499239 0
3499719 215177
3499779 0
3499949 215177
3500009 0
3517059 215177
3517119 0
3517319 215177
3517379 0
3517899 215177
3517959 0
3518159 215177
3518219 0
3535170 215177
3535230 0
3535430 215177
3535490 0
3536010 215177
3536070 0
3536270 215177
3536330 0
3553280 215177
3553340 0
3553540 215177
3553600 0
3554120 215177
3554180 0
3554380 215177
3554440 0
3571391 215177
3571451 0
3571651 215177
3571711 0
3572231 215177
3572291 0
3572491 215177
3572551 0
3589501 215177
3589561 0
3589761 215177
3589821 0
3590341 215177
3590401 0
3590601 215177
3590661 0
3607612 215177
3607672 0
3607872 215177
3607932 0
3608452 215177
3608512 0
3608712 215177
3608772 0
3625722 215177
3625782 0
3625982 215177
3626042 0
3626562 215177
3626622 0
3626822 215177
3626882 0
3643833 215177
3643893 0
3644093 215177
3644153 0
3644673 215177
3644733 0
3644933 215177
3644993 0
3661943 215177
3662003 0
3662203 215177
3662263 0
3662783 215177
3662843 0
3663043 215177
3663103 0
3680054 215177
3680114 0
3680314 215177
3680374 0
3680894 215177
3680954 0
3681154 215177
3681214 0
3698164 215177
3698224 0
3698424 215177
3698484 0
3699004 215177
3699064 0
3699264 215177
3699324 0
3716275 215177
3716335 0
3716535 215177
3716595 0
3717115 215177
3717175 0
3717375 215177
3717435 0
3736182 215177
3736242 0
3736412 215177
3736472 0
3736952 215177
3737012 0
3737182 215177
3737242 0
3754589 215177
3754649 0
3754849 215177
3754909 0
3755429 215177
3755489 0
3755689 215177
3755749 0
3772996 215177
3773056 0
3773256 215177
3773316 0
3773836 215177
3773896 0
3774096 215177
3774156 0
3791404 215177
3791464 0
3791664 215177
3791724 0
3792244 215177
3792304 0
3792504 215177
3792564 0
108 events for F
14295 706
18495 1285
50674 706
107467 2414
109307 706
136073 1285
141653 706
155784 1285
157764 706
395453 1285
419011 706
423211 1285
437200 706
439420 1772
455090 706
459710 1772
475479 2414
477839 1772
491469 706
546453 2414
556213 706
588296 1285
619073 706
623295 1285
632753 706
692153 0
692154 487
712267 2414
714107 487
786524 2414
802724 487
807139 2414
839967 487
844167 2414
876996 487
1080279 2414
1082119 487
1108553 2414
1132947 487
1137148 2414
1169326 487
1173527 2414
1177127 487
1195127 2414
1198727 487
1208406 2414
1210553 487
1221953 2414
1260274 487
1315953 2414
1333682 487
1337882 2414
1345853 487
1391393 2414
1407178 487
1596432 2414
1603853 487
1632856 2414
1664896 487
1685079 2414
1686919 487
1842953 2414
1865074 487
1869277 2414
1891253 487
1920753 2414
1938477 487
1942684 2414
1950353 487
2037053 2414
2049507 487
2053767 2414
2086596 487
2253700 2414
2269790 487
2273990 2414
2306049 487
2310429 2414
2339453 487
2381027 2414
2397055 487
2401316 2414
2425853 1285
2526667 2414
2528507 1285
2533560 2414
2543282 1285
2547482 2414
2555282 1285
2663453 2414
2691396 1285
2695596 2414
2706653 1285
2732624 2414
2763953 1285
2777153 2414
2787542 1285
2894679 2414
2896519 1285
2901053 2414
2910827 1285
2915190 2414
2944253 2057
3111353 0
3111354 2414
3716153 1772
3736160 2414
3738000 1772
4 events for G
694117 0
694118 18
3113317 0
3113318 18
68 events for H
110357 4214960
110361 0
110787 4214960
110791 0
111527 4214960
111531 0
111957 4214960
111961 0
478369 4214960
478373 0
478799 4214960
478803 0
479539 4214960
479543 0
479969 4214960
479973 0
549343 4214960
549347 0
549773 4214960
549777 0
550513 4214960
550517 0
550943 4214960
550947 0
715157 4214960
715161 0
715587 4214960
715591 0
716327 4214960
716331 0
716757 4214960
716761 0
1083169 4214960
1083173 0
1083599 4214960
1083603 0
1084339 4214960
1084343 0
1084769 4214960
1084773 0
1688495 67463256
1688500 0
2293295 47210957
2293300 0
3134250 4214960
3134254 0
3134680 4214960
3134684 0
3135420 4214960
3135424 0
3135850 4214960
3135854 0
3501817 4214960
3501821 0
3502247 4214960
3502251 0
3502987 4214960
3502991 0
3503417 4214960
3503421 0
3739050 4214960
3739054 0
3739480 4214960
3739484 0
3740220 4214960
3740224 0
3740650 4214960
3740654 0
106 events for I
732504 1000
733504 0
778212 1000
779212 0
824111 1000
825111 0
870234 1000
871234 0
916682 1000
917682 0
963489 1000
964489 0
1028297 1000
1029297 0
1073916 1000
1074916 0
1118791 1000
1119791 0
1159163 1000
1159227 0
1171774 1000
1172774 0
1208381 1000
1209381 0
1252782 1000
1253782 0
1297114 1000
1298114 0
1358967 1000
1359967 0
1420977 1000
1421977 0
1472645 1000
1473645 0
1516477 1000
1517477 0
1560026 1000
1561026 0
1603369 1000
1604369 0
1646479 1000
1647479 0
1689239 1000
1690239 0
1731788 1000
1732788 0
1774400 1000
1775400 0
1817332 1000
1818332 0
1860702 1000
1861702 0
1904349 1000
1905349 0
1948025 1000
1949025 0
1991756 1000
1992756 0
2035484 1000
2036484 0
2079636 1000
2080636 0
2118675 1000
2119675 0
2172169 1000
2173169 0
2212541 1000
2213541 0
2258742 1000
2259742 0
2306533 1000
2307533 0
2356041 1000
2357041 0
2404372 1000
2405372 0
2451059 1000
2452059 0
2497222 1000
2498222 0
2542220 1000
2543220 0
2586925 1000
2587925 0
2631842 1000
2632842 0
2677026 1000
2678026 0
2722780 1000
2723780 0
2768115 1000
2769115 0
2812227 1000
2813227 0
2856086 1000
2857086 0
2899664 1000
2900664 0
2942900 1000
2943900 0
2985823 1000
2986823 0
3028651 1000
3029651 0
3071948 1000
3072948 0
35 events for J
90472 0
101873 1300
349672 0
367073 1300
695272 0
707153 600
707333 1300
953953 700
953998 0
966173 600
966353 1300
1213093 700
1213138 0
1225253 600
1225433 1300
1299493 700
1299538 0
1317653 600
1317833 1300
1557913 700
1557958 0
1576853 600
1576973 1300
1904473 700
1904518 0
1922273 1300
2164072 0
2181473 1300
2509672 0
2521073 1950
2768872 0
2780273 1950
3114472 0
3114474 1944
3730673 1300
281 events for K
3693 2738
12683 2635
21682 2738
23493 548
50483 444
57682 548
87683 444
90072 240
100882 344
104493 2534
122483 2431
122493 240
129682 344
160283 240
169282 344
198083 240
205282 344
234083 240
244882 344
270083 240
279082 344
307883 240
315082 344
346883 240
367282 344
381683 240
388882 344
417683 240
424882 344
453683 240
464482 344
491483 240
496882 344
527483 240
532882 344
581483 240
590482 344
608793 281
609093 344
619283 240
626482 344
655283 240
662482 344
692483 240
692760 0
692761 240
695793 178
696093 240
709282 344
729083 240
738082 344
765083 240
774082 344
802883 240
810082 344
838883 240
846082 344
868593 281
868893 344
874883 240
882082 344
912683 240
921682 344
950483 240
964882 344
968553 281
968853 344
1022483 240
1033282 344
1058483 240
1065682 344
1084593 281
1084893 344
1096283 240
1101682 344
1134083 240
1141282 344
1168283 240
1177282 344
1207883 240
1214193 178
1214493 240
1224082 344
1260083 240
1267282 344
1296083 240
1299672 444
1317682 548
1332083 444
1339282 548
1346482 1471
1368115 2754
1369883 1727
1375282 1830
1380372 1626
1386933 1564
1387233 3817
1389715 2534
1407683 2431
1414882 2534
1443683 2431
1450882 2534
1452033 344
1472472 548
1479683 444
1486882 548
1519283 444
1526482 548
1555283 444
1558872 240
1561173 178
1561473 240
1576882 344
1591283 240
1598482 344
1605682 1267
1627283 240
1638082 344
1665083 240
1670482 344
1670504 594
1670515 1877
1692072 2081
1692082 3004
1713672 2800
1713682 1877
1713715 594
1726283 491
1731704 240
1732653 178
1732953 240
1735282 344
1769483 240
1778482 344
1827083 240
1834282 344
1849582 1267
1863983 240
1872082 1267
1900883 240
1904493 2431
1922482 2534
1938683 2431
1944082 2534
1972915 3817
1974683 3713
1980082 3817
1987293 1626
2012483 1523
2016115 240
2019682 1267
2041282 344
2048483 240
2055682 344
2059272 548
2077272 344
2084483 240
2091682 344
2122283 240
2131282 344
2160083 240
2181682 344
2232083 240
2239282 344
2268083 240
2275282 344
2304083 240
2313082 344
2341883 240
2347282 344
2372482 1267
2379672 1471
2394083 444
2404882 548
2412082 1471
2422893 1409
2423193 1471
2426493 3662
2426515 4944
2433683 3917
2440882 4944
2469683 3917
2469693 1727
2476882 2754
2491315 1471
2506883 444
2509293 2635
2520082 3662
2541683 2635
2548882 3662
2556072 3458
2577683 2431
2586682 2534
2617283 2431
2624482 2534
2653283 2431
2660482 3458
2682072 3662
2689283 2635
2696482 3662
2727083 2635
2736082 3662
2766083 2635
2768472 2431
2779282 2534
2802683 2431
2808082 2534
2836883 2431
2844082 2534
2872883 2431
2880082 2534
2910683 2431
2917882 2534
2919693 344
2948483 240
2955682 344
2998883 240
3009682 344
3036683 240
3045682 344
3072683 240
3081682 344
3111683 240
3111960 0
3111961 240
3114072 444
3115053 382
3115353 444
3124882 548
3146483 444
3153682 548
3184283 444
3191482 548
3200504 798
3220283 695
3227482 1722
3247315 3004
3258083 1977
3263482 3004
3286904 2754
3294083 1727
3301282 2754
3331883 1727
3336933 1664
3337233 3917
3337282 4944
3370583 3917
3373233 1727
3387682 2754
3406583 1727
3412882 2754
3420115 1471
3441683 444
3448882 548
3479483 444
3484882 1471
3495333 1409
3495633 3662
3506515 4944
3513683 3917
3520882 4944
3546033 2754
3549683 1727
3556882 2754
3585683 1727
3592882 2754
3621683 1727
3628882 2754
3634053 2691
3634353 2754
3636115 1471
3643282 548
3659483 444
3666682 548
3695483 444
3700882 548
3716183 444
3729682 548
3751283 444
3758482 548
3789083 444
1624 events for L
14490 12910592
14491 0
14750 12910592
14751 0
15330 12910592
15331 0
15590 12910592
15591 0
32680 12910592
32681 0
32940 12910592
32941 0
33520 12910592
33521 0
33780 12910592
33781 0
50869 12910592
50870 0
51129 12910592
51130 0
51709 12910592
51710 0
51969 12910592
51970 0
68459 12910592
68460 0
68719 12910592
68720 0
69299 12910592
69300 0
69559 12910592
69560 0
85748 12910592
85749 0
86008 12910592
86009 0
86588 12910592
86589 0
86848 12910592
86849 0
105762 12910592
105763 0
105992 12910592
105993 0
106532 12910592
106533 0
106762 12910592
106763 0
124277 12910592
124278 0
124537 12910592
124538 0
125117 12910592
125118 0
125377 12910592
125378 0
142791 12910592
142792 0
143051 12910592
143052 0
143631 12910592
143632 0
143891 12910592
143892 0
161305 12910592
161306 0
161565 12910592
161566 0
162145 12910592
162146 0
162405 12910592
162406 0
179819 12910592
179820 0
180079 12910592
180080 0
180659 12910592
180660 0
180919 12910592
180920 0
198334 12910592
198335 0
198594 12910592
198595 0
199174 12910592
199175 0
199434 12910592
199435 0
216848 12910592
216849 0
217108 12910592
217109 0
217688 12910592
217689 0
217948 12910592
217949 0
235362 12910592
235363 0
235622 12910592
235623 0
236202 12910592
236203 0
236462 12910592
236463 0
253877 12910592
253878 0
254137 12910592
254138 0
254717 12910592
254718 0
254977 12910592
254978 0
272391 12910592
272392 0
272651 12910592
272652 0
273231 12910592
273232 0
273491 12910592
273492 0
290905 12910592
290906 0
291165 12910592
291166 0
291745 12910592
291746 0
292005 12910592
292006 0
309419 12910592
309420 0
309679 12910592
309680 0
310259 12910592
310260 0
310519 12910592
310520 0
327334 12910592
327335 0
327594 12910592
327595 0
328174 12910592
328175 0
328434 12910592
328435 0
344948 12910592
344949 0
345208 12910592
345209 0
345788 12910592
345789 0
346048 12910592
346049 0
363848 12910592
363849 0
364108 12910592
364109 0
364688 12910592
364689 0
364948 12910592
364949 0
382827 12910592
382828 0
383087 12910592
383088 0
383667 12910592
383668 0
383927 12910592
383928 0
401016 12910592
401017 0
401276 12910592
401277 0
401856 12910592
401857 0
402116 12910592
402117 0
419206 12910592
419207 0
419466 12910592
419467 0
420046 12910592
420047 0
420306 12910592
420307 0
437395 12910592
437396 0
437655 12910592
437656 0
438235 12910592
438236 0
438495 12910592
438496 0
455585 12910592
455586 0
455845 12910592
455846 0
456425 12910592
456426 0
456685 12910592
456686 0
473774 12910592
473775 0
474004 12910592
474005 0
474544 12910592
474545 0
474774 12910592
474775 0
491964 12910592
491965 0
492224 12910592
492225 0
492804 12910592
492805 0
493064 12910592
493065 0
510153 12910592
510154 0
510413 12910592
510414 0
510993 12910592
510994 0
511253 12910592
511254 0
528343 12910592
528344 0
528603 12910592
528604 0
529183 12910592
529184 0
529443 12910592
529444 0
544748 12910592
544749 0
544978 12910592
544979 0
545518 12910592
545519 0
545748 12910592
545749 0
564722 12910592
564723 0
564982 12910592
564983 0
565562 12910592
565563 0
565822 12910592
565823 0
582911 12910592
582912 0
583171 12910592
583172 0
583751 12910592
583752 0
584011 12910592
584012 0
601101 12910592
601102 0
601361 12910592
601362 0
601941 12910592
601942 0
602201 12910592
602202 0
619290 12910592
619291 0
619550 12910592
619551 0
620130 12910592
620131 0
620390 12910592
620391 0
637480 12910592
637481 0
637740 12910592
637741 0
638320 12910592
638321 0
638580 12910592
638581 0
655669 12910592
655670 0
655929 12910592
655930 0
656509 12910592
656510 0
656769 12910592
656770 0
673259 12910592
673260 0
673519 12910592
673520 0
674099 12910592
674100 0
674359 12910592
674360 0
690548 12910592
690549 0
690808 12910592
690809 0
691388 12910592
691389 0
691648 12910592
691649 0
710562 12910592
710563 0
710792 12910592
710793 0
711332 12910592
711333 0
711562 12910592
711563 0
729077 12910592
729078 0
729337 12910592
729338 0
729917 12910592
729918 0
730177 12910592
730178 0
747591 12910592
747592 0
747851 12910592
747852 0
748431 12910592
748432 0
748691 12910592
748692 0
766105 12910592
766106 0
766365 12910592
766366 0
766945 12910592
766946 0
767205 12910592
767206 0
784619 12910592
784620 0
784879 12910592
784880 0
785459 12910592
785460 0
785719 12910592
785720 0
803134 12910592
803135 0
803394 12910592
803395 0
803974 12910592
803975 0
804234 12910592
804235 0
821648 12910592
821649 0
821908 12910592
821909 0
822488 12910592
822489 0
822748 12910592
822749 0
840162 12910592
840163 0
840422 12910592
840423 0
841002 12910592
841003 0
841262 12910592
841263 0
858677 12910592
858678 0
858937 12910592
858938 0
859517 12910592
859518 0
859777 12910592
859778 0
877191 12910592
877192 0
877451 12910592
877452 0
878031 12910592
878032 0
878291 12910592
878292 0
895705 12910592
895706 0
895965 12910592
895966 0
896545 12910592
896546 0
896805 12910592
896806 0
914219 12910592
914220 0
914479 12910592
914480 0
915059 12910592
915060 0
915319 12910592
915320 0
932134 12910592
932135 0
932394 12910592
932395 0
932974 12910592
932975 0
933234 12910592
933235 0
949748 12910592
949749 0
950008 12910592
950009 0
950588 12910592
950589 0
950848 12910592
950849 0
969437 12910592
969438 0
969697 12910592
969698 0
970277 12910592
970278 0
970537 12910592
970538 0
989998 12910592
989999 0
990258 12910592
990259 0
990838 12910592
990839 0
991098 12910592
991099 0
1004398 12910592
1004399 0
1004658 12910592
1004659 0
1005238 12910592
1005239 0
1005498 12910592
1005499 0
1024006 12910592
1024007 0
1024266 12910592
1024267 0
1024846 12910592
1024847 0
1025106 12910592
1025107 0
1042195 12910592
1042196 0
1042455 12910592
1042456 0
1043035 12910592
1043036 0
1043295 12910592
1043296 0
1060385 12910592
1060386 0
1060645 12910592
1060646 0
1061225 12910592
1061226 0
1061485 12910592
1061486 0
1078574 12910592
1078575 0
1078804 12910592
1078805 0
1079344 12910592
1079345 0
1079574 12910592
1079575 0
1096764 12910592
1096765 0
1097024 12910592
1097025 0
1097604 12910592
1097605 0
1097864 12910592
1097865 0
1114953 12910592
1114954 0
1115213 12910592
1115214 0
1115793 12910592
1115794 0
1116053 12910592
1116054 0
1133143 12910592
1133144 0
1133403 12910592
1133404 0
1133983 12910592
1133984 0
1134243 12910592
1134244 0
1151332 12910592
1151333 0
1151592 12910592
1151593 0
1152172 12910592
1152173 0
1152432 12910592
1152433 0
1169522 12910592
1169523 0
1169782 12910592
1169783 0
1170362 12910592
1170363 0
1170622 12910592
1170623 0
1187711 12910592
1187712 0
1187971 12910592
1187972 0
1188551 12910592
1188552 0
1188811 12910592
1188812 0
1205901 12910592
1205902 0
1206161 12910592
1206162 0
1206741 12910592
1206742 0
1207001 12910592
1207002 0
1224090 12910592
1224091 0
1224350 12910592
1224351 0
1224930 12910592
1224931 0
1225190 12910592
1225191 0
1242280 12910592
1242281 0
1242540 12910592
1242541 0
1243120 12910592
1243121 0
1243380 12910592
1243381 0
1260469 12910592
1260470 0
1260729 12910592
1260730 0
1261309 12910592
1261310 0
1261569 12910592
1261570 0
1278059 12910592
1278060 0
1278319 12910592
1278320 0
1278899 12910592
1278900 0
1279159 12910592
1279160 0
1295348 12910592
1295349 0
1295608 12910592
1295609 0
1296188 12910592
1296189 0
1296448 12910592
1296449 0
1314248 12910592
1314249 0
1314478 12910592
1314479 0
1315018 12910592
1315019 0
1315248 12910592
1315249 0
1333877 12910592
1333878 0
1334137 12910592
1334138 0
1334717 12910592
1334718 0
1334977 12910592
1334978 0
1352391 12910592
1352392 0
1352651 12910592
1352652 0
1353231 12910592
1353232 0
1353491 12910592
1353492 0
1370905 12910592
1370906 0
1371165 12910592
1371166 0
1371745 12910592
1371746 0
1372005 12910592
1372006 0
1389419 12910592
1389420 0
1389679 12910592
1389680 0
1390259 12910592
1390260 0
1390519 12910592
1390520 0
1407934 12910592
1407935 0
1408194 12910592
1408195 0
1408774 12910592
1408775 0
1409034 12910592
1409035 0
1426448 12910592
1426449 0
1426708 12910592
1426709 0
1427288 12910592
1427289 0
1427548 12910592
1427549 0
1444962 12910592
1444963 0
1445222 12910592
1445223 0
1445802 12910592
1445803 0
1446062 12910592
1446063 0
1463477 12910592
1463478 0
1463737 12910592
1463738 0
1464317 12910592
1464318 0
1464577 12910592
1464578 0
1481991 12910592
1481992 0
1482251 12910592
1482252 0
1482831 12910592
1482832 0
1483091 12910592
1483092 0
1500505 12910592
1500506 0
1500765 12910592
1500766 0
1501345 12910592
1501346 0
1501605 12910592
1501606 0
1519019 12910592
1519020 0
1519279 12910592
1519280 0
1519859 12910592
1519860 0
1520119 12910592
1520120 0
1536934 12910592
1536935 0
1537194 12910592
1537195 0
1537774 12910592
1537775 0
1538034 12910592
1538035 0
1554548 12910592
1554549 0
1554808 12910592
1554809 0
1555388 12910592
1555389 0
1555648 12910592
1555649 0
1573448 12910592
1573449 0
1573708 12910592
1573709 0
1574288 12910592
1574289 0
1574548 12910592
1574549 0
1592427 12910592
1592428 0
1592687 12910592
1592688 0
1593267 12910592
1593268 0
1593527 12910592
1593528 0
1610616 12910592
1610617 0
1610876 12910592
1610877 0
1611456 12910592
1611457 0
1611716 12910592
1611717 0
1628806 12910592
1628807 0
1629066 12910592
1629067 0
1629646 12910592
1629647 0
1629906 12910592
1629907 0
1646995 12910592
1646996 0
1647255 12910592
1647256 0
1647835 12910592
1647836 0
1648095 12910592
1648096 0
1665185 12910592
1665186 0
1665445 12910592
1665446 0
1666025 12910592
1666026 0
1666285 12910592
1666286 0
1683374 12910592
1683375 0
1683604 12910592
1683605 0
1684144 12910592
1684145 0
1684374 12910592
1684375 0
1770548 12910592
1770549 0
1770808 12910592
1770809 0
1771388 12910592
1771389 0
1771648 12910592
1771649 0
1792511 12910592
1792512 0
1792771 12910592
1792772 0
1793351 12910592
1793352 0
1793611 12910592
1793612 0
1810701 12910592
1810702 0
1810961 12910592
1810962 0
1811541 12910592
1811542 0
1811801 12910592
1811802 0
1828890 12910592
1828891 0
1829150 12910592
1829151 0
1829730 12910592
1829731 0
1829990 12910592
1829991 0
1847080 12910592
1847081 0
1847340 12910592
1847341 0
1847920 12910592
1847921 0
1848180 12910592
1848181 0
1865269 12910592
1865270 0
1865529 12910592
1865530 0
1866109 12910592
1866110 0
1866369 12910592
1866370 0
1882859 12910592
1882860 0
1883119 12910592
1883120 0
1883699 12910592
1883700 0
1883959 12910592
1883960 0
1900148 12910592
1900149 0
1900408 12910592
1900409 0
1900988 12910592
1900989 0
1901248 12910592
1901249 0
1919048 12910592
1919049 0
1919278 12910592
1919279 0
1919818 12910592
1919819 0
1920048 12910592
1920049 0
1938677 12910592
1938678 0
1938937 12910592
1938938 0
1939517 12910592
1939518 0
1939777 12910592
1939778 0
1957191 12910592
1957192 0
1957451 12910592
1957452 0
1958031 12910592
1958032 0
1958291 12910592
1958292 0
1975705 12910592
1975706 0
1975965 12910592
1975966 0
1976545 12910592
1976546 0
1976805 12910592
1976806 0
1994219 12910592
1994220 0
1994479 12910592
1994480 0
1995059 12910592
1995060 0
1995319 12910592
1995320 0
2012734 12910592
2012735 0
2012994 12910592
2012995 0
2013574 12910592
2013575 0
2013834 12910592
2013835 0
2031248 12910592
2031249 0
2031508 12910592
2031509 0
2032088 12910592
2032089 0
2032348 12910592
2032349 0
2049762 12910592
2049763 0
2050022 12910592
2050023 0
2050602 12910592
2050603 0
2050862 12910592
2050863 0
2068277 12910592
2068278 0
2068537 12910592
2068538 0
2069117 12910592
2069118 0
2069377 12910592
2069378 0
2086791 12910592
2086792 0
2087051 12910592
2087052 0
2087631 12910592
2087632 0
2087891 12910592
2087892 0
2105305 12910592
2105306 0
2105565 12910592
2105566 0
2106145 12910592
2106146 0
2106405 12910592
2106406 0
2123819 12910592
2123820 0
2124079 12910592
2124080 0
2124659 12910592
2124660 0
2124919 12910592
2124920 0
2141734 12910592
2141735 0
2141994 12910592
2141995 0
2142574 12910592
2142575 0
2142834 12910592
2142835 0
2159348 12910592
2159349 0
2159608 12910592
2159609 0
2160188 12910592
2160189 0
2160448 12910592
2160449 0
2178248 12910592
2178249 0
2178508 12910592
2178509 0
2179088 12910592
2179089 0
2179348 12910592
2179349 0
2197227 12910592
2197228 0
2197487 12910592
2197488 0
2198067 12910592
2198068 0
2198327 12910592
2198328 0
2215416 12910592
2215417 0
2215676 12910592
2215677 0
2216256 12910592
2216257 0
2216516 12910592
2216517 0
2233606 12910592
2233607 0
2233866 12910592
2233867 0
2234446 12910592
2234447 0
2234706 12910592
2234707 0
2251795 12910592
2251796 0
2252055 12910592
2252056 0
2252635 12910592
2252636 0
2252895 12910592
2252896 0
2269985 12910592
2269986 0
2270245 12910592
2270246 0
2270825 12910592
2270826 0
2271085 12910592
2271086 0
2288174 12910592
2288175 0
2288404 12910592
2288405 0
2288944 12910592
2288945 0
2289174 12910592
2289175 0
2306364 12910592
2306365 0
2306624 12910592
2306625 0
2307204 12910592
2307205 0
2307464 12910592
2307465 0
2324553 12910592
2324554 0
2324813 12910592
2324814 0
2325393 12910592
2325394 0
2325653 12910592
2325654 0
2342743 12910592
2342744 0
2343003 12910592
2343004 0
2343583 12910592
2343584 0
2343843 12910592
2343844 0
2360932 12910592
2360933 0
2361192 12910592
2361193 0
2361772 12910592
2361773 0
2362032 12910592
2362033 0
2379122 12910592
2379123 0
2379382 12910592
2379383 0
2379962 12910592
2379963 0
2380222 12910592
2380223 0
2397311 12910592
2397312 0
2397571 12910592
2397572 0
2398151 12910592
2398152 0
2398411 12910592
2398412 0
2415501 12910592
2415502 0
2415761 12910592
2415762 0
2416341 12910592
2416342 0
2416601 12910592
2416602 0
2433690 12910592
2433691 0
2433950 12910592
2433951 0
2434530 12910592
2434531 0
2434790 12910592
2434791 0
2451880 12910592
2451881 0
2452140 12910592
2452141 0
2452720 12910592
2452721 0
2452980 12910592
2452981 0
2470069 12910592
2470070 0
2470329 12910592
2470330 0
2470909 12910592
2470910 0
2471169 12910592
2471170 0
2487659 12910592
2487660 0
2487919 12910592
2487920 0
2488499 12910592
2488500 0
2488759 12910592
2488760 0
2504948 12910592
2504949 0
2505208 12910592
2505209 0
2505788 12910592
2505789 0
2506048 12910592
2506049 0
2524962 12910592
2524963 0
2525192 12910592
2525193 0
2525732 12910592
2525733 0
2525962 12910592
2525963 0
2543477 12910592
2543478 0
2543737 12910592
2543738 0
2544317 12910592
2544318 0
2544577 12910592
2544578 0
2561991 12910592
2561992 0
2562251 12910592
2562252 0
2562831 12910592
2562832 0
2563091 12910592
2563092 0
2580505 12910592
2580506 0
2580765 12910592
2580766 0
2581345 12910592
2581346 0
2581605 12910592
2581606 0
2599019 12910592
2599020 0
2599279 12910592
2599280 0
2599859 12910592
2599860 0
2600119 12910592
2600120 0
2617534 12910592
2617535 0
2617794 12910592
2617795 0
2618374 12910592
2618375 0
2618634 12910592
2618635 0
2636048 12910592
2636049 0
2636308 12910592
2636309 0
2636888 12910592
2636889 0
2637148 12910592
2637149 0
2654562 12910592
2654563 0
2654822 12910592
2654823 0
2655402 12910592
2655403 0
2655662 12910592
2655663 0
2673077 12910592
2673078 0
2673337 12910592
2673338 0
2673917 12910592
2673918 0
2674177 12910592
2674178 0
2691591 12910592
2691592 0
2691851 12910592
2691852 0
2692431 12910592
2692432 0
2692691 12910592
2692692 0
2710105 12910592
2710106 0
2710365 12910592
2710366 0
2710945 12910592
2710946 0
2711205 12910592
2711206 0
2728619 12910592
2728620 0
2728879 12910592
2728880 0
2729459 12910592
2729460 0
2729719 12910592
2729720 0
2746534 12910592
2746535 0
2746794 12910592
2746795 0
2747374 12910592
2747375 0
2747634 12910592
2747635 0
2764148 12910592
2764149 0
2764408 12910592
2764409 0
2764988 12910592
2764989 0
2765248 12910592
2765249 0
2783837 12910592
2783838 0
2784097 12910592
2784098 0
2784677 12910592
2784678 0
2784937 12910592
2784938 0
2802027 12910592
2802028 0
2802287 12910592
2802288 0
2802867 12910592
2802868 0
2803127 12910592
2803128 0
2820216 12910592
2820217 0
2820476 12910592
2820477 0
2821056 12910592
2821057 0
2821316 12910592
2821317 0
2838406 12910592
2838407 0
2838666 12910592
2838667 0
2839246 12910592
2839247 0
2839506 12910592
2839507 0
2856595 12910592
2856596 0
2856855 12910592
2856856 0
2857435 12910592
2857436 0
2857695 12910592
2857696 0
2874785 12910592
2874786 0
2875045 12910592
2875046 0
2875625 12910592
2875626 0
2875885 12910592
2875886 0
2892974 12910592
2892975 0
2893204 12910592
2893205 0
2893744 12910592
2893745 0
2893974 12910592
2893975 0
2911164 12910592
2911165 0
2911424 12910592
2911425 0
2912004 12910592
2912005 0
2912264 12910592
2912265 0
2929353 12910592
2929354 0
2929613 12910592
2929614 0
2930193 12910592
2930194 0
2930453 12910592
2930454 0
2947543 12910592
2947544 0
2947803 12910592
2947804 0
2948383 12910592
2948384 0
2948643 12910592
2948644 0
2965732 12910592
2965733 0
2965992 12910592
2965993 0
2966572 12910592
2966573 0
2966832 12910592
2966833 0
2983922 12910592
2983923 0
2984182 12910592
2984183 0
2984762 12910592
2984763 0
2985022 12910592
2985023 0
3002111 12910592
3002112 0
3002371 12910592
3002372 0
3002951 12910592
3002952 0
3003211 12910592
3003212 0
3020301 12910592
3020302 0
3020561 12910592
3020562 0
3021141 12910592
3021142 0
3021401 12910592
3021402 0
3038490 12910592
3038491 0
3038750 12910592
3038751 0
3039330 12910592
3039331 0
3039590 12910592
3039591 0
3056680 12910592
3056681 0
3056940 12910592
3056941 0
3057520 12910592
3057521 0
3057780 12910592
3057781 0
3074869 12910592
3074870 0
3075129 12910592
3075130 0
3075709 12910592
3075710 0
3075969 12910592
3075970 0
3092459 12910592
3092460 0
3092719 12910592
3092720 0
3093299 12910592
3093300 0
3093559 12910592
3093560 0
3109748 12910592
3109749 0
3110008 12910592
3110009 0
3110588 12910592
3110589 0
3110848 12910592
3110849 0
3129596 215177
3129656 0
3129826 215177
3129886 0
3130366 215177
3130426 0
3130596 215177
3130656 0
3148003 215177
3148063 0
3148263 215177
3148323 0
3148843 215177
3148903 0
3149103 215177
3149163 0
3166410 215177
3166470 0
3166670 215177
3166730 0
3167250 215177
3167310 0
3167510 215177
3167570 0
3184818 215177
3184878 0
3185078 215177
3185138 0
3185658 215177
3185718 0
3185918 215177
3185978 0
3203225 215177
3203285 0
3203485 215177
3203545 0
3204065 215177
3204125 0
3204325 215177
3204385 0
3221632 215177
3221692 0
3221892 215177
3221952 0
3222472 215177
3222532 0
3222732 215177
3222792 0
3240039 215177
3240099 0
3240299 215177
3240359 0
3240879 215177
3240939 0
3241139 215177
3241199 0
3258446 215177
3258506 0
3258706 215177
3258766 0
3259286 215177
3259346 0
3259546 215177
3259606 0
3276853 215177
3276913 0
3277113 215177
3277173 0
3277693 215177
3277753 0
3277953 215177
3278013 0
3295260 215177
3295320 0
3295520 215177
3295580 0
3296100 215177
3296160 0
3296360 215177
3296420 0
3313668 215177
3313728 0
3313928 215177
3313988 0
3314508 215177
3314568 0
3314768 215177
3314828 0
3332075 215177
3332135 0
3332335 215177
3332395 0
3332915 215177
3332975 0
3333175 215177
3333235 0
3350482 215177
3350542 0
3350742 215177
3350802 0
3351322 215177
3351382 0
3351582 215177
3351642 0
3368889 215177
3368949 0
3369149 215177
3369209 0
3369729 215177
3369789 0
3369989 215177
3370049 0
3388500 215177
3388560 0
3388760 215177
3388820 0
3389340 215177
3389400 0
3389600 215177
3389660 0
3406610 215177
3406670 0
3406870 215177
3406930 0
3407450 215177
3407510 0
3407710 215177
3407770 0
3424721 215177
3424781 0
3424981 215177
3425041 0
3425561 215177
3425621 0
3425821 215177
3425881 0
3442831 215177
3442891 0
3443091 215177
3443151 0
3443671 215177
3443731 0
3443931 215177
3443991 0
3460942 215177
3461002 0
3461202 215177
3461262 0
3461782 215177
3461842 0
3462042 215177
3462102 0
3479052 215177
3479112 0
3479312 215177
3479372 0
3479892 215177
3479952 0
3480152 215177
3480212 0
3497163 215177
3497223 0
3497393 215177
3497453 0
3497933 215177
3497993 0
3498163 215177
3498223 0
3515273 215177
3515333 0
3515533 215177
3515593 0
3516113 215177
3516173 0
3516373 215177
3516433 0
3533384 215177
3533444 0
3533644 215177
3533704 0
3534224 215177
3534284 0
3534484 215177
3534544 0
3551494 215177
3551554 0
3551754 215177
3551814 0
3552334 215177
3552394 0
3552594 215177
3552654 0
3569605 215177
3569665 0
3569865 215177
3569925 0
3570445 215177
3570505 0
3570705 215177
3570765 0
3587715 215177
3587775 0
3587975 215177
3588035 0
3588555 215177
3588615 0
3588815 215177
3588875 0
3605826 215177
3605886 0
3606086 215177
3606146 0
3606666 215177
3606726 0
3606926 215177
3606986 0
3623936 215177
3623996 0
3624196 215177
3624256 0
3624776 215177
3624836 0
3625036 215177
3625096 0
3642047 215177
3642107 0
3642307 215177
3642367 0
3642887 215177
3642947 0
3643147 215177
3643207 0
3660157 215177
3660217 0
3660417 215177
3660477 0
3660997 215177
3661057 0
3661257 215177
3661317 0
3678268 215177
3678328 0
3678528 215177
3678588 0
3679108 215177
3679168 0
3679368 215177
3679428 0
3696378 215177
3696438 0
3696638 215177
3696698 0
3697218 215177
3697278 0
3697478 215177
3697538 0
3714489 215177
3714549 0
3714749 215177
3714809 0
3715329 215177
3715389 0
3715589 215177
3715649 0
3734396 215177
3734456 0
3734626 215177
3734686 0
3735166 215177
3735226 0
3735396 215177
3735456 0
3752803 215177
3752863 0
3753063 215177
3753123 0
3753643 215177
3753703 0
3753903 215177
3753963 0
3771210 215177
3771270 0
3771470 215177
3771530 0
3772050 215177
3772110 0
3772310 215177
3772370 0
3789618 215177
3789678 0
3789878 215177
3789938 0
3790458 215177
3790518 0
3790718 215177
3790778 0
108 events for M
14036 706
18236 1285
50415 706
107208 2414
109048 706
135814 1285
141394 706
155525 1285
157505 706
395194 1285
418752 706
422952 1285
436941 706
439161 1772
454831 706
459451 1772
475220 2414
477580 1772
491210 706
546194 2414
555954 706
588037 1285
618814 706
623036 1285
632494 706
691894 0
691895 487
712008 2414
713848 487
786265 2414
802465 487
806880 2414
839708 487
843908 2414
876737 487
1080020 2414
1081860 487
1108294 2414
1132688 487
1136889 2414
1169067 487
1173268 2414
1176868 487
1194868 2414
1198468 487
1208147 2414
1210294 487
1221694 2414
1260015 487
1315694 2414
1333423 487
1337623 2414
1345594 487
1391134 2414
1406919 487
1596173 2414
1603594 487
1632597 2414
1664637 487
1684820 2414
1686660 487
1842694 2414
1864815 487
1869018 2414
1890994 487
1920494 2414
1938218 487
1942425 2414
1950094 487
2036794 2414
2049248 487
2053508 2414
2086337 487
2253441 2414
2269531 487
2273731 2414
2305790 487
2310170 2414
2339194 487
2380768 2414
2396796 487
2401057 2414
2425594 1285
2526408 2414
2528248 1285
2533301 2414
2543023 1285
2547223 2414
2555023 1285
2663194 2414
2691137 1285
2695337 2414
2706394 1285
2732365 2414
2763694 1285
2776894 2414
2787283 1285
2894420 2414
2896260 1285
2900794 2414
2910568 1285
2914931 2414
2943994 2057
3111094 0
3111095 2414
3715894 1772
3735901 2414
3737741 1772
4 events for N
694572 0
694573 2650
3113772 0
3113773 2650
106 events for O
733615 1000
734615 0
779323 1000
780323 0
825222 1000
826222 0
871345 1000
872345 0
917793 1000
918793 0
964600 1000
965600 0
1029408 1000
1030408 0
1075027 1000
1076027 0
1119902 1000
1120902 0
1160274 1000
1160338 0
1172885 1000
1173885 0
1209492 1000
1210492 0
1253893 1000
1254893 0
1298225 1000
1299225 0
1360078 1000
1361078 0
1422088 1000
1423088 0
1473756 1000
1474756 0
1517588 1000
1518588 0
1561137 1000
1562137 0
1604480 1000
1605480 0
1647590 1000
1648590 0
1690350 1000
1691350 0
1732899 1000
1733899 0
1775511 1000
1776511 0
1818443 1000
1819443 0
1861813 1000
1862813 0
1905460 1000
1906460 0
1949136 1000
1950136 0
1992867 1000
1993867 0
2036595 1000
2037595 0
2080747 1000
2081747 0
2119786 1000
2120786 0
2173280 1000
2174280 0
2213652 1000
2214652 0
2259853 1000
2260853 0
2307644 1000
2308644 0
2357152 1000
2358152 0
2405483 1000
2406483 0
2452170 1000
2453170 0
2498333 1000
2499333 0
2543331 1000
2544331 0
2588036 1000
2589036 0
2632953 1000
2633953 0
2678137 1000
2679137 0
2723891 1000
2724891 0
2769226 1000
2770226 0
2813338 1000
2814338 0
2857197 1000
2858197 0
2900775 1000
2901775 0
2944011 1000
2945011 0
2986934 1000
2987934 0
3029762 1000
3030762 0
3073059 1000
3074059 0
70 events for P
563583 26968906
563588 0
585183 134824032
585188 0
588109 20221556
588114 0
779523 83191028
779528 0
973923 38234987
973928 0
995523 107957608
995528 0
1017123 350862225
1017128 0
1017129 4498234
1017134 0
1038723 38234987
1038728 0
1362783 42873674
1362788 0
1384383 60808152
1384388 0
1470783 123650191
1470788 0
1492383 112353360
1492388 0
1513983 191051956
1513988 0
1535583 148359728
1535588 0
2196423 92231261
2196428 0
2226783 67412016
2226788 0
2535470 67429102
2535475 0
2881070 42866846
2881075 0
2902670 36098616
2902675 0
3032270 15230225
3032275 0
3053870 42774218
3053875 0
3075470 51729687
3075475 0
3095376 67442760
3095381 0
3155523 51185344
3155528 0
3220323 36088368
3220328 0
3263523 46317017
3263528 0
3328323 62132584
3328328 0
3414723 55765577
3414728 0
3479523 60879901
3479528 0
3565923 79077832
3565928 0
3587523 48576383
3587528 0
3652323 294648376
3652328 0
3673923 296678458
3673928 0
3695523 98892820
3695528 0
