16 instruments
A 10 100 2022727.6804039259 699754440.78838515
B 10 100 5459680 2800000000
C 10 100 431759.25152321503 367151977.05994737
D 10 100 47192398.279190399 1501427445.7644184
E 10 100 0 320000000
F 10 100 6499613.0472409306 3333330256.035996
G 10 100 0 974485132.8010211
H 10 100 815344000 7516190000
I 10 100 157159.98672976866 607777468.940395
J 10 100 20412.132877845776 869835207.86274612
K 10 100 0 276873309.16802311
L 10 100 22018.298358889329 159480658.09969637
M 10 100 40530.039409419333 54204511.969197564
N 10 100 0 888000000
O 10 100 2419.0747377101388 662193255.831689
P 10 100 192158478.34180248 847760826.1096437
60 downlinks
0 1093 43377 30209.873796
1 45354 49616 26595.764298999999
2 80183 87163 25812.000550000001
3 106578 117837 26242.243616
4 121338 125057 60521.572561000001
5 132978 149771 25759.527445
6 164478 176736 62910.21802
7 180133 213919 62402.514213000002
8 217996 230661 26087.487331
9 246673 264154 30312.554313000001
10 271568 283200 61079.659066
11 294068 305958 18673.221132999999
12 308828 311733 64240.288658999998
13 316470 326046 31143.729536999999
14 330510 340937 31955.262932000001
15 346350 385384 32548.652656999999
16 390639 400878 26591.031461999999
17 406562 416402 31032.775088999999
18 450240 471179 26518.557602000001
19 476961 481513 27135.491309000001
20 514257 522214 30548.763144
21 552660 566992 61173.218094999997
22 569751 580962 25727.776897
23 584224 602728 60685.825332
24 605299 636843 31943.127114999999
25 639046 656499 26854.269729
26 661124 667134 60653.754335999998
27 709440 730451 25877.051024
28 735934 740752 26858.741764999999
29 751541 771862 30730.334417999999
30 777935 816929 64710.467042999997
31 822258 835045 26821.553663999999
32 838535 857767 30352.900559999998
33 866528 870384 62069.510897
34 897630 918520 24941.171042000002
35 920190 947191 64615.886477
36 950573 992754 29824.478802000001
37 994911 1000151 25807.814231
38 1021224 1032970 30500.246913999999
39 1036892 1041243 63784.759174999999
40 1055040 1074694 26887.570243999999
41 1081238 1086354 26801.861517000001
42 1109434 1119136 30816.996993000001
43 1156513 1164010 30054.646581000001
44 1167567 1209533 25083.168038
45 1209534 1240739 31964.981436999999
46 1242907 1267592 26020.402946999999
47 1295856 1300360 65210.357319000002
48 1314240 1325764 26020.533994000001
49 1329002 1339419 25744.512599999998
50 1343310 1358157 62740.845427
51 1382179 1385565 59751.354583
52 1390050 1402780 26793.545150000002
53 1410330 1419492 25803.846627999999
54 1426554 1437742 25578.956714
55 1441496 1469060 37319.959895
56 1501490 1527620 26914.434292999998
57 1530350 1552069 37696.254029999996
58 1554826 1559578 40703.395508000001
59 1573440 1593309 25449.31221
0 opportunities for A
0 opportunities for B
0 opportunities for C
0 opportunities for D
0 opportunities for E
0 opportunities for F
0 opportunities for G
0 opportunities for H
0 opportunities for I
0 opportunities for J
0 opportunities for K
0 opportunities for L
0 opportunities for M
0 opportunities for N
0 opportunities for O
0 opportunities for P
9 events for A
450294 1300
698093 0
709494 1300
1043693 0
1055094 1300
1302893 0
1314294 1300
1562093 0
1573494 1300
0 events for B

39 events for C
36020 28
36320 0
36980 20
37160 0
39320 20
39500 0
39560 201
66500 28
66800 0
66860 20
67040 203
93080 0
105440 20
105620 0
107780 20
107960 0
108020 36
127100 0
127760 20
127940 0
130100 20
130280 0
130340 36
149420 0
150080 20
150260 0
152420 20
152600 0
152660 36
181880 0
377840 20
378020 0
380180 20
380360 0
380420 12
438680 0
438980 330
1043180 0
1043780 330
8 events for D
438385 1772
458392 2414
460232 1772
552728 2414
615786 1772
789938 2414
854469 1772
1043185 2414
0 events for E

0 events for F

0 events for G

51 events for H
47642 62132584
47647 0
134042 55765577
134047 0
198842 60879901
198847 0
285242 79077832
285247 0
306842 48576383
306847 0
371642 294648376
371647 0
393242 296678458
393247 0
414842 98892820
414847 0
544502 164236787
544507 0
630902 62903535
630907 0
652502 107834631
652507 0
911702 75634496
911707 0
933302 54224800
933307 0
954902 63262266
954907 0
976502 64391949
976507 0
1036144 30501450
1036149 0
1127702 48936228
1127707 0
1322102 299009561
1322107 0
1322212 4498234
1322214 3748528
1322217 0
1322237 4815876
1322251 0
1343702 74179864
1343707 0
1365302 283378476
1365307 0
1431302 384982799
1431307 0
1516502 110156519
1516507 0
1559702 113081558
1559707 0
0 events for I

40 events for J
222508 4214960
222512 0
222938 4214960
222942 0
223678 4214960
223682 0
224108 4214960
224112 0
459741 4214960
459745 0
460171 4214960
460175 0
460911 4214960
460915 0
461341 4214960
461345 0
827308 4214960
827312 0
827738 4214960
827742 0
828478 4214960
828482 0
828908 4214960
828912 0
1064541 4214960
1064545 0
1064971 4214960
1064975 0
1065711 4214960
1065715 0
1066141 4214960
1066145 0
1432108 4214960
1432112 0
1432538 4214960
1432542 0
1433278 4214960
1433282 0
1433708 4214960
1433712 0
0 events for K

135 events for L
314 906
11127 0
12087 906
17175 0
23358 906
35585 0
37866 906
53993 0
60173 906
71852 0
74409 906
90262 0
106287 906
110007 0
112698 906
128528 0
134708 906
141507 0
141987 906
146307 0
148420 906
154845 0
155847 906
164501 0
170929 906
182669 0
185487 1714
200787 0
207330 1714
219030 0
223633 1714
227127 0
227292 906
237147 0
243371 906
255298 0
257585 906
271107 0
271587 1714
272623 0
279592 1714
280972 0
282087 1714
283086 0
283887 1714
284367 0
284757 1714
285357 0
286727 1714
289254 0
293287 906
294027 1714
309207 0
402626 906
403546 593
417467 0
424536 593
435577 0
494707 906
511407 0
517716 906
529943 0
554530 906
555280 0
628158 906
638478 0
641926 906
658386 0
680634 1500
686449 0
688097 1500
693742 0
752979 906
769549 0
775729 906
787660 0
854727 906
859991 0
861642 906
876602 0
884392 906
896383 0
898947 906
914307 0
920613 906
932307 0
934147 906
950654 0
956834 906
968547 0
971187 906
986847 0
993055 906
1005291 0
1099468 906
1114707 0
1122516 906
1134743 0
1139187 215
1150607 0
1178487 906
1189707 0
1196144 906
1208067 0
1210887 906
1221507 0
1269773 906
1282000 0
1283540 906
1300407 0
1329687 906
1338258 0
1344908 906
1350987 0
1358047 906
1362991 0
1366037 906
1374207 0
1380529 906
1392220 0
1394740 906
1407270 0
1416750 906
1428681 0
1432369 906
1446791 0
1452971 906
1464902 0
1467182 906
1483012 0
1505247 906
1505987 1500
1511992 0
1525600 1500
1531605 0
0 events for M

0 events for N

46 events for O
22106 4096
30306 0
314561 665
343721 0
479649 665
509169 0
553278 4096
561478 0
626906 4096
635106 0
709835 4096
718035 0
810698 4096
818898 0
883140 4096
891340 0
991803 4096
1000003 0
1328015 3754
1328735 0
1330535 3754
1334135 0
1341335 3754
1342055 0
1343855 3754
1347455 0
1363055 3754
1363775 0
1365575 3754
1369175 0
1377575 3754
1378295 0
1380095 3754
1383695 0
1441415 3754
1442135 0
1443935 3754
1447535 0
1487135 3754
1487855 0
1489655 3754
1493255 0
1533935 3754
1534655 0
1536455 3754
1540055 0
135 events for P
7595 2754
14774 1727
21973 2754
52574 1727
57624 1664
57924 3917
57973 4944
91274 3917
93924 1727
108373 2754
127274 1727
133573 2754
140806 1471
162374 444
169573 548
200174 444
205573 1471
216024 1409
216324 3662
227206 4944
234374 3917
241573 4944
266724 2754
270374 1727
277573 2754
306374 1727
313573 2754
342374 1727
349573 2754
354744 2691
355044 2754
356806 1471
363973 548
380174 444
387373 548
416174 444
421573 548
436874 444
450373 548
471974 444
479173 548
509774 444
515173 1471
525963 1267
525984 1205
526284 3458
529606 4740
547574 3713
552973 3817
583574 3713
585384 1523
592573 1626
612363 1830
621374 1727
626773 1830
633995 2081
637606 798
655574 695
659206 1977
662773 3004
680773 2081
680806 798
696074 695
698784 632
698795 382
699084 444
711373 548
731174 444
738373 548
767174 444
774373 548
803174 444
810373 548
839174 444
846373 548
871584 485
871884 548
876974 444
882373 548
911174 444
920173 548
948974 444
956173 548
984974 444
990373 548
1020974 444
1026406 1727
1028173 2754
1040774 1727
1044384 1664
1044684 1727
1048006 444
1055173 1471
1076774 444
1083973 1471
1114574 444
1119973 1471
1150574 444
1157773 1471
1188374 444
1193773 1471
1226174 444
1231573 1471
1260374 444
1267573 548
1300874 444
1303224 382
1303524 2635
1303595 2885
1307206 4168
1314373 5195
1335974 4168
1343173 5195
1371974 4168
1379173 5195
1389995 4944
1409774 3917
1415173 4944
1445774 3917
1451173 4944
1454844 2754
1481774 1727
1487173 2754
1497995 3004
1517774 1977
1523173 3004
1559174 1977
1562724 1915
1562795 1664
1563024 3917
1568724 1727
1573573 2754
1588006 1471
1590674 444
1595173 1471
