16 instruments
A 10 100 0.00018444817663405244 950598422.35720563
B 10 100 0 888000000
C 10 100 8192 3200000000
D 10 100 0.00017956089109901502 925410610.77784157
E 10 100 763800535.41096985 7041040280.2382517
F 10 100 6499613.0472409306 3333330256.035996
G 10 100 7152.7561699728749 2794045378.8956542
H 10 100 7196.0339286610251 2810950753.383213
I 10 100 0 275897579.9041419
J 10 100 6553.6061313363007 2560002395.0532427
K 10 100 47192398.279190399 1501427445.7644184
L 10 100 157159.98672976866 607777468.940395
M 10 100 0.00018113117344584602 933503441.77673233
N 10 100 804865230.11019051 7419592213.7182751
O 10 100 2338 640000000
P 10 100 37632 50328700
60 downlinks
0 1 10745 17374.699861000001
1 26101 52892 57611.601310999999
2 53101 85181 59023.283414999998
3 85923 91673 55193.106121999997
4 95029 137146 25530.421285
5 137147 181342 29269.697155999998
6 181343 185433 16830.732371999999
7 198591 213258 28226.256141999998
8 215588 218139 60093.408818999997
9 258586 288285 58272.632834999997
10 288286 295560 61499.660580999996
11 309763 331060 28538.149495000001
12 344608 350430 18090.695755000001
13 353973 369185 23661.293665000001
14 371082 399036 28757.617953000001
15 399037 441333 56137.919716999997
16 442477 459371 23437.772314999998
17 474577 487217 55980.942202999999
18 500432 514284 60635.164006999999
19 517172 548099 23619.145155999999
20 568692 576958 53049.165158000003
21 579567 602726 23042.764167000001
22 602727 607179 53421.323553000002
23 610615 615295 23396.302264000002
24 618867 631771 22759.633384000001
25 655003 659602 53785.922146999997
26 670762 687216 23595.771228000001
27 689523 696180 17076.713232999999
28 699238 734361 24932.393585000002
29 734362 744585 29494.590024000001
30 747617 753489 55821.075068999999
31 756857 774146 22968.383259999999
32 775217 779398 57490.653299999998
33 797590 802650 25500.801521000001
34 844598 867984 24904.219582000002
35 871874 875942 26817.789122999999
36 888252 918315 30236.225505999999
37 921546 941937 64968.303881
38 948208 954537 18980.648960999999
39 958192 999158 26276.326033000001
40 1000251 1042535 30209.873796
41 1044512 1048774 26595.764298999999
42 1079341 1086321 25812.000550000001
43 1105736 1116995 26242.243616
44 1120496 1124215 60521.572561000001
45 1132136 1148929 25759.527445
46 1163636 1175894 62910.21802
47 1179291 1213077 62402.514213000002
48 1217154 1229819 26087.487331
49 1245831 1263312 30312.554313000001
50 1270726 1282358 61079.659066
51 1293226 1305116 18673.221132999999
52 1307986 1310891 64240.288658999998
53 1315628 1325204 31143.729536999999
54 1329668 1340095 31955.262932000001
55 1345508 1384542 32548.652656999999
56 1389797 1400036 26591.031461999999
57 1405720 1415560 31032.775088999999
58 1449398 1470337 26518.557602000001
59 1476119 1480671 27135.491309000001
0 opportunities for A
0 opportunities for B
0 opportunities for C
0 opportunities for D
0 opportunities for E
0 opportunities for F
0 opportunities for G
0 opportunities for H
0 opportunities for I
0 opportunities for J
0 opportunities for K
0 opportunities for L
0 opportunities for M
0 opportunities for N
0 opportunities for O
0 opportunities for P
218 events for A
6913 12910592
6914 0
16393 12910592
16394 0
23593 12910592
23594 0
36193 12910592
36194 0
41593 12910592
41594 0
49993 12910592
49994 0
57793 12910592
57794 0
61393 12910592
61394 0
72193 12910592
72194 0
77593 12910592
77594 0
88393 12910592
88394 0
95593 12910592
95594 0
104775 12910592
104776 0
113533 12910592
113534 0
125505 12910592
125506 0
131893 12910592
131894 0
144193 12910592
144194 0
149593 12910592
149594 0
159937 12910592
159938 0
165580 12910592
165581 0
171225 12910592
171226 0
174793 12910592
174794 0
181971 12910592
181972 0
189414 12910592
189415 0
199393 12910592
199394 0
204793 12910592
204794 0
241693 12910592
241694 0
284593 12910592
284594 0
292138 12910592
292139 0
299636 12910592
299637 0
309793 12910592
309794 0
314594 12910592
314595 0
321664 12910592
321665 0
329271 12910592
329272 0
336795 12910592
336796 0
345793 12910592
345794 0
354193 12910592
354194 0
360195 12910592
360196 0
369193 12910592
369194 0
380593 12910592
380594 0
388393 12910592
388394 0
398293 12910592
398294 0
407473 12910592
407474 0
420733 12910592
420734 0
428593 12910592
428594 0
433995 12910592
433996 0
441193 12910592
441194 0
457155 12910592
457156 0
463093 12910592
463094 0
470473 12910592
470474 0
476173 12910592
476174 0
483013 12910592
483014 0
501433 12910592
501434 0
506482 12910592
506483 0
511393 12910592
511394 0
516915 12910592
516916 0
529393 12910592
529394 0
537795 12910592
537796 0
549193 12910592
549194 0
556393 12910592
556394 0
567193 12910592
567194 0
573493 12910592
573494 0
579240 12910592
579241 0
586685 12910592
586686 0
593593 12910592
593594 0
603194 12910592
603195 0
610393 12910592
610394 0
624794 12910592
624795 0
639193 12910592
639194 0
646393 12910592
646394 0
653593 12910592
653594 0
660193 12910592
660194 0
666193 12910592
666194 0
673788 12910592
673789 0
679432 12910592
679433 0
691394 12910592
691395 0
700393 12910592
700394 0
711194 12910592
711195 0
718393 12910592
718394 0
730993 12910592
730994 0
736393 12910592
736394 0
744793 12910592
744794 0
748695 12910592
748696 0
752293 12910592
752294 0
767353 12910592
767354 0
771075 12910592
771076 0
783553 12910592
783554 0
787153 12910592
787154 0
802993 12910592
802994 0
810193 12910592
810194 0
819193 12910592
819194 0
826393 12910592
826394 0
855195 26897
855675 0
865995 26897
866475 0
963194 26897
963674 0
973995 26897
974475 0
995595 26897
996075 0
1012629 26897
1013109 0
1021994 26897
1022474 0
1033073 26897
1033553 0
1050794 26897
1051274 0
1107194 26897
1107674 0
1119195 26897
1119675 0
1142043 26897
1142523 0
1183995 26897
1184475 0
1205595 26897
1206075 0
1286295 26897
1286775 0
1306395 26897
1306875 0
1495995 26897
1496475 0
36 events for B
25812 1000
26812 0
75320 1000
76320 0
123651 1000
124651 0
170338 1000
171338 0
216501 1000
217501 0
261499 1000
262499 0
306204 1000
307204 0
351121 1000
352121 0
396305 1000
397305 0
442059 1000
443059 0
487394 1000
488394 0
531506 1000
532506 0
575365 1000
576365 0
618943 1000
619943 0
662179 1000
663179 0
705102 1000
706102 0
747930 1000
748930 0
791227 1000
792227 0
664 events for C
8023 12910592
8024 0
8253 12910592
8254 0
8793 12910592
8794 0
9023 12910592
9024 0
26213 12910592
26214 0
26473 12910592
26474 0
27053 12910592
27054 0
27313 12910592
27314 0
44402 12910592
44403 0
44662 12910592
44663 0
45242 12910592
45243 0
45502 12910592
45503 0
62592 12910592
62593 0
62852 12910592
62853 0
63432 12910592
63433 0
63692 12910592
63693 0
80781 12910592
80782 0
81041 12910592
81042 0
81621 12910592
81622 0
81881 12910592
81882 0
98971 12910592
98972 0
99231 12910592
99232 0
99811 12910592
99812 0
100071 12910592
100072 0
117160 12910592
117161 0
117420 12910592
117421 0
118000 12910592
118001 0
118260 12910592
118261 0
135350 12910592
135351 0
135610 12910592
135611 0
136190 12910592
136191 0
136450 12910592
136451 0
153539 12910592
153540 0
153799 12910592
153800 0
154379 12910592
154380 0
154639 12910592
154640 0
171729 12910592
171730 0
171989 12910592
171990 0
172569 12910592
172570 0
172829 12910592
172830 0
189918 12910592
189919 0
190178 12910592
190179 0
190758 12910592
190759 0
191018 12910592
191019 0
207508 12910592
207509 0
207768 12910592
207769 0
208348 12910592
208349 0
208608 12910592
208609 0
224797 12910592
224798 0
225057 12910592
225058 0
225637 12910592
225638 0
225897 12910592
225898 0
244811 12910592
244812 0
245041 12910592
245042 0
245581 12910592
245582 0
245811 12910592
245812 0
263326 12910592
263327 0
263586 12910592
263587 0
264166 12910592
264167 0
264426 12910592
264427 0
281840 12910592
281841 0
282100 12910592
282101 0
282680 12910592
282681 0
282940 12910592
282941 0
300354 12910592
300355 0
300614 12910592
300615 0
301194 12910592
301195 0
301454 12910592
301455 0
318868 12910592
318869 0
319128 12910592
319129 0
319708 12910592
319709 0
319968 12910592
319969 0
337383 12910592
337384 0
337643 12910592
337644 0
338223 12910592
338224 0
338483 12910592
338484 0
355897 12910592
355898 0
356157 12910592
356158 0
356737 12910592
356738 0
356997 12910592
356998 0
374411 12910592
374412 0
374671 12910592
374672 0
375251 12910592
375252 0
375511 12910592
375512 0
392926 12910592
392927 0
393186 12910592
393187 0
393766 12910592
393767 0
394026 12910592
394027 0
411440 12910592
411441 0
411700 12910592
411701 0
412280 12910592
412281 0
412540 12910592
412541 0
429954 12910592
429955 0
430214 12910592
430215 0
430794 12910592
430795 0
431054 12910592
431055 0
448468 12910592
448469 0
448728 12910592
448729 0
449308 12910592
449309 0
449568 12910592
449569 0
466383 12910592
466384 0
466643 12910592
466644 0
467223 12910592
467224 0
467483 12910592
467484 0
483997 12910592
483998 0
484257 12910592
484258 0
484837 12910592
484838 0
485097 12910592
485098 0
503686 12910592
503687 0
503946 12910592
503947 0
504526 12910592
504527 0
504786 12910592
504787 0
521876 12910592
521877 0
522136 12910592
522137 0
522716 12910592
522717 0
522976 12910592
522977 0
540065 12910592
540066 0
540325 12910592
540326 0
540905 12910592
540906 0
541165 12910592
541166 0
558255 12910592
558256 0
558515 12910592
558516 0
559095 12910592
559096 0
559355 12910592
559356 0
576444 12910592
576445 0
576704 12910592
576705 0
577284 12910592
577285 0
577544 12910592
577545 0
594634 12910592
594635 0
594894 12910592
594895 0
595474 12910592
595475 0
595734 12910592
595735 0
612823 12910592
612824 0
613053 12910592
613054 0
613593 12910592
613594 0
613823 12910592
613824 0
631013 12910592
631014 0
631273 12910592
631274 0
631853 12910592
631854 0
632113 12910592
632114 0
649202 12910592
649203 0
649462 12910592
649463 0
650042 12910592
650043 0
650302 12910592
650303 0
667392 12910592
667393 0
667652 12910592
667653 0
668232 12910592
668233 0
668492 12910592
668493 0
685581 12910592
685582 0
685841 12910592
685842 0
686421 12910592
686422 0
686681 12910592
686682 0
703771 12910592
703772 0
704031 12910592
704032 0
704611 12910592
704612 0
704871 12910592
704872 0
721960 12910592
721961 0
722220 12910592
722221 0
722800 12910592
722801 0
723060 12910592
723061 0
740150 12910592
740151 0
740410 12910592
740411 0
740990 12910592
740991 0
741250 12910592
741251 0
758339 12910592
758340 0
758599 12910592
758600 0
759179 12910592
759180 0
759439 12910592
759440 0
776529 12910592
776530 0
776789 12910592
776790 0
777369 12910592
777370 0
777629 12910592
777630 0
794718 12910592
794719 0
794978 12910592
794979 0
795558 12910592
795559 0
795818 12910592
795819 0
812308 12910592
812309 0
812568 12910592
812569 0
813148 12910592
813149 0
813408 12910592
813409 0
829597 12910592
829598 0
829857 12910592
829858 0
830437 12910592
830438 0
830697 12910592
830698 0
849445 215177
849505 0
849675 215177
849735 0
850215 215177
850275 0
850445 215177
850505 0
867852 215177
867912 0
868112 215177
868172 0
868692 215177
868752 0
868952 215177
869012 0
886259 215177
886319 0
886519 215177
886579 0
887099 215177
887159 0
887359 215177
887419 0
904667 215177
904727 0
904927 215177
904987 0
905507 215177
905567 0
905767 215177
905827 0
923074 215177
923134 0
923334 215177
923394 0
923914 215177
923974 0
924174 215177
924234 0
941481 215177
941541 0
941741 215177
941801 0
942321 215177
942381 0
942581 215177
942641 0
959888 215177
959948 0
960148 215177
960208 0
960728 215177
960788 0
960988 215177
961048 0
978295 215177
978355 0
978555 215177
978615 0
979135 215177
979195 0
979395 215177
979455 0
996702 215177
996762 0
996962 215177
997022 0
997542 215177
997602 0
997802 215177
997862 0
1015109 215177
1015169 0
1015369 215177
1015429 0
1015949 215177
1016009 0
1016209 215177
1016269 0
1033517 215177
1033577 0
1033777 215177
1033837 0
1034357 215177
1034417 0
1034617 215177
1034677 0
1051924 215177
1051984 0
1052184 215177
1052244 0
1052764 215177
1052824 0
1053024 215177
1053084 0
1070331 215177
1070391 0
1070591 215177
1070651 0
1071171 215177
1071231 0
1071431 215177
1071491 0
1088738 215177
1088798 0
1088998 215177
1089058 0
1089578 215177
1089638 0
1089838 215177
1089898 0
1108349 215177
1108409 0
1108609 215177
1108669 0
1109189 215177
1109249 0
1109449 215177
1109509 0
1126459 215177
1126519 0
1126719 215177
1126779 0
1127299 215177
1127359 0
1127559 215177
1127619 0
1144570 215177
1144630 0
1144830 215177
1144890 0
1145410 215177
1145470 0
1145670 215177
1145730 0
1162680 215177
1162740 0
1162940 215177
1163000 0
1163520 215177
1163580 0
1163780 215177
1163840 0
1180791 215177
1180851 0
1181051 215177
1181111 0
1181631 215177
1181691 0
1181891 215177
1181951 0
1198901 215177
1198961 0
1199161 215177
1199221 0
1199741 215177
1199801 0
1200001 215177
1200061 0
1217012 215177
1217072 0
1217242 215177
1217302 0
1217782 215177
1217842 0
1218012 215177
1218072 0
1235122 215177
1235182 0
1235382 215177
1235442 0
1235962 215177
1236022 0
1236222 215177
1236282 0
1253233 215177
1253293 0
1253493 215177
1253553 0
1254073 215177
1254133 0
1254333 215177
1254393 0
1271343 215177
1271403 0
1271603 215177
1271663 0
1272183 215177
1272243 0
1272443 215177
1272503 0
1289454 215177
1289514 0
1289714 215177
1289774 0
1290294 215177
1290354 0
1290554 215177
1290614 0
1307564 215177
1307624 0
1307824 215177
1307884 0
1308404 215177
1308464 0
1308664 215177
1308724 0
1325675 215177
1325735 0
1325935 215177
1325995 0
1326515 215177
1326575 0
1326775 215177
1326835 0
1343785 215177
1343845 0
1344045 215177
1344105 0
1344625 215177
1344685 0
1344885 215177
1344945 0
1361896 215177
1361956 0
1362156 215177
1362216 0
1362736 215177
1362796 0
1362996 215177
1363056 0
1380006 215177
1380066 0
1380266 215177
1380326 0
1380846 215177
1380906 0
1381106 215177
1381166 0
1398117 215177
1398177 0
1398377 215177
1398437 0
1398957 215177
1399017 0
1399217 215177
1399277 0
1416227 215177
1416287 0
1416487 215177
1416547 0
1417067 215177
1417127 0
1417327 215177
1417387 0
1434338 215177
1434398 0
1434598 215177
1434658 0
1435178 215177
1435238 0
1435438 215177
1435498 0
1454245 215177
1454305 0
1454475 215177
1454535 0
1455015 215177
1455075 0
1455245 215177
1455305 0
1472652 215177
1472712 0
1472912 215177
1472972 0
1473492 215177
1473552 0
1473752 215177
1473812 0
1491059 215177
1491119 0
1491319 215177
1491379 0
1491899 215177
1491959 0
1492159 215177
1492219 0
1509467 215177
1509527 0
1509727 215177
1509787 0
1510307 215177
1510367 0
1510567 215177
1510627 0
218 events for D
9384 12910592
9385 0
18864 12910592
18865 0
26064 12910592
26065 0
38664 12910592
38665 0
44064 12910592
44065 0
52464 12910592
52465 0
60264 12910592
60265 0
63864 12910592
63865 0
74664 12910592
74665 0
80064 12910592
80065 0
90864 12910592
90865 0
98064 12910592
98065 0
107246 12910592
107247 0
116004 12910592
116005 0
127976 12910592
127977 0
134364 12910592
134365 0
146664 12910592
146665 0
152064 12910592
152065 0
162408 12910592
162409 0
168051 12910592
168052 0
173696 12910592
173697 0
177264 12910592
177265 0
184442 12910592
184443 0
191885 12910592
191886 0
201864 12910592
201865 0
207264 12910592
207265 0
244164 12910592
244165 0
287064 12910592
287065 0
294609 12910592
294610 0
302107 12910592
302108 0
312264 12910592
312265 0
317065 12910592
317066 0
324135 12910592
324136 0
331742 12910592
331743 0
339266 12910592
339267 0
348264 12910592
348265 0
356664 12910592
356665 0
362666 12910592
362667 0
371664 12910592
371665 0
383064 12910592
383065 0
390864 12910592
390865 0
400764 12910592
400765 0
409944 12910592
409945 0
423204 12910592
423205 0
431064 12910592
431065 0
436466 12910592
436467 0
443664 12910592
443665 0
459626 12910592
459627 0
465564 12910592
465565 0
472944 12910592
472945 0
478644 12910592
478645 0
485484 12910592
485485 0
503904 12910592
503905 0
508953 12910592
508954 0
513864 12910592
513865 0
519386 12910592
519387 0
531864 12910592
531865 0
540266 12910592
540267 0
551664 12910592
551665 0
558864 12910592
558865 0
569664 12910592
569665 0
575964 12910592
575965 0
581711 12910592
581712 0
589156 12910592
589157 0
596064 12910592
596065 0
605665 12910592
605666 0
612864 12910592
612865 0
627265 12910592
627266 0
641664 12910592
641665 0
648864 12910592
648865 0
656064 12910592
656065 0
662664 12910592
662665 0
668664 12910592
668665 0
676259 12910592
676260 0
681903 12910592
681904 0
693865 12910592
693866 0
702864 12910592
702865 0
713665 12910592
713666 0
720864 12910592
720865 0
733464 12910592
733465 0
738864 12910592
738865 0
747264 12910592
747265 0
751166 12910592
751167 0
754764 12910592
754765 0
769824 12910592
769825 0
773546 12910592
773547 0
786024 12910592
786025 0
789624 12910592
789625 0
805464 12910592
805465 0
812664 12910592
812665 0
821664 12910592
821665 0
828864 12910592
828865 0
857666 26897
858146 0
868466 26897
868946 0
965665 26897
966145 0
976466 26897
976946 0
998066 26897
998546 0
1015100 26897
1015580 0
1024465 26897
1024945 0
1035544 26897
1036024 0
1053265 26897
1053745 0
1109665 26897
1110145 0
1121666 26897
1122146 0
1144514 26897
1144994 0
1186466 26897
1186946 0
1208066 26897
1208546 0
1288766 26897
1289246 0
1308866 26897
1309346 0
1498466 26897
1498946 0
36 events for E
257083 67429102
257088 0
602683 42866846
602688 0
624283 36098616
624288 0
753883 15230225
753888 0
775483 42774218
775488 0
797083 51729687
797088 0
816989 67442760
816994 0
877136 51185344
877141 0
941936 36088368
941941 0
985136 46317017
985141 0
1049936 62132584
1049941 0
1136336 55765577
1136341 0
1201136 60879901
1201141 0
1287536 79077832
1287541 0
1309136 48576383
1309141 0
1373936 294648376
1373941 0
1395536 296678458
1395541 0
1417136 98892820
1417141 0
2 events for F
832658 0
832659 2650
664 events for G
9809 12910592
9810 0
10039 12910592
10040 0
10579 12910592
10580 0
10809 12910592
10810 0
27999 12910592
28000 0
28259 12910592
28260 0
28839 12910592
28840 0
29099 12910592
29100 0
46188 12910592
46189 0
46448 12910592
46449 0
47028 12910592
47029 0
47288 12910592
47289 0
64378 12910592
64379 0
64638 12910592
64639 0
65218 12910592
65219 0
65478 12910592
65479 0
82567 12910592
82568 0
82827 12910592
82828 0
83407 12910592
83408 0
83667 12910592
83668 0
100757 12910592
100758 0
101017 12910592
101018 0
101597 12910592
101598 0
101857 12910592
101858 0
118946 12910592
118947 0
119206 12910592
119207 0
119786 12910592
119787 0
120046 12910592
120047 0
137136 12910592
137137 0
137396 12910592
137397 0
137976 12910592
137977 0
138236 12910592
138237 0
155325 12910592
155326 0
155585 12910592
155586 0
156165 12910592
156166 0
156425 12910592
156426 0
173515 12910592
173516 0
173775 12910592
173776 0
174355 12910592
174356 0
174615 12910592
174616 0
191704 12910592
191705 0
191964 12910592
191965 0
192544 12910592
192545 0
192804 12910592
192805 0
209294 12910592
209295 0
209554 12910592
209555 0
210134 12910592
210135 0
210394 12910592
210395 0
226583 12910592
226584 0
226843 12910592
226844 0
227423 12910592
227424 0
227683 12910592
227684 0
246597 12910592
246598 0
246827 12910592
246828 0
247367 12910592
247368 0
247597 12910592
247598 0
265112 12910592
265113 0
265372 12910592
265373 0
265952 12910592
265953 0
266212 12910592
266213 0
283626 12910592
283627 0
283886 12910592
283887 0
284466 12910592
284467 0
284726 12910592
284727 0
302140 12910592
302141 0
302400 12910592
302401 0
302980 12910592
302981 0
303240 12910592
303241 0
320654 12910592
320655 0
320914 12910592
320915 0
321494 12910592
321495 0
321754 12910592
321755 0
339169 12910592
339170 0
339429 12910592
339430 0
340009 12910592
340010 0
340269 12910592
340270 0
357683 12910592
357684 0
357943 12910592
357944 0
358523 12910592
358524 0
358783 12910592
358784 0
376197 12910592
376198 0
376457 12910592
376458 0
377037 12910592
377038 0
377297 12910592
377298 0
394712 12910592
394713 0
394972 12910592
394973 0
395552 12910592
395553 0
395812 12910592
395813 0
413226 12910592
413227 0
413486 12910592
413487 0
414066 12910592
414067 0
414326 12910592
414327 0
431740 12910592
431741 0
432000 12910592
432001 0
432580 12910592
432581 0
432840 12910592
432841 0
450254 12910592
450255 0
450514 12910592
450515 0
451094 12910592
451095 0
451354 12910592
451355 0
468169 12910592
468170 0
468429 12910592
468430 0
469009 12910592
469010 0
469269 12910592
469270 0
485783 12910592
485784 0
486043 12910592
486044 0
486623 12910592
486624 0
486883 12910592
486884 0
505472 12910592
505473 0
505732 12910592
505733 0
506312 12910592
506313 0
506572 12910592
506573 0
523662 12910592
523663 0
523922 12910592
523923 0
524502 12910592
524503 0
524762 12910592
524763 0
541851 12910592
541852 0
542111 12910592
542112 0
542691 12910592
542692 0
542951 12910592
542952 0
560041 12910592
560042 0
560301 12910592
560302 0
560881 12910592
560882 0
561141 12910592
561142 0
578230 12910592
578231 0
578490 12910592
578491 0
579070 12910592
579071 0
579330 12910592
579331 0
596420 12910592
596421 0
596680 12910592
596681 0
597260 12910592
597261 0
597520 12910592
597521 0
614609 12910592
614610 0
614839 12910592
614840 0
615379 12910592
615380 0
615609 12910592
615610 0
632799 12910592
632800 0
633059 12910592
633060 0
633639 12910592
633640 0
633899 12910592
633900 0
650988 12910592
650989 0
651248 12910592
651249 0
651828 12910592
651829 0
652088 12910592
652089 0
669178 12910592
669179 0
669438 12910592
669439 0
670018 12910592
670019 0
670278 12910592
670279 0
687367 12910592
687368 0
687627 12910592
687628 0
688207 12910592
688208 0
688467 12910592
688468 0
705557 12910592
705558 0
705817 12910592
705818 0
706397 12910592
706398 0
706657 12910592
706658 0
723746 12910592
723747 0
724006 12910592
724007 0
724586 12910592
724587 0
724846 12910592
724847 0
741936 12910592
741937 0
742196 12910592
742197 0
742776 12910592
742777 0
743036 12910592
743037 0
760125 12910592
760126 0
760385 12910592
760386 0
760965 12910592
760966 0
761225 12910592
761226 0
778315 12910592
778316 0
778575 12910592
778576 0
779155 12910592
779156 0
779415 12910592
779416 0
796504 12910592
796505 0
796764 12910592
796765 0
797344 12910592
797345 0
797604 12910592
797605 0
814094 12910592
814095 0
814354 12910592
814355 0
814934 12910592
814935 0
815194 12910592
815195 0
831383 12910592
831384 0
831643 12910592
831644 0
832223 12910592
832224 0
832483 12910592
832484 0
851231 215177
851291 0
851461 215177
851521 0
852001 215177
852061 0
852231 215177
852291 0
869638 215177
869698 0
869898 215177
869958 0
870478 215177
870538 0
870738 215177
870798 0
888045 215177
888105 0
888305 215177
888365 0
888885 215177
888945 0
889145 215177
889205 0
906453 215177
906513 0
906713 215177
906773 0
907293 215177
907353 0
907553 215177
907613 0
924860 215177
924920 0
925120 215177
925180 0
925700 215177
925760 0
925960 215177
926020 0
943267 215177
943327 0
943527 215177
943587 0
944107 215177
944167 0
944367 215177
944427 0
961674 215177
961734 0
961934 215177
961994 0
962514 215177
962574 0
962774 215177
962834 0
980081 215177
980141 0
980341 215177
980401 0
980921 215177
980981 0
981181 215177
981241 0
998488 215177
998548 0
998748 215177
998808 0
999328 215177
999388 0
999588 215177
999648 0
1016895 215177
1016955 0
1017155 215177
1017215 0
1017735 215177
1017795 0
1017995 215177
1018055 0
1035303 215177
1035363 0
1035563 215177
1035623 0
1036143 215177
1036203 0
1036403 215177
1036463 0
1053710 215177
1053770 0
1053970 215177
1054030 0
1054550 215177
1054610 0
1054810 215177
1054870 0
1072117 215177
1072177 0
1072377 215177
1072437 0
1072957 215177
1073017 0
1073217 215177
1073277 0
1090524 215177
1090584 0
1090784 215177
1090844 0
1091364 215177
1091424 0
1091624 215177
1091684 0
1110135 215177
1110195 0
1110395 215177
1110455 0
1110975 215177
1111035 0
1111235 215177
1111295 0
1128245 215177
1128305 0
1128505 215177
1128565 0
1129085 215177
1129145 0
1129345 215177
1129405 0
1146356 215177
1146416 0
1146616 215177
1146676 0
1147196 215177
1147256 0
1147456 215177
1147516 0
1164466 215177
1164526 0
1164726 215177
1164786 0
1165306 215177
1165366 0
1165566 215177
1165626 0
1182577 215177
1182637 0
1182837 215177
1182897 0
1183417 215177
1183477 0
1183677 215177
1183737 0
1200687 215177
1200747 0
1200947 215177
1201007 0
1201527 215177
1201587 0
1201787 215177
1201847 0
1218798 215177
1218858 0
1219028 215177
1219088 0
1219568 215177
1219628 0
1219798 215177
1219858 0
1236908 215177
1236968 0
1237168 215177
1237228 0
1237748 215177
1237808 0
1238008 215177
1238068 0
1255019 215177
1255079 0
1255279 215177
1255339 0
1255859 215177
1255919 0
1256119 215177
1256179 0
1273129 215177
1273189 0
1273389 215177
1273449 0
1273969 215177
1274029 0
1274229 215177
1274289 0
1291240 215177
1291300 0
1291500 215177
1291560 0
1292080 215177
1292140 0
1292340 215177
1292400 0
1309350 215177
1309410 0
1309610 215177
1309670 0
1310190 215177
1310250 0
1310450 215177
1310510 0
1327461 215177
1327521 0
1327721 215177
1327781 0
1328301 215177
1328361 0
1328561 215177
1328621 0
1345571 215177
1345631 0
1345831 215177
1345891 0
1346411 215177
1346471 0
1346671 215177
1346731 0
1363682 215177
1363742 0
1363942 215177
1364002 0
1364522 215177
1364582 0
1364782 215177
1364842 0
1381792 215177
1381852 0
1382052 215177
1382112 0
1382632 215177
1382692 0
1382892 215177
1382952 0
1399903 215177
1399963 0
1400163 215177
1400223 0
1400743 215177
1400803 0
1401003 215177
1401063 0
1418013 215177
1418073 0
1418273 215177
1418333 0
1418853 215177
1418913 0
1419113 215177
1419173 0
1436124 215177
1436184 0
1436384 215177
1436444 0
1436964 215177
1437024 0
1437224 215177
1437284 0
1456031 215177
1456091 0
1456261 215177
1456321 0
1456801 215177
1456861 0
1457031 215177
1457091 0
1474438 215177
1474498 0
1474698 215177
1474758 0
1475278 215177
1475338 0
1475538 215177
1475598 0
1492845 215177
1492905 0
1493105 215177
1493165 0
1493685 215177
1493745 0
1493945 215177
1494005 0
1511253 215177
1511313 0
1511513 215177
1511573 0
1512093 215177
1512153 0
1512353 215177
1512413 0
660 events for H
11220 12910592
11221 0
11450 12910592
11451 0
11990 12910592
11991 0
12220 12910592
12221 0
29410 12910592
29411 0
29670 12910592
29671 0
30250 12910592
30251 0
30510 12910592
30511 0
47599 12910592
47600 0
47859 12910592
47860 0
48439 12910592
48440 0
48699 12910592
48700 0
65789 12910592
65790 0
66049 12910592
66050 0
66629 12910592
66630 0
66889 12910592
66890 0
83978 12910592
83979 0
84238 12910592
84239 0
84818 12910592
84819 0
85078 12910592
85079 0
102168 12910592
102169 0
102428 12910592
102429 0
103008 12910592
103009 0
103268 12910592
103269 0
120357 12910592
120358 0
120617 12910592
120618 0
121197 12910592
121198 0
121457 12910592
121458 0
138547 12910592
138548 0
138807 12910592
138808 0
139387 12910592
139388 0
139647 12910592
139648 0
156736 12910592
156737 0
156996 12910592
156997 0
157576 12910592
157577 0
157836 12910592
157837 0
174926 12910592
174927 0
175186 12910592
175187 0
175766 12910592
175767 0
176026 12910592
176027 0
193115 12910592
193116 0
193375 12910592
193376 0
193955 12910592
193956 0
194215 12910592
194216 0
210705 12910592
210706 0
210965 12910592
210966 0
211545 12910592
211546 0
211805 12910592
211806 0
227994 12910592
227995 0
228254 12910592
228255 0
228834 12910592
228835 0
229094 12910592
229095 0
248008 12910592
248009 0
248238 12910592
248239 0
248778 12910592
248779 0
249008 12910592
249009 0
266523 12910592
266524 0
266783 12910592
266784 0
267363 12910592
267364 0
267623 12910592
267624 0
285037 12910592
285038 0
285297 12910592
285298 0
285877 12910592
285878 0
286137 12910592
286138 0
303551 12910592
303552 0
303811 12910592
303812 0
304391 12910592
304392 0
304651 12910592
304652 0
322065 12910592
322066 0
322325 12910592
322326 0
322905 12910592
322906 0
323165 12910592
323166 0
340580 12910592
340581 0
340840 12910592
340841 0
341420 12910592
341421 0
341680 12910592
341681 0
359094 12910592
359095 0
359354 12910592
359355 0
359934 12910592
359935 0
360194 12910592
360195 0
377608 12910592
377609 0
377868 12910592
377869 0
378448 12910592
378449 0
378708 12910592
378709 0
396123 12910592
396124 0
396383 12910592
396384 0
396963 12910592
396964 0
397223 12910592
397224 0
414637 12910592
414638 0
414897 12910592
414898 0
415477 12910592
415478 0
415737 12910592
415738 0
433151 12910592
433152 0
433411 12910592
433412 0
433991 12910592
433992 0
434251 12910592
434252 0
451665 12910592
451666 0
451925 12910592
451926 0
452505 12910592
452506 0
452765 12910592
452766 0
469580 12910592
469581 0
469840 12910592
469841 0
470420 12910592
470421 0
470680 12910592
470681 0
487194 12910592
487195 0
487454 12910592
487455 0
488034 12910592
488035 0
488294 12910592
488295 0
506883 12910592
506884 0
507143 12910592
507144 0
507723 12910592
507724 0
507983 12910592
507984 0
525073 12910592
525074 0
525333 12910592
525334 0
525913 12910592
525914 0
526173 12910592
526174 0
543262 12910592
543263 0
543522 12910592
543523 0
544102 12910592
544103 0
544362 12910592
544363 0
561452 12910592
561453 0
561712 12910592
561713 0
562292 12910592
562293 0
562552 12910592
562553 0
579641 12910592
579642 0
579901 12910592
579902 0
580481 12910592
580482 0
580741 12910592
580742 0
597831 12910592
597832 0
598091 12910592
598092 0
598671 12910592
598672 0
598931 12910592
598932 0
616020 12910592
616021 0
616250 12910592
616251 0
616790 12910592
616791 0
617020 12910592
617021 0
634210 12910592
634211 0
634470 12910592
634471 0
635050 12910592
635051 0
635310 12910592
635311 0
652399 12910592
652400 0
652659 12910592
652660 0
653239 12910592
653240 0
653499 12910592
653500 0
670589 12910592
670590 0
670849 12910592
670850 0
671429 12910592
671430 0
671689 12910592
671690 0
688778 12910592
688779 0
689038 12910592
689039 0
689618 12910592
689619 0
689878 12910592
689879 0
706968 12910592
706969 0
707228 12910592
707229 0
707808 12910592
707809 0
708068 12910592
708069 0
725157 12910592
725158 0
725417 12910592
725418 0
725997 12910592
725998 0
726257 12910592
726258 0
743347 12910592
743348 0
743607 12910592
743608 0
744187 12910592
744188 0
744447 12910592
744448 0
761536 12910592
761537 0
761796 12910592
761797 0
762376 12910592
762377 0
762636 12910592
762637 0
779726 12910592
779727 0
779986 12910592
779987 0
780566 12910592
780567 0
780826 12910592
780827 0
797915 12910592
797916 0
798175 12910592
798176 0
798755 12910592
798756 0
799015 12910592
799016 0
815505 12910592
815506 0
815765 12910592
815766 0
816345 12910592
816346 0
816605 12910592
816606 0
832794 12910592
832795 0
833054 12910592
833055 0
833634 12910592
833635 0
833894 12910592
833895 0
852642 215177
852702 0
852872 215177
852932 0
853412 215177
853472 0
853642 215177
853702 0
871049 215177
871109 0
871309 215177
871369 0
871889 215177
871949 0
872149 215177
872209 0
889456 215177
889516 0
889716 215177
889776 0
890296 215177
890356 0
890556 215177
890616 0
907864 215177
907924 0
908124 215177
908184 0
908704 215177
908764 0
908964 215177
909024 0
926271 215177
926331 0
926531 215177
926591 0
927111 215177
927171 0
927371 215177
927431 0
944678 215177
944738 0
944938 215177
944998 0
945518 215177
945578 0
945778 215177
945838 0
963085 215177
963145 0
963345 215177
963405 0
963925 215177
963985 0
964185 215177
964245 0
981492 215177
981552 0
981752 215177
981812 0
982332 215177
982392 0
982592 215177
982652 0
999899 215177
999959 0
1000159 215177
1000219 0
1000739 215177
1000799 0
1000999 215177
1001059 0
1018306 215177
1018366 0
1018566 215177
1018626 0
1019146 215177
1019206 0
1019406 215177
1019466 0
1036714 215177
1036774 0
1036974 215177
1037034 0
1037554 215177
1037614 0
1037814 215177
1037874 0
1055121 215177
1055181 0
1055381 215177
1055441 0
1055961 215177
1056021 0
1056221 215177
1056281 0
1073528 215177
1073588 0
1073788 215177
1073848 0
1074368 215177
1074428 0
1074628 215177
1074688 0
1091935 215177
1091995 0
1092195 215177
1092255 0
1092775 215177
1092835 0
1093035 215177
1093095 0
1111546 215177
1111606 0
1111806 215177
1111866 0
1112386 215177
1112446 0
1112646 215177
1112706 0
1129656 215177
1129716 0
1129916 215177
1129976 0
1130496 215177
1130556 0
1130756 215177
1130816 0
1147767 215177
1147827 0
1148027 215177
1148087 0
1148607 215177
1148667 0
1148867 215177
1148927 0
1165877 215177
1165937 0
1166137 215177
1166197 0
1166717 215177
1166777 0
1166977 215177
1167037 0
1183988 215177
1184048 0
1184248 215177
1184308 0
1184828 215177
1184888 0
1185088 215177
1185148 0
1202098 215177
1202158 0
1202358 215177
1202418 0
1202938 215177
1202998 0
1203198 215177
1203258 0
1220209 215177
1220269 0
1220439 215177
1220499 0
1220979 215177
1221039 0
1221209 215177
1221269 0
1238319 215177
1238379 0
1238579 215177
1238639 0
1239159 215177
1239219 0
1239419 215177
1239479 0
1256430 215177
1256490 0
1256690 215177
1256750 0
1257270 215177
1257330 0
1257530 215177
1257590 0
1274540 215177
1274600 0
1274800 215177
1274860 0
1275380 215177
1275440 0
1275640 215177
1275700 0
1292651 215177
1292711 0
1292911 215177
1292971 0
1293491 215177
1293551 0
1293751 215177
1293811 0
1310761 215177
1310821 0
1311021 215177
1311081 0
1311601 215177
1311661 0
1311861 215177
1311921 0
1328872 215177
1328932 0
1329132 215177
1329192 0
1329712 215177
1329772 0
1329972 215177
1330032 0
1346982 215177
1347042 0
1347242 215177
1347302 0
1347822 215177
1347882 0
1348082 215177
1348142 0
1365093 215177
1365153 0
1365353 215177
1365413 0
1365933 215177
1365993 0
1366193 215177
1366253 0
1383203 215177
1383263 0
1383463 215177
1383523 0
1384043 215177
1384103 0
1384303 215177
1384363 0
1401314 215177
1401374 0
1401574 215177
1401634 0
1402154 215177
1402214 0
1402414 215177
1402474 0
1419424 215177
1419484 0
1419684 215177
1419744 0
1420264 215177
1420324 0
1420524 215177
1420584 0
1437535 215177
1437595 0
1437795 215177
1437855 0
1438375 215177
1438435 0
1438635 215177
1438695 0
1457442 215177
1457502 0
1457672 215177
1457732 0
1458212 215177
1458272 0
1458442 215177
1458502 0
1475849 215177
1475909 0
1476109 215177
1476169 0
1476689 215177
1476749 0
1476949 215177
1477009 0
1494256 215177
1494316 0
1494516 215177
1494576 0
1495096 215177
1495156 0
1495356 215177
1495416 0
1512664 215177
1512724 0
1512924 215177
1512984 0
0 events for I

663 events for J
10819 12910592
10820 0
11049 12910592
11050 0
11589 12910592
11590 0
11819 12910592
11820 0
29009 12910592
29010 0
29269 12910592
29270 0
29849 12910592
29850 0
30109 12910592
30110 0
47198 12910592
47199 0
47458 12910592
47459 0
48038 12910592
48039 0
48298 12910592
48299 0
65388 12910592
65389 0
65648 12910592
65649 0
66228 12910592
66229 0
66488 12910592
66489 0
83577 12910592
83578 0
83837 12910592
83838 0
84417 12910592
84418 0
84677 12910592
84678 0
101767 12910592
101768 0
102027 12910592
102028 0
102607 12910592
102608 0
102867 12910592
102868 0
119956 12910592
119957 0
120216 12910592
120217 0
120796 12910592
120797 0
121056 12910592
121057 0
138146 12910592
138147 0
138406 12910592
138407 0
138986 12910592
138987 0
139246 12910592
139247 0
156335 12910592
156336 0
156595 12910592
156596 0
157175 12910592
157176 0
157435 12910592
157436 0
174525 12910592
174526 0
174785 12910592
174786 0
175365 12910592
175366 0
175625 12910592
175626 0
192714 12910592
192715 0
192974 12910592
192975 0
193554 12910592
193555 0
193814 12910592
193815 0
210304 12910592
210305 0
210564 12910592
210565 0
211144 12910592
211145 0
211404 12910592
211405 0
227593 12910592
227594 0
227853 12910592
227854 0
228433 12910592
228434 0
228693 12910592
228694 0
247607 12910592
247608 0
247837 12910592
247838 0
248377 12910592
248378 0
248607 12910592
248608 0
266122 12910592
266123 0
266382 12910592
266383 0
266962 12910592
266963 0
267222 12910592
267223 0
284636 12910592
284637 0
284896 12910592
284897 0
285476 12910592
285477 0
285736 12910592
285737 0
303150 12910592
303151 0
303410 12910592
303411 0
303990 12910592
303991 0
304250 12910592
304251 0
321664 12910592
321665 0
321924 12910592
321925 0
322504 12910592
322505 0
322764 12910592
322765 0
340179 12910592
340180 0
340439 12910592
340440 0
341019 12910592
341020 0
341279 12910592
341280 0
358693 12910592
358694 0
358953 12910592
358954 0
359533 12910592
359534 0
359793 12910592
359794 0
377207 12910592
377208 0
377467 12910592
377468 0
378047 12910592
378048 0
378307 12910592
378308 0
395722 12910592
395723 0
395982 12910592
395983 0
396562 12910592
396563 0
396822 12910592
396823 0
414236 12910592
414237 0
414496 12910592
414497 0
415076 12910592
415077 0
415336 12910592
415337 0
432750 12910592
432751 0
433010 12910592
433011 0
433590 12910592
433591 0
433850 12910592
433851 0
451264 12910592
451265 0
451524 12910592
451525 0
452104 12910592
452105 0
452364 12910592
452365 0
469179 12910592
469180 0
469439 12910592
469440 0
470019 12910592
470020 0
470279 12910592
470280 0
486793 12910592
486794 0
487053 12910592
487054 0
487633 12910592
487634 0
487893 12910592
487894 0
506482 12910592
506483 0
506742 12910592
506743 0
507322 12910592
507323 0
507582 12910592
507583 0
524672 12910592
524673 0
524932 12910592
524933 0
525512 12910592
525513 0
525772 12910592
525773 0
542861 12910592
542862 0
543121 12910592
543122 0
543701 12910592
543702 0
543961 12910592
543962 0
561051 12910592
561052 0
561311 12910592
561312 0
561891 12910592
561892 0
562151 12910592
562152 0
579240 12910592
579241 0
579500 12910592
579501 0
580080 12910592
580081 0
580340 12910592
580341 0
597430 12910592
597431 0
597690 12910592
597691 0
598270 12910592
598271 0
598530 12910592
598531 0
615619 12910592
615620 0
615849 12910592
615850 0
616389 12910592
616390 0
616619 12910592
616620 0
633809 12910592
633810 0
634069 12910592
634070 0
634649 12910592
634650 0
634909 12910592
634910 0
651998 12910592
651999 0
652258 12910592
652259 0
652838 12910592
652839 0
653098 12910592
653099 0
670188 12910592
670189 0
670448 12910592
670449 0
671028 12910592
671029 0
671288 12910592
671289 0
688377 12910592
688378 0
688637 12910592
688638 0
689217 12910592
689218 0
689477 12910592
689478 0
706567 12910592
706568 0
706827 12910592
706828 0
707407 12910592
707408 0
707667 12910592
707668 0
724756 12910592
724757 0
725016 12910592
725017 0
725596 12910592
725597 0
725856 12910592
725857 0
742946 12910592
742947 0
743206 12910592
743207 0
743786 12910592
743787 0
744046 12910592
744047 0
761135 12910592
761136 0
761395 12910592
761396 0
761975 12910592
761976 0
762235 12910592
762236 0
779325 12910592
779326 0
779585 12910592
779586 0
780165 12910592
780166 0
780425 12910592
780426 0
797514 12910592
797515 0
797774 12910592
797775 0
798354 12910592
798355 0
798614 12910592
798615 0
815104 12910592
815105 0
815364 12910592
815365 0
815944 12910592
815945 0
816204 12910592
816205 0
832393 12910592
832394 0
832653 12910592
832654 0
833233 12910592
833234 0
833493 12910592
833494 0
852241 215177
852301 0
852471 215177
852531 0
853011 215177
853071 0
853241 215177
853301 0
870648 215177
870708 0
870908 215177
870968 0
871488 215177
871548 0
871748 215177
871808 0
889055 215177
889115 0
889315 215177
889375 0
889895 215177
889955 0
890155 215177
890215 0
907463 215177
907523 0
907723 215177
907783 0
908303 215177
908363 0
908563 215177
908623 0
925870 215177
925930 0
926130 215177
926190 0
926710 215177
926770 0
926970 215177
927030 0
944277 215177
944337 0
944537 215177
944597 0
945117 215177
945177 0
945377 215177
945437 0
962684 215177
962744 0
962944 215177
963004 0
963524 215177
963584 0
963784 215177
963844 0
981091 215177
981151 0
981351 215177
981411 0
981931 215177
981991 0
982191 215177
982251 0
999498 215177
999558 0
999758 215177
999818 0
1000338 215177
1000398 0
1000598 215177
1000658 0
1017905 215177
1017965 0
1018165 215177
1018225 0
1018745 215177
1018805 0
1019005 215177
1019065 0
1036313 215177
1036373 0
1036573 215177
1036633 0
1037153 215177
1037213 0
1037413 215177
1037473 0
1054720 215177
1054780 0
1054980 215177
1055040 0
1055560 215177
1055620 0
1055820 215177
1055880 0
1073127 215177
1073187 0
1073387 215177
1073447 0
1073967 215177
1074027 0
1074227 215177
1074287 0
1091534 215177
1091594 0
1091794 215177
1091854 0
1092374 215177
1092434 0
1092634 215177
1092694 0
1111145 215177
1111205 0
1111405 215177
1111465 0
1111985 215177
1112045 0
1112245 215177
1112305 0
1129255 215177
1129315 0
1129515 215177
1129575 0
1130095 215177
1130155 0
1130355 215177
1130415 0
1147366 215177
1147426 0
1147626 215177
1147686 0
1148206 215177
1148266 0
1148466 215177
1148526 0
1165476 215177
1165536 0
1165736 215177
1165796 0
1166316 215177
1166376 0
1166576 215177
1166636 0
1183587 215177
1183647 0
1183847 215177
1183907 0
1184427 215177
1184487 0
1184687 215177
1184747 0
1201697 215177
1201757 0
1201957 215177
1202017 0
1202537 215177
1202597 0
1202797 215177
1202857 0
1219808 215177
1219868 0
1220038 215177
1220098 0
1220578 215177
1220638 0
1220808 215177
1220868 0
1237918 215177
1237978 0
1238178 215177
1238238 0
1238758 215177
1238818 0
1239018 215177
1239078 0
1256029 215177
1256089 0
1256289 215177
1256349 0
1256869 215177
1256929 0
1257129 215177
1257189 0
1274139 215177
1274199 0
1274399 215177
1274459 0
1274979 215177
1275039 0
1275239 215177
1275299 0
1292250 215177
1292310 0
1292510 215177
1292570 0
1293090 215177
1293150 0
1293350 215177
1293410 0
1310360 215177
1310420 0
1310620 215177
1310680 0
1311200 215177
1311260 0
1311460 215177
1311520 0
1328471 215177
1328531 0
1328731 215177
1328791 0
1329311 215177
1329371 0
1329571 215177
1329631 0
1346581 215177
1346641 0
1346841 215177
1346901 0
1347421 215177
1347481 0
1347681 215177
1347741 0
1364692 215177
1364752 0
1364952 215177
1365012 0
1365532 215177
1365592 0
1365792 215177
1365852 0
1382802 215177
1382862 0
1383062 215177
1383122 0
1383642 215177
1383702 0
1383902 215177
1383962 0
1400913 215177
1400973 0
1401173 215177
1401233 0
1401753 215177
1401813 0
1402013 215177
1402073 0
1419023 215177
1419083 0
1419283 215177
1419343 0
1419863 215177
1419923 0
1420123 215177
1420183 0
1437134 215177
1437194 0
1437394 215177
1437454 0
1437974 215177
1438034 0
1438234 215177
1438294 0
1457041 215177
1457101 0
1457271 215177
1457331 0
1457811 215177
1457871 0
1458041 215177
1458101 0
1475448 215177
1475508 0
1475708 215177
1475768 0
1476288 215177
1476348 0
1476548 215177
1476608 0
1493855 215177
1493915 0
1494115 215177
1494175 0
1494695 215177
1494755 0
1494955 215177
1495015 0
1512263 215177
1512323 0
1512523 215177
1512583 0
1513103 215177
1513163 0
1513363 215177
32 events for K
27439 487
31819 2414
60843 487
102417 2414
118445 487
122706 2414
147243 1285
248057 2414
249897 1285
254950 2414
264672 1285
268872 2414
276672 1285
384843 2414
412786 1285
416986 2414
428043 1285
454014 2414
485343 1285
498543 2414
508932 1285
616069 2414
617909 1285
622443 2414
632217 1285
636580 2414
665643 2057
832743 0
832744 2414
1437543 1772
1457550 2414
1459390 1772
2 events for L
833879 0
833880 74
218 events for M
8087 12910592
8088 0
17567 12910592
17568 0
24767 12910592
24768 0
37367 12910592
37368 0
42767 12910592
42768 0
51167 12910592
51168 0
58967 12910592
58968 0
62567 12910592
62568 0
73367 12910592
73368 0
78767 12910592
78768 0
89567 12910592
89568 0
96767 12910592
96768 0
105949 12910592
105950 0
114707 12910592
114708 0
126679 12910592
126680 0
133067 12910592
133068 0
145367 12910592
145368 0
150767 12910592
150768 0
161111 12910592
161112 0
166754 12910592
166755 0
172399 12910592
172400 0
175967 12910592
175968 0
183145 12910592
183146 0
190588 12910592
190589 0
200567 12910592
200568 0
205967 12910592
205968 0
242867 12910592
242868 0
285767 12910592
285768 0
293312 12910592
293313 0
300810 12910592
300811 0
310967 12910592
310968 0
315768 12910592
315769 0
322838 12910592
322839 0
330445 12910592
330446 0
337969 12910592
337970 0
346967 12910592
346968 0
355367 12910592
355368 0
361369 12910592
361370 0
370367 12910592
370368 0
381767 12910592
381768 0
389567 12910592
389568 0
399467 12910592
399468 0
408647 12910592
408648 0
421907 12910592
421908 0
429767 12910592
429768 0
435169 12910592
435170 0
442367 12910592
442368 0
458329 12910592
458330 0
464267 12910592
464268 0
471647 12910592
471648 0
477347 12910592
477348 0
484187 12910592
484188 0
502607 12910592
502608 0
507656 12910592
507657 0
512567 12910592
512568 0
518089 12910592
518090 0
530567 12910592
530568 0
538969 12910592
538970 0
550367 12910592
550368 0
557567 12910592
557568 0
568367 12910592
568368 0
574667 12910592
574668 0
580414 12910592
580415 0
587859 12910592
587860 0
594767 12910592
594768 0
604368 12910592
604369 0
611567 12910592
611568 0
625968 12910592
625969 0
640367 12910592
640368 0
647567 12910592
647568 0
654767 12910592
654768 0
661367 12910592
661368 0
667367 12910592
667368 0
674962 12910592
674963 0
680606 12910592
680607 0
692568 12910592
692569 0
701567 12910592
701568 0
712368 12910592
712369 0
719567 12910592
719568 0
732167 12910592
732168 0
737567 12910592
737568 0
745967 12910592
745968 0
749869 12910592
749870 0
753467 12910592
753468 0
768527 12910592
768528 0
772249 12910592
772250 0
784727 12910592
784728 0
788327 12910592
788328 0
804167 12910592
804168 0
811367 12910592
811368 0
820367 12910592
820368 0
827567 12910592
827568 0
856369 26897
856849 0
867169 26897
867649 0
964368 26897
964848 0
975169 26897
975649 0
996769 26897
997249 0
1013803 26897
1014283 0
1023168 26897
1023648 0
1034247 26897
1034727 0
1051968 26897
1052448 0
1108368 26897
1108848 0
1120369 26897
1120849 0
1143217 26897
1143697 0
1185169 26897
1185649 0
1206769 26897
1207249 0
1287469 26897
1287949 0
1307569 26897
1308049 0
1497169 26897
1497649 0
36 events for N
255319 67429102
255324 0
600919 42866846
600924 0
622519 36098616
622524 0
752119 15230225
752124 0
773719 42774218
773724 0
795319 51729687
795324 0
815225 67442760
815230 0
875372 51185344
875377 0
940172 36088368
940177 0
983372 46317017
983377 0
1048172 62132584
1048177 0
1134572 55765577
1134577 0
1199372 60879901
1199377 0
1285772 79077832
1285777 0
1307372 48576383
1307377 0
1372172 294648376
1372177 0
1393772 296678458
1393777 0
1415372 98892820
1415377 0
35 events for O
12998 1365
13718 2935
28118 1365
28298 2935
42698 0
399681 3276
414681 0
525177 665
525178 0
597935 665
597936 0
671833 3276
686833 0
842498 1979
843698 0
845498 1979
849098 1365
849818 1979
864218 1365
864398 1979
893198 1365
893918 1979
908318 1365
908498 1979
942098 1365
942818 1979
957218 1365
957398 1979
976598 0
1018469 4096
1026669 0
1310924 665
1340084 0
1476012 665
1505532 0
2 events for P
830798 0
830799 18
