16 instruments
A 10 100 183507440.74517861 809594356.20986629
B 10 100 128045.25187067324 495183416.02819836
C 10 100 0.00017956089109901502 925410610.77784157
D 10 100 0 320000000
E 10 100 1935.2198577632046 529743673.63920057
F 10 100 192158478.34180248 847760826.1096437
G 10 100 804865230.11019051 7419592213.7182751
H 10 100 40530.039409419333 54204511.969197564
I 10 100 0.000155227 800000000
J 10 100 0 888000000
K 10 100 1517960000 4000000000
L 10 100 37632 50328700
M 10 100 45126217.813212499 1435691857.5629289
N 10 100 2665037.1650940888 921958803.05957663
O 10 100 431759.25152321503 367151977.05994737
P 10 100 815344000 7516190000
100 downlinks
0 1 10745 17374.699861000001
1 26101 52892 57611.601310999999
2 53101 85181 59023.283414999998
3 85923 91673 55193.106121999997
4 95029 137146 25530.421285
5 137147 181342 29269.697155999998
6 181343 185433 16830.732371999999
7 198591 213258 28226.256141999998
8 215588 218139 60093.408818999997
9 258586 288285 58272.632834999997
10 288286 295560 61499.660580999996
11 309763 331060 28538.149495000001
12 344608 350430 18090.695755000001
13 353973 369185 23661.293665000001
14 371082 399036 28757.617953000001
15 399037 441333 56137.919716999997
16 442477 459371 23437.772314999998
17 474577 487217 55980.942202999999
18 500432 514284 60635.164006999999
19 517172 548099 23619.145155999999
20 568692 576958 53049.165158000003
21 579567 602726 23042.764167000001
22 602727 607179 53421.323553000002
23 610615 615295 23396.302264000002
24 618867 631771 22759.633384000001
25 655003 659602 53785.922146999997
26 670762 687216 23595.771228000001
27 689523 696180 17076.713232999999
28 699238 734361 24932.393585000002
29 734362 744585 29494.590024000001
30 747617 753489 55821.075068999999
31 756857 774146 22968.383259999999
32 775217 779398 57490.653299999998
33 797590 802650 25500.801521000001
34 844598 867984 24904.219582000002
35 871874 875942 26817.789122999999
36 888252 918315 30236.225505999999
37 921546 941937 64968.303881
38 948208 954537 18980.648960999999
39 958192 999158 26276.326033000001
40 1000251 1042535 30209.873796
41 1044512 1048774 26595.764298999999
42 1079341 1086321 25812.000550000001
43 1105736 1116995 26242.243616
44 1120496 1124215 60521.572561000001
45 1132136 1148929 25759.527445
46 1163636 1175894 62910.21802
47 1179291 1213077 62402.514213000002
48 1217154 1229819 26087.487331
49 1245831 1263312 30312.554313000001
50 1270726 1282358 61079.659066
51 1293226 1305116 18673.221132999999
52 1307986 1310891 64240.288658999998
53 1315628 1325204 31143.729536999999
54 1329668 1340095 31955.262932000001
55 1345508 1384542 32548.652656999999
56 1389797 1400036 26591.031461999999
57 1405720 1415560 31032.775088999999
58 1449398 1470337 26518.557602000001
59 1476119 1480671 27135.491309000001
60 1513415 1521372 30548.763144
61 1551818 1566150 61173.218094999997
62 1568909 1580120 25727.776897
63 1583382 1601886 60685.825332
64 1604457 1636001 31943.127114999999
65 1638204 1655657 26854.269729
66 1660282 1666292 60653.754335999998
67 1708598 1729609 25877.051024
68 1735092 1739910 26858.741764999999
69 1750699 1771020 30730.334417999999
70 1777093 1816087 64710.467042999997
71 1821416 1834203 26821.553663999999
72 1837693 1856925 30352.900559999998
73 1865686 1869542 62069.510897
74 1896788 1917678 24941.171042000002
75 1919348 1946349 64615.886477
76 1949731 1991912 29824.478802000001
77 1994069 1999309 25807.814231
78 2020382 2032128 30500.246913999999
79 2036050 2040401 63784.759174999999
80 2054198 2073852 26887.570243999999
81 2080396 2085512 26801.861517000001
82 2108592 2118294 30816.996993000001
83 2155671 2163168 30054.646581000001
84 2166725 2208691 25083.168038
85 2208692 2239897 31964.981436999999
86 2242065 2266750 26020.402946999999
87 2295014 2299518 65210.357319000002
88 2313398 2324922 26020.533994000001
89 2328160 2338577 25744.512599999998
90 2342468 2357315 62740.845427
91 2381337 2384723 59751.354583
92 2389208 2401938 26793.545150000002
93 2409488 2418650 25803.846627999999
94 2425712 2436900 25578.956714
95 2440654 2468218 37319.959895
96 2500648 2526778 26914.434292999998
97 2529508 2551227 37696.254029999996
98 2553984 2558736 40703.395508000001
99 2572598 2592467 25449.31221
0 opportunities for A
0 opportunities for B
0 opportunities for C
0 opportunities for D
0 opportunities for E
0 opportunities for F
0 opportunities for G
0 opportunities for H
0 opportunities for I
0 opportunities for J
0 opportunities for K
0 opportunities for L
0 opportunities for M
0 opportunities for N
0 opportunities for O
0 opportunities for P
208 events for A
23171 240
32170 344
60971 240
66370 344
91570 1267
98760 1471
113171 444
123970 548
131170 1471
141981 1409
142281 1471
145581 3662
145603 4944
152771 3917
159970 4944
188771 3917
188781 1727
195970 2754
210403 1471
225971 444
228381 2635
239170 3662
260771 2635
267970 3662
275160 3458
296771 2431
305770 2534
336371 2431
343570 2534
372371 2431
379570 3458
401160 3662
408371 2635
415570 3662
446171 2635
455170 3662
485171 2635
487560 2431
498370 2534
521771 2431
527170 2534
555971 2431
563170 2534
591971 2431
599170 2534
629771 2431
636970 2534
638781 344
667571 240
674770 344
717971 240
728770 344
755771 240
764770 344
791771 240
800770 344
830771 240
831048 0
831049 240
833160 444
834141 382
834441 444
843970 548
865571 444
872770 548
903371 444
910570 548
919592 798
939371 695
946570 1722
966403 3004
977171 1977
982570 3004
1005992 2754
1013171 1727
1020370 2754
1050971 1727
1056021 1664
1056321 3917
1056370 4944
1089671 3917
1092321 1727
1106770 2754
1125671 1727
1131970 2754
1139203 1471
1160771 444
1167970 548
1198571 444
1203970 1471
1214421 1409
1214721 3662
1225603 4944
1232771 3917
1239970 4944
1265121 2754
1268771 1727
1275970 2754
1304771 1727
1311970 2754
1340771 1727
1347970 2754
1353141 2691
1353441 2754
1355203 1471
1362370 548
1378571 444
1385770 548
1414571 444
1419970 548
1435271 444
1448770 548
1470371 444
1477570 548
1508171 444
1513570 1471
1524360 1267
1524381 1205
1524681 3458
1528003 4740
1545971 3713
1551370 3817
1581971 3713
1583781 1523
1590970 1626
1610760 1830
1619771 1727
1625170 1830
1632392 2081
1636003 798
1653971 695
1657603 1977
1661170 3004
1679170 2081
1679203 798
1694471 695
1697181 632
1697192 382
1697481 444
1709770 548
1729571 444
1736770 548
1765571 444
1772770 548
1801571 444
1808770 548
1837571 444
1844770 548
1869981 485
1870281 548
1875371 444
1880770 548
1909571 444
1918570 548
1947371 444
1954570 548
1983371 444
1988770 548
2019371 444
2024803 1727
2026570 2754
2039171 1727
2042781 1664
2043081 1727
2046403 444
2053570 1471
2075171 444
2082370 1471
2112971 444
2118370 1471
2148971 444
2156170 1471
2186771 444
2192170 1471
2224571 444
2229970 1471
2258771 444
2265970 548
2299271 444
2301621 382
2301921 2635
2301992 2885
2305603 4168
2312770 5195
2334371 4168
2341570 5195
2370371 4168
2377570 5195
2388392 4944
2408171 3917
2413570 4944
2444171 3917
2449570 4944
2453241 2754
2480171 1727
2485570 2754
2496392 3004
2516171 1977
2521570 3004
2557571 1977
2561121 1915
2561192 1664
2561421 3917
2567121 1727
2571970 2754
2586403 1471
2589071 444
2593570 1471
2 events for B
833041 0
833042 74
320 events for C
9384 12910592
9385 0
18864 12910592
18865 0
26064 12910592
26065 0
38664 12910592
38665 0
44064 12910592
44065 0
52464 12910592
52465 0
60264 12910592
60265 0
63864 12910592
63865 0
74664 12910592
74665 0
80064 12910592
80065 0
90864 12910592
90865 0
98064 12910592
98065 0
107246 12910592
107247 0
116004 12910592
116005 0
127976 12910592
127977 0
134364 12910592
134365 0
146664 12910592
146665 0
152064 12910592
152065 0
162408 12910592
162409 0
168051 12910592
168052 0
173696 12910592
173697 0
177264 12910592
177265 0
184442 12910592
184443 0
191885 12910592
191886 0
201864 12910592
201865 0
207264 12910592
207265 0
244164 12910592
244165 0
287064 12910592
287065 0
294609 12910592
294610 0
302107 12910592
302108 0
312264 12910592
312265 0
317065 12910592
317066 0
324135 12910592
324136 0
331742 12910592
331743 0
339266 12910592
339267 0
348264 12910592
348265 0
356664 12910592
356665 0
362666 12910592
362667 0
371664 12910592
371665 0
383064 12910592
383065 0
390864 12910592
390865 0
400764 12910592
400765 0
409944 12910592
409945 0
423204 12910592
423205 0
431064 12910592
431065 0
436466 12910592
436467 0
443664 12910592
443665 0
459626 12910592
459627 0
465564 12910592
465565 0
472944 12910592
472945 0
478644 12910592
478645 0
485484 12910592
485485 0
503904 12910592
503905 0
508953 12910592
508954 0
513864 12910592
513865 0
519386 12910592
519387 0
531864 12910592
531865 0
540266 12910592
540267 0
551664 12910592
551665 0
558864 12910592
558865 0
569664 12910592
569665 0
575964 12910592
575965 0
581711 12910592
581712 0
589156 12910592
589157 0
596064 12910592
596065 0
605665 12910592
605666 0
612864 12910592
612865 0
627265 12910592
627266 0
641664 12910592
641665 0
648864 12910592
648865 0
656064 12910592
656065 0
662664 12910592
662665 0
668664 12910592
668665 0
676259 12910592
676260 0
681903 12910592
681904 0
693865 12910592
693866 0
702864 12910592
702865 0
713665 12910592
713666 0
720864 12910592
720865 0
733464 12910592
733465 0
738864 12910592
738865 0
747264 12910592
747265 0
751166 12910592
751167 0
754764 12910592
754765 0
769824 12910592
769825 0
773546 12910592
773547 0
786024 12910592
786025 0
789624 12910592
789625 0
805464 12910592
805465 0
812664 12910592
812665 0
821664 12910592
821665 0
828864 12910592
828865 0
857666 26897
858146 0
868466 26897
868946 0
965665 26897
966145 0
976466 26897
976946 0
998066 26897
998546 0
1015100 26897
1015580 0
1024465 26897
1024945 0
1035544 26897
1036024 0
1053265 26897
1053745 0
1109665 26897
1110145 0
1121666 26897
1122146 0
1144514 26897
1144994 0
1186466 26897
1186946 0
1208066 26897
1208546 0
1288766 26897
1289246 0
1308866 26897
1309346 0
1498466 26897
1498946 0
1520066 26897
1520546 0
1632266 26897
1632746 0
1653266 26897
1653746 0
1758866 26897
1759346 0
1776866 26897
1777346 0
1871966 26897
1872446 0
1899926 26897
1900406 0
1921292 26897
1921772 0
1986807 26897
1987287 0
2101188 26897
2101668 0
2103865 26897
2104345 0
2109265 26897
2109745 0
2112865 26897
2113345 0
2123196 26897
2123676 0
2127329 26897
2127809 0
2130929 26897
2131409 0
2134165 26897
2134645 0
2179467 26897
2179947 0
2184265 26897
2184745 0
2189425 26897
2189905 0
2197465 26897
2197945 0
2202147 26897
2202627 0
2206803 26897
2207283 0
2212435 26897
2212915 0
2217864 26897
2218344 0
2220865 26897
2221345 0
2270453 26897
2270933 0
2276065 26897
2276545 0
2281958 26897
2282438 0
2286865 26897
2287345 0
2292813 26897
2293293 0
2300365 26897
2300845 0
2330665 26897
2331145 0
2337866 26897
2338346 0
2346265 26897
2346745 0
2351065 26897
2351545 0
2360066 26897
2360546 0
2370985 26897
2371465 0
2385865 26897
2386345 0
2390664 26897
2391144 0
2395718 26897
2396198 0
2425587 26897
2426067 0
2428465 26897
2428945 0
2434478 26897
2434958 0
2439878 26897
2440358 0
2445280 26897
2445760 0
2456074 26897
2456554 0
2464860 26897
2465340 0
2472612 26897
2473092 0
2478867 26897
2479347 0
2482972 26897
2483452 0
0 events for D

76 events for E
129 2935
14529 1365
15249 2935
29649 1365
29829 2935
44229 0
401212 3276
416212 0
526708 665
526709 0
599466 665
599467 0
673364 3276
688364 0
844029 1979
845229 0
847029 1979
850629 1365
851349 1979
865749 1365
865929 1979
894729 1365
895449 1979
909849 1365
910029 1979
943629 1365
944349 1979
958749 1365
958929 1979
978129 0
1020000 4096
1028200 0
1312455 665
1341615 0
1477543 665
1507063 0
1551172 4096
1559372 0
1624800 4096
1633000 0
1707729 4096
1715929 0
1808592 4096
1816792 0
1881034 4096
1889234 0
1989697 4096
1997897 0
2325909 3754
2326629 0
2328429 3754
2332029 0
2339229 3754
2339949 0
2341749 3754
2345349 0
2360949 3754
2361669 0
2363469 3754
2367069 0
2375469 3754
2376189 0
2377989 3754
2381589 0
2439309 3754
2440029 0
2441829 3754
2445429 0
2485029 3754
2485749 0
2487549 3754
2491149 0
2531829 3754
2532549 0
2534349 3754
2537949 0
208 events for F
23932 240
32931 344
61732 240
67131 344
92331 1267
99521 1471
113932 444
124731 548
131931 1471
142742 1409
143042 1471
146342 3662
146364 4944
153532 3917
160731 4944
189532 3917
189542 1727
196731 2754
211164 1471
226732 444
229142 2635
239931 3662
261532 2635
268731 3662
275921 3458
297532 2431
306531 2534
337132 2431
344331 2534
373132 2431
380331 3458
401921 3662
409132 2635
416331 3662
446932 2635
455931 3662
485932 2635
488321 2431
499131 2534
522532 2431
527931 2534
556732 2431
563931 2534
592732 2431
599931 2534
630532 2431
637731 2534
639542 344
668332 240
675531 344
718732 240
729531 344
756532 240
765531 344
792532 240
801531 344
831532 240
831809 0
831810 240
833921 444
834902 382
835202 444
844731 548
866332 444
873531 548
904132 444
911331 548
920353 798
940132 695
947331 1722
967164 3004
977932 1977
983331 3004
1006753 2754
1013932 1727
1021131 2754
1051732 1727
1056782 1664
1057082 3917
1057131 4944
1090432 3917
1093082 1727
1107531 2754
1126432 1727
1132731 2754
1139964 1471
1161532 444
1168731 548
1199332 444
1204731 1471
1215182 1409
1215482 3662
1226364 4944
1233532 3917
1240731 4944
1265882 2754
1269532 1727
1276731 2754
1305532 1727
1312731 2754
1341532 1727
1348731 2754
1353902 2691
1354202 2754
1355964 1471
1363131 548
1379332 444
1386531 548
1415332 444
1420731 548
1436032 444
1449531 548
1471132 444
1478331 548
1508932 444
1514331 1471
1525121 1267
1525142 1205
1525442 3458
1528764 4740
1546732 3713
1552131 3817
1582732 3713
1584542 1523
1591731 1626
1611521 1830
1620532 1727
1625931 1830
1633153 2081
1636764 798
1654732 695
1658364 1977
1661931 3004
1679931 2081
1679964 798
1695232 695
1697942 632
1697953 382
1698242 444
1710531 548
1730332 444
1737531 548
1766332 444
1773531 548
1802332 444
1809531 548
1838332 444
1845531 548
1870742 485
1871042 548
1876132 444
1881531 548
1910332 444
1919331 548
1948132 444
1955331 548
1984132 444
1989531 548
2020132 444
2025564 1727
2027331 2754
2039932 1727
2043542 1664
2043842 1727
2047164 444
2054331 1471
2075932 444
2083131 1471
2113732 444
2119131 1471
2149732 444
2156931 1471
2187532 444
2192931 1471
2225332 444
2230731 1471
2259532 444
2266731 548
2300032 444
2302382 382
2302682 2635
2302753 2885
2306364 4168
2313531 5195
2335132 4168
2342331 5195
2371132 4168
2378331 5195
2389153 4944
2408932 3917
2414331 4944
2444932 3917
2450331 4944
2454002 2754
2480932 1727
2486331 2754
2497153 3004
2516932 1977
2522331 3004
2558332 1977
2561882 1915
2561953 1664
2562182 3917
2567882 1727
2572731 2754
2587164 1471
2589832 444
2594331 1471
71 events for G
255319 67429102
255324 0
600919 42866846
600924 0
622519 36098616
622524 0
752119 15230225
752124 0
773719 42774218
773724 0
795319 51729687
795324 0
815225 67442760
815230 0
875372 51185344
875377 0
940172 36088368
940177 0
983372 46317017
983377 0
1048172 62132584
1048177 0
1134572 55765577
1134577 0
1199372 60879901
1199377 0
1285772 79077832
1285777 0
1307372 48576383
1307377 0
1372172 294648376
1372177 0
1393772 296678458
1393777 0
1415372 98892820
1415377 0
1545032 164236787
1545037 0
1631432 62903535
1631437 0
1653032 107834631
1653037 0
1912232 75634496
1912237 0
1933832 54224800
1933837 0
1955432 63262266
1955437 0
1977032 64391949
1977037 0
2036674 30501450
2036679 0
2128232 48936228
2128237 0
2322632 299009561
2322637 0
2322742 4498234
2322744 3748528
2322747 0
2322767 4815876
2322781 0
2344232 74179864
2344237 0
2365832 283378476
2365837 0
2431832 384982799
2431837 0
2517032 110156519
2517037 0
2560232 113081558
2560237 0
2 events for H
833166 0
833167 18
320 events for I
6218 12910592
6219 0
15698 12910592
15699 0
22898 12910592
22899 0
35498 12910592
35499 0
40898 12910592
40899 0
49298 12910592
49299 0
57098 12910592
57099 0
60698 12910592
60699 0
71498 12910592
71499 0
76898 12910592
76899 0
87698 12910592
87699 0
94898 12910592
94899 0
104080 12910592
104081 0
112838 12910592
112839 0
124810 12910592
124811 0
131198 12910592
131199 0
143498 12910592
143499 0
148898 12910592
148899 0
159242 12910592
159243 0
164885 12910592
164886 0
170530 12910592
170531 0
174098 12910592
174099 0
181276 12910592
181277 0
188719 12910592
188720 0
198698 12910592
198699 0
204098 12910592
204099 0
240998 12910592
240999 0
283898 12910592
283899 0
291443 12910592
291444 0
298941 12910592
298942 0
309098 12910592
309099 0
313899 12910592
313900 0
320969 12910592
320970 0
328576 12910592
328577 0
336100 12910592
336101 0
345098 12910592
345099 0
353498 12910592
353499 0
359500 12910592
359501 0
368498 12910592
368499 0
379898 12910592
379899 0
387698 12910592
387699 0
397598 12910592
397599 0
406778 12910592
406779 0
420038 12910592
420039 0
427898 12910592
427899 0
433300 12910592
433301 0
440498 12910592
440499 0
456460 12910592
456461 0
462398 12910592
462399 0
469778 12910592
469779 0
475478 12910592
475479 0
482318 12910592
482319 0
500738 12910592
500739 0
505787 12910592
505788 0
510698 12910592
510699 0
516220 12910592
516221 0
528698 12910592
528699 0
537100 12910592
537101 0
548498 12910592
548499 0
555698 12910592
555699 0
566498 12910592
566499 0
572798 12910592
572799 0
578545 12910592
578546 0
585990 12910592
585991 0
592898 12910592
592899 0
602499 12910592
602500 0
609698 12910592
609699 0
624099 12910592
624100 0
638498 12910592
638499 0
645698 12910592
645699 0
652898 12910592
652899 0
659498 12910592
659499 0
665498 12910592
665499 0
673093 12910592
673094 0
678737 12910592
678738 0
690699 12910592
690700 0
699698 12910592
699699 0
710499 12910592
710500 0
717698 12910592
717699 0
730298 12910592
730299 0
735698 12910592
735699 0
744098 12910592
744099 0
748000 12910592
748001 0
751598 12910592
751599 0
766658 12910592
766659 0
770380 12910592
770381 0
782858 12910592
782859 0
786458 12910592
786459 0
802298 12910592
802299 0
809498 12910592
809499 0
818498 12910592
818499 0
825698 12910592
825699 0
854500 26897
854980 0
865300 26897
865780 0
962499 26897
962979 0
973300 26897
973780 0
994900 26897
995380 0
1011934 26897
1012414 0
1021299 26897
1021779 0
1032378 26897
1032858 0
1050099 26897
1050579 0
1106499 26897
1106979 0
1118500 26897
1118980 0
1141348 26897
1141828 0
1183300 26897
1183780 0
1204900 26897
1205380 0
1285600 26897
1286080 0
1305700 26897
1306180 0
1495300 26897
1495780 0
1516900 26897
1517380 0
1629100 26897
1629580 0
1650100 26897
1650580 0
1755700 26897
1756180 0
1773700 26897
1774180 0
1868800 26897
1869280 0
1896760 26897
1897240 0
1918126 26897
1918606 0
1983641 26897
1984121 0
2098022 26897
2098502 0
2100699 26897
2101179 0
2106099 26897
2106579 0
2109699 26897
2110179 0
2120030 26897
2120510 0
2124163 26897
2124643 0
2127763 26897
2128243 0
2130999 26897
2131479 0
2176301 26897
2176781 0
2181099 26897
2181579 0
2186259 26897
2186739 0
2194299 26897
2194779 0
2198981 26897
2199461 0
2203637 26897
2204117 0
2209269 26897
2209749 0
2214698 26897
2215178 0
2217699 26897
2218179 0
2267287 26897
2267767 0
2272899 26897
2273379 0
2278792 26897
2279272 0
2283699 26897
2284179 0
2289647 26897
2290127 0
2297199 26897
2297679 0
2327499 26897
2327979 0
2334700 26897
2335180 0
2343099 26897
2343579 0
2347899 26897
2348379 0
2356900 26897
2357380 0
2367819 26897
2368299 0
2382699 26897
2383179 0
2387498 26897
2387978 0
2392552 26897
2393032 0
2422421 26897
2422901 0
2425299 26897
2425779 0
2431312 26897
2431792 0
2436712 26897
2437192 0
2442114 26897
2442594 0
2452908 26897
2453388 0
2461694 26897
2462174 0
2469446 26897
2469926 0
2475701 26897
2476181 0
2479806 26897
2480286 0
36 events for J
25812 1000
26812 0
75320 1000
76320 0
123651 1000
124651 0
170338 1000
171338 0
216501 1000
217501 0
261499 1000
262499 0
306204 1000
307204 0
351121 1000
352121 0
396305 1000
397305 0
442059 1000
443059 0
487394 1000
488394 0
531506 1000
532506 0
575365 1000
576365 0
618943 1000
619943 0
662179 1000
663179 0
705102 1000
706102 0
747930 1000
748930 0
791227 1000
792227 0
404 events for K
275087 19661
275177 25951
276938 6290
277727 25951
279578 6290
280118 0
283427 19661
283517 25951
285278 6290
286067 25951
287918 6290
288887 25951
290738 6290
291467 25951
293318 6290
294287 25951
296138 6290
296867 25951
298718 6290
299258 0
304007 19661
304097 25951
305858 6290
305987 25951
307838 6290
308207 25951
310058 6290
310187 25951
312038 6290
312407 25951
314258 6290
314387 25951
316233 6290
316238 0
320318 117965
320408 124709
321869 6744
336569 0
340933 117965
341023 124709
342484 6744
355264 0
357347 117965
357437 124709
358898 6744
371678 0
507347 19661
507437 25951
509198 6290
509327 25951
511178 6290
511547 25951
513398 6290
513527 25951
515378 6290
515747 25951
517598 6290
517727 25951
519573 6290
519578 0
525527 19661
525617 25951
526478 6290
526607 25951
527558 6290
527927 25951
528878 6290
529127 25951
530078 6290
530327 25951
531278 6290
531407 25951
532358 6290
532363 0
534047 117965
534137 124709
535658 6744
537663 0
537707 117965
539318 6744
539378 0
541515 117965
541605 124709
543126 6744
546931 0
546975 117965
548586 6744
554046 0
561805 117965
561895 124709
563416 6744
565421 0
565465 117965
567076 6744
572236 0
577984 6290
588745 0
598274 6290
609035 0
616606 6290
620167 0
858047 58982
860798 7514
864312 0
871461 58982
871551 66496
872892 7514
873201 66496
874632 7514
874881 66496
876312 7514
876561 66496
877992 7514
878241 66496
879672 7514
879682 0
924583 58982
924673 66496
926014 7514
926443 66496
927874 7514
928243 66496
929674 7514
930043 66496
931474 7514
931843 66496
933274 7514
933643 66496
935074 7514
935443 66496
936874 7514
937243 66496
938674 7514
939043 66496
940474 7514
940904 0
945090 58982
945180 66496
946521 7514
946950 66496
948381 7514
948750 66496
950181 7514
950550 66496
951981 7514
952350 66496
953781 7514
954150 66496
955581 7514
955950 66496
957381 7514
957750 66496
959181 7514
959311 0
961397 58982
961487 66496
962948 7514
963017 66496
964568 7514
964637 66496
966068 7514
966073 0
1009337 7514
1014518 0
1020308 7514
1032929 0
1035116 7514
1051337 0
1130087 58982
1130177 66496
1131518 7514
1131947 66496
1133378 7514
1133738 0
1134047 58982
1134137 66496
1135478 7514
1135727 66496
1137158 7514
1137467 66496
1138898 7514
1138903 0
1225247 58982
1225337 66496
1226678 7514
1226747 66496
1228178 7514
1228247 66496
1229678 7514
1229747 66496
1231178 7514
1231247 66496
1232678 7514
1232747 66496
1234178 7514
1234538 0
1238732 58982
1238822 66496
1240163 7514
1240592 66496
1242023 7514
1242392 66496
1243823 7514
1244192 58982
1245623 7514
1245992 66496
1247423 7514
1247792 58982
1249223 7514
1249592 66496
1251023 7514
1251212 66496
1252643 7514
1252648 0
1254745 58982
1254835 66496
1256176 7514
1256425 66496
1257856 7514
1258105 66496
1259536 7514
1259785 66496
1261216 7514
1261465 66496
1262896 7514
1263145 66496
1264576 7514
1264825 66496
1266256 7514
1266505 66496
1267936 7514
1268481 0
1458197 7514
1469163 0
1476407 58982
1476497 66496
1477218 7514
1477307 66496
1478118 7514
1478447 66496
1479258 7514
1479347 66496
1480158 7514
1480487 66496
1481298 7514
1481387 66496
1482198 7514
1482707 66496
1483518 7514
1483607 66496
1484418 7514
1484747 66496
1485558 7514
1485647 66496
1486458 7514
1486787 66496
1487598 7514
1487687 66496
1488498 7514
1488503 0
1492607 58982
1492697 65726
1497818 6744
1503467 65726
1508678 6744
1508798 0
1513076 58982
1513166 65726
1518287 6744
1520336 65726
1525547 6744
1525718 0
1527698 169032
1529018 45609
1529683 0
1714658 58982
1714748 66496
1716089 7514
1718318 66496
1719749 7514
1721918 66496
1723349 7514
1725518 66496
1726949 7514
1727318 66496
1728749 7514
1729109 0
1734868 58982
1734958 66496
1736299 7514
1736728 66496
1738159 7514
1738528 66496
1739959 7514
1740328 66496
1741759 7514
1742119 0
1743647 58982
1743737 65726
1746278 6744
1746347 65726
1748798 6744
1748803 0
1750879 58982
1750969 62354
1753510 3372
1754539 62354
1757170 3372
1758139 62354
1760770 3372
1761739 62354
1764370 3372
1766890 0
1771089 58982
1771179 62354
1773720 3372
1774749 62354
1777380 3372
1778349 62354
1780980 3372
1781949 62354
1784580 3372
1785000 0
1851931 58982
1852021 66496
1853362 7514
1853747 0
1853791 58982
1855222 7514
1855591 66496
1857022 7514
1857382 0
1859542 58982
1859632 66496
1860973 7514
1863202 66496
1864633 7514
1865002 66496
1866433 7514
1866802 66496
1868233 7514
1868602 66496
1870033 7514
1872202 66496
1873633 7514
1873993 0
1879752 58982
1879842 66496
1881183 7514
1883412 66496
1884843 7514
1885212 66496
1886643 7514
1887012 66496
1888443 7514
1890612 66496
1892043 7514
1892403 0
2062726 58982
2062816 65726
2064157 6744
2066386 65726
2067817 6744
2068186 65726
2069617 6744
2071786 65726
2073217 6744
2075386 65726
2076817 6744
2076912 0
2081061 58982
2081151 65726
2082432 6744
2082621 65726
2083992 6744
2084181 65726
2085552 6744
2085741 65726
2087112 6744
2087301 65726
2088672 6744
2088998 0
2117876 58982
2117965 248143
2118167 58982
2118326 65726
2119247 6744
2122616 65726
2123987 6744
2127296 65726
2128667 6744
2131727 0
2326847 235930
2326937 7514
2333978 6744
2335519 0
2339668 235930
2339758 242674
2346799 6744
2348340 0
2391990 7514
2392247 243444
2395898 7514
2407961 0
2 events for L
830798 0
830799 18
37 events for M
25898 487
30278 2414
59302 487
100876 2414
116904 487
121165 2414
145702 1285
246516 2414
248356 1285
253409 2414
263131 1285
267331 2414
275131 1285
383302 2414
411245 1285
415445 2414
426502 1285
452473 2414
483802 1285
497002 2414
507391 1285
614528 2414
616368 1285
620902 2414
630676 1285
635039 2414
664102 2057
831202 0
831203 2414
1436002 1772
1456009 2414
1457849 1772
1550345 2414
1613403 1772
1787555 2414
1852086 1772
2040802 2414
15 events for N
229135 0
240536 1950
488335 0
499736 1950
833935 0
833937 1944
1450136 1300
1697935 0
1709336 1300
2043535 0
2054936 1300
2302735 0
2314136 1300
2561935 0
2573336 1300
59 events for O
227938 0
228538 330
832738 0
847618 20
847798 0
849958 20
850138 0
850198 126
876118 0
876778 20
876958 0
879118 20
879298 0
879358 218
894418 0
895078 20
895258 0
897418 20
897598 0
897658 32
1035178 28
1035478 0
1036138 20
1036318 0
1038478 20
1038658 0
1038718 201
1065658 28
1065958 0
1066018 20
1066198 203
1092238 0
1104598 20
1104778 0
1106938 20
1107118 0
1107178 36
1126258 0
1126918 20
1127098 0
1129258 20
1129438 0
1129498 36
1148578 0
1149238 20
1149418 0
1151578 20
1151758 0
1151818 36
1181038 0
1376998 20
1377178 0
1379338 20
1379518 0
1379578 12
1437838 0
1438138 330
2042338 0
2042938 330
71 events for P
253947 67429102
253952 0
599547 42866846
599552 0
621147 36098616
621152 0
750747 15230225
750752 0
772347 42774218
772352 0
793947 51729687
793952 0
813853 67442760
813858 0
874000 51185344
874005 0
938800 36088368
938805 0
982000 46317017
982005 0
1046800 62132584
1046805 0
1133200 55765577
1133205 0
1198000 60879901
1198005 0
1284400 79077832
1284405 0
1306000 48576383
1306005 0
1370800 294648376
1370805 0
1392400 296678458
1392405 0
1414000 98892820
1414005 0
1543660 164236787
1543665 0
1630060 62903535
1630065 0
1651660 107834631
1651665 0
1910860 75634496
1910865 0
1932460 54224800
1932465 0
1954060 63262266
1954065 0
1975660 64391949
1975665 0
2035302 30501450
2035307 0
2126860 48936228
2126865 0
2321260 299009561
2321265 0
2321370 4498234
2321372 3748528
2321375 0
2321395 4815876
2321409 0
2342860 74179864
2342865 0
2364460 283378476
2364465 0
2430460 384982799
2430465 0
2515660 110156519
2515665 0
2558860 113081558
2558865 0
