16 instruments
A 10 100 763800535.41096985 7041040280.2382517
B 10 100 22528 960000000
C 10 100 0.000155227 800000000
D 10 100 0.00018444817663405244 950598422.35720563
E 10 100 1289849390.9659207 3398902187.0561032
F 10 100 728287279.5071317 6713663885.8674479
G 10 100 0 276873309.16802311
H 10 100 128045.25187067324 495183416.02819836
I 10 100 815344000 7516190000
J 10 100 1538660356.7547786 4054547831.9712734
K 10 100 6499613.0472409306 3333330256.035996
L 10 100 5910082.7758317869 3030989320.3134623
M 10 100 23264.147255000564 168504461.78361657
N 10 100 4367744.2331614867 2240000119.5770016
O 10 100 40530.039409419333 54204511.969197564
P 10 100 199466000 880000000
60 downlinks
0 4798 53082 56661.696495999997
1 53083 65378 56748.807657999998
2 69583 81788 58852.465277000003
3 101982 128282 17334.486729
4 134983 177358 60764.045818999999
5 177359 224775 24005.080918
6 232481 236678 18969.341575999999
7 242081 263441 18036.499982000001
8 286480 298552 52719.905522000001
9 307554 338163 54389.954824
10 362078 373852 17991.02982
11 393839 435558 61717.871531999997
12 436206 481755 24930.695499000001
13 500677 524316 22398.438724
14 539312 567759 17244.778962
15 570575 582913 18220.925300999999
16 599675 611235 58678.576760000004
17 614434 654273 58555.537063999996
18 654274 669159 18992.23504
19 686974 723495 13796.402593000001
20 738990 777271 59962.626314000001
21 777272 783181 23204.996364999999
22 800612 823747 60314.874481999999
23 826171 842579 18020.649063000001
24 884912 912352 17416.188300000002
25 938369 958655 17116.766715000002
26 959367 965865 60234.572946
27 969867 989960 16963.427941999998
28 997858 1040196 60809.052052999999
29 1040197 1065276 23716.228502000002
30 1065865 1073367 18029.108412000001
31 1077025 1080105 60100.563959999999
32 1144112 1170537 17729.224104000001
33 1203863 1215945 17589.138943000002
34 1218621 1250960 58302.529763999999
35 1250961 1268405 18080.346756999999
36 1276761 1304397 55874.873438000002
37 1310359 1333585 60291.091052000003
38 1343024 1385346 60832.041154999999
39 1385347 1423456 24945.773354000001
40 1423457 1447270 18650.039686
41 1489712 1515327 17801.393711000001
42 1515760 1518903 18241.361444999999
43 1535354 1558187 24067.369501000001
44 1559352 1583335 56712.888793999999
45 1609452 1618307 58370.132263
46 1621823 1642663 58005.525035999999
47 1644214 1682049 24930.123806
48 1682050 1703223 16739.689300999999
49 1748912 1773479 18181.419744999999
50 1795447 1821063 18610.315675999998
51 1822505 1860893 59847.283359000001
52 1862345 1878420 18063.419893999999
53 1883045 1907850 18186.627066000001
54 1908902 1924749 56843.492619999997
55 1947082 1980541 9175.5815739999998
56 1980542 1992031 9288.5908459999991
57 1995299 2033298 29976.478185
58 2035439 2052476 8340.6453669999992
59 2061839 2072142 28164.287346000001
0 opportunities for A
0 opportunities for B
0 opportunities for C
0 opportunities for D
0 opportunities for E
0 opportunities for F
0 opportunities for G
0 opportunities for H
0 opportunities for I
0 opportunities for J
0 opportunities for K
0 opportunities for L
0 opportunities for M
0 opportunities for N
0 opportunities for O
0 opportunities for P
508 events for A
97029 718864
97030 0
97639 718864
97640 0
98270 3748528
98273 0
98529 718864
98530 0
99139 718864
99140 0
99770 3748528
99773 0
100029 718864
100030 0
100639 718864
100640 0
101270 3748528
101273 0
108789 718864
108790 0
109399 718864
109400 0
110030 3748528
110033 0
110289 718864
110290 0
110899 718864
110900 0
111530 3748528
111533 0
111789 718864
111790 0
112399 718864
112400 0
113030 3748528
113033 0
143450 4313184
143451 2310336
143452 0
143581 4313184
143583 0
143726 192528
143727 0
144031 2156592
144032 0
144350 3594320
144351 962640
144352 0
144398 3594320
144399 962640
144400 0
144669 718864
144670 0
144679 718864
144680 0
144689 718864
144690 0
144699 718864
144700 0
144709 718864
144710 0
144719 718864
144720 0
144729 718864
144730 0
144739 718864
144740 0
144749 718864
144750 0
144759 718864
144760 0
144769 718864
144770 0
144779 718864
144780 0
144789 718864
144790 0
144799 718864
144800 0
144809 718864
144810 0
144819 718864
144820 0
144829 718864
144830 0
144849 192528
144850 0
144859 192528
144860 0
144869 192528
144870 0
144879 192528
144880 0
144889 192528
144890 0
144899 192528
144900 0
144909 192528
144910 0
144919 192528
144920 0
144929 192528
144930 0
144939 192528
144940 0
144949 192528
144950 0
144959 192528
144960 0
144969 192528
144970 0
250550 4494818
250551 3748528
250554 0
250560 4494818
250565 0
250610 4494818
250615 0
250670 4494818
250671 3748528
250674 0
250680 4494818
250685 0
250730 4494818
250735 0
250790 4494818
250795 0
250800 4494818
250805 0
250850 4494818
250851 3748528
250854 0
254750 4494818
254751 3748528
254754 0
254760 4494818
254765 0
254810 4494818
254815 0
254870 4494818
254871 3748528
254874 0
254880 4494818
254885 0
254930 4494818
254935 0
254990 4494818
254995 0
255000 4494818
255005 0
255050 4494818
255051 3748528
255054 0
291974 82880
291975 0
291984 82880
291985 0
291994 82880
291995 0
292025 82880
292026 0
292035 82880
292036 0
292045 82880
292046 0
341426 3748528
341429 0
345026 3748528
345029 0
348626 3748528
348629 0
352226 3748528
352229 0
355646 3748528
355649 0
357840 3748528
357843 0
361440 3748528
361443 0
365040 3748528
365043 0
368640 3748528
368643 0
372240 3748528
372243 0
378455 3748528
378458 0
382055 3748528
382058 0
385655 3748528
385658 0
389255 3748528
389258 0
392675 3748528
392678 0
394869 3748528
394872 0
398469 3748528
398472 0
400043 3748528
400046 0
400053 3748528
400056 0
400643 3748528
400646 0
400653 3748528
400656 0
402957 3748528
402960 0
402967 3748528
402970 0
403557 3748528
403560 0
403567 3748528
403570 0
409857 3748528
409860 0
409867 3748528
409870 0
410457 3748528
410460 0
410467 3748528
410470 0
428457 3748528
428460 0
428467 3748528
428470 0
429057 3748528
429060 0
429067 3748528
429070 0
491940 2824208
491941 0
492060 2824208
492061 0
492180 2824208
492181 0
492660 2824208
492661 0
492780 2824208
492781 0
492900 2824208
492901 0
493380 2824208
493381 0
493500 2824208
493501 0
493620 2824208
493621 0
494100 2824208
494101 0
494220 2824208
494221 0
494340 2824208
494341 0
494820 2824208
494821 0
494940 2824208
494941 0
495060 2824208
495061 0
495540 2824208
495541 0
495660 2824208
495661 0
495780 2824208
495781 0
496260 2824208
496261 0
496380 2824208
496381 0
496500 2824208
496501 0
496980 2824208
496981 0
497100 2824208
497101 0
497220 2824208
497221 0
497700 2824208
497701 0
497820 2824208
497821 0
497940 2824208
497941 0
498360 2824208
498361 0
498480 2824208
498481 0
498600 2824208
498601 0
499140 2824208
499141 0
499260 2824208
499261 0
499380 2824208
499381 0
502055 2824208
502056 0
502146 3748528
502149 0
502355 2824208
502356 0
502425 2824208
502426 0
502636 3765611
502639 0
505955 2824208
505956 0
506046 3748528
506049 0
506255 2824208
506256 0
506325 2824208
506326 0
506536 3765611
506539 0
508055 2824208
508056 0
508146 3748528
508149 0
508355 2824208
508356 0
508425 2824208
508426 0
508636 3765611
508639 0
509555 2824208
509556 0
509646 3748528
509649 0
509855 2824208
509856 0
509925 2824208
509926 0
510136 3765611
510139 0
519669 2824208
519670 0
519760 3748528
519763 0
519969 2824208
519970 0
520039 2824208
520040 0
520250 3765611
520253 0
579017 3748528
579020 0
579032 5000000
579050 0
580817 3748528
580820 0
580832 5000000
580850 0
582617 3748528
582620 0
582632 5000000
582650 0
584417 3748528
584420 0
584432 5000000
584450 0
586217 3748528
586220 0
586232 5000000
586250 0
588017 3748528
588020 0
588032 5000000
588050 0
589817 3748528
589820 0
589832 5000000
589850 0
591617 3748528
591620 0
591632 5000000
591650 0
593417 3748528
593420 0
593432 5000000
593450 0
599307 3748528
599310 0
599322 5000000
599340 0
601107 3748528
601110 0
601122 5000000
601140 0
602907 3748528
602910 0
602922 5000000
602940 0
604707 3748528
604710 0
604722 5000000
604740 0
606507 3748528
606510 0
606522 5000000
606540 0
608307 3748528
608310 0
608322 5000000
608340 0
610107 3748528
610110 0
610122 5000000
610140 0
611907 3748528
611910 0
611922 5000000
611940 0
657969 3748528
657972 0
657989 3748528
657992 0
658009 3748528
658012 0
664269 3748528
664272 0
664289 3748528
664292 0
664309 3748528
664312 0
672085 3748528
672088 0
672105 3748528
672108 0
672125 3748528
672128 0
678385 3748528
678388 0
678405 3748528
678408 0
678425 3748528
678428 0
684685 3748528
684688 0
684705 3748528
684708 0
684725 3748528
684728 0
690085 3748528
690088 0
690105 3748528
690108 0
690125 3748528
690128 0
694885 3748528
694888 0
694905 3748528
694908 0
694925 3748528
694928 0
699685 3748528
699688 0
699705 3748528
699708 0
699725 3748528
699728 0
703664 3748528
703667 0
703684 3748528
703687 0
703704 3748528
703707 0
1062710 226158674
1062715 0
1084310 20242052
1084315 0
1105910 20242052
1105915 0
1170710 178452312
1170712 8996469
1170717 0
1300310 18598775
1300315 0
1321910 22542416
1321915 0
1343510 57946826
1343515 0
1365110 112491168
1365115 0
1386710 89992935
1386715 0
1447373 90225847
1447374 99456
1447375 17992937
1447380 0
1516311 36047367
1516316 0
1537911 39436416
1537916 0
1645911 79610631
1645916 0
1667511 77494701
1667516 0
1775511 73767533
1775516 0
1797111 221441780
1797116 0
2056311 47723996
2056316 0
2073261 12683312
2073266 0
60 events for B
13087 4214960
13091 0
13517 4214960
13521 0
14257 4214960
14261 0
14687 4214960
14691 0
279522 4214960
279526 0
279952 4214960
279956 0
280692 4214960
280696 0
281122 4214960
281126 0
648648 4214960
648652 0
649078 4214960
649082 0
649818 4214960
649822 0
650248 4214960
650252 0
884322 4214960
884326 0
884752 4214960
884756 0
885492 4214960
885496 0
885922 4214960
885926 0
1253448 4214960
1253452 0
1253878 4214960
1253882 0
1254618 4214960
1254622 0
1255048 4214960
1255052 0
1489122 4214960
1489126 0
1489552 4214960
1489556 0
1490292 4214960
1490296 0
1490722 4214960
1490726 0
1858248 4214960
1858252 0
1858678 4214960
1858682 0
1859418 4214960
1859422 0
1859848 4214960
1859852 0
2093922 4214960
2093926 0
2094352 4214960
2094356 0
254 events for C
3512 12910592
3513 0
15752 1089536
15753 0
24817 12910592
24818 0
35012 12910592
35013 0
44617 12910592
44618 0
53612 12910592
53613 0
62612 1089536
62613 0
71912 12910592
71913 0
80312 1089536
80313 0
87812 12910592
87813 0
91717 12910592
91718 0
230737 12910592
230738 0
233612 1089536
233613 0
237212 12910592
237213 0
240992 12910592
240993 0
248012 1089536
248013 0
251317 12910592
251318 0
254612 12910592
254613 0
282212 12910592
282213 0
289292 1089536
289293 0
296432 12910592
296433 0
303337 12910592
303338 0
308612 1089536
308613 0
314912 12910592
314913 0
318212 12910592
318213 0
323617 12910592
323618 0
329012 1089536
329013 0
333452 12910592
333453 0
377372 12910592
377373 0
381212 1089536
381213 0
384817 12910592
384818 0
389012 1089536
389013 0
392312 12910592
392313 0
395012 12910592
395013 0
401012 1089536
401013 0
403837 12910592
403838 0
466657 12910592
466658 0
471212 12910592
471213 0
476312 1089536
476313 0
480812 12910592
480813 0
489037 12910592
489038 0
503372 12910592
503373 0
507212 1089536
507213 0
510812 12910592
510813 0
514412 1089536
514413 0
517112 12910592
517113 0
576452 12910592
576453 0
580417 12910592
580418 0
584012 1089536
584013 0
587612 12910592
587613 0
591332 1089536
591333 0
598232 12910592
598233 0
601837 12910592
601838 0
605432 1089536
605433 0
609512 12910592
609513 0
707372 12910592
707373 0
710977 12910592
710978 0
714572 1089536
714573 0
718652 12910592
718653 0
721952 1089536
721953 0
725552 12910592
725553 0
729152 1089536
729153 0
732757 12910592
732758 0
736832 12910592
736833 0
887917 12910592
887918 0
892562 12910592
892563 0
900212 12910592
900213 0
908146 12910592
908147 0
919605 12910592
919606 0
938269 12910592
938270 0
945169 12910592
945170 0
947650 12910592
947651 0
951812 12910592
951813 0
955413 12910592
955414 0
960088 12910592
960089 0
967690 12910592
967691 0
975298 12910592
975299 0
982430 12910592
982431 0
989612 12910592
989613 0
999812 12910592
999813 0
1144112 12910592
1144113 0
1151951 12910592
1151952 0
1166691 12910592
1166692 0
1172317 12910592
1172318 0
1181580 12910592
1181581 0
1188875 12910592
1188876 0
1194517 12910592
1194518 0
1205612 12910592
1205613 0
1213413 12910592
1213414 0
1217659 12910592
1217660 0
1221384 12910592
1221385 0
1224984 12910592
1224985 0
1232309 12910592
1232310 0
1239874 12910592
1239875 0
1248818 12910592
1248819 0
1256318 12910592
1256319 0
1262497 12910592
1262498 0
1268508 12910592
1268509 0
1492442 12910592
1492443 0
1504412 12910592
1504413 0
1512941 12910592
1512942 0
1517891 12910592
1517892 0
1520017 12910592
1520018 0
1528155 12910592
1528156 0
1536212 12910592
1536213 0
1541497 12910592
1541498 0
1551212 12910592
1551213 0
1557811 12910592
1557812 0
1559013 12910592
1559014 0
1565188 12910592
1565189 0
1571912 12910592
1571913 0
1580098 12910592
1580099 0
1587003 12910592
1587004 0
1592655 12910592
1592656 0
1598312 12910592
1598313 0
1609519 12910592
1609520 0
1616826 12910592
1616827 0
1748917 12910592
1748918 0
1760351 12910592
1760352 0
1771496 12910592
1771497 0
1782780 12910592
1782781 0
1786080 12910592
1786081 0
1793525 12910592
1793526 0
1800970 12910592
1800971 0
1808012 12910592
1808013 0
1814012 12910592
1814013 0
1819117 12910592
1819118 0
254 events for D
4207 12910592
4208 0
16447 1089536
16448 0
25512 12910592
25513 0
35707 12910592
35708 0
45312 12910592
45313 0
54307 12910592
54308 0
63307 1089536
63308 0
72607 12910592
72608 0
81007 1089536
81008 0
88507 12910592
88508 0
92412 12910592
92413 0
231432 12910592
231433 0
234307 1089536
234308 0
237907 12910592
237908 0
241687 12910592
241688 0
248707 1089536
248708 0
252012 12910592
252013 0
255307 12910592
255308 0
282907 12910592
282908 0
289987 1089536
289988 0
297127 12910592
297128 0
304032 12910592
304033 0
309307 1089536
309308 0
315607 12910592
315608 0
318907 12910592
318908 0
324312 12910592
324313 0
329707 1089536
329708 0
334147 12910592
334148 0
378067 12910592
378068 0
381907 1089536
381908 0
385512 12910592
385513 0
389707 1089536
389708 0
393007 12910592
393008 0
395707 12910592
395708 0
401707 1089536
401708 0
404532 12910592
404533 0
467352 12910592
467353 0
471907 12910592
471908 0
477007 1089536
477008 0
481507 12910592
481508 0
489732 12910592
489733 0
504067 12910592
504068 0
507907 1089536
507908 0
511507 12910592
511508 0
515107 1089536
515108 0
517807 12910592
517808 0
577147 12910592
577148 0
581112 12910592
581113 0
584707 1089536
584708 0
588307 12910592
588308 0
592027 1089536
592028 0
598927 12910592
598928 0
602532 12910592
602533 0
606127 1089536
606128 0
610207 12910592
610208 0
708067 12910592
708068 0
711672 12910592
711673 0
715267 1089536
715268 0
719347 12910592
719348 0
722647 1089536
722648 0
726247 12910592
726248 0
729847 1089536
729848 0
733452 12910592
733453 0
737527 12910592
737528 0
888612 12910592
888613 0
893257 12910592
893258 0
900907 12910592
900908 0
908841 12910592
908842 0
920300 12910592
920301 0
938964 12910592
938965 0
945864 12910592
945865 0
948345 12910592
948346 0
952507 12910592
952508 0
956108 12910592
956109 0
960783 12910592
960784 0
968385 12910592
968386 0
975993 12910592
975994 0
983125 12910592
983126 0
990307 12910592
990308 0
1000507 12910592
1000508 0
1144807 12910592
1144808 0
1152646 12910592
1152647 0
1167386 12910592
1167387 0
1173012 12910592
1173013 0
1182275 12910592
1182276 0
1189570 12910592
1189571 0
1195212 12910592
1195213 0
1206307 12910592
1206308 0
1214108 12910592
1214109 0
1218354 12910592
1218355 0
1222079 12910592
1222080 0
1225679 12910592
1225680 0
1233004 12910592
1233005 0
1240569 12910592
1240570 0
1249513 12910592
1249514 0
1257013 12910592
1257014 0
1263192 12910592
1263193 0
1269203 12910592
1269204 0
1493137 12910592
1493138 0
1505107 12910592
1505108 0
1513636 12910592
1513637 0
1518586 12910592
1518587 0
1520712 12910592
1520713 0
1528850 12910592
1528851 0
1536907 12910592
1536908 0
1542192 12910592
1542193 0
1551907 12910592
1551908 0
1558506 12910592
1558507 0
1559708 12910592
1559709 0
1565883 12910592
1565884 0
1572607 12910592
1572608 0
1580793 12910592
1580794 0
1587698 12910592
1587699 0
1593350 12910592
1593351 0
1599007 12910592
1599008 0
1610214 12910592
1610215 0
1617521 12910592
1617522 0
1749612 12910592
1749613 0
1761046 12910592
1761047 0
1772191 12910592
1772192 0
1783475 12910592
1783476 0
1786775 12910592
1786776 0
1794220 12910592
1794221 0
1801665 12910592
1801666 0
1808707 12910592
1808708 0
1814707 12910592
1814708 0
1819812 12910592
1819813 0
352 events for E
858 6744
3248 0
10492 117965
10582 125479
11323 7514
12352 125479
13123 7514
14143 0
18557 117965
18647 119538
19388 1573
20417 119538
21188 1573
22217 119538
22988 1573
24017 119538
24788 1573
25817 119538
26588 1573
31808 0
36345 117965
36435 119538
37176 1573
38205 119538
38976 1573
40005 119538
40776 1573
41805 119538
42576 7514
43605 119538
44376 1573
49596 0
52033 117965
52123 125479
52864 7514
53284 0
291232 117965
291382 125479
292003 7514
292432 125479
293203 7514
293632 125479
294403 7514
295012 125479
295783 7514
300043 0
304621 117965
304711 125479
305452 7514
305881 125479
306652 7514
307081 125479
307852 7514
308281 125479
309052 7514
311872 0
312892 117965
312982 124709
313723 6744
314152 124709
314923 6744
315352 124709
316123 6744
316552 124709
317323 6744
318343 0
321035 117965
321125 124709
321866 6744
322295 124709
323066 6744
323495 124709
324266 6744
324695 124709
325466 6744
326495 124709
327266 6744
328295 124709
329066 6744
330095 124709
330866 6744
337286 0
341649 117965
341739 124709
342480 6744
342909 124709
343680 6744
344109 124709
344880 6744
345309 124709
346080 6744
347109 124709
347880 6744
355500 0
358063 117965
358153 124709
358894 7514
358899 6744
359323 124709
360094 6744
360523 124709
361294 6744
361723 124709
362494 6744
363523 124709
364294 6744
365323 124709
366094 6744
374314 0
378678 117965
378768 124709
379509 6744
379938 124709
380709 6744
381138 124709
381909 6744
382338 124709
383109 6744
383538 124709
384309 6744
385938 124709
386709 6744
392529 0
395092 117965
395182 124709
395923 6744
396352 124709
397123 6744
397552 124709
398323 6744
398743 0
548332 117965
548482 119538
548503 1573
549532 119538
550303 1573
550732 119538
551503 1573
552112 119538
552883 1573
553312 119538
554083 1573
554572 119538
555343 1573
555772 119538
556543 1573
557743 0
563171 117965
563261 119538
564002 1573
564431 119538
565202 1573
565631 119538
566402 1573
566831 119538
567602 1573
568031 119538
568802 1573
571622 0
894142 14189
894823 58982
894922 7514
895208 0
895252 73171
896623 7514
901972 66496
903343 7514
904243 0
909421 58982
909511 66496
910852 7514
913081 66496
914452 7514
914881 66496
916252 7514
916672 0
917392 58982
917482 66496
918823 7514
919208 0
919252 58982
920623 7514
923743 0
925835 58982
925925 66496
927266 7514
927651 0
927695 58982
929066 7514
932486 0
932769 58982
932859 66496
934200 7514
934585 0
934629 58982
936000 7514
942300 0
946449 58982
946539 66496
947880 7514
952200 0
952492 58982
952582 66496
953923 7514
958243 0
1154182 7514
1163803 0
1168061 7514
1171202 0
1171582 7514
1176643 0
1284682 7514
1291123 0
1293286 179338
1293388 0
1294977 7514
1309328 0
1313577 7514
1327518 0
1498192 19661
1498282 27175
1498963 7514
1499632 27175
1500403 7514
1500652 27175
1501423 7514
1502092 27175
1502863 7514
1503112 27175
1503883 7514
1504552 27175
1505323 7514
1505572 27175
1506343 7514
1507012 27175
1507783 7514
1508032 27175
1508803 7514
1509043 0
1514332 19661
1514422 27175
1514983 7514
1515112 27175
1515763 7514
1516312 27175
1516903 7514
1517092 27175
1517743 7514
1518292 27175
1518943 7514
1519072 27175
1519723 7514
1520272 27175
1520923 7514
1521052 27175
1521703 7514
1522252 27175
1522903 7514
1523032 27175
1523683 7514
1524232 27175
1524883 7514
1525012 27175
1525663 7514
1525783 0
1757482 7514
1759552 66496
1760923 7514
1764112 66496
1765483 7514
1768603 0
1772771 58982
1772861 66496
1774142 7514
1777391 66496
1778762 7514
1779002 0
1779292 58982
1779382 66496
1780663 7514
1783912 66496
1785283 7514
1786783 0
1788860 58982
1788950 66496
1790231 7514
1793480 66496
1794851 7514
1798811 0
1799092 58982
1799182 66496
1800463 7514
1803412 66496
1804783 7514
1804963 0
1809150 58982
1809240 66496
1810521 7514
1811910 66496
1813281 7514
1813821 0
1814092 58982
1814182 66496
1815463 7514
1820452 66496
1821823 7514
1823143 0
1825239 117965
1825329 124709
1826190 6744
1827099 124709
1827990 6744
1828899 124709
1829790 6744
1830699 124709
1831590 6744
1832499 124709
1833390 6744
1834299 124709
1835190 6744
1836099 124709
1836990 6744
1841370 0
1845529 117965
1845619 124709
1846480 6744
1847389 124709
1848280 6744
1849189 124709
1850080 6744
1850989 124709
1851880 6744
1852789 124709
1853680 6744
1854589 124709
1855480 6744
1856389 124709
1857280 6744
1858189 124709
1859080 6744
1859560 0
1863718 117965
1863808 124709
1864669 6744
1865578 124709
1866469 6744
1867369 0
1882243 169032
1883563 45609
1884888 0
2061193 7514
2068354 0
508 events for F
95553 718864
95554 0
96163 718864
96164 0
96794 3748528
96797 0
97053 718864
97054 0
97663 718864
97664 0
98294 3748528
98297 0
98553 718864
98554 0
99163 718864
99164 0
99794 3748528
99797 0
107313 718864
107314 0
107923 718864
107924 0
108554 3748528
108557 0
108813 718864
108814 0
109423 718864
109424 0
110054 3748528
110057 0
110313 718864
110314 0
110923 718864
110924 0
111554 3748528
111557 0
141974 4313184
141975 2310336
141976 0
142105 4313184
142107 0
142250 192528
142251 0
142555 2156592
142556 0
142874 3594320
142875 962640
142876 0
142922 3594320
142923 962640
142924 0
143193 718864
143194 0
143203 718864
143204 0
143213 718864
143214 0
143223 718864
143224 0
143233 718864
143234 0
143243 718864
143244 0
143253 718864
143254 0
143263 718864
143264 0
143273 718864
143274 0
143283 718864
143284 0
143293 718864
143294 0
143303 718864
143304 0
143313 718864
143314 0
143323 718864
143324 0
143333 718864
143334 0
143343 718864
143344 0
143353 718864
143354 0
143373 192528
143374 0
143383 192528
143384 0
143393 192528
143394 0
143403 192528
143404 0
143413 192528
143414 0
143423 192528
143424 0
143433 192528
143434 0
143443 192528
143444 0
143453 192528
143454 0
143463 192528
143464 0
143473 192528
143474 0
143483 192528
143484 0
143493 192528
143494 0
249074 4494818
249075 3748528
249078 0
249084 4494818
249089 0
249134 4494818
249139 0
249194 4494818
249195 3748528
249198 0
249204 4494818
249209 0
249254 4494818
249259 0
249314 4494818
249319 0
249324 4494818
249329 0
249374 4494818
249375 3748528
249378 0
253274 4494818
253275 3748528
253278 0
253284 4494818
253289 0
253334 4494818
253339 0
253394 4494818
253395 3748528
253398 0
253404 4494818
253409 0
253454 4494818
253459 0
253514 4494818
253519 0
253524 4494818
253529 0
253574 4494818
253575 3748528
253578 0
290498 82880
290499 0
290508 82880
290509 0
290518 82880
290519 0
290549 82880
290550 0
290559 82880
290560 0
290569 82880
290570 0
339950 3748528
339953 0
343550 3748528
343553 0
347150 3748528
347153 0
350750 3748528
350753 0
354170 3748528
354173 0
356364 3748528
356367 0
359964 3748528
359967 0
363564 3748528
363567 0
367164 3748528
367167 0
370764 3748528
370767 0
376979 3748528
376982 0
380579 3748528
380582 0
384179 3748528
384182 0
387779 3748528
387782 0
391199 3748528
391202 0
393393 3748528
393396 0
396993 3748528
396996 0
398567 3748528
398570 0
398577 3748528
398580 0
399167 3748528
399170 0
399177 3748528
399180 0
401481 3748528
401484 0
401491 3748528
401494 0
402081 3748528
402084 0
402091 3748528
402094 0
408381 3748528
408384 0
408391 3748528
408394 0
408981 3748528
408984 0
408991 3748528
408994 0
426981 3748528
426984 0
426991 3748528
426994 0
427581 3748528
427584 0
427591 3748528
427594 0
490464 2824208
490465 0
490584 2824208
490585 0
490704 2824208
490705 0
491184 2824208
491185 0
491304 2824208
491305 0
491424 2824208
491425 0
491904 2824208
491905 0
492024 2824208
492025 0
492144 2824208
492145 0
492624 2824208
492625 0
492744 2824208
492745 0
492864 2824208
492865 0
493344 2824208
493345 0
493464 2824208
493465 0
493584 2824208
493585 0
494064 2824208
494065 0
494184 2824208
494185 0
494304 2824208
494305 0
494784 2824208
494785 0
494904 2824208
494905 0
495024 2824208
495025 0
495504 2824208
495505 0
495624 2824208
495625 0
495744 2824208
495745 0
496224 2824208
496225 0
496344 2824208
496345 0
496464 2824208
496465 0
496884 2824208
496885 0
497004 2824208
497005 0
497124 2824208
497125 0
497664 2824208
497665 0
497784 2824208
497785 0
497904 2824208
497905 0
500579 2824208
500580 0
500670 3748528
500673 0
500879 2824208
500880 0
500949 2824208
500950 0
501160 3765611
501163 0
504479 2824208
504480 0
504570 3748528
504573 0
504779 2824208
504780 0
504849 2824208
504850 0
505060 3765611
505063 0
506579 2824208
506580 0
506670 3748528
506673 0
506879 2824208
506880 0
506949 2824208
506950 0
507160 3765611
507163 0
508079 2824208
508080 0
508170 3748528
508173 0
508379 2824208
508380 0
508449 2824208
508450 0
508660 3765611
508663 0
518193 2824208
518194 0
518284 3748528
518287 0
518493 2824208
518494 0
518563 2824208
518564 0
518774 3765611
518777 0
577541 3748528
577544 0
577556 5000000
577574 0
579341 3748528
579344 0
579356 5000000
579374 0
581141 3748528
581144 0
581156 5000000
581174 0
582941 3748528
582944 0
582956 5000000
582974 0
584741 3748528
584744 0
584756 5000000
584774 0
586541 3748528
586544 0
586556 5000000
586574 0
588341 3748528
588344 0
588356 5000000
588374 0
590141 3748528
590144 0
590156 5000000
590174 0
591941 3748528
591944 0
591956 5000000
591974 0
597831 3748528
597834 0
597846 5000000
597864 0
599631 3748528
599634 0
599646 5000000
599664 0
601431 3748528
601434 0
601446 5000000
601464 0
603231 3748528
603234 0
603246 5000000
603264 0
605031 3748528
605034 0
605046 5000000
605064 0
606831 3748528
606834 0
606846 5000000
606864 0
608631 3748528
608634 0
608646 5000000
608664 0
610431 3748528
610434 0
610446 5000000
610464 0
656493 3748528
656496 0
656513 3748528
656516 0
656533 3748528
656536 0
662793 3748528
662796 0
662813 3748528
662816 0
662833 3748528
662836 0
670609 3748528
670612 0
670629 3748528
670632 0
670649 3748528
670652 0
676909 3748528
676912 0
676929 3748528
676932 0
676949 3748528
676952 0
683209 3748528
683212 0
683229 3748528
683232 0
683249 3748528
683252 0
688609 3748528
688612 0
688629 3748528
688632 0
688649 3748528
688652 0
693409 3748528
693412 0
693429 3748528
693432 0
693449 3748528
693452 0
698209 3748528
698212 0
698229 3748528
698232 0
698249 3748528
698252 0
702188 3748528
702191 0
702208 3748528
702211 0
702228 3748528
702231 0
1061234 226158674
1061239 0
1082834 20242052
1082839 0
1104434 20242052
1104439 0
1169234 178452312
1169236 8996469
1169241 0
1298834 18598775
1298839 0
1320434 22542416
1320439 0
1342034 57946826
1342039 0
1363634 112491168
1363639 0
1385234 89992935
1385239 0
1445897 90225847
1445898 99456
1445899 17992937
1445904 0
1514835 36047367
1514840 0
1536435 39436416
1536440 0
1644435 79610631
1644440 0
1666035 77494701
1666040 0
1774035 73767533
1774040 0
1795635 221441780
1795640 0
2054835 47723996
2054840 0
2071785 12683312
2071790 0
3 events for G
773829 90
784749 3500
808809 0
2 events for H
867355 0
867356 74
508 events for I
93893 718864
93894 0
94503 718864
94504 0
95134 3748528
95137 0
95393 718864
95394 0
96003 718864
96004 0
96634 3748528
96637 0
96893 718864
96894 0
97503 718864
97504 0
98134 3748528
98137 0
105653 718864
105654 0
106263 718864
106264 0
106894 3748528
106897 0
107153 718864
107154 0
107763 718864
107764 0
108394 3748528
108397 0
108653 718864
108654 0
109263 718864
109264 0
109894 3748528
109897 0
140314 4313184
140315 2310336
140316 0
140445 4313184
140447 0
140590 192528
140591 0
140895 2156592
140896 0
141214 3594320
141215 962640
141216 0
141262 3594320
141263 962640
141264 0
141533 718864
141534 0
141543 718864
141544 0
141553 718864
141554 0
141563 718864
141564 0
141573 718864
141574 0
141583 718864
141584 0
141593 718864
141594 0
141603 718864
141604 0
141613 718864
141614 0
141623 718864
141624 0
141633 718864
141634 0
141643 718864
141644 0
141653 718864
141654 0
141663 718864
141664 0
141673 718864
141674 0
141683 718864
141684 0
141693 718864
141694 0
141713 192528
141714 0
141723 192528
141724 0
141733 192528
141734 0
141743 192528
141744 0
141753 192528
141754 0
141763 192528
141764 0
141773 192528
141774 0
141783 192528
141784 0
141793 192528
141794 0
141803 192528
141804 0
141813 192528
141814 0
141823 192528
141824 0
141833 192528
141834 0
247414 4494818
247415 3748528
247418 0
247424 4494818
247429 0
247474 4494818
247479 0
247534 4494818
247535 3748528
247538 0
247544 4494818
247549 0
247594 4494818
247599 0
247654 4494818
247659 0
247664 4494818
247669 0
247714 4494818
247715 3748528
247718 0
251614 4494818
251615 3748528
251618 0
251624 4494818
251629 0
251674 4494818
251679 0
251734 4494818
251735 3748528
251738 0
251744 4494818
251749 0
251794 4494818
251799 0
251854 4494818
251859 0
251864 4494818
251869 0
251914 4494818
251915 3748528
251918 0
288838 82880
288839 0
288848 82880
288849 0
288858 82880
288859 0
288889 82880
288890 0
288899 82880
288900 0
288909 82880
288910 0
338290 3748528
338293 0
341890 3748528
341893 0
345490 3748528
345493 0
349090 3748528
349093 0
352510 3748528
352513 0
354704 3748528
354707 0
358304 3748528
358307 0
361904 3748528
361907 0
365504 3748528
365507 0
369104 3748528
369107 0
375319 3748528
375322 0
378919 3748528
378922 0
382519 3748528
382522 0
386119 3748528
386122 0
389539 3748528
389542 0
391733 3748528
391736 0
395333 3748528
395336 0
396907 3748528
396910 0
396917 3748528
396920 0
397507 3748528
397510 0
397517 3748528
397520 0
399821 3748528
399824 0
399831 3748528
399834 0
400421 3748528
400424 0
400431 3748528
400434 0
406721 3748528
406724 0
406731 3748528
406734 0
407321 3748528
407324 0
407331 3748528
407334 0
425321 3748528
425324 0
425331 3748528
425334 0
425921 3748528
425924 0
425931 3748528
425934 0
488804 2824208
488805 0
488924 2824208
488925 0
489044 2824208
489045 0
489524 2824208
489525 0
489644 2824208
489645 0
489764 2824208
489765 0
490244 2824208
490245 0
490364 2824208
490365 0
490484 2824208
490485 0
490964 2824208
490965 0
491084 2824208
491085 0
491204 2824208
491205 0
491684 2824208
491685 0
491804 2824208
491805 0
491924 2824208
491925 0
492404 2824208
492405 0
492524 2824208
492525 0
492644 2824208
492645 0
493124 2824208
493125 0
493244 2824208
493245 0
493364 2824208
493365 0
493844 2824208
493845 0
493964 2824208
493965 0
494084 2824208
494085 0
494564 2824208
494565 0
494684 2824208
494685 0
494804 2824208
494805 0
495224 2824208
495225 0
495344 2824208
495345 0
495464 2824208
495465 0
496004 2824208
496005 0
496124 2824208
496125 0
496244 2824208
496245 0
498919 2824208
498920 0
499010 3748528
499013 0
499219 2824208
499220 0
499289 2824208
499290 0
499500 3765611
499503 0
502819 2824208
502820 0
502910 3748528
502913 0
503119 2824208
503120 0
503189 2824208
503190 0
503400 3765611
503403 0
504919 2824208
504920 0
505010 3748528
505013 0
505219 2824208
505220 0
505289 2824208
505290 0
505500 3765611
505503 0
506419 2824208
506420 0
506510 3748528
506513 0
506719 2824208
506720 0
506789 2824208
506790 0
507000 3765611
507003 0
516533 2824208
516534 0
516624 3748528
516627 0
516833 2824208
516834 0
516903 2824208
516904 0
517114 3765611
517117 0
575881 3748528
575884 0
575896 5000000
575914 0
577681 3748528
577684 0
577696 5000000
577714 0
579481 3748528
579484 0
579496 5000000
579514 0
581281 3748528
581284 0
581296 5000000
581314 0
583081 3748528
583084 0
583096 5000000
583114 0
584881 3748528
584884 0
584896 5000000
584914 0
586681 3748528
586684 0
586696 5000000
586714 0
588481 3748528
588484 0
588496 5000000
588514 0
590281 3748528
590284 0
590296 5000000
590314 0
596171 3748528
596174 0
596186 5000000
596204 0
597971 3748528
597974 0
597986 5000000
598004 0
599771 3748528
599774 0
599786 5000000
599804 0
601571 3748528
601574 0
601586 5000000
601604 0
603371 3748528
603374 0
603386 5000000
603404 0
605171 3748528
605174 0
605186 5000000
605204 0
606971 3748528
606974 0
606986 5000000
607004 0
608771 3748528
608774 0
608786 5000000
608804 0
654833 3748528
654836 0
654853 3748528
654856 0
654873 3748528
654876 0
661133 3748528
661136 0
661153 3748528
661156 0
661173 3748528
661176 0
668949 3748528
668952 0
668969 3748528
668972 0
668989 3748528
668992 0
675249 3748528
675252 0
675269 3748528
675272 0
675289 3748528
675292 0
681549 3748528
681552 0
681569 3748528
681572 0
681589 3748528
681592 0
686949 3748528
686952 0
686969 3748528
686972 0
686989 3748528
686992 0
691749 3748528
691752 0
691769 3748528
691772 0
691789 3748528
691792 0
696549 3748528
696552 0
696569 3748528
696572 0
696589 3748528
696592 0
700528 3748528
700531 0
700548 3748528
700551 0
700568 3748528
700571 0
1059574 226158674
1059579 0
1081174 20242052
1081179 0
1102774 20242052
1102779 0
1167574 178452312
1167576 8996469
1167581 0
1297174 18598775
1297179 0
1318774 22542416
1318779 0
1340374 57946826
1340379 0
1361974 112491168
1361979 0
1383574 89992935
1383579 0
1444237 90225847
1444238 99456
1444239 17992937
1444244 0
1513175 36047367
1513180 0
1534775 39436416
1534780 0
1642775 79610631
1642780 0
1664375 77494701
1664380 0
1772375 73767533
1772380 0
1793975 221441780
1793980 0
2053175 47723996
2053180 0
2070125 12683312
2070130 0
351 events for J
1690 0
8934 117965
9024 125479
9765 7514
10794 125479
11565 7514
12585 0
16999 117965
17089 119538
17830 1573
18859 119538
19630 1573
20659 119538
21430 1573
22459 119538
23230 1573
24259 119538
25030 1573
30250 0
34787 117965
34877 119538
35618 1573
36647 119538
37418 1573
38447 119538
39218 1573
40247 119538
41018 7514
42047 119538
42818 1573
48038 0
50475 117965
50565 125479
51306 7514
51726 0
289674 117965
289824 125479
290445 7514
290874 125479
291645 7514
292074 125479
292845 7514
293454 125479
294225 7514
298485 0
303063 117965
303153 125479
303894 7514
304323 125479
305094 7514
305523 125479
306294 7514
306723 125479
307494 7514
310314 0
311334 117965
311424 124709
312165 6744
312594 124709
313365 6744
313794 124709
314565 6744
314994 124709
315765 6744
316785 0
319477 117965
319567 124709
320308 6744
320737 124709
321508 6744
321937 124709
322708 6744
323137 124709
323908 6744
324937 124709
325708 6744
326737 124709
327508 6744
328537 124709
329308 6744
335728 0
340091 117965
340181 124709
340922 6744
341351 124709
342122 6744
342551 124709
343322 6744
343751 124709
344522 6744
345551 124709
346322 6744
353942 0
356505 117965
356595 124709
357336 7514
357341 6744
357765 124709
358536 6744
358965 124709
359736 6744
360165 124709
360936 6744
361965 124709
362736 6744
363765 124709
364536 6744
372756 0
377120 117965
377210 124709
377951 6744
378380 124709
379151 6744
379580 124709
380351 6744
380780 124709
381551 6744
381980 124709
382751 6744
384380 124709
385151 6744
390971 0
393534 117965
393624 124709
394365 6744
394794 124709
395565 6744
395994 124709
396765 6744
397185 0
546774 117965
546924 119538
546945 1573
547974 119538
548745 1573
549174 119538
549945 1573
550554 119538
551325 1573
551754 119538
552525 1573
553014 119538
553785 1573
554214 119538
554985 1573
556185 0
561613 117965
561703 119538
562444 1573
562873 119538
563644 1573
564073 119538
564844 1573
565273 119538
566044 1573
566473 119538
567244 1573
570064 0
892584 14189
893265 58982
893364 7514
893650 0
893694 73171
895065 7514
900414 66496
901785 7514
902685 0
907863 58982
907953 66496
909294 7514
911523 66496
912894 7514
913323 66496
914694 7514
915114 0
915834 58982
915924 66496
917265 7514
917650 0
917694 58982
919065 7514
922185 0
924277 58982
924367 66496
925708 7514
926093 0
926137 58982
927508 7514
930928 0
931211 58982
931301 66496
932642 7514
933027 0
933071 58982
934442 7514
940742 0
944891 58982
944981 66496
946322 7514
950642 0
950934 58982
951024 66496
952365 7514
956685 0
1152624 7514
1162245 0
1166503 7514
1169644 0
1170024 7514
1175085 0
1283124 7514
1289565 0
1291728 179338
1291830 0
1293419 7514
1307770 0
1312019 7514
1325960 0
1496634 19661
1496724 27175
1497405 7514
1498074 27175
1498845 7514
1499094 27175
1499865 7514
1500534 27175
1501305 7514
1501554 27175
1502325 7514
1502994 27175
1503765 7514
1504014 27175
1504785 7514
1505454 27175
1506225 7514
1506474 27175
1507245 7514
1507485 0
1512774 19661
1512864 27175
1513425 7514
1513554 27175
1514205 7514
1514754 27175
1515345 7514
1515534 27175
1516185 7514
1516734 27175
1517385 7514
1517514 27175
1518165 7514
1518714 27175
1519365 7514
1519494 27175
1520145 7514
1520694 27175
1521345 7514
1521474 27175
1522125 7514
1522674 27175
1523325 7514
1523454 27175
1524105 7514
1524225 0
1755924 7514
1757994 66496
1759365 7514
1762554 66496
1763925 7514
1767045 0
1771213 58982
1771303 66496
1772584 7514
1775833 66496
1777204 7514
1777444 0
1777734 58982
1777824 66496
1779105 7514
1782354 66496
1783725 7514
1785225 0
1787302 58982
1787392 66496
1788673 7514
1791922 66496
1793293 7514
1797253 0
1797534 58982
1797624 66496
1798905 7514
1801854 66496
1803225 7514
1803405 0
1807592 58982
1807682 66496
1808963 7514
1810352 66496
1811723 7514
1812263 0
1812534 58982
1812624 66496
1813905 7514
1818894 66496
1820265 7514
1821585 0
1823681 117965
1823771 124709
1824632 6744
1825541 124709
1826432 6744
1827341 124709
1828232 6744
1829141 124709
1830032 6744
1830941 124709
1831832 6744
1832741 124709
1833632 6744
1834541 124709
1835432 6744
1839812 0
1843971 117965
1844061 124709
1844922 6744
1845831 124709
1846722 6744
1847631 124709
1848522 6744
1849431 124709
1850322 6744
1851231 124709
1852122 6744
1853031 124709
1853922 6744
1854831 124709
1855722 6744
1856631 124709
1857522 6744
1858002 0
1862160 117965
1862250 124709
1863111 6744
1864020 124709
1864911 6744
1865811 0
1880685 169032
1882005 45609
1883330 0
2059635 7514
2066796 0
2 events for K
866972 0
866973 2650
2 events for L
866749 0
866750 2650
149 events for M
2081 906
13690 0
18070 906
31478 0
37658 906
49266 0
52425 906
67054 0
73234 906
84843 0
87123 906
95625 0
97005 593
101635 0
108511 593
112355 0
114045 593
119935 0
123645 593
127595 0
129405 593
135886 0
141195 1500
147215 0
148515 1500
154535 0
164805 215
176225 0
233329 906
244337 0
249525 906
257925 0
284805 906
299754 0
305934 906
318268 0
319768 906
336782 0
379991 906
392325 0
393825 906
410539 0
468962 906
484725 0
491376 906
498525 0
500265 906
502811 0
504911 906
520425 0
571605 906
572385 0
579073 906
594683 0
600863 906
612872 0
658005 906
658785 0
710000 906
722009 0
724289 906
741144 0
820005 906
820785 0
889605 906
903525 0
910734 906
941582 0
947762 906
959925 0
962376 906
978611 0
984791 906
997125 0
998625 906
1003125 0
1049205 906
1050255 0
1146705 906
1163104 0
1169284 906
1175925 0
1176945 906
1180965 0
1183445 906
1199445 0
1205663 906
1217372 0
1219952 906
1235622 0
1242042 906
1253691 0
1257651 906
1271821 0
1322591 906
1323621 0
1406426 906
1407166 0
1442116 1500
1447295 0
1452795 479
1454035 0
1455515 479
1457625 1500
1463605 0
1469265 479
1471325 0
1493365 906
1508507 0
1515825 906
1525255 0
1530448 906
1546082 0
1552562 906
1564596 0
1567476 906
1583411 0
1589591 906
1601625 0
1604505 906
1620139 0
1626105 1087
1628815 0
1629319 215
1640739 0
1700665 1600
1710850 0
1715805 906
1716705 1500
1723188 0
1724255 1500
1727155 0
1751505 906
1767904 0
1774084 906
1786093 0
1787593 906
1804283 0
1810463 906
1822472 0
1848152 906
1848892 0
1929152 906
1929902 0
2047086 593
2057775 0
2060615 906
2061365 593
2074205 0
2 events for N
867935 0
867936 2650
2 events for O
867480 0
867481 18
158 events for P
26635 1727
33834 2754
62635 1727
69834 2754
98635 1727
105834 2754
150835 1727
159834 1830
186835 1727
195834 1830
222835 1727
222845 3917
231834 4021
242634 4944
244445 2754
258535 1727
280434 2754
294835 1727
302034 2754
330835 1727
338034 1830
370435 1727
377634 1830
406435 1727
413634 1830
442435 1727
449634 2754
480235 1727
487434 2754
519235 1727
521945 1664
522245 1727
525245 3917
537834 4944
555835 3917
561234 4944
588235 3917
590045 1727
599034 2754
611607 1471
627835 444
635034 1471
663835 444
671034 1471
699835 444
707034 1471
708845 3662
752035 2635
761034 2738
763636 2685
789835 2581
800634 3608
812836 3662
813245 1471
825835 444
833034 548
864835 444
865112 0
865113 444
867245 382
867545 444
883434 548
901435 444
906834 1471
914045 3662
914067 4944
935635 3917
946434 4944
950045 2754
957267 1471
966234 548
975235 444
982434 548
996616 798
1011235 695
1018434 798
1040056 548
1047235 444
1058034 1471
1086835 444
1094034 1471
1123735 444
1144434 1471
1158835 444
1166034 1471
1194835 444
1202034 1471
1212845 1409
1213145 1471
1230835 444
1239834 548
1263245 2738
1268635 2635
1275834 2738
1299245 548
1304635 444
1310034 548
1322635 444
1331634 548
1358635 444
1367634 548
1385645 485
1385945 2738
1394635 2635
1403634 3662
1410867 4944
1432435 3917
1439634 4944
1454012 5195
1469335 4168
1488234 5195
1497256 4944
1497267 3662
1500845 1471
1506235 444
1511634 1471
1522434 548
1542235 444
1551234 548
1562045 485
1562345 548
1580035 444
1587234 1471
1616035 444
1626834 548
1652035 444
1659234 548
1691635 444
1698834 548
1728835 444
1731245 382
1731545 444
1749234 548
1763635 444
1770834 548
1770845 2738
1799635 2635
1806834 3662
1835635 2635
1842834 2738
1850045 548
1850056 798
1873435 695
1882434 798
1904045 736
1904056 485
1904345 548
1909435 444
1914834 548
1927435 444
1936434 548
1963435 444
1972434 548
1999435 444
2008434 1471
2037235 444
2044434 548
2074435 444
