16 instruments
A 10 100 0 895660078.44187188
B 10 100 22018.298358889329 159480658.09969637
C 10 100 22090 160000000
D 10 100 763800535.41096985 7041040280.2382517
E 10 100 45126217.813212499 1435691857.5629289
F 10 100 815344000 7516190000
G 10 100 728287279.5071317 6713663885.8674479
H 10 100 2022727.6804039259 699754440.78838515
I 10 100 2238.0782914523293 612647607.58318675
J 10 100 0 888000000
K 10 100 6553.6061313363007 2560002395.0532427
L 10 100 38499.176269411204 51488453.781630412
M 10 100 2312500 800000000
N 10 100 24955.266722182481 180753403.14844713
O 10 100 183507440.74517861 809594356.20986629
P 10 100 157159.98672976866 607777468.940395
100 downlinks
0 4798 53082 56661.696495999997
1 53083 65378 56748.807657999998
2 69583 81788 58852.465277000003
3 101982 128282 17334.486729
4 134983 177358 60764.045818999999
5 177359 224775 24005.080918
6 232481 236678 18969.341575999999
7 242081 263441 18036.499982000001
8 286480 298552 52719.905522000001
9 307554 338163 54389.954824
10 362078 373852 17991.02982
11 393839 435558 61717.871531999997
12 436206 481755 24930.695499000001
13 500677 524316 22398.438724
14 539312 567759 17244.778962
15 570575 582913 18220.925300999999
16 599675 611235 58678.576760000004
17 614434 654273 58555.537063999996
18 654274 669159 18992.23504
19 686974 723495 13796.402593000001
20 738990 777271 59962.626314000001
21 777272 783181 23204.996364999999
22 800612 823747 60314.874481999999
23 826171 842579 18020.649063000001
24 884912 912352 17416.188300000002
25 938369 958655 17116.766715000002
26 959367 965865 60234.572946
27 969867 989960 16963.427941999998
28 997858 1040196 60809.052052999999
29 1040197 1065276 23716.228502000002
30 1065865 1073367 18029.108412000001
31 1077025 1080105 60100.563959999999
32 1144112 1170537 17729.224104000001
33 1203863 1215945 17589.138943000002
34 1218621 1250960 58302.529763999999
35 1250961 1268405 18080.346756999999
36 1276761 1304397 55874.873438000002
37 1310359 1333585 60291.091052000003
38 1343024 1385346 60832.041154999999
39 1385347 1423456 24945.773354000001
40 1423457 1447270 18650.039686
41 1489712 1515327 17801.393711000001
42 1515760 1518903 18241.361444999999
43 1535354 1558187 24067.369501000001
44 1559352 1583335 56712.888793999999
45 1609452 1618307 58370.132263
46 1621823 1642663 58005.525035999999
47 1644214 1682049 24930.123806
48 1682050 1703223 16739.689300999999
49 1748912 1773479 18181.419744999999
50 1795447 1821063 18610.315675999998
51 1822505 1860893 59847.283359000001
52 1862345 1878420 18063.419893999999
53 1883045 1907850 18186.627066000001
54 1908902 1924749 56843.492619999997
55 1947082 1980541 9175.5815739999998
56 1980542 1992031 9288.5908459999991
57 1995299 2033298 29976.478185
58 2035439 2052476 8340.6453669999992
59 2061839 2072142 28164.287346000001
60 2094512 2117095 9615.6592349999992
61 2139237 2167733 8936.4976299999998
62 2167734 2171557 29078.912095
63 2187234 2194681 8738.7729049999998
64 2212862 2248251 9283.3064869999998
65 2248252 2294030 9136.56639
66 2294031 2310438 8867.2325060000003
67 2325865 2330271 30843.021497000002
68 2353712 2370481 8651.5363890000008
69 2372028 2394935 8598.6086899999991
70 2397828 2426324 28620.571626000001
71 2426325 2437245 29488.2804
72 2440485 2462885 29574.456625999999
73 2468925 2482262 8990.2936559999998
74 2484825 2513707 27889.095755999999
75 2515722 2525851 27279.489213000001
76 2528702 2531927 29339.122920000002
77 2538222 2547048 30467.823106
78 2556522 2568072 9273.8508989999991
79 2571327 2592563 28091.132868000001
80 2593425 2637464 9462.077765
81 2637465 2652798 8739.387213
82 2693312 2708216 27177.101999999999
83 2723765 2747874 28867.988366000001
84 2748815 2771343 8757.0573490000006
85 2810066 2852314 30482.278361000001
86 2852315 2889208 9337.789702
87 2889209 2917670 8515.7706749999998
88 2958512 2973395 8900.7025030000004
89 2975605 3001394 8778.3355150000007
90 3001405 3029777 29886.497736000001
91 3032302 3059543 29243.536622
92 3060262 3064475 26517.245249
93 3068971 3083243 8834.4018649999998
94 3102502 3113877 9457.9623840000004
95 3125898 3145794 28164.872808
96 3155273 3197502 30503.298975000002
97 3197503 3219918 8691.2845450000004
98 3220394 3230389 8525.9525360000007
99 3233054 3236807 28086.786929000002
0 opportunities for A
0 opportunities for B
0 opportunities for C
0 opportunities for D
0 opportunities for E
0 opportunities for F
0 opportunities for G
0 opportunities for H
0 opportunities for I
0 opportunities for J
0 opportunities for K
0 opportunities for L
0 opportunities for M
0 opportunities for N
0 opportunities for O
0 opportunities for P
32 events for A
208879 10000000
208880 0
250808 10000000
250809 0
293456 10000000
293457 0
336374 10000000
336375 0
379352 10000000
379353 0
422209 10000000
422210 0
464739 10000000
464740 0
506724 10000000
506725 0
548217 10000000
548218 0
589867 10000000
589868 0
632324 10000000
632325 0
675625 10000000
675626 0
719540 10000000
719541 0
763896 10000000
763897 0
808633 10000000
808634 0
853855 10000000
853856 0
242 events for B
1135 906
12744 0
17124 906
30532 0
36712 906
48320 0
51479 906
66108 0
72288 906
83897 0
86177 906
94679 0
96059 593
100689 0
107565 593
111409 0
113099 593
118989 0
122699 593
126649 0
128459 593
134940 0
140249 1500
146269 0
147569 1500
153589 0
163859 215
175279 0
232383 906
243391 0
248579 906
256979 0
283859 906
298808 0
304988 906
317322 0
318822 906
335836 0
379045 906
391379 0
392879 906
409593 0
468016 906
483779 0
490430 906
497579 0
499319 906
501865 0
503965 906
519479 0
570659 906
571439 0
578127 906
593737 0
599917 906
611926 0
657059 906
657839 0
709054 906
721063 0
723343 906
740198 0
819059 906
819839 0
888659 906
902579 0
909788 906
940636 0
946816 906
958979 0
961430 906
977665 0
983845 906
996179 0
997679 906
1002179 0
1048259 906
1049309 0
1145759 906
1162158 0
1168338 906
1174979 0
1175999 906
1180019 0
1182499 906
1198499 0
1204717 906
1216426 0
1219006 906
1234676 0
1241096 906
1252745 0
1256705 906
1270875 0
1321645 906
1322675 0
1405480 906
1406220 0
1441170 1500
1446349 0
1451849 479
1453089 0
1454569 479
1456679 1500
1462659 0
1468319 479
1470379 0
1492419 906
1507561 0
1514879 906
1524309 0
1529502 906
1545136 0
1551616 906
1563650 0
1566530 906
1582465 0
1588645 906
1600679 0
1603559 906
1619193 0
1625159 1087
1627869 0
1628373 215
1639793 0
1699719 1600
1709904 0
1714859 906
1715759 1500
1722242 0
1723309 1500
1726209 0
1750559 906
1766958 0
1773138 906
1785147 0
1786647 906
1803337 0
1809517 906
1821526 0
1847206 906
1847946 0
1928206 906
1928956 0
2046140 593
2056829 0
2059669 906
2060419 593
2073259 0
2097219 906
2112179 0
2119388 906
2131722 0
2134002 906
2150236 0
2156416 906
2168750 0
2171030 906
2187265 0
2193445 906
2205779 0
2208819 906
2224458 0
2230473 906
2242808 0
2245088 906
2260508 0
2267502 906
2279836 0
2281376 906
2298350 0
2304530 906
2316265 0
2318845 906
2333879 0
2355359 906
2371758 0
2377938 906
2389499 0
2391487 906
2407887 0
2414317 906
2426197 0
2428606 906
2444516 0
2450696 906
2462705 0
2466345 906
2480895 0
2487075 906
2499084 0
2501364 906
2514779 0
2528159 906
2535463 0
2537743 906
2553233 0
2555313 906
2571662 0
2578022 906
2589912 0
2592432 906
2600279 0
2650780 1714
2662190 0
2663730 906
2664470 1714
2679479 0
2696759 1714
2699493 0
2699673 215
2711149 0
2714973 1714
2718008 0
2741179 1500
2747194 0
2761369 1500
2767379 0
2799419 906
2800169 0
2909330 906
2921065 0
2922605 906
2938679 0
2960159 906
2976558 0
2982738 906
2989699 0
3033526 906
3049016 0
3056279 906
3062599 0
3150998 906
3158453 0
3159993 906
3176642 0
3182882 906
3194832 0
3232751 906
3249400 0
3255580 906
3266990 0
241 events for C
10797 0
15177 906
28585 0
34765 906
46373 0
49532 906
64161 0
70341 906
81950 0
84230 906
92732 0
94112 593
98742 0
105618 593
109462 0
111152 593
117042 0
120752 593
124702 0
126512 593
132993 0
138302 1500
144322 0
145622 1500
151642 0
161912 215
173332 0
230436 906
241444 0
246632 906
255032 0
281912 906
296861 0
303041 906
315375 0
316875 906
333889 0
377098 906
389432 0
390932 906
407646 0
466069 906
481832 0
488483 906
495632 0
497372 906
499918 0
502018 906
517532 0
568712 906
569492 0
576180 906
591790 0
597970 906
609979 0
655112 906
655892 0
707107 906
719116 0
721396 906
738251 0
817112 906
817892 0
886712 906
900632 0
907841 906
938689 0
944869 906
957032 0
959483 906
975718 0
981898 906
994232 0
995732 906
1000232 0
1046312 906
1047362 0
1143812 906
1160211 0
1166391 906
1173032 0
1174052 906
1178072 0
1180552 906
1196552 0
1202770 906
1214479 0
1217059 906
1232729 0
1239149 906
1250798 0
1254758 906
1268928 0
1319698 906
1320728 0
1403533 906
1404273 0
1439223 1500
1444402 0
1449902 479
1451142 0
1452622 479
1454732 1500
1460712 0
1466372 479
1468432 0
1490472 906
1505614 0
1512932 906
1522362 0
1527555 906
1543189 0
1549669 906
1561703 0
1564583 906
1580518 0
1586698 906
1598732 0
1601612 906
1617246 0
1623212 1087
1625922 0
1626426 215
1637846 0
1697772 1600
1707957 0
1712912 906
1713812 1500
1720295 0
1721362 1500
1724262 0
1748612 906
1765011 0
1771191 906
1783200 0
1784700 906
1801390 0
1807570 906
1819579 0
1845259 906
1845999 0
1926259 906
1927009 0
2044193 593
2054882 0
2057722 906
2058472 593
2071312 0
2095272 906
2110232 0
2117441 906
2129775 0
2132055 906
2148289 0
2154469 906
2166803 0
2169083 906
2185318 0
2191498 906
2203832 0
2206872 906
2222511 0
2228526 906
2240861 0
2243141 906
2258561 0
2265555 906
2277889 0
2279429 906
2296403 0
2302583 906
2314318 0
2316898 906
2331932 0
2353412 906
2369811 0
2375991 906
2387552 0
2389540 906
2405940 0
2412370 906
2424250 0
2426659 906
2442569 0
2448749 906
2460758 0
2464398 906
2478948 0
2485128 906
2497137 0
2499417 906
2512832 0
2526212 906
2533516 0
2535796 906
2551286 0
2553366 906
2569715 0
2576075 906
2587965 0
2590485 906
2598332 0
2648833 1714
2660243 0
2661783 906
2662523 1714
2677532 0
2694812 1714
2697546 0
2697726 215
2709202 0
2713026 1714
2716061 0
2739232 1500
2745247 0
2759422 1500
2765432 0
2797472 906
2798222 0
2907383 906
2919118 0
2920658 906
2936732 0
2958212 906
2974611 0
2980791 906
2987752 0
3031579 906
3047069 0
3054332 906
3060652 0
3149051 906
3156506 0
3158046 906
3174695 0
3180935 906
3192885 0
3230804 906
3247453 0
3253633 906
3265043 0
518 events for D
97029 718864
97030 0
97639 718864
97640 0
98270 3748528
98273 0
98529 718864
98530 0
99139 718864
99140 0
99770 3748528
99773 0
100029 718864
100030 0
100639 718864
100640 0
101270 3748528
101273 0
108789 718864
108790 0
109399 718864
109400 0
110030 3748528
110033 0
110289 718864
110290 0
110899 718864
110900 0
111530 3748528
111533 0
111789 718864
111790 0
112399 718864
112400 0
113030 3748528
113033 0
143450 4313184
143451 2310336
143452 0
143581 4313184
143583 0
143726 192528
143727 0
144031 2156592
144032 0
144350 3594320
144351 962640
144352 0
144398 3594320
144399 962640
144400 0
144669 718864
144670 0
144679 718864
144680 0
144689 718864
144690 0
144699 718864
144700 0
144709 718864
144710 0
144719 718864
144720 0
144729 718864
144730 0
144739 718864
144740 0
144749 718864
144750 0
144759 718864
144760 0
144769 718864
144770 0
144779 718864
144780 0
144789 718864
144790 0
144799 718864
144800 0
144809 718864
144810 0
144819 718864
144820 0
144829 718864
144830 0
144849 192528
144850 0
144859 192528
144860 0
144869 192528
144870 0
144879 192528
144880 0
144889 192528
144890 0
144899 192528
144900 0
144909 192528
144910 0
144919 192528
144920 0
144929 192528
144930 0
144939 192528
144940 0
144949 192528
144950 0
144959 192528
144960 0
144969 192528
144970 0
250550 4494818
250551 3748528
250554 0
250560 4494818
250565 0
250610 4494818
250615 0
250670 4494818
250671 3748528
250674 0
250680 4494818
250685 0
250730 4494818
250735 0
250790 4494818
250795 0
250800 4494818
250805 0
250850 4494818
250851 3748528
250854 0
254750 4494818
254751 3748528
254754 0
254760 4494818
254765 0
254810 4494818
254815 0
254870 4494818
254871 3748528
254874 0
254880 4494818
254885 0
254930 4494818
254935 0
254990 4494818
254995 0
255000 4494818
255005 0
255050 4494818
255051 3748528
255054 0
291974 82880
291975 0
291984 82880
291985 0
291994 82880
291995 0
292025 82880
292026 0
292035 82880
292036 0
292045 82880
292046 0
341426 3748528
341429 0
345026 3748528
345029 0
348626 3748528
348629 0
352226 3748528
352229 0
355646 3748528
355649 0
357840 3748528
357843 0
361440 3748528
361443 0
365040 3748528
365043 0
368640 3748528
368643 0
372240 3748528
372243 0
378455 3748528
378458 0
382055 3748528
382058 0
385655 3748528
385658 0
389255 3748528
389258 0
392675 3748528
392678 0
394869 3748528
394872 0
398469 3748528
398472 0
400043 3748528
400046 0
400053 3748528
400056 0
400643 3748528
400646 0
400653 3748528
400656 0
402957 3748528
402960 0
402967 3748528
402970 0
403557 3748528
403560 0
403567 3748528
403570 0
409857 3748528
409860 0
409867 3748528
409870 0
410457 3748528
410460 0
410467 3748528
410470 0
428457 3748528
428460 0
428467 3748528
428470 0
429057 3748528
429060 0
429067 3748528
429070 0
491940 2824208
491941 0
492060 2824208
492061 0
492180 2824208
492181 0
492660 2824208
492661 0
492780 2824208
492781 0
492900 2824208
492901 0
493380 2824208
493381 0
493500 2824208
493501 0
493620 2824208
493621 0
494100 2824208
494101 0
494220 2824208
494221 0
494340 2824208
494341 0
494820 2824208
494821 0
494940 2824208
494941 0
495060 2824208
495061 0
495540 2824208
495541 0
495660 2824208
495661 0
495780 2824208
495781 0
496260 2824208
496261 0
496380 2824208
496381 0
496500 2824208
496501 0
496980 2824208
496981 0
497100 2824208
497101 0
497220 2824208
497221 0
497700 2824208
497701 0
497820 2824208
497821 0
497940 2824208
497941 0
498360 2824208
498361 0
498480 2824208
498481 0
498600 2824208
498601 0
499140 2824208
499141 0
499260 2824208
499261 0
499380 2824208
499381 0
502055 2824208
502056 0
502146 3748528
502149 0
502355 2824208
502356 0
502425 2824208
502426 0
502636 3765611
502639 0
505955 2824208
505956 0
506046 3748528
506049 0
506255 2824208
506256 0
506325 2824208
506326 0
506536 3765611
506539 0
508055 2824208
508056 0
508146 3748528
508149 0
508355 2824208
508356 0
508425 2824208
508426 0
508636 3765611
508639 0
509555 2824208
509556 0
509646 3748528
509649 0
509855 2824208
509856 0
509925 2824208
509926 0
510136 3765611
510139 0
519669 2824208
519670 0
519760 3748528
519763 0
519969 2824208
519970 0
520039 2824208
520040 0
520250 3765611
520253 0
579017 3748528
579020 0
579032 5000000
579050 0
580817 3748528
580820 0
580832 5000000
580850 0
582617 3748528
582620 0
582632 5000000
582650 0
584417 3748528
584420 0
584432 5000000
584450 0
586217 3748528
586220 0
586232 5000000
586250 0
588017 3748528
588020 0
588032 5000000
588050 0
589817 3748528
589820 0
589832 5000000
589850 0
591617 3748528
591620 0
591632 5000000
591650 0
593417 3748528
593420 0
593432 5000000
593450 0
599307 3748528
599310 0
599322 5000000
599340 0
601107 3748528
601110 0
601122 5000000
601140 0
602907 3748528
602910 0
602922 5000000
602940 0
604707 3748528
604710 0
604722 5000000
604740 0
606507 3748528
606510 0
606522 5000000
606540 0
608307 3748528
608310 0
608322 5000000
608340 0
610107 3748528
610110 0
610122 5000000
610140 0
611907 3748528
611910 0
611922 5000000
611940 0
657969 3748528
657972 0
657989 3748528
657992 0
658009 3748528
658012 0
664269 3748528
664272 0
664289 3748528
664292 0
664309 3748528
664312 0
672085 3748528
672088 0
672105 3748528
672108 0
672125 3748528
672128 0
678385 3748528
678388 0
678405 3748528
678408 0
678425 3748528
678428 0
684685 3748528
684688 0
684705 3748528
684708 0
684725 3748528
684728 0
690085 3748528
690088 0
690105 3748528
690108 0
690125 3748528
690128 0
694885 3748528
694888 0
694905 3748528
694908 0
694925 3748528
694928 0
699685 3748528
699688 0
699705 3748528
699708 0
699725 3748528
699728 0
703664 3748528
703667 0
703684 3748528
703687 0
703704 3748528
703707 0
1062710 226158674
1062715 0
1084310 20242052
1084315 0
1105910 20242052
1105915 0
1170710 178452312
1170712 8996469
1170717 0
1300310 18598775
1300315 0
1321910 22542416
1321915 0
1343510 57946826
1343515 0
1365110 112491168
1365115 0
1386710 89992935
1386715 0
1447373 90225847
1447374 99456
1447375 17992937
1447380 0
1516311 36047367
1516316 0
1537911 39436416
1537916 0
1645911 79610631
1645916 0
1667511 77494701
1667516 0
1775511 73767533
1775516 0
1797111 221441780
1797116 0
2056311 47723996
2056316 0
2073261 12683312
2073266 0
2229110 9037466
2229115 0
2272310 270264152
2272315 0
3157910 26968906
3157915 0
3179510 134824032
3179515 0
3182436 20221556
3182441 0
68 events for E
7216 1642
13281 2414
15121 1642
50716 2414
93316 1642
279716 2414
281556 1642
412730 2414
482416 1642
648842 2414
650682 1642
865516 0
865517 1285
884516 2414
886356 1285
1217463 2057
1233313 1285
1237753 2057
1253642 2414
1255882 2057
1269512 1285
1489316 2414
1491156 1285
1858442 2414
1860282 1285
1878932 2057
1929300 706
2043256 2057
2075116 706
2094116 2414
2095956 706
2116045 1285
2148873 706
2463242 2414
2465082 706
2515316 2414
2522676 706
2524969 1772
2554510 1285
2570299 706
2574679 1285
2606858 706
2611058 1285
2643237 706
2700030 2414
2701870 706
2728636 1285
2734216 706
2748347 1285
2750327 706
2988016 1285
3011574 706
3015774 1285
3029763 706
3031983 1772
3047653 706
3052273 1772
3068042 2414
3070402 1772
3084032 706
3139016 2414
3148776 706
3180859 1285
3211636 706
3215858 1285
3225316 706
3284716 0
3284717 487
518 events for F
93893 718864
93894 0
94503 718864
94504 0
95134 3748528
95137 0
95393 718864
95394 0
96003 718864
96004 0
96634 3748528
96637 0
96893 718864
96894 0
97503 718864
97504 0
98134 3748528
98137 0
105653 718864
105654 0
106263 718864
106264 0
106894 3748528
106897 0
107153 718864
107154 0
107763 718864
107764 0
108394 3748528
108397 0
108653 718864
108654 0
109263 718864
109264 0
109894 3748528
109897 0
140314 4313184
140315 2310336
140316 0
140445 4313184
140447 0
140590 192528
140591 0
140895 2156592
140896 0
141214 3594320
141215 962640
141216 0
141262 3594320
141263 962640
141264 0
141533 718864
141534 0
141543 718864
141544 0
141553 718864
141554 0
141563 718864
141564 0
141573 718864
141574 0
141583 718864
141584 0
141593 718864
141594 0
141603 718864
141604 0
141613 718864
141614 0
141623 718864
141624 0
141633 718864
141634 0
141643 718864
141644 0
141653 718864
141654 0
141663 718864
141664 0
141673 718864
141674 0
141683 718864
141684 0
141693 718864
141694 0
141713 192528
141714 0
141723 192528
141724 0
141733 192528
141734 0
141743 192528
141744 0
141753 192528
141754 0
141763 192528
141764 0
141773 192528
141774 0
141783 192528
141784 0
141793 192528
141794 0
141803 192528
141804 0
141813 192528
141814 0
141823 192528
141824 0
141833 192528
141834 0
247414 4494818
247415 3748528
247418 0
247424 4494818
247429 0
247474 4494818
247479 0
247534 4494818
247535 3748528
247538 0
247544 4494818
247549 0
247594 4494818
247599 0
247654 4494818
247659 0
247664 4494818
247669 0
247714 4494818
247715 3748528
247718 0
251614 4494818
251615 3748528
251618 0
251624 4494818
251629 0
251674 4494818
251679 0
251734 4494818
251735 3748528
251738 0
251744 4494818
251749 0
251794 4494818
251799 0
251854 4494818
251859 0
251864 4494818
251869 0
251914 4494818
251915 3748528
251918 0
288838 82880
288839 0
288848 82880
288849 0
288858 82880
288859 0
288889 82880
288890 0
288899 82880
288900 0
288909 82880
288910 0
338290 3748528
338293 0
341890 3748528
341893 0
345490 3748528
345493 0
349090 3748528
349093 0
352510 3748528
352513 0
354704 3748528
354707 0
358304 3748528
358307 0
361904 3748528
361907 0
365504 3748528
365507 0
369104 3748528
369107 0
375319 3748528
375322 0
378919 3748528
378922 0
382519 3748528
382522 0
386119 3748528
386122 0
389539 3748528
389542 0
391733 3748528
391736 0
395333 3748528
395336 0
396907 3748528
396910 0
396917 3748528
396920 0
397507 3748528
397510 0
397517 3748528
397520 0
399821 3748528
399824 0
399831 3748528
399834 0
400421 3748528
400424 0
400431 3748528
400434 0
406721 3748528
406724 0
406731 3748528
406734 0
407321 3748528
407324 0
407331 3748528
407334 0
425321 3748528
425324 0
425331 3748528
425334 0
425921 3748528
425924 0
425931 3748528
425934 0
488804 2824208
488805 0
488924 2824208
488925 0
489044 2824208
489045 0
489524 2824208
489525 0
489644 2824208
489645 0
489764 2824208
489765 0
490244 2824208
490245 0
490364 2824208
490365 0
490484 2824208
490485 0
490964 2824208
490965 0
491084 2824208
491085 0
491204 2824208
491205 0
491684 2824208
491685 0
491804 2824208
491805 0
491924 2824208
491925 0
492404 2824208
492405 0
492524 2824208
492525 0
492644 2824208
492645 0
493124 2824208
493125 0
493244 2824208
493245 0
493364 2824208
493365 0
493844 2824208
493845 0
493964 2824208
493965 0
494084 2824208
494085 0
494564 2824208
494565 0
494684 2824208
494685 0
494804 2824208
494805 0
495224 2824208
495225 0
495344 2824208
495345 0
495464 2824208
495465 0
496004 2824208
496005 0
496124 2824208
496125 0
496244 2824208
496245 0
498919 2824208
498920 0
499010 3748528
499013 0
499219 2824208
499220 0
499289 2824208
499290 0
499500 3765611
499503 0
502819 2824208
502820 0
502910 3748528
502913 0
503119 2824208
503120 0
503189 2824208
503190 0
503400 3765611
503403 0
504919 2824208
504920 0
505010 3748528
505013 0
505219 2824208
505220 0
505289 2824208
505290 0
505500 3765611
505503 0
506419 2824208
506420 0
506510 3748528
506513 0
506719 2824208
506720 0
506789 2824208
506790 0
507000 3765611
507003 0
516533 2824208
516534 0
516624 3748528
516627 0
516833 2824208
516834 0
516903 2824208
516904 0
517114 3765611
517117 0
575881 3748528
575884 0
575896 5000000
575914 0
577681 3748528
577684 0
577696 5000000
577714 0
579481 3748528
579484 0
579496 5000000
579514 0
581281 3748528
581284 0
581296 5000000
581314 0
583081 3748528
583084 0
583096 5000000
583114 0
584881 3748528
584884 0
584896 5000000
584914 0
586681 3748528
586684 0
586696 5000000
586714 0
588481 3748528
588484 0
588496 5000000
588514 0
590281 3748528
590284 0
590296 5000000
590314 0
596171 3748528
596174 0
596186 5000000
596204 0
597971 3748528
597974 0
597986 5000000
598004 0
599771 3748528
599774 0
599786 5000000
599804 0
601571 3748528
601574 0
601586 5000000
601604 0
603371 3748528
603374 0
603386 5000000
603404 0
605171 3748528
605174 0
605186 5000000
605204 0
606971 3748528
606974 0
606986 5000000
607004 0
608771 3748528
608774 0
608786 5000000
608804 0
654833 3748528
654836 0
654853 3748528
654856 0
654873 3748528
654876 0
661133 3748528
661136 0
661153 3748528
661156 0
661173 3748528
661176 0
668949 3748528
668952 0
668969 3748528
668972 0
668989 3748528
668992 0
675249 3748528
675252 0
675269 3748528
675272 0
675289 3748528
675292 0
681549 3748528
681552 0
681569 3748528
681572 0
681589 3748528
681592 0
686949 3748528
686952 0
686969 3748528
686972 0
686989 3748528
686992 0
691749 3748528
691752 0
691769 3748528
691772 0
691789 3748528
691792 0
696549 3748528
696552 0
696569 3748528
696572 0
696589 3748528
696592 0
700528 3748528
700531 0
700548 3748528
700551 0
700568 3748528
700571 0
1059574 226158674
1059579 0
1081174 20242052
1081179 0
1102774 20242052
1102779 0
1167574 178452312
1167576 8996469
1167581 0
1297174 18598775
1297179 0
1318774 22542416
1318779 0
1340374 57946826
1340379 0
1361974 112491168
1361979 0
1383574 89992935
1383579 0
1444237 90225847
1444238 99456
1444239 17992937
1444244 0
1513175 36047367
1513180 0
1534775 39436416
1534780 0
1642775 79610631
1642780 0
1664375 77494701
1664380 0
1772375 73767533
1772380 0
1793975 221441780
1793980 0
2053175 47723996
2053180 0
2070125 12683312
2070130 0
2225974 9037466
2225979 0
2269174 270264152
2269179 0
3154774 26968906
3154779 0
3176374 134824032
3176379 0
3179300 20221556
3179305 0
518 events for G
95553 718864
95554 0
96163 718864
96164 0
96794 3748528
96797 0
97053 718864
97054 0
97663 718864
97664 0
98294 3748528
98297 0
98553 718864
98554 0
99163 718864
99164 0
99794 3748528
99797 0
107313 718864
107314 0
107923 718864
107924 0
108554 3748528
108557 0
108813 718864
108814 0
109423 718864
109424 0
110054 3748528
110057 0
110313 718864
110314 0
110923 718864
110924 0
111554 3748528
111557 0
141974 4313184
141975 2310336
141976 0
142105 4313184
142107 0
142250 192528
142251 0
142555 2156592
142556 0
142874 3594320
142875 962640
142876 0
142922 3594320
142923 962640
142924 0
143193 718864
143194 0
143203 718864
143204 0
143213 718864
143214 0
143223 718864
143224 0
143233 718864
143234 0
143243 718864
143244 0
143253 718864
143254 0
143263 718864
143264 0
143273 718864
143274 0
143283 718864
143284 0
143293 718864
143294 0
143303 718864
143304 0
143313 718864
143314 0
143323 718864
143324 0
143333 718864
143334 0
143343 718864
143344 0
143353 718864
143354 0
143373 192528
143374 0
143383 192528
143384 0
143393 192528
143394 0
143403 192528
143404 0
143413 192528
143414 0
143423 192528
143424 0
143433 192528
143434 0
143443 192528
143444 0
143453 192528
143454 0
143463 192528
143464 0
143473 192528
143474 0
143483 192528
143484 0
143493 192528
143494 0
249074 4494818
249075 3748528
249078 0
249084 4494818
249089 0
249134 4494818
249139 0
249194 4494818
249195 3748528
249198 0
249204 4494818
249209 0
249254 4494818
249259 0
249314 4494818
249319 0
249324 4494818
249329 0
249374 4494818
249375 3748528
249378 0
253274 4494818
253275 3748528
253278 0
253284 4494818
253289 0
253334 4494818
253339 0
253394 4494818
253395 3748528
253398 0
253404 4494818
253409 0
253454 4494818
253459 0
253514 4494818
253519 0
253524 4494818
253529 0
253574 4494818
253575 3748528
253578 0
290498 82880
290499 0
290508 82880
290509 0
290518 82880
290519 0
290549 82880
290550 0
290559 82880
290560 0
290569 82880
290570 0
339950 3748528
339953 0
343550 3748528
343553 0
347150 3748528
347153 0
350750 3748528
350753 0
354170 3748528
354173 0
356364 3748528
356367 0
359964 3748528
359967 0
363564 3748528
363567 0
367164 3748528
367167 0
370764 3748528
370767 0
376979 3748528
376982 0
380579 3748528
380582 0
384179 3748528
384182 0
387779 3748528
387782 0
391199 3748528
391202 0
393393 3748528
393396 0
396993 3748528
396996 0
398567 3748528
398570 0
398577 3748528
398580 0
399167 3748528
399170 0
399177 3748528
399180 0
401481 3748528
401484 0
401491 3748528
401494 0
402081 3748528
402084 0
402091 3748528
402094 0
408381 3748528
408384 0
408391 3748528
408394 0
408981 3748528
408984 0
408991 3748528
408994 0
426981 3748528
426984 0
426991 3748528
426994 0
427581 3748528
427584 0
427591 3748528
427594 0
490464 2824208
490465 0
490584 2824208
490585 0
490704 2824208
490705 0
491184 2824208
491185 0
491304 2824208
491305 0
491424 2824208
491425 0
491904 2824208
491905 0
492024 2824208
492025 0
492144 2824208
492145 0
492624 2824208
492625 0
492744 2824208
492745 0
492864 2824208
492865 0
493344 2824208
493345 0
493464 2824208
493465 0
493584 2824208
493585 0
494064 2824208
494065 0
494184 2824208
494185 0
494304 2824208
494305 0
494784 2824208
494785 0
494904 2824208
494905 0
495024 2824208
495025 0
495504 2824208
495505 0
495624 2824208
495625 0
495744 2824208
495745 0
496224 2824208
496225 0
496344 2824208
496345 0
496464 2824208
496465 0
496884 2824208
496885 0
497004 2824208
497005 0
497124 2824208
497125 0
497664 2824208
497665 0
497784 2824208
497785 0
497904 2824208
497905 0
500579 2824208
500580 0
500670 3748528
500673 0
500879 2824208
500880 0
500949 2824208
500950 0
501160 3765611
501163 0
504479 2824208
504480 0
504570 3748528
504573 0
504779 2824208
504780 0
504849 2824208
504850 0
505060 3765611
505063 0
506579 2824208
506580 0
506670 3748528
506673 0
506879 2824208
506880 0
506949 2824208
506950 0
507160 3765611
507163 0
508079 2824208
508080 0
508170 3748528
508173 0
508379 2824208
508380 0
508449 2824208
508450 0
508660 3765611
508663 0
518193 2824208
518194 0
518284 3748528
518287 0
518493 2824208
518494 0
518563 2824208
518564 0
518774 3765611
518777 0
577541 3748528
577544 0
577556 5000000
577574 0
579341 3748528
579344 0
579356 5000000
579374 0
581141 3748528
581144 0
581156 5000000
581174 0
582941 3748528
582944 0
582956 5000000
582974 0
584741 3748528
584744 0
584756 5000000
584774 0
586541 3748528
586544 0
586556 5000000
586574 0
588341 3748528
588344 0
588356 5000000
588374 0
590141 3748528
590144 0
590156 5000000
590174 0
591941 3748528
591944 0
591956 5000000
591974 0
597831 3748528
597834 0
597846 5000000
597864 0
599631 3748528
599634 0
599646 5000000
599664 0
601431 3748528
601434 0
601446 5000000
601464 0
603231 3748528
603234 0
603246 5000000
603264 0
605031 3748528
605034 0
605046 5000000
605064 0
606831 3748528
606834 0
606846 5000000
606864 0
608631 3748528
608634 0
608646 5000000
608664 0
610431 3748528
610434 0
610446 5000000
610464 0
656493 3748528
656496 0
656513 3748528
656516 0
656533 3748528
656536 0
662793 3748528
662796 0
662813 3748528
662816 0
662833 3748528
662836 0
670609 3748528
670612 0
670629 3748528
670632 0
670649 3748528
670652 0
676909 3748528
676912 0
676929 3748528
676932 0
676949 3748528
676952 0
683209 3748528
683212 0
683229 3748528
683232 0
683249 3748528
683252 0
688609 3748528
688612 0
688629 3748528
688632 0
688649 3748528
688652 0
693409 3748528
693412 0
693429 3748528
693432 0
693449 3748528
693452 0
698209 3748528
698212 0
698229 3748528
698232 0
698249 3748528
698252 0
702188 3748528
702191 0
702208 3748528
702211 0
702228 3748528
702231 0
1061234 226158674
1061239 0
1082834 20242052
1082839 0
1104434 20242052
1104439 0
1169234 178452312
1169236 8996469
1169241 0
1298834 18598775
1298839 0
1320434 22542416
1320439 0
1342034 57946826
1342039 0
1363634 112491168
1363639 0
1385234 89992935
1385239 0
1445897 90225847
1445898 99456
1445899 17992937
1445904 0
1514835 36047367
1514840 0
1536435 39436416
1536440 0
1644435 79610631
1644440 0
1666035 77494701
1666040 0
1774035 73767533
1774040 0
1795635 221441780
1795640 0
2054835 47723996
2054840 0
2071785 12683312
2071790 0
2227634 9037466
2227639 0
2270834 270264152
2270839 0
3156434 26968906
3156439 0
3178034 134824032
3178039 0
3180960 20221556
3180965 0
29 events for H
262646 0
280166 1370
521846 0
539366 1370
867446 0
885146 600
885326 1300
1125206 600
1125406 0
1144346 600
1144526 1300
1471690 700
1471735 0
1489946 600
1490186 1300
1731006 700
1731051 0
1749146 600
1749386 1300
2076346 700
2076391 0
2094566 1300
2336365 0
2353766 1300
2681965 0
2693366 1300
2941165 0
2958566 1300
3286765 0
103 events for I
26230 0
53523 3276
68523 0
68583 873
97383 0
142465 3276
157465 0
157525 873
186325 0
213618 3276
228618 0
228678 873
257478 0
397308 3276
412308 0
412368 873
441168 0
559833 873
588633 0
632591 873
661391 0
781236 3276
796236 0
796296 873
825096 0
882854 4096
891054 0
980140 4096
988340 0
1054197 4096
1062397 0
1142054 4096
1150254 0
1164633 665
1193793 0
1237391 4096
1245591 0
1310149 4096
1318349 0
1401096 4096
1409296 0
1487654 4096
1495854 0
1584940 4096
1593140 0
1658997 4096
1667197 0
1746854 4096
1755054 0
1769433 665
1798593 0
1842191 4096
1850391 0
1914949 4096
1923149 0
2005896 4096
2014096 0
2092454 1365
2092634 0
2094434 1365
2094974 3481
2114174 1365
2114894 3481
2134094 1365
2134814 3481
2153740 0
2189740 873
2218540 0
2263797 873
2292597 0
2351654 873
2380454 0
2446991 3481
2461391 0
2461406 2252
2465006 0
2465021 2252
2468621 0
2468636 2252
2472236 0
2472251 2252
2475851 0
2509394 3276
2524394 0
2610696 873
2639496 0
2691254 1365
2691434 0
2693234 1365
2693774 3481
2712974 0
2794540 873
2823340 0
2868597 873
2897397 0
2956454 1365
2957174 3481
2976374 0
3036731 3276
3051731 0
3286754 1979
3287954 0
3289754 1979
32 events for J
208634 10000000
208635 0
250563 10000000
250564 0
293211 10000000
293212 0
336129 10000000
336130 0
379107 10000000
379108 0
421964 10000000
421965 0
464494 10000000
464495 0
506479 10000000
506480 0
547972 10000000
547973 0
589622 10000000
589623 0
632079 10000000
632080 0
675380 10000000
675381 0
719295 10000000
719296 0
763651 10000000
763652 0
808388 10000000
808389 0
853610 10000000
853611 0
1432 events for K
14372 12910592
14373 0
14602 12910592
14603 0
15142 12910592
15143 0
15372 12910592
15373 0
32160 12910592
32161 0
32420 12910592
32421 0
33000 12910592
33001 0
33260 12910592
33261 0
49948 12910592
49949 0
50208 12910592
50209 0
50788 12910592
50789 0
51048 12910592
51049 0
67736 12910592
67737 0
67996 12910592
67997 0
68576 12910592
68577 0
68836 12910592
68837 0
85525 12910592
85526 0
85785 12910592
85786 0
86365 12910592
86366 0
86625 12910592
86626 0
103313 12910592
103314 0
103573 12910592
103574 0
104153 12910592
104154 0
104413 12910592
104414 0
121101 12910592
121102 0
121361 12910592
121362 0
121941 12910592
121942 0
122201 12910592
122202 0
138889 12910592
138890 0
139149 12910592
139150 0
139729 12910592
139730 0
139989 12910592
139990 0
156678 12910592
156679 0
156938 12910592
156939 0
157518 12910592
157519 0
157778 12910592
157779 0
174466 12910592
174467 0
174726 12910592
174727 0
175306 12910592
175307 0
175566 12910592
175567 0
192254 12910592
192255 0
192514 12910592
192515 0
193094 12910592
193095 0
193354 12910592
193355 0
210042 12910592
210043 0
210302 12910592
210303 0
210882 12910592
210883 0
211142 12910592
211143 0
227831 12910592
227832 0
228091 12910592
228092 0
228671 12910592
228672 0
228931 12910592
228932 0
245019 12910592
245020 0
245279 12910592
245280 0
245859 12910592
245860 0
246119 12910592
246120 0
261907 12910592
261908 0
262167 12910592
262168 0
262747 12910592
262748 0
263007 12910592
263008 0
280807 12910592
280808 0
281037 12910592
281038 0
281577 12910592
281578 0
281807 12910592
281808 0
300436 12910592
300437 0
300696 12910592
300697 0
301276 12910592
301277 0
301536 12910592
301537 0
318950 12910592
318951 0
319210 12910592
319211 0
319790 12910592
319791 0
320050 12910592
320051 0
337464 12910592
337465 0
337724 12910592
337725 0
338304 12910592
338305 0
338564 12910592
338565 0
355978 12910592
355979 0
356238 12910592
356239 0
356818 12910592
356819 0
357078 12910592
357079 0
374493 12910592
374494 0
374753 12910592
374754 0
375333 12910592
375334 0
375593 12910592
375594 0
393007 12910592
393008 0
393267 12910592
393268 0
393847 12910592
393848 0
394107 12910592
394108 0
411521 12910592
411522 0
411781 12910592
411782 0
412361 12910592
412362 0
412621 12910592
412622 0
430036 12910592
430037 0
430296 12910592
430297 0
430876 12910592
430877 0
431136 12910592
431137 0
448550 12910592
448551 0
448810 12910592
448811 0
449390 12910592
449391 0
449650 12910592
449651 0
467064 12910592
467065 0
467324 12910592
467325 0
467904 12910592
467905 0
468164 12910592
468165 0
485578 12910592
485579 0
485838 12910592
485839 0
486418 12910592
486419 0
486678 12910592
486679 0
503493 12910592
503494 0
503753 12910592
503754 0
504333 12910592
504334 0
504593 12910592
504594 0
521107 12910592
521108 0
521367 12910592
521368 0
521947 12910592
521948 0
522207 12910592
522208 0
540007 12910592
540008 0
540267 12910592
540268 0
540847 12910592
540848 0
541107 12910592
541108 0
558986 12910592
558987 0
559246 12910592
559247 0
559826 12910592
559827 0
560086 12910592
560087 0
577175 12910592
577176 0
577435 12910592
577436 0
578015 12910592
578016 0
578275 12910592
578276 0
595365 12910592
595366 0
595625 12910592
595626 0
596205 12910592
596206 0
596465 12910592
596466 0
613554 12910592
613555 0
613814 12910592
613815 0
614394 12910592
614395 0
614654 12910592
614655 0
631744 12910592
631745 0
632004 12910592
632005 0
632584 12910592
632585 0
632844 12910592
632845 0
649933 12910592
649934 0
650163 12910592
650164 0
650703 12910592
650704 0
650933 12910592
650934 0
668123 12910592
668124 0
668383 12910592
668384 0
668963 12910592
668964 0
669223 12910592
669224 0
686312 12910592
686313 0
686572 12910592
686573 0
687152 12910592
687153 0
687412 12910592
687413 0
704502 12910592
704503 0
704762 12910592
704763 0
705342 12910592
705343 0
705602 12910592
705603 0
722691 12910592
722692 0
722951 12910592
722952 0
723531 12910592
723532 0
723791 12910592
723792 0
740881 12910592
740882 0
741141 12910592
741142 0
741721 12910592
741722 0
741981 12910592
741982 0
759070 12910592
759071 0
759330 12910592
759331 0
759910 12910592
759911 0
760170 12910592
760171 0
777260 12910592
777261 0
777520 12910592
777521 0
778100 12910592
778101 0
778360 12910592
778361 0
795449 12910592
795450 0
795709 12910592
795710 0
796289 12910592
796290 0
796549 12910592
796550 0
813639 12910592
813640 0
813899 12910592
813900 0
814479 12910592
814480 0
814739 12910592
814740 0
831828 12910592
831829 0
832088 12910592
832089 0
832668 12910592
832669 0
832928 12910592
832929 0
849418 12910592
849419 0
849678 12910592
849679 0
850258 12910592
850259 0
850518 12910592
850519 0
866707 12910592
866708 0
866967 12910592
866968 0
867547 12910592
867548 0
867807 12910592
867808 0
885607 12910592
885608 0
885837 12910592
885838 0
886377 12910592
886378 0
886607 12910592
886608 0
905236 12910592
905237 0
905496 12910592
905497 0
906076 12910592
906077 0
906336 12910592
906337 0
923750 12910592
923751 0
924010 12910592
924011 0
924590 12910592
924591 0
924850 12910592
924851 0
942264 12910592
942265 0
942524 12910592
942525 0
943104 12910592
943105 0
943364 12910592
943365 0
960778 12910592
960779 0
961038 12910592
961039 0
961618 12910592
961619 0
961878 12910592
961879 0
979293 12910592
979294 0
979553 12910592
979554 0
980133 12910592
980134 0
980393 12910592
980394 0
997807 12910592
997808 0
998067 12910592
998068 0
998647 12910592
998648 0
998907 12910592
998908 0
1016321 12910592
1016322 0
1016581 12910592
1016582 0
1017161 12910592
1017162 0
1017421 12910592
1017422 0
1034836 12910592
1034837 0
1035096 12910592
1035097 0
1035676 12910592
1035677 0
1035936 12910592
1035937 0
1053350 12910592
1053351 0
1053610 12910592
1053611 0
1054190 12910592
1054191 0
1054450 12910592
1054451 0
1071864 12910592
1071865 0
1072124 12910592
1072125 0
1072704 12910592
1072705 0
1072964 12910592
1072965 0
1090378 12910592
1090379 0
1090638 12910592
1090639 0
1091218 12910592
1091219 0
1091478 12910592
1091479 0
1108293 12910592
1108294 0
1108553 12910592
1108554 0
1109133 12910592
1109134 0
1109393 12910592
1109394 0
1125907 12910592
1125908 0
1126167 12910592
1126168 0
1126747 12910592
1126748 0
1127007 12910592
1127008 0
1144807 12910592
1144808 0
1145067 12910592
1145068 0
1145647 12910592
1145648 0
1145907 12910592
1145908 0
1163786 12910592
1163787 0
1164046 12910592
1164047 0
1164626 12910592
1164627 0
1164886 12910592
1164887 0
1181975 12910592
1181976 0
1182235 12910592
1182236 0
1182815 12910592
1182816 0
1183075 12910592
1183076 0
1200165 12910592
1200166 0
1200425 12910592
1200426 0
1201005 12910592
1201006 0
1201265 12910592
1201266 0
1218354 12910592
1218355 0
1218614 12910592
1218615 0
1219194 12910592
1219195 0
1219454 12910592
1219455 0
1236544 12910592
1236545 0
1236804 12910592
1236805 0
1237384 12910592
1237385 0
1237644 12910592
1237645 0
1254733 12910592
1254734 0
1254963 12910592
1254964 0
1255503 12910592
1255504 0
1255733 12910592
1255734 0
1272923 12910592
1272924 0
1273183 12910592
1273184 0
1273763 12910592
1273764 0
1274023 12910592
1274024 0
1291112 12910592
1291113 0
1291372 12910592
1291373 0
1291952 12910592
1291953 0
1292212 12910592
1292213 0
1309302 12910592
1309303 0
1309562 12910592
1309563 0
1310142 12910592
1310143 0
1310402 12910592
1310403 0
1327491 12910592
1327492 0
1327751 12910592
1327752 0
1328331 12910592
1328332 0
1328591 12910592
1328592 0
1345681 12910592
1345682 0
1345941 12910592
1345942 0
1346521 12910592
1346522 0
1346781 12910592
1346782 0
1363870 12910592
1363871 0
1364130 12910592
1364131 0
1364710 12910592
1364711 0
1364970 12910592
1364971 0
1382060 12910592
1382061 0
1382320 12910592
1382321 0
1382900 12910592
1382901 0
1383160 12910592
1383161 0
1400249 12910592
1400250 0
1400509 12910592
1400510 0
1401089 12910592
1401090 0
1401349 12910592
1401350 0
1418439 12910592
1418440 0
1418699 12910592
1418700 0
1419279 12910592
1419280 0
1419539 12910592
1419540 0
1436628 12910592
1436629 0
1436888 12910592
1436889 0
1437468 12910592
1437469 0
1437728 12910592
1437729 0
1454218 12910592
1454219 0
1454478 12910592
1454479 0
1455058 12910592
1455059 0
1455318 12910592
1455319 0
1471507 12910592
1471508 0
1471767 12910592
1471768 0
1472347 12910592
1472348 0
1472607 12910592
1472608 0
1490407 12910592
1490408 0
1490637 12910592
1490638 0
1491177 12910592
1491178 0
1491407 12910592
1491408 0
1510036 12910592
1510037 0
1510296 12910592
1510297 0
1510876 12910592
1510877 0
1511136 12910592
1511137 0
1528550 12910592
1528551 0
1528810 12910592
1528811 0
1529390 12910592
1529391 0
1529650 12910592
1529651 0
1547064 12910592
1547065 0
1547324 12910592
1547325 0
1547904 12910592
1547905 0
1548164 12910592
1548165 0
1565578 12910592
1565579 0
1565838 12910592
1565839 0
1566418 12910592
1566419 0
1566678 12910592
1566679 0
1584093 12910592
1584094 0
1584353 12910592
1584354 0
1584933 12910592
1584934 0
1585193 12910592
1585194 0
1602607 12910592
1602608 0
1602867 12910592
1602868 0
1603447 12910592
1603448 0
1603707 12910592
1603708 0
1621121 12910592
1621122 0
1621381 12910592
1621382 0
1621961 12910592
1621962 0
1622221 12910592
1622222 0
1639636 12910592
1639637 0
1639896 12910592
1639897 0
1640476 12910592
1640477 0
1640736 12910592
1640737 0
1658150 12910592
1658151 0
1658410 12910592
1658411 0
1658990 12910592
1658991 0
1659250 12910592
1659251 0
1676664 12910592
1676665 0
1676924 12910592
1676925 0
1677504 12910592
1677505 0
1677764 12910592
1677765 0
1695178 12910592
1695179 0
1695438 12910592
1695439 0
1696018 12910592
1696019 0
1696278 12910592
1696279 0
1713093 12910592
1713094 0
1713353 12910592
1713354 0
1713933 12910592
1713934 0
1714193 12910592
1714194 0
1730707 12910592
1730708 0
1730967 12910592
1730968 0
1731547 12910592
1731548 0
1731807 12910592
1731808 0
1749607 12910592
1749608 0
1749867 12910592
1749868 0
1750447 12910592
1750448 0
1750707 12910592
1750708 0
1768586 12910592
1768587 0
1768846 12910592
1768847 0
1769426 12910592
1769427 0
1769686 12910592
1769687 0
1786775 12910592
1786776 0
1787035 12910592
1787036 0
1787615 12910592
1787616 0
1787875 12910592
1787876 0
1804965 12910592
1804966 0
1805225 12910592
1805226 0
1805805 12910592
1805806 0
1806065 12910592
1806066 0
1823154 12910592
1823155 0
1823414 12910592
1823415 0
1823994 12910592
1823995 0
1824254 12910592
1824255 0
1841344 12910592
1841345 0
1841604 12910592
1841605 0
1842184 12910592
1842185 0
1842444 12910592
1842445 0
1859533 12910592
1859534 0
1859763 12910592
1859764 0
1860303 12910592
1860304 0
1860533 12910592
1860534 0
1877723 12910592
1877724 0
1877983 12910592
1877984 0
1878563 12910592
1878564 0
1878823 12910592
1878824 0
1895912 12910592
1895913 0
1896172 12910592
1896173 0
1896752 12910592
1896753 0
1897012 12910592
1897013 0
1914102 12910592
1914103 0
1914362 12910592
1914363 0
1914942 12910592
1914943 0
1915202 12910592
1915203 0
1932291 12910592
1932292 0
1932551 12910592
1932552 0
1933131 12910592
1933132 0
1933391 12910592
1933392 0
1950481 12910592
1950482 0
1950741 12910592
1950742 0
1951321 12910592
1951322 0
1951581 12910592
1951582 0
1968670 12910592
1968671 0
1968930 12910592
1968931 0
1969510 12910592
1969511 0
1969770 12910592
1969771 0
1986860 12910592
1986861 0
1987120 12910592
1987121 0
1987700 12910592
1987701 0
1987960 12910592
1987961 0
2005049 12910592
2005050 0
2005309 12910592
2005310 0
2005889 12910592
2005890 0
2006149 12910592
2006150 0
2023239 12910592
2023240 0
2023499 12910592
2023500 0
2024079 12910592
2024080 0
2024339 12910592
2024340 0
2041428 12910592
2041429 0
2041688 12910592
2041689 0
2042268 12910592
2042269 0
2042528 12910592
2042529 0
2059018 12910592
2059019 0
2059278 12910592
2059279 0
2059858 12910592
2059859 0
2060118 12910592
2060119 0
2076307 12910592
2076308 0
2076567 12910592
2076568 0
2077147 12910592
2077148 0
2077407 12910592
2077408 0
2095207 12910592
2095208 0
2095437 12910592
2095438 0
2095977 12910592
2095978 0
2096207 12910592
2096208 0
2114836 12910592
2114837 0
2115096 12910592
2115097 0
2115676 12910592
2115677 0
2115936 12910592
2115937 0
2133350 12910592
2133351 0
2133610 12910592
2133611 0
2134190 12910592
2134191 0
2134450 12910592
2134451 0
2151864 12910592
2151865 0
2152124 12910592
2152125 0
2152704 12910592
2152705 0
2152964 12910592
2152965 0
2170378 12910592
2170379 0
2170638 12910592
2170639 0
2171218 12910592
2171219 0
2171478 12910592
2171479 0
2188893 12910592
2188894 0
2189153 12910592
2189154 0
2189733 12910592
2189734 0
2189993 12910592
2189994 0
2207407 12910592
2207408 0
2207667 12910592
2207668 0
2208247 12910592
2208248 0
2208507 12910592
2208508 0
2225921 12910592
2225922 0
2226181 12910592
2226182 0
2226761 12910592
2226762 0
2227021 12910592
2227022 0
2244436 12910592
2244437 0
2244696 12910592
2244697 0
2245276 12910592
2245277 0
2245536 12910592
2245537 0
2262950 12910592
2262951 0
2263210 12910592
2263211 0
2263790 12910592
2263791 0
2264050 12910592
2264051 0
2281464 12910592
2281465 0
2281724 12910592
2281725 0
2282304 12910592
2282305 0
2282564 12910592
2282565 0
2299978 12910592
2299979 0
2300238 12910592
2300239 0
2300818 12910592
2300819 0
2301078 12910592
2301079 0
2317893 12910592
2317894 0
2318153 12910592
2318154 0
2318733 12910592
2318734 0
2318993 12910592
2318994 0
2335507 12910592
2335508 0
2335767 12910592
2335768 0
2336347 12910592
2336348 0
2336607 12910592
2336608 0
2354407 12910592
2354408 0
2354667 12910592
2354668 0
2355247 12910592
2355248 0
2355507 12910592
2355508 0
2373386 12910592
2373387 0
2373646 12910592
2373647 0
2374226 12910592
2374227 0
2374486 12910592
2374487 0
2391575 12910592
2391576 0
2391835 12910592
2391836 0
2392415 12910592
2392416 0
2392675 12910592
2392676 0
2409765 12910592
2409766 0
2410025 12910592
2410026 0
2410605 12910592
2410606 0
2410865 12910592
2410866 0
2427954 12910592
2427955 0
2428214 12910592
2428215 0
2428794 12910592
2428795 0
2429054 12910592
2429055 0
2446144 12910592
2446145 0
2446404 12910592
2446405 0
2446984 12910592
2446985 0
2447244 12910592
2447245 0
2464333 12910592
2464334 0
2464563 12910592
2464564 0
2465103 12910592
2465104 0
2465333 12910592
2465334 0
2482523 12910592
2482524 0
2482783 12910592
2482784 0
2483363 12910592
2483364 0
2483623 12910592
2483624 0
2500712 12910592
2500713 0
2500972 12910592
2500973 0
2501552 12910592
2501553 0
2501812 12910592
2501813 0
2537091 12910592
2537092 0
2537351 12910592
2537352 0
2537931 12910592
2537932 0
2538191 12910592
2538192 0
2555281 12910592
2555282 0
2555541 12910592
2555542 0
2556121 12910592
2556122 0
2556381 12910592
2556382 0
2573470 12910592
2573471 0
2573730 12910592
2573731 0
2574310 12910592
2574311 0
2574570 12910592
2574571 0
2591660 12910592
2591661 0
2591920 12910592
2591921 0
2592500 12910592
2592501 0
2592760 12910592
2592761 0
2609849 12910592
2609850 0
2610109 12910592
2610110 0
2610689 12910592
2610690 0
2610949 12910592
2610950 0
2628039 12910592
2628040 0
2628299 12910592
2628300 0
2628879 12910592
2628880 0
2629139 12910592
2629140 0
2646228 12910592
2646229 0
2646488 12910592
2646489 0
2647068 12910592
2647069 0
2647328 12910592
2647329 0
2663818 12910592
2663819 0
2664078 12910592
2664079 0
2664658 12910592
2664659 0
2664918 12910592
2664919 0
2681107 12910592
2681108 0
2681367 12910592
2681368 0
2681947 12910592
2681948 0
2682207 12910592
2682208 0
2701121 12910592
2701122 0
2701351 12910592
2701352 0
2701891 12910592
2701892 0
2702121 12910592
2702122 0
2719636 12910592
2719637 0
2719896 12910592
2719897 0
2720476 12910592
2720477 0
2720736 12910592
2720737 0
2738150 12910592
2738151 0
2738410 12910592
2738411 0
2738990 12910592
2738991 0
2739250 12910592
2739251 0
2756664 12910592
2756665 0
2756924 12910592
2756925 0
2757504 12910592
2757505 0
2757764 12910592
2757765 0
2775178 12910592
2775179 0
2775438 12910592
2775439 0
2776018 12910592
2776019 0
2776278 12910592
2776279 0
2793693 12910592
2793694 0
2793953 12910592
2793954 0
2794533 12910592
2794534 0
2794793 12910592
2794794 0
2812207 12910592
2812208 0
2812467 12910592
2812468 0
2813047 12910592
2813048 0
2813307 12910592
2813308 0
2830721 12910592
2830722 0
2830981 12910592
2830982 0
2831561 12910592
2831562 0
2831821 12910592
2831822 0
2849236 12910592
2849237 0
2849496 12910592
2849497 0
2850076 12910592
2850077 0
2850336 12910592
2850337 0
2867750 12910592
2867751 0
2868010 12910592
2868011 0
2868590 12910592
2868591 0
2868850 12910592
2868851 0
2886264 12910592
2886265 0
2886524 12910592
2886525 0
2887104 12910592
2887105 0
2887364 12910592
2887365 0
2904778 12910592
2904779 0
2905038 12910592
2905039 0
2905618 12910592
2905619 0
2905878 12910592
2905879 0
2922693 12910592
2922694 0
2922953 12910592
2922954 0
2923533 12910592
2923534 0
2923793 12910592
2923794 0
2940307 12910592
2940308 0
2940567 12910592
2940568 0
2941147 12910592
2941148 0
2941407 12910592
2941408 0
2959207 12910592
2959208 0
2959467 12910592
2959468 0
2960047 12910592
2960048 0
2960307 12910592
2960308 0
2978186 12910592
2978187 0
2978446 12910592
2978447 0
2979026 12910592
2979027 0
2979286 12910592
2979287 0
2996375 12910592
2996376 0
2996635 12910592
2996636 0
2997215 12910592
2997216 0
2997475 12910592
2997476 0
3014565 12910592
3014566 0
3014825 12910592
3014826 0
3015405 12910592
3015406 0
3015665 12910592
3015666 0
3032754 12910592
3032755 0
3033014 12910592
3033015 0
3033594 12910592
3033595 0
3033854 12910592
3033855 0
3050944 12910592
3050945 0
3051204 12910592
3051205 0
3051784 12910592
3051785 0
3052044 12910592
3052045 0
3069133 12910592
3069134 0
3069363 12910592
3069364 0
3069903 12910592
3069904 0
3070133 12910592
3070134 0
3087323 12910592
3087324 0
3087583 12910592
3087584 0
3088163 12910592
3088164 0
3088423 12910592
3088424 0
3105512 12910592
3105513 0
3105772 12910592
3105773 0
3106352 12910592
3106353 0
3106612 12910592
3106613 0
3123702 12910592
3123703 0
3123962 12910592
3123963 0
3124542 12910592
3124543 0
3124802 12910592
3124803 0
3140107 12910592
3140108 0
3140337 12910592
3140338 0
3140877 12910592
3140878 0
3141107 12910592
3141108 0
3160081 12910592
3160082 0
3160341 12910592
3160342 0
3160921 12910592
3160922 0
3161181 12910592
3161182 0
3178270 12910592
3178271 0
3178530 12910592
3178531 0
3179110 12910592
3179111 0
3179370 12910592
3179371 0
3196460 12910592
3196461 0
3196720 12910592
3196721 0
3197300 12910592
3197301 0
3197560 12910592
3197561 0
3214649 12910592
3214650 0
3214909 12910592
3214910 0
3215489 12910592
3215490 0
3215749 12910592
3215750 0
3232839 12910592
3232840 0
3233099 12910592
3233100 0
3233679 12910592
3233680 0
3233939 12910592
3233940 0
3251028 12910592
3251029 0
3251288 12910592
3251289 0
3251868 12910592
3251869 0
3252128 12910592
3252129 0
3268618 12910592
3268619 0
3268878 12910592
3268879 0
3269458 12910592
3269459 0
3269718 12910592
3269719 0
3285907 12910592
3285908 0
3286167 12910592
3286168 0
3286747 12910592
3286748 0
3287007 12910592
3287008 0
4 events for L
866730 0
866731 18
3285930 0
3285931 18
31 events for M
260192 0
277712 1370
519392 0
536912 1370
864992 0
882692 600
882872 1300
1122752 600
1122952 0
1141892 600
1142072 1300
1469236 700
1469281 0
1487492 600
1487732 1300
1728552 700
1728597 0
1746692 600
1746932 1300
2073892 700
2073937 0
2092112 1300
2333911 0
2351312 1300
2679511 0
2690912 1300
2938711 0
2956112 1300
3284311 0
3296192 600
3296372 1300
242 events for N
130 906
11739 0
16119 906
29527 0
35707 906
47315 0
50474 906
65103 0
71283 906
82892 0
85172 906
93674 0
95054 593
99684 0
106560 593
110404 0
112094 593
117984 0
121694 593
125644 0
127454 593
133935 0
139244 1500
145264 0
146564 1500
152584 0
162854 215
174274 0
231378 906
242386 0
247574 906
255974 0
282854 906
297803 0
303983 906
316317 0
317817 906
334831 0
378040 906
390374 0
391874 906
408588 0
467011 906
482774 0
489425 906
496574 0
498314 906
500860 0
502960 906
518474 0
569654 906
570434 0
577122 906
592732 0
598912 906
610921 0
656054 906
656834 0
708049 906
720058 0
722338 906
739193 0
818054 906
818834 0
887654 906
901574 0
908783 906
939631 0
945811 906
957974 0
960425 906
976660 0
982840 906
995174 0
996674 906
1001174 0
1047254 906
1048304 0
1144754 906
1161153 0
1167333 906
1173974 0
1174994 906
1179014 0
1181494 906
1197494 0
1203712 906
1215421 0
1218001 906
1233671 0
1240091 906
1251740 0
1255700 906
1269870 0
1320640 906
1321670 0
1404475 906
1405215 0
1440165 1500
1445344 0
1450844 479
1452084 0
1453564 479
1455674 1500
1461654 0
1467314 479
1469374 0
1491414 906
1506556 0
1513874 906
1523304 0
1528497 906
1544131 0
1550611 906
1562645 0
1565525 906
1581460 0
1587640 906
1599674 0
1602554 906
1618188 0
1624154 1087
1626864 0
1627368 215
1638788 0
1698714 1600
1708899 0
1713854 906
1714754 1500
1721237 0
1722304 1500
1725204 0
1749554 906
1765953 0
1772133 906
1784142 0
1785642 906
1802332 0
1808512 906
1820521 0
1846201 906
1846941 0
1927201 906
1927951 0
2045135 593
2055824 0
2058664 906
2059414 593
2072254 0
2096214 906
2111174 0
2118383 906
2130717 0
2132997 906
2149231 0
2155411 906
2167745 0
2170025 906
2186260 0
2192440 906
2204774 0
2207814 906
2223453 0
2229468 906
2241803 0
2244083 906
2259503 0
2266497 906
2278831 0
2280371 906
2297345 0
2303525 906
2315260 0
2317840 906
2332874 0
2354354 906
2370753 0
2376933 906
2388494 0
2390482 906
2406882 0
2413312 906
2425192 0
2427601 906
2443511 0
2449691 906
2461700 0
2465340 906
2479890 0
2486070 906
2498079 0
2500359 906
2513774 0
2527154 906
2534458 0
2536738 906
2552228 0
2554308 906
2570657 0
2577017 906
2588907 0
2591427 906
2599274 0
2649775 1714
2661185 0
2662725 906
2663465 1714
2678474 0
2695754 1714
2698488 0
2698668 215
2710144 0
2713968 1714
2717003 0
2740174 1500
2746189 0
2760364 1500
2766374 0
2798414 906
2799164 0
2908325 906
2920060 0
2921600 906
2937674 0
2959154 906
2975553 0
2981733 906
2988694 0
3032521 906
3048011 0
3055274 906
3061594 0
3149993 906
3157448 0
3158988 906
3175637 0
3181877 906
3193827 0
3231746 906
3248395 0
3254575 906
3265985 0
235 events for O
26885 1727
34084 2754
62885 1727
70084 2754
98885 1727
106084 2754
151085 1727
160084 1830
187085 1727
196084 1830
223085 1727
223095 3917
232084 4021
242884 4944
244695 2754
258785 1727
280684 2754
295085 1727
302284 2754
331085 1727
338284 1830
370685 1727
377884 1830
406685 1727
413884 1830
442685 1727
449884 2754
480485 1727
487684 2754
519485 1727
522195 1664
522495 1727
525495 3917
538084 4944
556085 3917
561484 4944
588485 3917
590295 1727
599284 2754
611857 1471
628085 444
635284 1471
664085 444
671284 1471
700085 444
707284 1471
709095 3662
752285 2635
761284 2738
763886 2685
790085 2581
800884 3608
813086 3662
813495 1471
826085 444
833284 548
865085 444
865362 0
865363 444
867495 382
867795 444
883684 548
901685 444
907084 1471
914295 3662
914317 4944
935885 3917
946684 4944
950295 2754
957517 1471
966484 548
975485 444
982684 548
996866 798
1011485 695
1018684 798
1040306 548
1047485 444
1058284 1471
1087085 444
1094284 1471
1123985 444
1144684 1471
1159085 444
1166284 1471
1195085 444
1202284 1471
1213095 1409
1213395 1471
1231085 444
1240084 548
1263495 2738
1268885 2635
1276084 2738
1299495 548
1304885 444
1310284 548
1322885 444
1331884 548
1358885 444
1367884 548
1385895 485
1386195 2738
1394885 2635
1403884 3662
1411117 4944
1432685 3917
1439884 4944
1454262 5195
1469585 4168
1488484 5195
1497506 4944
1497517 3662
1501095 1471
1506485 444
1511884 1471
1522684 548
1542485 444
1551484 548
1562295 485
1562595 548
1580285 444
1587484 1471
1616285 444
1627084 548
1652285 444
1659484 548
1691885 444
1699084 548
1729085 444
1731495 382
1731795 444
1749484 548
1763885 444
1771084 548
1771095 2738
1799885 2635
1807084 3662
1835885 2635
1843084 2738
1850295 548
1850306 798
1873685 695
1882684 798
1904295 736
1904306 485
1904595 548
1909685 444
1915084 548
1927685 444
1936684 548
1963685 444
1972684 548
1999685 444
2008684 1471
2037485 444
2044684 548
2074685 444
2095084 548
2111285 444
2116684 548
2149085 444
2156284 548
2185085 444
2192284 548
2221085 444
2230084 548
2250195 485
2250495 548
2257085 444
2266084 548
2294885 444
2303884 548
2333885 444
2354284 548
2369885 444
2375884 548
2404685 444
2411884 548
2440685 444
2447884 548
2479085 444
2483884 548
2512685 444
2527084 548
2568485 444
2577484 548
2595495 2738
2604485 2635
2613484 2738
2615295 548
2642285 444
2649484 548
2679485 444
2681874 240
2692684 344
2696295 2534
2714285 2431
2714295 240
2721484 344
2752085 240
2761084 344
2789885 240
2797084 344
2825885 240
2836684 344
2861885 240
2870884 344
2899685 240
2906884 344
2938685 240
2959084 344
2973485 240
2980684 344
3009485 240
3016684 344
3045485 240
3056284 344
3083285 240
3088684 344
3119285 240
3124684 344
3173285 240
3182284 344
3200595 281
3200895 344
3211085 240
3218284 344
3247085 240
3254284 344
3284285 240
3284562 0
3284563 240
3287595 178
3287895 240
4 events for P
868193 0
868194 74
3287393 0
3287394 74
