16 instruments
A 10 100 8192 3200000000
B 10 100 2665037.1650940888 921958803.05957663
C 10 100 352362.70723718189 299636114.68177354
D 10 100 4367744.2331614867 2240000119.5770016
E 10 100 0.00017956089109901502 925410610.77784157
F 10 100 24955.266722182481 180753403.14844713
G 10 100 1517960000 4000000000
H 10 100 47192398.279190399 1501427445.7644184
I 10 100 0.000155227 800000000
J 10 100 40530.039409419333 54204511.969197564
K 10 100 0.00018113117344584602 933503441.77673233
L 10 100 199466000 880000000
M 10 100 804865230.11019051 7419592213.7182751
N 10 100 5910082.7758317869 3030989320.3134623
O 10 100 0 275897579.9041419
P 10 100 2022727.6804039259 699754440.78838515
140 downlinks
0 4798 53082 56661.696495999997
1 53083 65378 56748.807657999998
2 69583 81788 58852.465277000003
3 101982 128282 17334.486729
4 134983 177358 60764.045818999999
5 177359 224775 24005.080918
6 232481 236678 18969.341575999999
7 242081 263441 18036.499982000001
8 286480 298552 52719.905522000001
9 307554 338163 54389.954824
10 362078 373852 17991.02982
11 393839 435558 61717.871531999997
12 436206 481755 24930.695499000001
13 500677 524316 22398.438724
14 539312 567759 17244.778962
15 570575 582913 18220.925300999999
16 599675 611235 58678.576760000004
17 614434 654273 58555.537063999996
18 654274 669159 18992.23504
19 686974 723495 13796.402593000001
20 738990 777271 59962.626314000001
21 777272 783181 23204.996364999999
22 800612 823747 60314.874481999999
23 826171 842579 18020.649063000001
24 884912 912352 17416.188300000002
25 938369 958655 17116.766715000002
26 959367 965865 60234.572946
27 969867 989960 16963.427941999998
28 997858 1040196 60809.052052999999
29 1040197 1065276 23716.228502000002
30 1065865 1073367 18029.108412000001
31 1077025 1080105 60100.563959999999
32 1144112 1170537 17729.224104000001
33 1203863 1215945 17589.138943000002
34 1218621 1250960 58302.529763999999
35 1250961 1268405 18080.346756999999
36 1276761 1304397 55874.873438000002
37 1310359 1333585 60291.091052000003
38 1343024 1385346 60832.041154999999
39 1385347 1423456 24945.773354000001
40 1423457 1447270 18650.039686
41 1489712 1515327 17801.393711000001
42 1515760 1518903 18241.361444999999
43 1535354 1558187 24067.369501000001
44 1559352 1583335 56712.888793999999
45 1609452 1618307 58370.132263
46 1621823 1642663 58005.525035999999
47 1644214 1682049 24930.123806
48 1682050 1703223 16739.689300999999
49 1748912 1773479 18181.419744999999
50 1795447 1821063 18610.315675999998
51 1822505 1860893 59847.283359000001
52 1862345 1878420 18063.419893999999
53 1883045 1907850 18186.627066000001
54 1908902 1924749 56843.492619999997
55 1947082 1980541 9175.5815739999998
56 1980542 1992031 9288.5908459999991
57 1995299 2033298 29976.478185
58 2035439 2052476 8340.6453669999992
59 2061839 2072142 28164.287346000001
60 2094512 2117095 9615.6592349999992
61 2139237 2167733 8936.4976299999998
62 2167734 2171557 29078.912095
63 2187234 2194681 8738.7729049999998
64 2212862 2248251 9283.3064869999998
65 2248252 2294030 9136.56639
66 2294031 2310438 8867.2325060000003
67 2325865 2330271 30843.021497000002
68 2353712 2370481 8651.5363890000008
69 2372028 2394935 8598.6086899999991
70 2397828 2426324 28620.571626000001
71 2426325 2437245 29488.2804
72 2440485 2462885 29574.456625999999
73 2468925 2482262 8990.2936559999998
74 2484825 2513707 27889.095755999999
75 2515722 2525851 27279.489213000001
76 2528702 2531927 29339.122920000002
77 2538222 2547048 30467.823106
78 2556522 2568072 9273.8508989999991
79 2571327 2592563 28091.132868000001
80 2593425 2637464 9462.077765
81 2637465 2652798 8739.387213
82 2693312 2708216 27177.101999999999
83 2723765 2747874 28867.988366000001
84 2748815 2771343 8757.0573490000006
85 2810066 2852314 30482.278361000001
86 2852315 2889208 9337.789702
87 2889209 2917670 8515.7706749999998
88 2958512 2973395 8900.7025030000004
89 2975605 3001394 8778.3355150000007
90 3001405 3029777 29886.497736000001
91 3032302 3059543 29243.536622
92 3060262 3064475 26517.245249
93 3068971 3083243 8834.4018649999998
94 3102502 3113877 9457.9623840000004
95 3125898 3145794 28164.872808
96 3155273 3197502 30503.298975000002
97 3197503 3219918 8691.2845450000004
98 3220394 3230389 8525.9525360000007
99 3233054 3236807 28086.786929000002
100 3298112 3326056 9305.8530659999997
101 3327880 3332394 9003.7058219999999
102 3357791 3373552 29720.859928999998
103 3406545 3410202 28196.056719
104 3414184 3430897 8724.7512220000008
105 3432487 3459822 9238.0711549999996
106 3460743 3500487 29465.914934
107 3500488 3508464 8736.7051790000005
108 3531483 3545497 8623.2506759999997
109 3557312 3579561 8421.9856619999991
110 3583802 3603661 27549.328343000001
111 3615479 3632738 29572.320551000001
112 3635035 3665174 29086.290951999999
113 3665275 3693950 8813.8421070000004
114 3702175 3719141 29493.047434
115 3727071 3750562 27435.630709000001
116 3751453 3762981 29792.428981000001
117 3766071 3775954 8997.6095590000004
118 3778971 3802158 26654.011493000002
119 3816512 3839637 8664.3956859999998
120 3839867 3865726 8910.3347130000002
121 3908912 3928909 9263.3037550000008
122 3932018 3938250 8194.1372179999998
123 3949963 3962626 8812.3468479999992
124 3981459 3983290 28513.272391999999
125 4010134 4014295 29797.943813000002
126 4018326 4053158 9287.2106050000002
127 4053159 4063911 9493.8769009999996
128 4067315 4103395 29841.66733
129 4104634 4109312 9031.5484039999992
130 4168112 4179742 27058.173078
131 4181851 4185408 27764.822221999999
132 4189351 4205953 8866.3210920000001
133 4217838 4229998 30200.423556999998
134 4233110 4237954 9259.4321029999992
135 4242146 4266217 9457.3783449999992
136 4267946 4271774 29542.407908000001
137 4277252 4292095 8564.5545529999999
138 4301246 4323915 9335.3412189999999
139 4326442 4355168 27874.981927000001
0 opportunities for A
0 opportunities for B
0 opportunities for C
0 opportunities for D
0 opportunities for E
0 opportunities for F
0 opportunities for G
0 opportunities for H
0 opportunities for I
0 opportunities for J
0 opportunities for K
0 opportunities for L
0 opportunities for M
0 opportunities for N
0 opportunities for O
0 opportunities for P
1868 events for A
11576 12910592
11577 0
11806 12910592
11807 0
12346 12910592
12347 0
12576 12910592
12577 0
29364 12910592
29365 0
29624 12910592
29625 0
30204 12910592
30205 0
30464 12910592
30465 0
47152 12910592
47153 0
47412 12910592
47413 0
47992 12910592
47993 0
48252 12910592
48253 0
64940 12910592
64941 0
65200 12910592
65201 0
65780 12910592
65781 0
66040 12910592
66041 0
82729 12910592
82730 0
82989 12910592
82990 0
83569 12910592
83570 0
83829 12910592
83830 0
100517 12910592
100518 0
100777 12910592
100778 0
101357 12910592
101358 0
101617 12910592
101618 0
118305 12910592
118306 0
118565 12910592
118566 0
119145 12910592
119146 0
119405 12910592
119406 0
136093 12910592
136094 0
136353 12910592
136354 0
136933 12910592
136934 0
137193 12910592
137194 0
153882 12910592
153883 0
154142 12910592
154143 0
154722 12910592
154723 0
154982 12910592
154983 0
171670 12910592
171671 0
171930 12910592
171931 0
172510 12910592
172511 0
172770 12910592
172771 0
189458 12910592
189459 0
189718 12910592
189719 0
190298 12910592
190299 0
190558 12910592
190559 0
207246 12910592
207247 0
207506 12910592
207507 0
208086 12910592
208087 0
208346 12910592
208347 0
225035 12910592
225036 0
225295 12910592
225296 0
225875 12910592
225876 0
226135 12910592
226136 0
242223 12910592
242224 0
242483 12910592
242484 0
243063 12910592
243064 0
243323 12910592
243324 0
259111 12910592
259112 0
259371 12910592
259372 0
259951 12910592
259952 0
260211 12910592
260212 0
278011 12910592
278012 0
278241 12910592
278242 0
278781 12910592
278782 0
279011 12910592
279012 0
297640 12910592
297641 0
297900 12910592
297901 0
298480 12910592
298481 0
298740 12910592
298741 0
316154 12910592
316155 0
316414 12910592
316415 0
316994 12910592
316995 0
317254 12910592
317255 0
334668 12910592
334669 0
334928 12910592
334929 0
335508 12910592
335509 0
335768 12910592
335769 0
353182 12910592
353183 0
353442 12910592
353443 0
354022 12910592
354023 0
354282 12910592
354283 0
371697 12910592
371698 0
371957 12910592
371958 0
372537 12910592
372538 0
372797 12910592
372798 0
390211 12910592
390212 0
390471 12910592
390472 0
391051 12910592
391052 0
391311 12910592
391312 0
408725 12910592
408726 0
408985 12910592
408986 0
409565 12910592
409566 0
409825 12910592
409826 0
427240 12910592
427241 0
427500 12910592
427501 0
428080 12910592
428081 0
428340 12910592
428341 0
445754 12910592
445755 0
446014 12910592
446015 0
446594 12910592
446595 0
446854 12910592
446855 0
464268 12910592
464269 0
464528 12910592
464529 0
465108 12910592
465109 0
465368 12910592
465369 0
482782 12910592
482783 0
483042 12910592
483043 0
483622 12910592
483623 0
483882 12910592
483883 0
500697 12910592
500698 0
500957 12910592
500958 0
501537 12910592
501538 0
501797 12910592
501798 0
518311 12910592
518312 0
518571 12910592
518572 0
519151 12910592
519152 0
519411 12910592
519412 0
537211 12910592
537212 0
537471 12910592
537472 0
538051 12910592
538052 0
538311 12910592
538312 0
556190 12910592
556191 0
556450 12910592
556451 0
557030 12910592
557031 0
557290 12910592
557291 0
574379 12910592
574380 0
574639 12910592
574640 0
575219 12910592
575220 0
575479 12910592
575480 0
592569 12910592
592570 0
592829 12910592
592830 0
593409 12910592
593410 0
593669 12910592
593670 0
610758 12910592
610759 0
611018 12910592
611019 0
611598 12910592
611599 0
611858 12910592
611859 0
628948 12910592
628949 0
629208 12910592
629209 0
629788 12910592
629789 0
630048 12910592
630049 0
647137 12910592
647138 0
647367 12910592
647368 0
647907 12910592
647908 0
648137 12910592
648138 0
665327 12910592
665328 0
665587 12910592
665588 0
666167 12910592
666168 0
666427 12910592
666428 0
683516 12910592
683517 0
683776 12910592
683777 0
684356 12910592
684357 0
684616 12910592
684617 0
701706 12910592
701707 0
701966 12910592
701967 0
702546 12910592
702547 0
702806 12910592
702807 0
719895 12910592
719896 0
720155 12910592
720156 0
720735 12910592
720736 0
720995 12910592
720996 0
738085 12910592
738086 0
738345 12910592
738346 0
738925 12910592
738926 0
739185 12910592
739186 0
756274 12910592
756275 0
756534 12910592
756535 0
757114 12910592
757115 0
757374 12910592
757375 0
774464 12910592
774465 0
774724 12910592
774725 0
775304 12910592
775305 0
775564 12910592
775565 0
792653 12910592
792654 0
792913 12910592
792914 0
793493 12910592
793494 0
793753 12910592
793754 0
810843 12910592
810844 0
811103 12910592
811104 0
811683 12910592
811684 0
811943 12910592
811944 0
829032 12910592
829033 0
829292 12910592
829293 0
829872 12910592
829873 0
830132 12910592
830133 0
846622 12910592
846623 0
846882 12910592
846883 0
847462 12910592
847463 0
847722 12910592
847723 0
863911 12910592
863912 0
864171 12910592
864172 0
864751 12910592
864752 0
865011 12910592
865012 0
882811 12910592
882812 0
883041 12910592
883042 0
883581 12910592
883582 0
883811 12910592
883812 0
902440 12910592
902441 0
902700 12910592
902701 0
903280 12910592
903281 0
903540 12910592
903541 0
920954 12910592
920955 0
921214 12910592
921215 0
921794 12910592
921795 0
922054 12910592
922055 0
939468 12910592
939469 0
939728 12910592
939729 0
940308 12910592
940309 0
940568 12910592
940569 0
957982 12910592
957983 0
958242 12910592
958243 0
958822 12910592
958823 0
959082 12910592
959083 0
976497 12910592
976498 0
976757 12910592
976758 0
977337 12910592
977338 0
977597 12910592
977598 0
995011 12910592
995012 0
995271 12910592
995272 0
995851 12910592
995852 0
996111 12910592
996112 0
1013525 12910592
1013526 0
1013785 12910592
1013786 0
1014365 12910592
1014366 0
1014625 12910592
1014626 0
1032040 12910592
1032041 0
1032300 12910592
1032301 0
1032880 12910592
1032881 0
1033140 12910592
1033141 0
1050554 12910592
1050555 0
1050814 12910592
1050815 0
1051394 12910592
1051395 0
1051654 12910592
1051655 0
1069068 12910592
1069069 0
1069328 12910592
1069329 0
1069908 12910592
1069909 0
1070168 12910592
1070169 0
1087582 12910592
1087583 0
1087842 12910592
1087843 0
1088422 12910592
1088423 0
1088682 12910592
1088683 0
1105497 12910592
1105498 0
1105757 12910592
1105758 0
1106337 12910592
1106338 0
1106597 12910592
1106598 0
1123111 12910592
1123112 0
1123371 12910592
1123372 0
1123951 12910592
1123952 0
1124211 12910592
1124212 0
1142011 12910592
1142012 0
1142271 12910592
1142272 0
1142851 12910592
1142852 0
1143111 12910592
1143112 0
1160990 12910592
1160991 0
1161250 12910592
1161251 0
1161830 12910592
1161831 0
1162090 12910592
1162091 0
1179179 12910592
1179180 0
1179439 12910592
1179440 0
1180019 12910592
1180020 0
1180279 12910592
1180280 0
1197369 12910592
1197370 0
1197629 12910592
1197630 0
1198209 12910592
1198210 0
1198469 12910592
1198470 0
1215558 12910592
1215559 0
1215818 12910592
1215819 0
1216398 12910592
1216399 0
1216658 12910592
1216659 0
1233748 12910592
1233749 0
1234008 12910592
1234009 0
1234588 12910592
1234589 0
1234848 12910592
1234849 0
1251937 12910592
1251938 0
1252167 12910592
1252168 0
1252707 12910592
1252708 0
1252937 12910592
1252938 0
1270127 12910592
1270128 0
1270387 12910592
1270388 0
1270967 12910592
1270968 0
1271227 12910592
1271228 0
1288316 12910592
1288317 0
1288576 12910592
1288577 0
1289156 12910592
1289157 0
1289416 12910592
1289417 0
1306506 12910592
1306507 0
1306766 12910592
1306767 0
1307346 12910592
1307347 0
1307606 12910592
1307607 0
1324695 12910592
1324696 0
1324955 12910592
1324956 0
1325535 12910592
1325536 0
1325795 12910592
1325796 0
1342885 12910592
1342886 0
1343145 12910592
1343146 0
1343725 12910592
1343726 0
1343985 12910592
1343986 0
1361074 12910592
1361075 0
1361334 12910592
1361335 0
1361914 12910592
1361915 0
1362174 12910592
1362175 0
1379264 12910592
1379265 0
1379524 12910592
1379525 0
1380104 12910592
1380105 0
1380364 12910592
1380365 0
1397453 12910592
1397454 0
1397713 12910592
1397714 0
1398293 12910592
1398294 0
1398553 12910592
1398554 0
1415643 12910592
1415644 0
1415903 12910592
1415904 0
1416483 12910592
1416484 0
1416743 12910592
1416744 0
1433832 12910592
1433833 0
1434092 12910592
1434093 0
1434672 12910592
1434673 0
1434932 12910592
1434933 0
1451422 12910592
1451423 0
1451682 12910592
1451683 0
1452262 12910592
1452263 0
1452522 12910592
1452523 0
1468711 12910592
1468712 0
1468971 12910592
1468972 0
1469551 12910592
1469552 0
1469811 12910592
1469812 0
1487611 12910592
1487612 0
1487841 12910592
1487842 0
1488381 12910592
1488382 0
1488611 12910592
1488612 0
1507240 12910592
1507241 0
1507500 12910592
1507501 0
1508080 12910592
1508081 0
1508340 12910592
1508341 0
1525754 12910592
1525755 0
1526014 12910592
1526015 0
1526594 12910592
1526595 0
1526854 12910592
1526855 0
1544268 12910592
1544269 0
1544528 12910592
1544529 0
1545108 12910592
1545109 0
1545368 12910592
1545369 0
1562782 12910592
1562783 0
1563042 12910592
1563043 0
1563622 12910592
1563623 0
1563882 12910592
1563883 0
1581297 12910592
1581298 0
1581557 12910592
1581558 0
1582137 12910592
1582138 0
1582397 12910592
1582398 0
1599811 12910592
1599812 0
1600071 12910592
1600072 0
1600651 12910592
1600652 0
1600911 12910592
1600912 0
1618325 12910592
1618326 0
1618585 12910592
1618586 0
1619165 12910592
1619166 0
1619425 12910592
1619426 0
1636840 12910592
1636841 0
1637100 12910592
1637101 0
1637680 12910592
1637681 0
1637940 12910592
1637941 0
1655354 12910592
1655355 0
1655614 12910592
1655615 0
1656194 12910592
1656195 0
1656454 12910592
1656455 0
1673868 12910592
1673869 0
1674128 12910592
1674129 0
1674708 12910592
1674709 0
1674968 12910592
1674969 0
1692382 12910592
1692383 0
1692642 12910592
1692643 0
1693222 12910592
1693223 0
1693482 12910592
1693483 0
1710297 12910592
1710298 0
1710557 12910592
1710558 0
1711137 12910592
1711138 0
1711397 12910592
1711398 0
1727911 12910592
1727912 0
1728171 12910592
1728172 0
1728751 12910592
1728752 0
1729011 12910592
1729012 0
1746811 12910592
1746812 0
1747071 12910592
1747072 0
1747651 12910592
1747652 0
1747911 12910592
1747912 0
1765790 12910592
1765791 0
1766050 12910592
1766051 0
1766630 12910592
1766631 0
1766890 12910592
1766891 0
1783979 12910592
1783980 0
1784239 12910592
1784240 0
1784819 12910592
1784820 0
1785079 12910592
1785080 0
1802169 12910592
1802170 0
1802429 12910592
1802430 0
1803009 12910592
1803010 0
1803269 12910592
1803270 0
1820358 12910592
1820359 0
1820618 12910592
1820619 0
1821198 12910592
1821199 0
1821458 12910592
1821459 0
1838548 12910592
1838549 0
1838808 12910592
1838809 0
1839388 12910592
1839389 0
1839648 12910592
1839649 0
1856737 12910592
1856738 0
1856967 12910592
1856968 0
1857507 12910592
1857508 0
1857737 12910592
1857738 0
1874927 12910592
1874928 0
1875187 12910592
1875188 0
1875767 12910592
1875768 0
1876027 12910592
1876028 0
1893116 12910592
1893117 0
1893376 12910592
1893377 0
1893956 12910592
1893957 0
1894216 12910592
1894217 0
1911306 12910592
1911307 0
1911566 12910592
1911567 0
1912146 12910592
1912147 0
1912406 12910592
1912407 0
1929495 12910592
1929496 0
1929755 12910592
1929756 0
1930335 12910592
1930336 0
1930595 12910592
1930596 0
1947685 12910592
1947686 0
1947945 12910592
1947946 0
1948525 12910592
1948526 0
1948785 12910592
1948786 0
1965874 12910592
1965875 0
1966134 12910592
1966135 0
1966714 12910592
1966715 0
1966974 12910592
1966975 0
1984064 12910592
1984065 0
1984324 12910592
1984325 0
1984904 12910592
1984905 0
1985164 12910592
1985165 0
2002253 12910592
2002254 0
2002513 12910592
2002514 0
2003093 12910592
2003094 0
2003353 12910592
2003354 0
2020443 12910592
2020444 0
2020703 12910592
2020704 0
2021283 12910592
2021284 0
2021543 12910592
2021544 0
2038632 12910592
2038633 0
2038892 12910592
2038893 0
2039472 12910592
2039473 0
2039732 12910592
2039733 0
2056222 12910592
2056223 0
2056482 12910592
2056483 0
2057062 12910592
2057063 0
2057322 12910592
2057323 0
2073511 12910592
2073512 0
2073771 12910592
2073772 0
2074351 12910592
2074352 0
2074611 12910592
2074612 0
2092411 12910592
2092412 0
2092641 12910592
2092642 0
2093181 12910592
2093182 0
2093411 12910592
2093412 0
2112040 12910592
2112041 0
2112300 12910592
2112301 0
2112880 12910592
2112881 0
2113140 12910592
2113141 0
2130554 12910592
2130555 0
2130814 12910592
2130815 0
2131394 12910592
2131395 0
2131654 12910592
2131655 0
2149068 12910592
2149069 0
2149328 12910592
2149329 0
2149908 12910592
2149909 0
2150168 12910592
2150169 0
2167582 12910592
2167583 0
2167842 12910592
2167843 0
2168422 12910592
2168423 0
2168682 12910592
2168683 0
2186097 12910592
2186098 0
2186357 12910592
2186358 0
2186937 12910592
2186938 0
2187197 12910592
2187198 0
2204611 12910592
2204612 0
2204871 12910592
2204872 0
2205451 12910592
2205452 0
2205711 12910592
2205712 0
2223125 12910592
2223126 0
2223385 12910592
2223386 0
2223965 12910592
2223966 0
2224225 12910592
2224226 0
2241640 12910592
2241641 0
2241900 12910592
2241901 0
2242480 12910592
2242481 0
2242740 12910592
2242741 0
2260154 12910592
2260155 0
2260414 12910592
2260415 0
2260994 12910592
2260995 0
2261254 12910592
2261255 0
2278668 12910592
2278669 0
2278928 12910592
2278929 0
2279508 12910592
2279509 0
2279768 12910592
2279769 0
2297182 12910592
2297183 0
2297442 12910592
2297443 0
2298022 12910592
2298023 0
2298282 12910592
2298283 0
2315097 12910592
2315098 0
2315357 12910592
2315358 0
2315937 12910592
2315938 0
2316197 12910592
2316198 0
2332711 12910592
2332712 0
2332971 12910592
2332972 0
2333551 12910592
2333552 0
2333811 12910592
2333812 0
2351611 12910592
2351612 0
2351871 12910592
2351872 0
2352451 12910592
2352452 0
2352711 12910592
2352712 0
2370590 12910592
2370591 0
2370850 12910592
2370851 0
2371430 12910592
2371431 0
2371690 12910592
2371691 0
2388779 12910592
2388780 0
2389039 12910592
2389040 0
2389619 12910592
2389620 0
2389879 12910592
2389880 0
2406969 12910592
2406970 0
2407229 12910592
2407230 0
2407809 12910592
2407810 0
2408069 12910592
2408070 0
2425158 12910592
2425159 0
2425418 12910592
2425419 0
2425998 12910592
2425999 0
2426258 12910592
2426259 0
2443348 12910592
2443349 0
2443608 12910592
2443609 0
2444188 12910592
2444189 0
2444448 12910592
2444449 0
2461537 12910592
2461538 0
2461767 12910592
2461768 0
2462307 12910592
2462308 0
2462537 12910592
2462538 0
2479727 12910592
2479728 0
2479987 12910592
2479988 0
2480567 12910592
2480568 0
2480827 12910592
2480828 0
2497916 12910592
2497917 0
2498176 12910592
2498177 0
2498756 12910592
2498757 0
2499016 12910592
2499017 0
2534295 12910592
2534296 0
2534555 12910592
2534556 0
2535135 12910592
2535136 0
2535395 12910592
2535396 0
2552485 12910592
2552486 0
2552745 12910592
2552746 0
2553325 12910592
2553326 0
2553585 12910592
2553586 0
2570674 12910592
2570675 0
2570934 12910592
2570935 0
2571514 12910592
2571515 0
2571774 12910592
2571775 0
2588864 12910592
2588865 0
2589124 12910592
2589125 0
2589704 12910592
2589705 0
2589964 12910592
2589965 0
2607053 12910592
2607054 0
2607313 12910592
2607314 0
2607893 12910592
2607894 0
2608153 12910592
2608154 0
2625243 12910592
2625244 0
2625503 12910592
2625504 0
2626083 12910592
2626084 0
2626343 12910592
2626344 0
2643432 12910592
2643433 0
2643692 12910592
2643693 0
2644272 12910592
2644273 0
2644532 12910592
2644533 0
2661022 12910592
2661023 0
2661282 12910592
2661283 0
2661862 12910592
2661863 0
2662122 12910592
2662123 0
2678311 12910592
2678312 0
2678571 12910592
2678572 0
2679151 12910592
2679152 0
2679411 12910592
2679412 0
2698325 12910592
2698326 0
2698555 12910592
2698556 0
2699095 12910592
2699096 0
2699325 12910592
2699326 0
2716840 12910592
2716841 0
2717100 12910592
2717101 0
2717680 12910592
2717681 0
2717940 12910592
2717941 0
2735354 12910592
2735355 0
2735614 12910592
2735615 0
2736194 12910592
2736195 0
2736454 12910592
2736455 0
2753868 12910592
2753869 0
2754128 12910592
2754129 0
2754708 12910592
2754709 0
2754968 12910592
2754969 0
2772382 12910592
2772383 0
2772642 12910592
2772643 0
2773222 12910592
2773223 0
2773482 12910592
2773483 0
2790897 12910592
2790898 0
2791157 12910592
2791158 0
2791737 12910592
2791738 0
2791997 12910592
2791998 0
2809411 12910592
2809412 0
2809671 12910592
2809672 0
2810251 12910592
2810252 0
2810511 12910592
2810512 0
2827925 12910592
2827926 0
2828185 12910592
2828186 0
2828765 12910592
2828766 0
2829025 12910592
2829026 0
2846440 12910592
2846441 0
2846700 12910592
2846701 0
2847280 12910592
2847281 0
2847540 12910592
2847541 0
2864954 12910592
2864955 0
2865214 12910592
2865215 0
2865794 12910592
2865795 0
2866054 12910592
2866055 0
2883468 12910592
2883469 0
2883728 12910592
2883729 0
2884308 12910592
2884309 0
2884568 12910592
2884569 0
2901982 12910592
2901983 0
2902242 12910592
2902243 0
2902822 12910592
2902823 0
2903082 12910592
2903083 0
2919897 12910592
2919898 0
2920157 12910592
2920158 0
2920737 12910592
2920738 0
2920997 12910592
2920998 0
2937511 12910592
2937512 0
2937771 12910592
2937772 0
2938351 12910592
2938352 0
2938611 12910592
2938612 0
2956411 12910592
2956412 0
2956671 12910592
2956672 0
2957251 12910592
2957252 0
2957511 12910592
2957512 0
2975390 12910592
2975391 0
2975650 12910592
2975651 0
2976230 12910592
2976231 0
2976490 12910592
2976491 0
2993579 12910592
2993580 0
2993839 12910592
2993840 0
2994419 12910592
2994420 0
2994679 12910592
2994680 0
3011769 12910592
3011770 0
3012029 12910592
3012030 0
3012609 12910592
3012610 0
3012869 12910592
3012870 0
3029958 12910592
3029959 0
3030218 12910592
3030219 0
3030798 12910592
3030799 0
3031058 12910592
3031059 0
3048148 12910592
3048149 0
3048408 12910592
3048409 0
3048988 12910592
3048989 0
3049248 12910592
3049249 0
3066337 12910592
3066338 0
3066567 12910592
3066568 0
3067107 12910592
3067108 0
3067337 12910592
3067338 0
3084527 12910592
3084528 0
3084787 12910592
3084788 0
3085367 12910592
3085368 0
3085627 12910592
3085628 0
3102716 12910592
3102717 0
3102976 12910592
3102977 0
3103556 12910592
3103557 0
3103816 12910592
3103817 0
3120906 12910592
3120907 0
3121166 12910592
3121167 0
3121746 12910592
3121747 0
3122006 12910592
3122007 0
3137311 12910592
3137312 0
3137541 12910592
3137542 0
3138081 12910592
3138082 0
3138311 12910592
3138312 0
3157285 12910592
3157286 0
3157545 12910592
3157546 0
3158125 12910592
3158126 0
3158385 12910592
3158386 0
3175474 12910592
3175475 0
3175734 12910592
3175735 0
3176314 12910592
3176315 0
3176574 12910592
3176575 0
3193664 12910592
3193665 0
3193924 12910592
3193925 0
3194504 12910592
3194505 0
3194764 12910592
3194765 0
3211853 12910592
3211854 0
3212113 12910592
3212114 0
3212693 12910592
3212694 0
3212953 12910592
3212954 0
3230043 12910592
3230044 0
3230303 12910592
3230304 0
3230883 12910592
3230884 0
3231143 12910592
3231144 0
3248232 12910592
3248233 0
3248492 12910592
3248493 0
3249072 12910592
3249073 0
3249332 12910592
3249333 0
3265822 12910592
3265823 0
3266082 12910592
3266083 0
3266662 12910592
3266663 0
3266922 12910592
3266923 0
3283111 12910592
3283112 0
3283371 12910592
3283372 0
3283951 12910592
3283952 0
3284211 12910592
3284212 0
3303125 12910592
3303126 0
3303355 12910592
3303356 0
3303895 12910592
3303896 0
3304125 12910592
3304126 0
3321640 12910592
3321641 0
3321900 12910592
3321901 0
3322480 12910592
3322481 0
3322740 12910592
3322741 0
3340154 12910592
3340155 0
3340414 12910592
3340415 0
3340994 12910592
3340995 0
3341254 12910592
3341255 0
3358668 12910592
3358669 0
3358928 12910592
3358929 0
3359508 12910592
3359509 0
3359768 12910592
3359769 0
3377182 12910592
3377183 0
3377442 12910592
3377443 0
3378022 12910592
3378023 0
3378282 12910592
3378283 0
3395697 12910592
3395698 0
3395957 12910592
3395958 0
3396537 12910592
3396538 0
3396797 12910592
3396798 0
3414211 12910592
3414212 0
3414471 12910592
3414472 0
3415051 12910592
3415052 0
3415311 12910592
3415312 0
3432725 12910592
3432726 0
3432985 12910592
3432986 0
3433565 12910592
3433566 0
3433825 12910592
3433826 0
3451240 12910592
3451241 0
3451500 12910592
3451501 0
3452080 12910592
3452081 0
3452340 12910592
3452341 0
3469754 12910592
3469755 0
3470014 12910592
3470015 0
3470594 12910592
3470595 0
3470854 12910592
3470855 0
3488268 12910592
3488269 0
3488528 12910592
3488529 0
3489108 12910592
3489109 0
3489368 12910592
3489369 0
3506782 12910592
3506783 0
3507042 12910592
3507043 0
3507622 12910592
3507623 0
3507882 12910592
3507883 0
3524697 12910592
3524698 0
3524957 12910592
3524958 0
3525537 12910592
3525538 0
3525797 12910592
3525798 0
3542311 12910592
3542312 0
3542571 12910592
3542572 0
3543151 12910592
3543152 0
3543411 12910592
3543412 0
3562000 12910592
3562001 0
3562260 12910592
3562261 0
3562840 12910592
3562841 0
3563100 12910592
3563101 0
3582561 12910592
3582562 0
3582821 12910592
3582822 0
3583401 12910592
3583402 0
3583661 12910592
3583662 0
3596961 12910592
3596962 0
3597221 12910592
3597222 0
3597801 12910592
3597802 0
3598061 12910592
3598062 0
3616569 12910592
3616570 0
3616829 12910592
3616830 0
3617409 12910592
3617410 0
3617669 12910592
3617670 0
3634758 12910592
3634759 0
3635018 12910592
3635019 0
3635598 12910592
3635599 0
3635858 12910592
3635859 0
3652948 12910592
3652949 0
3653208 12910592
3653209 0
3653788 12910592
3653789 0
3654048 12910592
3654049 0
3671137 12910592
3671138 0
3671367 12910592
3671368 0
3671907 12910592
3671908 0
3672137 12910592
3672138 0
3689327 12910592
3689328 0
3689587 12910592
3689588 0
3690167 12910592
3690168 0
3690427 12910592
3690428 0
3707516 12910592
3707517 0
3707776 12910592
3707777 0
3708356 12910592
3708357 0
3708616 12910592
3708617 0
3725706 12910592
3725707 0
3725966 12910592
3725967 0
3726546 12910592
3726547 0
3726806 12910592
3726807 0
3743895 12910592
3743896 0
3744155 12910592
3744156 0
3744735 12910592
3744736 0
3744995 12910592
3744996 0
3762085 12910592
3762086 0
3762345 12910592
3762346 0
3762925 12910592
3762926 0
3763185 12910592
3763186 0
3780274 12910592
3780275 0
3780534 12910592
3780535 0
3781114 12910592
3781115 0
3781374 12910592
3781375 0
3798464 12910592
3798465 0
3798724 12910592
3798725 0
3799304 12910592
3799305 0
3799564 12910592
3799565 0
3816653 12910592
3816654 0
3816913 12910592
3816914 0
3817493 12910592
3817494 0
3817753 12910592
3817754 0
3834843 12910592
3834844 0
3835103 12910592
3835104 0
3835683 12910592
3835684 0
3835943 12910592
3835944 0
3853032 12910592
3853033 0
3853292 12910592
3853293 0
3853872 12910592
3853873 0
3854132 12910592
3854133 0
3870622 12910592
3870623 0
3870882 12910592
3870883 0
3871462 12910592
3871463 0
3871722 12910592
3871723 0
3887911 12910592
3887912 0
3888171 12910592
3888172 0
3888751 12910592
3888752 0
3889011 12910592
3889012 0
3906811 12910592
3906812 0
3907041 12910592
3907042 0
3907581 12910592
3907582 0
3907811 12910592
3907812 0
3926440 12910592
3926441 0
3926700 12910592
3926701 0
3927280 12910592
3927281 0
3927540 12910592
3927541 0
3944954 12910592
3944955 0
3945214 12910592
3945215 0
3945794 12910592
3945795 0
3946054 12910592
3946055 0
3963468 12910592
3963469 0
3963728 12910592
3963729 0
3964308 12910592
3964309 0
3964568 12910592
3964569 0
3981982 12910592
3981983 0
3982242 12910592
3982243 0
3982822 12910592
3982823 0
3983082 12910592
3983083 0
4000497 12910592
4000498 0
4000757 12910592
4000758 0
4001337 12910592
4001338 0
4001597 12910592
4001598 0
4019011 12910592
4019012 0
4019271 12910592
4019272 0
4019851 12910592
4019852 0
4020111 12910592
4020112 0
4037525 12910592
4037526 0
4037785 12910592
4037786 0
4038365 12910592
4038366 0
4038625 12910592
4038626 0
4056040 12910592
4056041 0
4056300 12910592
4056301 0
4056880 12910592
4056881 0
4057140 12910592
4057141 0
4074554 12910592
4074555 0
4074814 12910592
4074815 0
4075394 12910592
4075395 0
4075654 12910592
4075655 0
4093068 12910592
4093069 0
4093328 12910592
4093329 0
4093908 12910592
4093909 0
4094168 12910592
4094169 0
4111582 12910592
4111583 0
4111842 12910592
4111843 0
4112422 12910592
4112423 0
4112682 12910592
4112683 0
4129497 12910592
4129498 0
4129757 12910592
4129758 0
4130337 12910592
4130338 0
4130597 12910592
4130598 0
4147111 12910592
4147112 0
4147371 12910592
4147372 0
4147951 12910592
4147952 0
4148211 12910592
4148212 0
4166011 12910592
4166012 0
4166271 12910592
4166272 0
4166851 12910592
4166852 0
4167111 12910592
4167112 0
4184990 12910592
4184991 0
4185250 12910592
4185251 0
4185830 12910592
4185831 0
4186090 12910592
4186091 0
4203179 12910592
4203180 0
4203439 12910592
4203440 0
4204019 12910592
4204020 0
4204279 12910592
4204280 0
4221369 12910592
4221370 0
4221629 12910592
4221630 0
4222209 12910592
4222210 0
4222469 12910592
4222470 0
4239558 12910592
4239559 0
4239818 12910592
4239819 0
4240398 12910592
4240399 0
4240658 12910592
4240659 0
4257748 12910592
4257749 0
4258008 12910592
4258009 0
4258588 12910592
4258589 0
4258848 12910592
4258849 0
4275937 12910592
4275938 0
4276167 12910592
4276168 0
4276707 12910592
4276708 0
4276937 12910592
4276938 0
4363111 12910592
4363112 0
4363371 12910592
4363372 0
47 events for B
263330 0
280850 1370
522530 0
540050 1370
868130 0
885830 600
886010 1300
1125890 600
1126090 0
1145030 600
1145210 1300
1472374 700
1472419 0
1490630 600
1490870 1300
1731690 700
1731735 0
1749830 600
1750070 1300
2077030 700
2077075 0
2095250 1300
2337049 0
2354450 1300
2682649 0
2694050 1300
2941849 0
2959250 1300
3287449 0
3299330 600
3299510 1300
3546130 700
3546175 0
3558350 600
3558530 1300
3805270 700
3805315 0
3817430 600
3817610 1300
3891670 700
3891715 0
3909830 600
3910010 1300
4150090 700
4150135 0
4169030 600
4169150 1300
84 events for C
260834 0
261434 185
865634 0
884294 20
884474 0
886634 20
886814 0
886874 62
933314 0
933974 20
934154 0
936314 20
936494 0
936554 62
982994 0
983114 20
983294 289
996554 0
1015934 20
1030506 0
1031166 20
1031346 0
1033506 20
1033686 0
1033746 62
1080186 0
1080966 20
1229234 0
1230014 20
1230194 0
1232354 20
1232534 0
1232594 53
1286054 0
1286714 20
1286894 0
1289054 20
1289234 0
1289294 53
1342754 0
1343414 20
1343594 0
1345754 20
1345934 0
1345994 53
1399454 0
1400114 20
1400294 0
1402454 20
1402634 0
1402694 53
1456154 0
1456274 20
1456454 252
1470674 0
1748294 20
1748474 0
1750634 20
1750814 0
1750874 28
2004674 0
2005334 20
2005514 0
2007674 20
2007854 0
2007914 56
2075594 0
2075834 243
2680034 0
2680634 224
3284834 0
3634874 20
3635054 0
3637214 20
3637394 0
3637454 28
3803594 0
3815894 20
3816074 0
3818234 20
3818414 0
3818474 126
3889994 0
3890234 305
4 events for D
867935 0
867936 2650
3287135 0
3287136 2650
678 events for E
6678 12910592
6679 0
18918 1089536
18919 0
27983 12910592
27984 0
38178 12910592
38179 0
47783 12910592
47784 0
56778 12910592
56779 0
65778 1089536
65779 0
75078 12910592
75079 0
83478 1089536
83479 0
90978 12910592
90979 0
94883 12910592
94884 0
233903 12910592
233904 0
236778 1089536
236779 0
240378 12910592
240379 0
244158 12910592
244159 0
251178 1089536
251179 0
254483 12910592
254484 0
257778 12910592
257779 0
285378 12910592
285379 0
292458 1089536
292459 0
299598 12910592
299599 0
306503 12910592
306504 0
311778 1089536
311779 0
318078 12910592
318079 0
321378 12910592
321379 0
326783 12910592
326784 0
332178 1089536
332179 0
336618 12910592
336619 0
380538 12910592
380539 0
384378 1089536
384379 0
387983 12910592
387984 0
392178 1089536
392179 0
395478 12910592
395479 0
398178 12910592
398179 0
404178 1089536
404179 0
407003 12910592
407004 0
469823 12910592
469824 0
474378 12910592
474379 0
479478 1089536
479479 0
483978 12910592
483979 0
492203 12910592
492204 0
506538 12910592
506539 0
510378 1089536
510379 0
513978 12910592
513979 0
517578 1089536
517579 0
520278 12910592
520279 0
579618 12910592
579619 0
583583 12910592
583584 0
587178 1089536
587179 0
590778 12910592
590779 0
594498 1089536
594499 0
601398 12910592
601399 0
605003 12910592
605004 0
608598 1089536
608599 0
612678 12910592
612679 0
710538 12910592
710539 0
714143 12910592
714144 0
717738 1089536
717739 0
721818 12910592
721819 0
725118 1089536
725119 0
728718 12910592
728719 0
732318 1089536
732319 0
735923 12910592
735924 0
739998 12910592
739999 0
891083 12910592
891084 0
895728 12910592
895729 0
903378 12910592
903379 0
911312 12910592
911313 0
922771 12910592
922772 0
941435 12910592
941436 0
948335 12910592
948336 0
950816 12910592
950817 0
954978 12910592
954979 0
958579 12910592
958580 0
963254 12910592
963255 0
970856 12910592
970857 0
978464 12910592
978465 0
985596 12910592
985597 0
992778 12910592
992779 0
1002978 12910592
1002979 0
1147278 12910592
1147279 0
1155117 12910592
1155118 0
1169857 12910592
1169858 0
1175483 12910592
1175484 0
1184746 12910592
1184747 0
1192041 12910592
1192042 0
1197683 12910592
1197684 0
1208778 12910592
1208779 0
1216579 12910592
1216580 0
1220825 12910592
1220826 0
1224550 12910592
1224551 0
1228150 12910592
1228151 0
1235475 12910592
1235476 0
1243040 12910592
1243041 0
1251984 12910592
1251985 0
1259484 12910592
1259485 0
1265663 12910592
1265664 0
1271674 12910592
1271675 0
1495608 12910592
1495609 0
1507578 12910592
1507579 0
1516107 12910592
1516108 0
1521057 12910592
1521058 0
1523183 12910592
1523184 0
1531321 12910592
1531322 0
1539378 12910592
1539379 0
1544663 12910592
1544664 0
1554378 12910592
1554379 0
1560977 12910592
1560978 0
1562179 12910592
1562180 0
1568354 12910592
1568355 0
1575078 12910592
1575079 0
1583264 12910592
1583265 0
1590169 12910592
1590170 0
1595821 12910592
1595822 0
1601478 12910592
1601479 0
1612685 12910592
1612686 0
1619992 12910592
1619993 0
1752083 12910592
1752084 0
1763517 12910592
1763518 0
1774662 12910592
1774663 0
1785946 12910592
1785947 0
1789246 12910592
1789247 0
1796691 12910592
1796692 0
1804136 12910592
1804137 0
1811178 12910592
1811179 0
1817178 12910592
1817179 0
1822283 12910592
1822284 0
2099778 12910592
2099779 0
2110578 12910592
2110579 0
2120912 12910592
2120913 0
2125578 12910592
2125579 0
2136138 12910592
2136139 0
2142383 12910592
2142384 0
2149578 12910592
2149579 0
2158578 12910592
2158579 0
2165777 12910592
2165778 0
2168264 12910592
2168265 0
2177178 12910592
2177179 0
2187978 12910592
2187979 0
2195178 12910592
2195179 0
2205078 12910592
2205079 0
2231783 12910592
2231784 0
2243607 12910592
2243608 0
2252182 12910592
2252183 0
2257343 12910592
2257344 0
2269021 12910592
2269022 0
2274828 12910592
2274829 0
2283935 12910592
2283936 0
2291542 12910592
2291543 0
2311561 12910592
2311562 0
2317064 12910592
2317065 0
2324821 12910592
2324822 0
2334683 12910592
2334684 0
2356878 12910592
2356879 0
2365278 12910592
2365279 0
2379457 12910592
2379458 0
2390298 12910592
2390299 0
2394051 12910592
2394052 0
2408686 12910592
2408687 0
2416811 12910592
2416812 0
2424977 12910592
2424978 0
2430378 12910592
2430379 0
2440578 12910592
2440579 0
2457864 12910592
2457865 0
2469419 12910592
2469420 0
2479583 12910592
2479584 0
2489178 12910592
2489179 0
2497578 12910592
2497579 0
2504820 12910592
2504821 0
2508378 12910592
2508379 0
2515279 12910592
2515280 0
2529378 12910592
2529379 0
2535730 12910592
2535731 0
2540797 12910592
2540798 0
2547978 12910592
2547979 0
2552797 12910592
2552798 0
2568863 12910592
2568864 0
2579958 12910592
2579959 0
2590043 12910592
2590044 0
2594898 12910592
2594899 0
2598978 12910592
2598979 0
2601438 12910592
2601439 0
2652378 12910592
2652379 0
2657649 12910592
2657650 0
2662989 12910592
2662990 0
2666289 12910592
2666290 0
2673283 12910592
2673284 0
2680283 12910592
2680284 0
2698583 12910592
2698584 0
2700378 12910592
2700379 0
2716578 12910592
2716579 0
2718863 12910592
2718864 0
2910854 12910592
2910855 0
2913849 12910592
2913850 0
2916356 12910592
2916357 0
2918864 12910592
2918865 0
2921864 12910592
2921865 0
2925164 12910592
2925165 0
2928164 12910592
2928165 0
2932326 12910592
2932327 0
2936478 12910592
2936479 0
2939478 12910592
2939479 0
2961983 12910592
2961984 0
2963778 12910592
2963779 0
2965578 12910592
2965579 0
2969178 12910592
2969179 0
2972778 12910592
2972779 0
2976978 12910592
2976979 0
2984183 12910592
2984184 0
2986578 12910592
2986579 0
2989578 12910592
2989579 0
3035345 12910592
3035346 0
3037043 12910592
3037044 0
3042580 12910592
3042581 0
3046815 12910592
3046816 0
3049815 12910592
3049816 0
3058278 12910592
3058279 0
3061583 12910592
3061584 0
3152778 12910592
3152779 0
3159078 12910592
3159079 0
3162678 12910592
3162679 0
3166278 12910592
3166279 0
3169878 12910592
3169879 0
3173537 12910592
3173538 0
3177432 12910592
3177433 0
3184578 12910592
3184579 0
3195323 12910592
3195324 0
3235315 12910592
3235316 0
3239178 12910592
3239179 0
3242778 12910592
3242779 0
3246378 12910592
3246379 0
3250199 12910592
3250200 0
3257104 12910592
3257105 0
3262578 12910592
3262579 0
3267378 12910592
3267379 0
3310513 12910592
3310514 0
3313516 12910592
3313517 0
3317060 12910592
3317061 0
3320607 12910592
3320608 0
3323607 12910592
3323608 0
3330507 12910592
3330508 0
3333507 12910592
3333508 0
3336317 12910592
3336318 0
3339121 12910592
3339122 0
3342121 12910592
3342122 0
3419721 12910592
3419722 0
3424578 12910592
3424579 0
3429378 12910592
3429379 0
3434298 12910592
3434299 0
3441621 12910592
3441622 0
3445158 12910592
3445159 0
3448698 12910592
3448699 0
3453078 12910592
3453079 0
3456558 12910592
3456559 0
3460578 12910592
3460579 0
3463041 12910592
3463042 0
3561922 12910592
3561923 0
3567858 12910592
3567859 0
3575898 12910592
3575899 0
3583941 12910592
3583942 0
3607100 12910592
3607101 0
3612407 12910592
3612408 0
3617936 12910592
3617937 0
3625278 12910592
3625279 0
3629778 12910592
3629779 0
3634578 12910592
3634579 0
3640025 12910592
3640026 0
3647470 12910592
3647471 0
3654798 12910592
3654799 0
3661815 12910592
3661816 0
3667459 12910592
3667460 0
3673104 12910592
3673105 0
3678850 12910592
3678851 0
3685070 12910592
3685071 0
3691294 12910592
3691295 0
3700589 12910592
3700590 0
3861899 12910592
3861900 0
3864899 12910592
3864900 0
3867247 12910592
3867248 0
3869589 12910592
3869590 0
3872589 12910592
3872590 0
3875889 12910592
3875890 0
3878889 12910592
3878890 0
3882883 12910592
3882884 0
3886878 12910592
3886879 0
3889881 12910592
3889882 0
3914213 12910592
3914214 0
3921078 12910592
3921079 0
3928238 12910592
3928239 0
3937578 12910592
3937579 0
3946921 12910592
3946922 0
3950224 12910592
3950225 0
3957721 12910592
3957722 0
3965221 12910592
3965222 0
3973101 12910592
3973102 0
3980177 12910592
3980178 0
3987923 12910592
3987924 0
3994913 12910592
3994914 0
4001658 12910592
4001659 0
4009578 12910592
4009579 0
4020378 12910592
4020379 0
4024581 12910592
4024582 0
4038378 12910592
4038379 0
4047488 12910592
4047489 0
4054042 12910592
4054043 0
4063942 12910592
4063943 0
4070778 12910592
4070779 0
4074378 12910592
4074379 0
4083421 12910592
4083422 0
4087578 12910592
4087579 0
4091661 12910592
4091662 0
4099578 12910592
4099579 0
4103058 12910592
4103059 0
4107978 12910592
4107979 0
4113080 12910592
4113081 0
4129938 12910592
4129939 0
4174278 12910592
4174279 0
4179378 12910592
4179379 0
4186578 12910592
4186579 0
4194379 12910592
4194380 0
4204698 12910592
4204699 0
4208418 12910592
4208419 0
4214927 12910592
4214928 0
4223098 12910592
4223099 0
4232778 12910592
4232779 0
4239318 12910592
4239319 0
4245378 12910592
4245379 0
4252256 12910592
4252257 0
4258578 12910592
4258579 0
4266915 12910592
4266916 0
4272340 12910592
4272341 0
4283958 12910592
4283959 0
4290340 12910592
4290341 0
4296978 12910592
4296979 0
4312728 12910592
4312729 0
4318578 12910592
4318579 0
4333578 12910592
4333579 0
4346178 12910592
4346179 0
4361478 12910592
4361479 0
339 events for F
130 906
11739 0
16119 906
29527 0
35707 906
47315 0
50474 906
65103 0
71283 906
82892 0
85172 906
93674 0
95054 593
99684 0
106560 593
110404 0
112094 593
117984 0
121694 593
125644 0
127454 593
133935 0
139244 1500
145264 0
146564 1500
152584 0
162854 215
174274 0
231378 906
242386 0
247574 906
255974 0
282854 906
297803 0
303983 906
316317 0
317817 906
334831 0
378040 906
390374 0
391874 906
408588 0
467011 906
482774 0
489425 906
496574 0
498314 906
500860 0
502960 906
518474 0
569654 906
570434 0
577122 906
592732 0
598912 906
610921 0
656054 906
656834 0
708049 906
720058 0
722338 906
739193 0
818054 906
818834 0
887654 906
901574 0
908783 906
939631 0
945811 906
957974 0
960425 906
976660 0
982840 906
995174 0
996674 906
1001174 0
1047254 906
1048304 0
1144754 906
1161153 0
1167333 906
1173974 0
1174994 906
1179014 0
1181494 906
1197494 0
1203712 906
1215421 0
1218001 906
1233671 0
1240091 906
1251740 0
1255700 906
1269870 0
1320640 906
1321670 0
1404475 906
1405215 0
1440165 1500
1445344 0
1450844 479
1452084 0
1453564 479
1455674 1500
1461654 0
1467314 479
1469374 0
1491414 906
1506556 0
1513874 906
1523304 0
1528497 906
1544131 0
1550611 906
1562645 0
1565525 906
1581460 0
1587640 906
1599674 0
1602554 906
1618188 0
1624154 1087
1626864 0
1627368 215
1638788 0
1698714 1600
1708899 0
1713854 906
1714754 1500
1721237 0
1722304 1500
1725204 0
1749554 906
1765953 0
1772133 906
1784142 0
1785642 906
1802332 0
1808512 906
1820521 0
1846201 906
1846941 0
1927201 906
1927951 0
2045135 593
2055824 0
2058664 906
2059414 593
2072254 0
2096214 906
2111174 0
2118383 906
2130717 0
2132997 906
2149231 0
2155411 906
2167745 0
2170025 906
2186260 0
2192440 906
2204774 0
2207814 906
2223453 0
2229468 906
2241803 0
2244083 906
2259503 0
2266497 906
2278831 0
2280371 906
2297345 0
2303525 906
2315260 0
2317840 906
2332874 0
2354354 906
2370753 0
2376933 906
2388494 0
2390482 906
2406882 0
2413312 906
2425192 0
2427601 906
2443511 0
2449691 906
2461700 0
2465340 906
2479890 0
2486070 906
2498079 0
2500359 906
2513774 0
2527154 906
2534458 0
2536738 906
2552228 0
2554308 906
2570657 0
2577017 906
2588907 0
2591427 906
2599274 0
2649775 1714
2661185 0
2662725 906
2663465 1714
2678474 0
2695754 1714
2698488 0
2698668 215
2710144 0
2713968 1714
2717003 0
2740174 1500
2746189 0
2760364 1500
2766374 0
2798414 906
2799164 0
2908325 906
2920060 0
2921600 906
2937674 0
2959154 906
2975553 0
2981733 906
2988694 0
3032521 906
3048011 0
3055274 906
3061594 0
3149993 906
3157448 0
3158988 906
3175637 0
3181877 906
3193827 0
3231746 906
3248395 0
3254575 906
3265985 0
3306949 906
3321803 0
3327983 906
3340317 0
3350997 1500
3357109 0
3365071 1500
3371183 0
3415914 906
3432888 0
3439068 906
3451343 0
3453683 906
3461560 0
3503654 906
3504420 0
3557954 1714
3561563 0
3565034 1714
3582328 0
3588904 1714
3597404 0
3603314 906
3604054 1714
3616132 0
3622912 1714
3634921 0
3637201 1714
3653111 0
3659291 1714
3671300 0
3675283 906
3676023 1714
3689490 0
3695670 1714
3701174 0
3732049 215
3743469 0
3849254 906
3849994 0
3859375 906
3870785 0
3873065 906
3888074 0
3911381 906
3926603 0
3933740 906
3945117 0
3946657 906
3963417 0
3970411 906
3981931 0
3985099 906
4000099 0
4006840 906
4019174 0
4020714 906
4037688 0
4043868 906
4046774 0
4047254 906
4056203 0
4058483 906
4074417 0
4080897 906
4089974 0
4090154 1087
4092864 0
4095811 906
4111745 0
4117899 593
4123566 0
4125585 906
4128545 0
4133020 593
4146581 0
4168754 906
4175474 0
4176554 906
4185136 0
4191333 906
4203314 0
4204910 906
4219574 0
4220054 906
4221514 0
4227712 906
4239656 0
4242065 906
4257817 0
4264091 1714
4275959 0
4280139 906
4280879 1714
4316774 0
4329554 1714
4359974 0
452 events for G
7061 117965
7151 125479
7892 7514
8921 125479
9692 7514
10712 0
15126 117965
15216 119538
15957 1573
16986 119538
17757 1573
18786 119538
19557 1573
20586 119538
21357 1573
22386 119538
23157 1573
28377 0
32914 117965
33004 119538
33745 1573
34774 119538
35545 1573
36574 119538
37345 1573
38374 119538
39145 7514
40174 119538
40945 1573
46165 0
48602 117965
48692 125479
49433 7514
49853 0
287801 117965
287951 125479
288572 7514
289001 125479
289772 7514
290201 125479
290972 7514
291581 125479
292352 7514
296612 0
301190 117965
301280 125479
302021 7514
302450 125479
303221 7514
303650 125479
304421 7514
304850 125479
305621 7514
308441 0
309461 117965
309551 124709
310292 6744
310721 124709
311492 6744
311921 124709
312692 6744
313121 124709
313892 6744
314912 0
317604 117965
317694 124709
318435 6744
318864 124709
319635 6744
320064 124709
320835 6744
321264 124709
322035 6744
323064 124709
323835 6744
324864 124709
325635 6744
326664 124709
327435 6744
333855 0
338218 117965
338308 124709
339049 6744
339478 124709
340249 6744
340678 124709
341449 6744
341878 124709
342649 6744
343678 124709
344449 6744
352069 0
354632 117965
354722 124709
355463 7514
355468 6744
355892 124709
356663 6744
357092 124709
357863 6744
358292 124709
359063 6744
360092 124709
360863 6744
361892 124709
362663 6744
370883 0
375247 117965
375337 124709
376078 6744
376507 124709
377278 6744
377707 124709
378478 6744
378907 124709
379678 6744
380107 124709
380878 6744
382507 124709
383278 6744
389098 0
391661 117965
391751 124709
392492 6744
392921 124709
393692 6744
394121 124709
394892 6744
395312 0
544901 117965
545051 119538
545072 1573
546101 119538
546872 1573
547301 119538
548072 1573
548681 119538
549452 1573
549881 119538
550652 1573
551141 119538
551912 1573
552341 119538
553112 1573
554312 0
559740 117965
559830 119538
560571 1573
561000 119538
561771 1573
562200 119538
562971 1573
563400 119538
564171 1573
564600 119538
565371 1573
568191 0
890711 14189
891392 58982
891491 7514
891777 0
891821 73171
893192 7514
898541 66496
899912 7514
900812 0
905990 58982
906080 66496
907421 7514
909650 66496
911021 7514
911450 66496
912821 7514
913241 0
913961 58982
914051 66496
915392 7514
915777 0
915821 58982
917192 7514
920312 0
922404 58982
922494 66496
923835 7514
924220 0
924264 58982
925635 7514
929055 0
929338 58982
929428 66496
930769 7514
931154 0
931198 58982
932569 7514
938869 0
943018 58982
943108 66496
944449 7514
948769 0
949061 58982
949151 66496
950492 7514
954812 0
1150751 7514
1160372 0
1164630 7514
1167771 0
1168151 7514
1173212 0
1281251 7514
1287692 0
1289855 179338
1289957 0
1291546 7514
1305897 0
1310146 7514
1324087 0
1494761 19661
1494851 27175
1495532 7514
1496201 27175
1496972 7514
1497221 27175
1497992 7514
1498661 27175
1499432 7514
1499681 27175
1500452 7514
1501121 27175
1501892 7514
1502141 27175
1502912 7514
1503581 27175
1504352 7514
1504601 27175
1505372 7514
1505612 0
1510901 19661
1510991 27175
1511552 7514
1511681 27175
1512332 7514
1512881 27175
1513472 7514
1513661 27175
1514312 7514
1514861 27175
1515512 7514
1515641 27175
1516292 7514
1516841 27175
1517492 7514
1517621 27175
1518272 7514
1518821 27175
1519472 7514
1519601 27175
1520252 7514
1520801 27175
1521452 7514
1521581 27175
1522232 7514
1522352 0
1754051 7514
1756121 66496
1757492 7514
1760681 66496
1762052 7514
1765172 0
1769340 58982
1769430 66496
1770711 7514
1773960 66496
1775331 7514
1775571 0
1775861 58982
1775951 66496
1777232 7514
1780481 66496
1781852 7514
1783352 0
1785429 58982
1785519 66496
1786800 7514
1790049 66496
1791420 7514
1795380 0
1795661 58982
1795751 66496
1797032 7514
1799981 66496
1801352 7514
1801532 0
1805719 58982
1805809 66496
1807090 7514
1808479 66496
1809850 7514
1810390 0
1810661 58982
1810751 66496
1812032 7514
1817021 66496
1818392 7514
1819712 0
1821808 117965
1821898 124709
1822759 6744
1823668 124709
1824559 6744
1825468 124709
1826359 6744
1827268 124709
1828159 6744
1829068 124709
1829959 6744
1830868 124709
1831759 6744
1832668 124709
1833559 6744
1837939 0
1842098 117965
1842188 124709
1843049 6744
1843958 124709
1844849 6744
1845758 124709
1846649 6744
1847558 124709
1848449 6744
1849358 124709
1850249 6744
1851158 124709
1852049 6744
1852958 124709
1853849 6744
1854758 124709
1855649 6744
1856129 0
1860287 117965
1860377 124709
1861238 6744
1862147 124709
1863038 6744
1863938 0
1878812 169032
1880132 45609
1881457 0
2057762 7514
2064923 0
2358581 117965
2358671 124709
2359472 6744
2359601 124709
2360307 6744
2360312 0
2361161 58982
2361251 66496
2362532 7514
2369972 0
2374140 58982
2374230 7514
2382771 0
2383061 117965
2383151 124709
2384012 6744
2387732 0
2390229 117965
2390319 124709
2391180 6744
2401080 0
2410519 117965
2410609 124709
2411470 6744
2421370 0
2701875 117965
2701965 124709
2702826 6744
2703735 124709
2704626 6744
2705535 124709
2706426 6744
2707335 124709
2708226 6744
2709135 124709
2710026 6744
2710935 124709
2711826 6744
2712726 0
2720390 117965
2720480 124709
2721341 6744
2722250 124709
2723141 6744
2724050 124709
2724941 6744
2725850 124709
2726741 6744
2727641 0
2905622 7514
2919263 0
2921437 7514
2936878 0
3225161 58982
3225251 66496
3226532 6744
3227021 66496
3228392 6744
3228812 0
3231493 58982
3231583 66496
3232864 6744
3233353 66496
3234724 6744
3235153 66496
3236524 6744
3245944 0
3251782 58982
3251872 66496
3253153 6744
3253642 66496
3255013 6744
3255442 66496
3256813 6744
3262633 0
3603061 235930
3603151 242674
3604912 6744
3605101 242674
3606952 6744
3607141 242674
3608992 6744
3609241 242674
3611092 6744
3612112 0
3620119 235930
3620209 242674
3620825 6744
3620830 0
3635612 169032
3637412 45609
3639217 0
4172981 117965
4173071 125479
4174352 7514
4174712 0
4310651 3372
4315832 0
4335851 3372
4344212 0
4353251 3372
4358612 0
102 events for H
8757 1642
14822 2414
16662 1642
52257 2414
94857 1642
281257 2414
283097 1642
414271 2414
483957 1642
650383 2414
652223 1642
867057 0
867058 1285
886057 2414
887897 1285
1219004 2057
1234854 1285
1239294 2057
1255183 2414
1257423 2057
1271053 1285
1490857 2414
1492697 1285
1859983 2414
1861823 1285
1880473 2057
1930841 706
2044797 2057
2076657 706
2095657 2414
2097497 706
2117586 1285
2150414 706
2464783 2414
2466623 706
2516857 2414
2524217 706
2526510 1772
2556051 1285
2571840 706
2576220 1285
2608399 706
2612599 1285
2644778 706
2701571 2414
2703411 706
2730177 1285
2735757 706
2749888 1285
2751868 706
2989557 1285
3013115 706
3017315 1285
3031304 706
3033524 1772
3049194 706
3053814 1772
3069583 2414
3071943 1772
3085573 706
3140557 2414
3150317 706
3182400 1285
3213177 706
3217399 1285
3226857 706
3286257 0
3286258 487
3306371 2414
3308211 487
3380628 2414
3396828 487
3401243 2414
3434071 487
3438271 2414
3471100 487
3674383 2414
3676223 487
3702657 2414
3727051 487
3731252 2414
3763430 487
3767631 2414
3771231 487
3789231 2414
3792831 487
3802510 2414
3804657 487
3816057 2414
3854378 487
3910057 2414
3927786 487
3931986 2414
3939957 487
3985497 2414
4001282 487
4190536 2414
4197957 487
4226960 2414
4259000 487
4279183 2414
4281023 487
678 events for I
3512 12910592
3513 0
15752 1089536
15753 0
24817 12910592
24818 0
35012 12910592
35013 0
44617 12910592
44618 0
53612 12910592
53613 0
62612 1089536
62613 0
71912 12910592
71913 0
80312 1089536
80313 0
87812 12910592
87813 0
91717 12910592
91718 0
230737 12910592
230738 0
233612 1089536
233613 0
237212 12910592
237213 0
240992 12910592
240993 0
248012 1089536
248013 0
251317 12910592
251318 0
254612 12910592
254613 0
282212 12910592
282213 0
289292 1089536
289293 0
296432 12910592
296433 0
303337 12910592
303338 0
308612 1089536
308613 0
314912 12910592
314913 0
318212 12910592
318213 0
323617 12910592
323618 0
329012 1089536
329013 0
333452 12910592
333453 0
377372 12910592
377373 0
381212 1089536
381213 0
384817 12910592
384818 0
389012 1089536
389013 0
392312 12910592
392313 0
395012 12910592
395013 0
401012 1089536
401013 0
403837 12910592
403838 0
466657 12910592
466658 0
471212 12910592
471213 0
476312 1089536
476313 0
480812 12910592
480813 0
489037 12910592
489038 0
503372 12910592
503373 0
507212 1089536
507213 0
510812 12910592
510813 0
514412 1089536
514413 0
517112 12910592
517113 0
576452 12910592
576453 0
580417 12910592
580418 0
584012 1089536
584013 0
587612 12910592
587613 0
591332 1089536
591333 0
598232 12910592
598233 0
601837 12910592
601838 0
605432 1089536
605433 0
609512 12910592
609513 0
707372 12910592
707373 0
710977 12910592
710978 0
714572 1089536
714573 0
718652 12910592
718653 0
721952 1089536
721953 0
725552 12910592
725553 0
729152 1089536
729153 0
732757 12910592
732758 0
736832 12910592
736833 0
887917 12910592
887918 0
892562 12910592
892563 0
900212 12910592
900213 0
908146 12910592
908147 0
919605 12910592
919606 0
938269 12910592
938270 0
945169 12910592
945170 0
947650 12910592
947651 0
951812 12910592
951813 0
955413 12910592
955414 0
960088 12910592
960089 0
967690 12910592
967691 0
975298 12910592
975299 0
982430 12910592
982431 0
989612 12910592
989613 0
999812 12910592
999813 0
1144112 12910592
1144113 0
1151951 12910592
1151952 0
1166691 12910592
1166692 0
1172317 12910592
1172318 0
1181580 12910592
1181581 0
1188875 12910592
1188876 0
1194517 12910592
1194518 0
1205612 12910592
1205613 0
1213413 12910592
1213414 0
1217659 12910592
1217660 0
1221384 12910592
1221385 0
1224984 12910592
1224985 0
1232309 12910592
1232310 0
1239874 12910592
1239875 0
1248818 12910592
1248819 0
1256318 12910592
1256319 0
1262497 12910592
1262498 0
1268508 12910592
1268509 0
1492442 12910592
1492443 0
1504412 12910592
1504413 0
1512941 12910592
1512942 0
1517891 12910592
1517892 0
1520017 12910592
1520018 0
1528155 12910592
1528156 0
1536212 12910592
1536213 0
1541497 12910592
1541498 0
1551212 12910592
1551213 0
1557811 12910592
1557812 0
1559013 12910592
1559014 0
1565188 12910592
1565189 0
1571912 12910592
1571913 0
1580098 12910592
1580099 0
1587003 12910592
1587004 0
1592655 12910592
1592656 0
1598312 12910592
1598313 0
1609519 12910592
1609520 0
1616826 12910592
1616827 0
1748917 12910592
1748918 0
1760351 12910592
1760352 0
1771496 12910592
1771497 0
1782780 12910592
1782781 0
1786080 12910592
1786081 0
1793525 12910592
1793526 0
1800970 12910592
1800971 0
1808012 12910592
1808013 0
1814012 12910592
1814013 0
1819117 12910592
1819118 0
2096612 12910592
2096613 0
2107412 12910592
2107413 0
2117746 12910592
2117747 0
2122412 12910592
2122413 0
2132972 12910592
2132973 0
2139217 12910592
2139218 0
2146412 12910592
2146413 0
2155412 12910592
2155413 0
2162611 12910592
2162612 0
2165098 12910592
2165099 0
2174012 12910592
2174013 0
2184812 12910592
2184813 0
2192012 12910592
2192013 0
2201912 12910592
2201913 0
2228617 12910592
2228618 0
2240441 12910592
2240442 0
2249016 12910592
2249017 0
2254177 12910592
2254178 0
2265855 12910592
2265856 0
2271662 12910592
2271663 0
2280769 12910592
2280770 0
2288376 12910592
2288377 0
2308395 12910592
2308396 0
2313898 12910592
2313899 0
2321655 12910592
2321656 0
2331517 12910592
2331518 0
2353712 12910592
2353713 0
2362112 12910592
2362113 0
2376291 12910592
2376292 0
2387132 12910592
2387133 0
2390885 12910592
2390886 0
2405520 12910592
2405521 0
2413645 12910592
2413646 0
2421811 12910592
2421812 0
2427212 12910592
2427213 0
2437412 12910592
2437413 0
2454698 12910592
2454699 0
2466253 12910592
2466254 0
2476417 12910592
2476418 0
2486012 12910592
2486013 0
2494412 12910592
2494413 0
2501654 12910592
2501655 0
2505212 12910592
2505213 0
2512113 12910592
2512114 0
2526212 12910592
2526213 0
2532564 12910592
2532565 0
2537631 12910592
2537632 0
2544812 12910592
2544813 0
2549631 12910592
2549632 0
2565697 12910592
2565698 0
2576792 12910592
2576793 0
2586877 12910592
2586878 0
2591732 12910592
2591733 0
2595812 12910592
2595813 0
2598272 12910592
2598273 0
2649212 12910592
2649213 0
2654483 12910592
2654484 0
2659823 12910592
2659824 0
2663123 12910592
2663124 0
2670117 12910592
2670118 0
2677117 12910592
2677118 0
2695417 12910592
2695418 0
2697212 12910592
2697213 0
2713412 12910592
2713413 0
2715697 12910592
2715698 0
2907688 12910592
2907689 0
2910683 12910592
2910684 0
2913190 12910592
2913191 0
2915698 12910592
2915699 0
2918698 12910592
2918699 0
2921998 12910592
2921999 0
2924998 12910592
2924999 0
2929160 12910592
2929161 0
2933312 12910592
2933313 0
2936312 12910592
2936313 0
2958817 12910592
2958818 0
2960612 12910592
2960613 0
2962412 12910592
2962413 0
2966012 12910592
2966013 0
2969612 12910592
2969613 0
2973812 12910592
2973813 0
2981017 12910592
2981018 0
2983412 12910592
2983413 0
2986412 12910592
2986413 0
3032179 12910592
3032180 0
3033877 12910592
3033878 0
3039414 12910592
3039415 0
3043649 12910592
3043650 0
3046649 12910592
3046650 0
3055112 12910592
3055113 0
3058417 12910592
3058418 0
3149612 12910592
3149613 0
3155912 12910592
3155913 0
3159512 12910592
3159513 0
3163112 12910592
3163113 0
3166712 12910592
3166713 0
3170371 12910592
3170372 0
3174266 12910592
3174267 0
3181412 12910592
3181413 0
3192157 12910592
3192158 0
3232149 12910592
3232150 0
3236012 12910592
3236013 0
3239612 12910592
3239613 0
3243212 12910592
3243213 0
3247033 12910592
3247034 0
3253938 12910592
3253939 0
3259412 12910592
3259413 0
3264212 12910592
3264213 0
3307347 12910592
3307348 0
3310350 12910592
3310351 0
3313894 12910592
3313895 0
3317441 12910592
3317442 0
3320441 12910592
3320442 0
3327341 12910592
3327342 0
3330341 12910592
3330342 0
3333151 12910592
3333152 0
3335955 12910592
3335956 0
3338955 12910592
3338956 0
3416555 12910592
3416556 0
3421412 12910592
3421413 0
3426212 12910592
3426213 0
3431132 12910592
3431133 0
3438455 12910592
3438456 0
3441992 12910592
3441993 0
3445532 12910592
3445533 0
3449912 12910592
3449913 0
3453392 12910592
3453393 0
3457412 12910592
3457413 0
3459875 12910592
3459876 0
3558756 12910592
3558757 0
3564692 12910592
3564693 0
3572732 12910592
3572733 0
3580775 12910592
3580776 0
3603934 12910592
3603935 0
3609241 12910592
3609242 0
3614770 12910592
3614771 0
3622112 12910592
3622113 0
3626612 12910592
3626613 0
3631412 12910592
3631413 0
3636859 12910592
3636860 0
3644304 12910592
3644305 0
3651632 12910592
3651633 0
3658649 12910592
3658650 0
3664293 12910592
3664294 0
3669938 12910592
3669939 0
3675684 12910592
3675685 0
3681904 12910592
3681905 0
3688128 12910592
3688129 0
3697423 12910592
3697424 0
3858733 12910592
3858734 0
3861733 12910592
3861734 0
3864081 12910592
3864082 0
3866423 12910592
3866424 0
3869423 12910592
3869424 0
3872723 12910592
3872724 0
3875723 12910592
3875724 0
3879717 12910592
3879718 0
3883712 12910592
3883713 0
3886715 12910592
3886716 0
3911047 12910592
3911048 0
3917912 12910592
3917913 0
3925072 12910592
3925073 0
3934412 12910592
3934413 0
3943755 12910592
3943756 0
3947058 12910592
3947059 0
3954555 12910592
3954556 0
3962055 12910592
3962056 0
3969935 12910592
3969936 0
3977011 12910592
3977012 0
3984757 12910592
3984758 0
3991747 12910592
3991748 0
3998492 12910592
3998493 0
4006412 12910592
4006413 0
4017212 12910592
4017213 0
4021415 12910592
4021416 0
4035212 12910592
4035213 0
4044322 12910592
4044323 0
4050876 12910592
4050877 0
4060776 12910592
4060777 0
4067612 12910592
4067613 0
4071212 12910592
4071213 0
4080255 12910592
4080256 0
4084412 12910592
4084413 0
4088495 12910592
4088496 0
4096412 12910592
4096413 0
4099892 12910592
4099893 0
4104812 12910592
4104813 0
4109914 12910592
4109915 0
4126772 12910592
4126773 0
4171112 12910592
4171113 0
4176212 12910592
4176213 0
4183412 12910592
4183413 0
4191213 12910592
4191214 0
4201532 12910592
4201533 0
4205252 12910592
4205253 0
4211761 12910592
4211762 0
4219932 12910592
4219933 0
4229612 12910592
4229613 0
4236152 12910592
4236153 0
4242212 12910592
4242213 0
4249090 12910592
4249091 0
4255412 12910592
4255413 0
4263749 12910592
4263750 0
4269174 12910592
4269175 0
4280792 12910592
4280793 0
4287174 12910592
4287175 0
4293812 12910592
4293813 0
4309562 12910592
4309563 0
4315412 12910592
4315413 0
4330412 12910592
4330413 0
4343012 12910592
4343013 0
4358312 12910592
4358313 0
4 events for J
867480 0
867481 18
3286680 0
3286681 18
678 events for K
5381 12910592
5382 0
17621 1089536
17622 0
26686 12910592
26687 0
36881 12910592
36882 0
46486 12910592
46487 0
55481 12910592
55482 0
64481 1089536
64482 0
73781 12910592
73782 0
82181 1089536
82182 0
89681 12910592
89682 0
93586 12910592
93587 0
232606 12910592
232607 0
235481 1089536
235482 0
239081 12910592
239082 0
242861 12910592
242862 0
249881 1089536
249882 0
253186 12910592
253187 0
256481 12910592
256482 0
284081 12910592
284082 0
291161 1089536
291162 0
298301 12910592
298302 0
305206 12910592
305207 0
310481 1089536
310482 0
316781 12910592
316782 0
320081 12910592
320082 0
325486 12910592
325487 0
330881 1089536
330882 0
335321 12910592
335322 0
379241 12910592
379242 0
383081 1089536
383082 0
386686 12910592
386687 0
390881 1089536
390882 0
394181 12910592
394182 0
396881 12910592
396882 0
402881 1089536
402882 0
405706 12910592
405707 0
468526 12910592
468527 0
473081 12910592
473082 0
478181 1089536
478182 0
482681 12910592
482682 0
490906 12910592
490907 0
505241 12910592
505242 0
509081 1089536
509082 0
512681 12910592
512682 0
516281 1089536
516282 0
518981 12910592
518982 0
578321 12910592
578322 0
582286 12910592
582287 0
585881 1089536
585882 0
589481 12910592
589482 0
593201 1089536
593202 0
600101 12910592
600102 0
603706 12910592
603707 0
607301 1089536
607302 0
611381 12910592
611382 0
709241 12910592
709242 0
712846 12910592
712847 0
716441 1089536
716442 0
720521 12910592
720522 0
723821 1089536
723822 0
727421 12910592
727422 0
731021 1089536
731022 0
734626 12910592
734627 0
738701 12910592
738702 0
889786 12910592
889787 0
894431 12910592
894432 0
902081 12910592
902082 0
910015 12910592
910016 0
921474 12910592
921475 0
940138 12910592
940139 0
947038 12910592
947039 0
949519 12910592
949520 0
953681 12910592
953682 0
957282 12910592
957283 0
961957 12910592
961958 0
969559 12910592
969560 0
977167 12910592
977168 0
984299 12910592
984300 0
991481 12910592
991482 0
1001681 12910592
1001682 0
1145981 12910592
1145982 0
1153820 12910592
1153821 0
1168560 12910592
1168561 0
1174186 12910592
1174187 0
1183449 12910592
1183450 0
1190744 12910592
1190745 0
1196386 12910592
1196387 0
1207481 12910592
1207482 0
1215282 12910592
1215283 0
1219528 12910592
1219529 0
1223253 12910592
1223254 0
1226853 12910592
1226854 0
1234178 12910592
1234179 0
1241743 12910592
1241744 0
1250687 12910592
1250688 0
1258187 12910592
1258188 0
1264366 12910592
1264367 0
1270377 12910592
1270378 0
1494311 12910592
1494312 0
1506281 12910592
1506282 0
1514810 12910592
1514811 0
1519760 12910592
1519761 0
1521886 12910592
1521887 0
1530024 12910592
1530025 0
1538081 12910592
1538082 0
1543366 12910592
1543367 0
1553081 12910592
1553082 0
1559680 12910592
1559681 0
1560882 12910592
1560883 0
1567057 12910592
1567058 0
1573781 12910592
1573782 0
1581967 12910592
1581968 0
1588872 12910592
1588873 0
1594524 12910592
1594525 0
1600181 12910592
1600182 0
1611388 12910592
1611389 0
1618695 12910592
1618696 0
1750786 12910592
1750787 0
1762220 12910592
1762221 0
1773365 12910592
1773366 0
1784649 12910592
1784650 0
1787949 12910592
1787950 0
1795394 12910592
1795395 0
1802839 12910592
1802840 0
1809881 12910592
1809882 0
1815881 12910592
1815882 0
1820986 12910592
1820987 0
2098481 12910592
2098482 0
2109281 12910592
2109282 0
2119615 12910592
2119616 0
2124281 12910592
2124282 0
2134841 12910592
2134842 0
2141086 12910592
2141087 0
2148281 12910592
2148282 0
2157281 12910592
2157282 0
2164480 12910592
2164481 0
2166967 12910592
2166968 0
2175881 12910592
2175882 0
2186681 12910592
2186682 0
2193881 12910592
2193882 0
2203781 12910592
2203782 0
2230486 12910592
2230487 0
2242310 12910592
2242311 0
2250885 12910592
2250886 0
2256046 12910592
2256047 0
2267724 12910592
2267725 0
2273531 12910592
2273532 0
2282638 12910592
2282639 0
2290245 12910592
2290246 0
2310264 12910592
2310265 0
2315767 12910592
2315768 0
2323524 12910592
2323525 0
2333386 12910592
2333387 0
2355581 12910592
2355582 0
2363981 12910592
2363982 0
2378160 12910592
2378161 0
2389001 12910592
2389002 0
2392754 12910592
2392755 0
2407389 12910592
2407390 0
2415514 12910592
2415515 0
2423680 12910592
2423681 0
2429081 12910592
2429082 0
2439281 12910592
2439282 0
2456567 12910592
2456568 0
2468122 12910592
2468123 0
2478286 12910592
2478287 0
2487881 12910592
2487882 0
2496281 12910592
2496282 0
2503523 12910592
2503524 0
2507081 12910592
2507082 0
2513982 12910592
2513983 0
2528081 12910592
2528082 0
2534433 12910592
2534434 0
2539500 12910592
2539501 0
2546681 12910592
2546682 0
2551500 12910592
2551501 0
2567566 12910592
2567567 0
2578661 12910592
2578662 0
2588746 12910592
2588747 0
2593601 12910592
2593602 0
2597681 12910592
2597682 0
2600141 12910592
2600142 0
2651081 12910592
2651082 0
2656352 12910592
2656353 0
2661692 12910592
2661693 0
2664992 12910592
2664993 0
2671986 12910592
2671987 0
2678986 12910592
2678987 0
2697286 12910592
2697287 0
2699081 12910592
2699082 0
2715281 12910592
2715282 0
2717566 12910592
2717567 0
2909557 12910592
2909558 0
2912552 12910592
2912553 0
2915059 12910592
2915060 0
2917567 12910592
2917568 0
2920567 12910592
2920568 0
2923867 12910592
2923868 0
2926867 12910592
2926868 0
2931029 12910592
2931030 0
2935181 12910592
2935182 0
2938181 12910592
2938182 0
2960686 12910592
2960687 0
2962481 12910592
2962482 0
2964281 12910592
2964282 0
2967881 12910592
2967882 0
2971481 12910592
2971482 0
2975681 12910592
2975682 0
2982886 12910592
2982887 0
2985281 12910592
2985282 0
2988281 12910592
2988282 0
3034048 12910592
3034049 0
3035746 12910592
3035747 0
3041283 12910592
3041284 0
3045518 12910592
3045519 0
3048518 12910592
3048519 0
3056981 12910592
3056982 0
3060286 12910592
3060287 0
3151481 12910592
3151482 0
3157781 12910592
3157782 0
3161381 12910592
3161382 0
3164981 12910592
3164982 0
3168581 12910592
3168582 0
3172240 12910592
3172241 0
3176135 12910592
3176136 0
3183281 12910592
3183282 0
3194026 12910592
3194027 0
3234018 12910592
3234019 0
3237881 12910592
3237882 0
3241481 12910592
3241482 0
3245081 12910592
3245082 0
3248902 12910592
3248903 0
3255807 12910592
3255808 0
3261281 12910592
3261282 0
3266081 12910592
3266082 0
3309216 12910592
3309217 0
3312219 12910592
3312220 0
3315763 12910592
3315764 0
3319310 12910592
3319311 0
3322310 12910592
3322311 0
3329210 12910592
3329211 0
3332210 12910592
3332211 0
3335020 12910592
3335021 0
3337824 12910592
3337825 0
3340824 12910592
3340825 0
3418424 12910592
3418425 0
3423281 12910592
3423282 0
3428081 12910592
3428082 0
3433001 12910592
3433002 0
3440324 12910592
3440325 0
3443861 12910592
3443862 0
3447401 12910592
3447402 0
3451781 12910592
3451782 0
3455261 12910592
3455262 0
3459281 12910592
3459282 0
3461744 12910592
3461745 0
3560625 12910592
3560626 0
3566561 12910592
3566562 0
3574601 12910592
3574602 0
3582644 12910592
3582645 0
3605803 12910592
3605804 0
3611110 12910592
3611111 0
3616639 12910592
3616640 0
3623981 12910592
3623982 0
3628481 12910592
3628482 0
3633281 12910592
3633282 0
3638728 12910592
3638729 0
3646173 12910592
3646174 0
3653501 12910592
3653502 0
3660518 12910592
3660519 0
3666162 12910592
3666163 0
3671807 12910592
3671808 0
3677553 12910592
3677554 0
3683773 12910592
3683774 0
3689997 12910592
3689998 0
3699292 12910592
3699293 0
3860602 12910592
3860603 0
3863602 12910592
3863603 0
3865950 12910592
3865951 0
3868292 12910592
3868293 0
3871292 12910592
3871293 0
3874592 12910592
3874593 0
3877592 12910592
3877593 0
3881586 12910592
3881587 0
3885581 12910592
3885582 0
3888584 12910592
3888585 0
3912916 12910592
3912917 0
3919781 12910592
3919782 0
3926941 12910592
3926942 0
3936281 12910592
3936282 0
3945624 12910592
3945625 0
3948927 12910592
3948928 0
3956424 12910592
3956425 0
3963924 12910592
3963925 0
3971804 12910592
3971805 0
3978880 12910592
3978881 0
3986626 12910592
3986627 0
3993616 12910592
3993617 0
4000361 12910592
4000362 0
4008281 12910592
4008282 0
4019081 12910592
4019082 0
4023284 12910592
4023285 0
4037081 12910592
4037082 0
4046191 12910592
4046192 0
4052745 12910592
4052746 0
4062645 12910592
4062646 0
4069481 12910592
4069482 0
4073081 12910592
4073082 0
4082124 12910592
4082125 0
4086281 12910592
4086282 0
4090364 12910592
4090365 0
4098281 12910592
4098282 0
4101761 12910592
4101762 0
4106681 12910592
4106682 0
4111783 12910592
4111784 0
4128641 12910592
4128642 0
4172981 12910592
4172982 0
4178081 12910592
4178082 0
4185281 12910592
4185282 0
4193082 12910592
4193083 0
4203401 12910592
4203402 0
4207121 12910592
4207122 0
4213630 12910592
4213631 0
4221801 12910592
4221802 0
4231481 12910592
4231482 0
4238021 12910592
4238022 0
4244081 12910592
4244082 0
4250959 12910592
4250960 0
4257281 12910592
4257282 0
4265618 12910592
4265619 0
4271043 12910592
4271044 0
4282661 12910592
4282662 0
4289043 12910592
4289044 0
4295681 12910592
4295682 0
4311431 12910592
4311432 0
4317281 12910592
4317282 0
4332281 12910592
4332282 0
4344881 12910592
4344882 0
4360181 12910592
4360182 0
320 events for L
26635 1727
33834 2754
62635 1727
69834 2754
98635 1727
105834 2754
150835 1727
159834 1830
186835 1727
195834 1830
222835 1727
222845 3917
231834 4021
242634 4944
244445 2754
258535 1727
280434 2754
294835 1727
302034 2754
330835 1727
338034 1830
370435 1727
377634 1830
406435 1727
413634 1830
442435 1727
449634 2754
480235 1727
487434 2754
519235 1727
521945 1664
522245 1727
525245 3917
537834 4944
555835 3917
561234 4944
588235 3917
590045 1727
599034 2754
611607 1471
627835 444
635034 1471
663835 444
671034 1471
699835 444
707034 1471
708845 3662
752035 2635
761034 2738
763636 2685
789835 2581
800634 3608
812836 3662
813245 1471
825835 444
833034 548
864835 444
865112 0
865113 444
867245 382
867545 444
883434 548
901435 444
906834 1471
914045 3662
914067 4944
935635 3917
946434 4944
950045 2754
957267 1471
966234 548
975235 444
982434 548
996616 798
1011235 695
1018434 798
1040056 548
1047235 444
1058034 1471
1086835 444
1094034 1471
1123735 444
1144434 1471
1158835 444
1166034 1471
1194835 444
1202034 1471
1212845 1409
1213145 1471
1230835 444
1239834 548
1263245 2738
1268635 2635
1275834 2738
1299245 548
1304635 444
1310034 548
1322635 444
1331634 548
1358635 444
1367634 548
1385645 485
1385945 2738
1394635 2635
1403634 3662
1410867 4944
1432435 3917
1439634 4944
1454012 5195
1469335 4168
1488234 5195
1497256 4944
1497267 3662
1500845 1471
1506235 444
1511634 1471
1522434 548
1542235 444
1551234 548
1562045 485
1562345 548
1580035 444
1587234 1471
1616035 444
1626834 548
1652035 444
1659234 548
1691635 444
1698834 548
1728835 444
1731245 382
1731545 444
1749234 548
1763635 444
1770834 548
1770845 2738
1799635 2635
1806834 3662
1835635 2635
1842834 2738
1850045 548
1850056 798
1873435 695
1882434 798
1904045 736
1904056 485
1904345 548
1909435 444
1914834 548
1927435 444
1936434 548
1963435 444
1972434 548
1999435 444
2008434 1471
2037235 444
2044434 548
2074435 444
2094834 548
2111035 444
2116434 548
2148835 444
2156034 548
2184835 444
2192034 548
2220835 444
2229834 548
2249945 485
2250245 548
2256835 444
2265834 548
2294635 444
2303634 548
2333635 444
2354034 548
2369635 444
2375634 548
2404435 444
2411634 548
2440435 444
2447634 548
2478835 444
2483634 548
2512435 444
2526834 548
2568235 444
2577234 548
2595245 2738
2604235 2635
2613234 2738
2615045 548
2642035 444
2649234 548
2679235 444
2681624 240
2692434 344
2696045 2534
2714035 2431
2714045 240
2721234 344
2751835 240
2760834 344
2789635 240
2796834 344
2825635 240
2836434 344
2861635 240
2870634 344
2899435 240
2906634 344
2938435 240
2958834 344
2973235 240
2980434 344
3009235 240
3016434 344
3045235 240
3056034 344
3083035 240
3088434 344
3119035 240
3124434 344
3173035 240
3182034 344
3200345 281
3200645 344
3210835 240
3218034 344
3246835 240
3254034 344
3284035 240
3284312 0
3284313 240
3287345 178
3287645 240
3300834 344
3320635 240
3329634 344
3356635 240
3365634 344
3394435 240
3401634 344
3430435 240
3437634 344
3460145 281
3460445 344
3466435 240
3473634 344
3504235 240
3513234 344
3542035 240
3556434 344
3560105 281
3560405 344
3614035 240
3624834 344
3650035 240
3657234 344
3676145 281
3676445 344
3687835 240
3693234 344
3725635 240
3732834 344
3759835 240
3768834 344
3799435 240
3805745 178
3806045 240
3815634 344
3851635 240
3858834 344
3887635 240
3891224 444
3909234 548
3923635 444
3930834 548
3938034 1471
3959667 2754
3961435 1727
3966834 1830
3971924 1626
3978485 1564
3978785 3817
3981267 2534
3999235 2431
4006434 2534
4035235 2431
4042434 2534
4043585 344
4064024 548
4071235 444
4078434 548
4110835 444
4118034 548
4146835 444
4150424 240
4152725 178
4153025 240
4168434 344
4182835 240
4190034 344
4197234 1267
4218835 240
4229634 344
4256635 240
4262034 344
4262056 594
4262067 1877
4283624 2081
4283634 3004
4305224 2800
4305234 1877
4305267 594
4317835 491
4323256 240
4324205 178
4324505 240
4326834 344
4361035 240
542 events for M
95265 718864
95266 0
95875 718864
95876 0
96506 3748528
96509 0
96765 718864
96766 0
97375 718864
97376 0
98006 3748528
98009 0
98265 718864
98266 0
98875 718864
98876 0
99506 3748528
99509 0
107025 718864
107026 0
107635 718864
107636 0
108266 3748528
108269 0
108525 718864
108526 0
109135 718864
109136 0
109766 3748528
109769 0
110025 718864
110026 0
110635 718864
110636 0
111266 3748528
111269 0
141686 4313184
141687 2310336
141688 0
141817 4313184
141819 0
141962 192528
141963 0
142267 2156592
142268 0
142586 3594320
142587 962640
142588 0
142634 3594320
142635 962640
142636 0
142905 718864
142906 0
142915 718864
142916 0
142925 718864
142926 0
142935 718864
142936 0
142945 718864
142946 0
142955 718864
142956 0
142965 718864
142966 0
142975 718864
142976 0
142985 718864
142986 0
142995 718864
142996 0
143005 718864
143006 0
143015 718864
143016 0
143025 718864
143026 0
143035 718864
143036 0
143045 718864
143046 0
143055 718864
143056 0
143065 718864
143066 0
143085 192528
143086 0
143095 192528
143096 0
143105 192528
143106 0
143115 192528
143116 0
143125 192528
143126 0
143135 192528
143136 0
143145 192528
143146 0
143155 192528
143156 0
143165 192528
143166 0
143175 192528
143176 0
143185 192528
143186 0
143195 192528
143196 0
143205 192528
143206 0
248786 4494818
248787 3748528
248790 0
248796 4494818
248801 0
248846 4494818
248851 0
248906 4494818
248907 3748528
248910 0
248916 4494818
248921 0
248966 4494818
248971 0
249026 4494818
249031 0
249036 4494818
249041 0
249086 4494818
249087 3748528
249090 0
252986 4494818
252987 3748528
252990 0
252996 4494818
253001 0
253046 4494818
253051 0
253106 4494818
253107 3748528
253110 0
253116 4494818
253121 0
253166 4494818
253171 0
253226 4494818
253231 0
253236 4494818
253241 0
253286 4494818
253287 3748528
253290 0
290210 82880
290211 0
290220 82880
290221 0
290230 82880
290231 0
290261 82880
290262 0
290271 82880
290272 0
290281 82880
290282 0
339662 3748528
339665 0
343262 3748528
343265 0
346862 3748528
346865 0
350462 3748528
350465 0
353882 3748528
353885 0
356076 3748528
356079 0
359676 3748528
359679 0
363276 3748528
363279 0
366876 3748528
366879 0
370476 3748528
370479 0
376691 3748528
376694 0
380291 3748528
380294 0
383891 3748528
383894 0
387491 3748528
387494 0
390911 3748528
390914 0
393105 3748528
393108 0
396705 3748528
396708 0
398279 3748528
398282 0
398289 3748528
398292 0
398879 3748528
398882 0
398889 3748528
398892 0
401193 3748528
401196 0
401203 3748528
401206 0
401793 3748528
401796 0
401803 3748528
401806 0
408093 3748528
408096 0
408103 3748528
408106 0
408693 3748528
408696 0
408703 3748528
408706 0
426693 3748528
426696 0
426703 3748528
426706 0
427293 3748528
427296 0
427303 3748528
427306 0
490176 2824208
490177 0
490296 2824208
490297 0
490416 2824208
490417 0
490896 2824208
490897 0
491016 2824208
491017 0
491136 2824208
491137 0
491616 2824208
491617 0
491736 2824208
491737 0
491856 2824208
491857 0
492336 2824208
492337 0
492456 2824208
492457 0
492576 2824208
492577 0
493056 2824208
493057 0
493176 2824208
493177 0
493296 2824208
493297 0
493776 2824208
493777 0
493896 2824208
493897 0
494016 2824208
494017 0
494496 2824208
494497 0
494616 2824208
494617 0
494736 2824208
494737 0
495216 2824208
495217 0
495336 2824208
495337 0
495456 2824208
495457 0
495936 2824208
495937 0
496056 2824208
496057 0
496176 2824208
496177 0
496596 2824208
496597 0
496716 2824208
496717 0
496836 2824208
496837 0
497376 2824208
497377 0
497496 2824208
497497 0
497616 2824208
497617 0
500291 2824208
500292 0
500382 3748528
500385 0
500591 2824208
500592 0
500661 2824208
500662 0
500872 3765611
500875 0
504191 2824208
504192 0
504282 3748528
504285 0
504491 2824208
504492 0
504561 2824208
504562 0
504772 3765611
504775 0
506291 2824208
506292 0
506382 3748528
506385 0
506591 2824208
506592 0
506661 2824208
506662 0
506872 3765611
506875 0
507791 2824208
507792 0
507882 3748528
507885 0
508091 2824208
508092 0
508161 2824208
508162 0
508372 3765611
508375 0
517905 2824208
517906 0
517996 3748528
517999 0
518205 2824208
518206 0
518275 2824208
518276 0
518486 3765611
518489 0
577253 3748528
577256 0
577268 5000000
577286 0
579053 3748528
579056 0
579068 5000000
579086 0
580853 3748528
580856 0
580868 5000000
580886 0
582653 3748528
582656 0
582668 5000000
582686 0
584453 3748528
584456 0
584468 5000000
584486 0
586253 3748528
586256 0
586268 5000000
586286 0
588053 3748528
588056 0
588068 5000000
588086 0
589853 3748528
589856 0
589868 5000000
589886 0
591653 3748528
591656 0
591668 5000000
591686 0
597543 3748528
597546 0
597558 5000000
597576 0
599343 3748528
599346 0
599358 5000000
599376 0
601143 3748528
601146 0
601158 5000000
601176 0
602943 3748528
602946 0
602958 5000000
602976 0
604743 3748528
604746 0
604758 5000000
604776 0
606543 3748528
606546 0
606558 5000000
606576 0
608343 3748528
608346 0
608358 5000000
608376 0
610143 3748528
610146 0
610158 5000000
610176 0
656205 3748528
656208 0
656225 3748528
656228 0
656245 3748528
656248 0
662505 3748528
662508 0
662525 3748528
662528 0
662545 3748528
662548 0
670321 3748528
670324 0
670341 3748528
670344 0
670361 3748528
670364 0
676621 3748528
676624 0
676641 3748528
676644 0
676661 3748528
676664 0
682921 3748528
682924 0
682941 3748528
682944 0
682961 3748528
682964 0
688321 3748528
688324 0
688341 3748528
688344 0
688361 3748528
688364 0
693121 3748528
693124 0
693141 3748528
693144 0
693161 3748528
693164 0
697921 3748528
697924 0
697941 3748528
697944 0
697961 3748528
697964 0
701900 3748528
701903 0
701920 3748528
701923 0
701940 3748528
701943 0
1060946 226158674
1060951 0
1082546 20242052
1082551 0
1104146 20242052
1104151 0
1168946 178452312
1168948 8996469
1168953 0
1298546 18598775
1298551 0
1320146 22542416
1320151 0
1341746 57946826
1341751 0
1363346 112491168
1363351 0
1384946 89992935
1384951 0
1445609 90225847
1445610 99456
1445611 17992937
1445616 0
1514547 36047367
1514552 0
1536147 39436416
1536152 0
1644147 79610631
1644152 0
1665747 77494701
1665752 0
1773747 73767533
1773752 0
1795347 221441780
1795352 0
2054547 47723996
2054552 0
2071497 12683312
2071502 0
2227346 9037466
2227351 0
2270546 270264152
2270551 0
3156146 26968906
3156151 0
3177746 134824032
3177751 0
3180672 20221556
3180677 0
3372086 83191028
3372091 0
3566486 38234987
3566491 0
3588086 107957608
3588091 0
3609686 350862225
3609691 0
3609692 4498234
3609697 0
3631286 38234987
3631291 0
3955346 42873674
3955351 0
3976946 60808152
3976951 0
4063346 123650191
4063351 0
4084946 112353360
4084951 0
4106546 191051956
4106551 0
4128146 148359728
4128151 0
4 events for N
866749 0
866750 2650
3285949 0
3285950 2650
3 events for O
771763 90
782683 3500
806743 0
47 events for P
262646 0
280166 1370
521846 0
539366 1370
867446 0
885146 600
885326 1300
1125206 600
1125406 0
1144346 600
1144526 1300
1471690 700
1471735 0
1489946 600
1490186 1300
1731006 700
1731051 0
1749146 600
1749386 1300
2076346 700
2076391 0
2094566 1300
2336365 0
2353766 1300
2681965 0
2693366 1300
2941165 0
2958566 1300
3286765 0
3298646 600
3298826 1300
3545446 700
3545491 0
3557666 600
3557846 1300
3804586 700
3804631 0
3816746 600
3816926 1300
3890986 700
3891031 0
3909146 600
3909326 1300
4149406 700
4149451 0
4168346 600
4168466 1300
