16 instruments
A 10 100 22528 960000000
B 10 100 1801610371.8348846 4747451505.5334387
C 10 100 23264.147255000564 168504461.78361657
D 10 100 54084010.43300014 1720684275.4783733
E 10 100 1538660356.7547786 4054547831.9712734
F 10 100 0.00018444817663405244 950598422.35720563
G 10 100 6499613.0472409306 3333330256.035996
H 10 100 0 895660078.44187188
I 10 100 183507440.74517861 809594356.20986629
J 10 100 763800535.41096985 7041040280.2382517
K 10 100 45126217.813212499 1435691857.5629289
L 10 100 157159.98672976866 607777468.940395
M 10 100 7196.0339286610251 2810950753.383213
N 10 100 2312500 800000000
O 10 100 2665037.1650940888 921958803.05957663
P 10 100 0 296462475.07613176
140 downlinks
0 1 23814 18650.039686
1 66256 91871 17801.393711000001
2 92304 95447 18241.361444999999
3 111898 134731 24067.369501000001
4 135896 159879 56712.888793999999
5 185996 194851 58370.132263
6 198367 219207 58005.525035999999
7 220758 258593 24930.123806
8 258594 279767 16739.689300999999
9 325456 350023 18181.419744999999
10 371991 397607 18610.315675999998
11 399049 437437 59847.283359000001
12 438889 454964 18063.419893999999
13 459589 484394 18186.627066000001
14 485446 501293 56843.492619999997
15 523626 557085 9175.5815739999998
16 557086 568575 9288.5908459999991
17 571843 609842 29976.478185
18 611983 629020 8340.6453669999992
19 638383 648686 28164.287346000001
20 671056 693639 9615.6592349999992
21 715781 744277 8936.4976299999998
22 744278 748101 29078.912095
23 763778 771225 8738.7729049999998
24 789406 824795 9283.3064869999998
25 824796 870574 9136.56639
26 870575 886982 8867.2325060000003
27 902409 906815 30843.021497000002
28 930256 947025 8651.5363890000008
29 948572 971479 8598.6086899999991
30 974372 1002868 28620.571626000001
31 1002869 1013789 29488.2804
32 1017029 1039429 29574.456625999999
33 1045469 1058806 8990.2936559999998
34 1061369 1090251 27889.095755999999
35 1092266 1102395 27279.489213000001
36 1105246 1108471 29339.122920000002
37 1114766 1123592 30467.823106
38 1133066 1144616 9273.8508989999991
39 1147871 1169107 28091.132868000001
40 1169969 1214008 9462.077765
41 1214009 1229342 8739.387213
42 1269856 1284760 27177.101999999999
43 1300309 1324418 28867.988366000001
44 1325359 1347887 8757.0573490000006
45 1386610 1428858 30482.278361000001
46 1428859 1465752 9337.789702
47 1465753 1494214 8515.7706749999998
48 1535056 1549939 8900.7025030000004
49 1552149 1577938 8778.3355150000007
50 1577949 1606321 29886.497736000001
51 1608846 1636087 29243.536622
52 1636806 1641019 26517.245249
53 1645515 1659787 8834.4018649999998
54 1679046 1690421 9457.9623840000004
55 1702442 1722338 28164.872808
56 1731817 1774046 30503.298975000002
57 1774047 1796462 8691.2845450000004
58 1796938 1806933 8525.9525360000007
59 1809598 1813351 28086.786929000002
60 1874656 1902600 9305.8530659999997
61 1904424 1908938 9003.7058219999999
62 1934335 1950096 29720.859928999998
63 1983089 1986746 28196.056719
64 1990728 2007441 8724.7512220000008
65 2009031 2036366 9238.0711549999996
66 2037287 2077031 29465.914934
67 2077032 2085008 8736.7051790000005
68 2108027 2122041 8623.2506759999997
69 2133856 2156105 8421.9856619999991
70 2160346 2180205 27549.328343000001
71 2192023 2209282 29572.320551000001
72 2211579 2241718 29086.290951999999
73 2241819 2270494 8813.8421070000004
74 2278719 2295685 29493.047434
75 2303615 2327106 27435.630709000001
76 2327997 2339525 29792.428981000001
77 2342615 2352498 8997.6095590000004
78 2355515 2378702 26654.011493000002
79 2393056 2416181 8664.3956859999998
80 2416411 2442270 8910.3347130000002
81 2485456 2505453 9263.3037550000008
82 2508562 2514794 8194.1372179999998
83 2526507 2539170 8812.3468479999992
84 2558003 2559834 28513.272391999999
85 2586678 2590839 29797.943813000002
86 2594870 2629702 9287.2106050000002
87 2629703 2640455 9493.8769009999996
88 2643859 2679939 29841.66733
89 2681178 2685856 9031.5484039999992
90 2744656 2756286 27058.173078
91 2758395 2761952 27764.822221999999
92 2765895 2782497 8866.3210920000001
93 2794382 2806542 30200.423556999998
94 2809654 2814498 9259.4321029999992
95 2818690 2842761 9457.3783449999992
96 2844490 2848318 29542.407908000001
97 2853796 2868639 8564.5545529999999
98 2877790 2900459 9335.3412189999999
99 2902986 2931712 27874.981927000001
100 2940106 2982261 30587.746092000001
101 2982262 3026414 9231.3874039999992
102 3026415 3042633 8609.2624169999999
103 3043982 3060214 8689.6108280000008
104 3068567 3070614 26609.79682
105 3090256 3109861 8915.2263710000007
106 3112726 3142676 9094.9622560000007
107 3142677 3160391 8333.9255690000009
108 3160973 3167314 27500.430241999999
109 3181391 3197744 8601.7316499999997
110 3199037 3233950 9100.8958739999998
111 3247668 3260957 9427.4328960000003
112 3263928 3274340 27243.904355999999
113 3276768 3298488 8431.3051790000009
114 3327484 3329806 27636.251289
115 3349456 3368744 8831.2619180000002
116 3369852 3386451 8966.6639699999996
117 3394063 3399814 54396.705881000002
118 3403606 3417634 58970.262822999997
119 3420219 3449258 57826.355975999999
120 3449259 3460003 17374.699861000001
121 3475359 3502150 57611.601310999999
122 3502359 3534439 59023.283414999998
123 3535181 3540931 55193.106121999997
124 3544287 3586404 25530.421285
125 3586405 3630600 29269.697155999998
126 3630601 3634691 16830.732371999999
127 3647849 3662516 28226.256141999998
128 3664846 3667397 60093.408818999997
129 3707844 3737543 58272.632834999997
130 3737544 3744818 61499.660580999996
131 3759021 3780318 28538.149495000001
132 3793866 3799688 18090.695755000001
133 3803231 3818443 23661.293665000001
134 3820340 3848294 28757.617953000001
135 3848295 3890591 56137.919716999997
136 3891735 3908629 23437.772314999998
137 3923835 3936475 55980.942202999999
138 3949690 3963542 60635.164006999999
139 3966430 3997357 23619.145155999999
0 opportunities for A
0 opportunities for B
0 opportunities for C
0 opportunities for D
0 opportunities for E
0 opportunities for F
0 opportunities for G
0 opportunities for H
0 opportunities for I
0 opportunities for J
0 opportunities for K
0 opportunities for L
0 opportunities for M
0 opportunities for N
0 opportunities for O
0 opportunities for P
84 events for A
65666 4214960
65670 0
66096 4214960
66100 0
66836 4214960
66840 0
67266 4214960
67270 0
434792 4214960
434796 0
435222 4214960
435226 0
435962 4214960
435966 0
436392 4214960
436396 0
670466 4214960
670470 0
670896 4214960
670900 0
671636 4214960
671640 0
672066 4214960
672070 0
1039592 4214960
1039596 0
1040022 4214960
1040026 0
1040762 4214960
1040766 0
1041192 4214960
1041196 0
1091666 4214960
1091670 0
1092096 4214960
1092100 0
1092836 4214960
1092840 0
1093266 4214960
1093270 0
1276380 4214960
1276384 0
1276810 4214960
1276814 0
1277550 4214960
1277554 0
1277980 4214960
1277984 0
1644392 4214960
1644396 0
1644822 4214960
1644826 0
1645562 4214960
1645566 0
1645992 4214960
1645996 0
1715366 4214960
1715370 0
1715796 4214960
1715800 0
1716536 4214960
1716540 0
1716966 4214960
1716970 0
1881180 4214960
1881184 0
1881610 4214960
1881614 0
1882350 4214960
1882354 0
1882780 4214960
1882784 0
2249192 4214960
2249196 0
2249622 4214960
2249626 0
2250362 4214960
2250366 0
2250792 4214960
2250796 0
2854518 67463256
2854523 0
3459318 47210957
3459323 0
363 events for B
72744 19661
72834 27175
73515 7514
74184 27175
74955 7514
75204 27175
75975 7514
76644 27175
77415 7514
77664 27175
78435 7514
79104 27175
79875 7514
80124 27175
80895 7514
81564 27175
82335 7514
82584 27175
83355 7514
83595 0
88884 19661
88974 27175
89535 7514
89664 27175
90315 7514
90864 27175
91455 7514
91644 27175
92295 7514
92844 27175
93495 7514
93624 27175
94275 7514
94824 27175
95475 7514
95604 27175
96255 7514
96804 27175
97455 7514
97584 27175
98235 7514
98784 27175
99435 7514
99564 27175
100215 7514
100335 0
332034 7514
334104 66496
335475 7514
338664 66496
340035 7514
343155 0
347323 58982
347413 66496
348694 7514
351943 66496
353314 7514
353554 0
353844 58982
353934 66496
355215 7514
358464 66496
359835 7514
361335 0
363412 58982
363502 66496
364783 7514
368032 66496
369403 7514
373363 0
373644 58982
373734 66496
375015 7514
377964 66496
379335 7514
379515 0
383702 58982
383792 66496
385073 7514
386462 66496
387833 7514
388373 0
388644 58982
388734 66496
390015 7514
395004 66496
396375 7514
397695 0
399791 117965
399881 124709
400742 6744
401651 124709
402542 6744
403451 124709
404342 6744
405251 124709
406142 6744
407051 124709
407942 6744
408851 124709
409742 6744
410651 124709
411542 6744
415922 0
420081 117965
420171 124709
421032 6744
421941 124709
422832 6744
423741 124709
424632 6744
425541 124709
426432 6744
427341 124709
428232 6744
429141 124709
430032 6744
430941 124709
431832 6744
432741 124709
433632 6744
434112 0
438270 117965
438360 124709
439221 6744
440130 124709
441021 6744
441921 0
456795 169032
458115 45609
459440 0
635745 7514
642906 0
936564 117965
936654 124709
937455 6744
937584 124709
938290 6744
938295 0
939144 58982
939234 66496
940515 7514
947955 0
952123 58982
952213 7514
960754 0
961044 117965
961134 124709
961995 6744
965715 0
968212 117965
968302 124709
969163 6744
979063 0
988502 117965
988592 124709
989453 6744
999353 0
1279858 117965
1279948 124709
1280809 6744
1281718 124709
1282609 6744
1283518 124709
1284409 6744
1285318 124709
1286209 6744
1287118 124709
1288009 6744
1288918 124709
1289809 6744
1290709 0
1298373 117965
1298463 124709
1299324 6744
1300233 124709
1301124 6744
1302033 124709
1302924 6744
1303833 124709
1304724 6744
1305624 0
1483605 7514
1497246 0
1499420 7514
1514861 0
1803144 58982
1803234 66496
1804515 6744
1805004 66496
1806375 6744
1806795 0
1809476 58982
1809566 66496
1810847 6744
1811336 66496
1812707 6744
1813136 66496
1814507 6744
1823927 0
1829765 58982
1829855 66496
1831136 6744
1831625 66496
1832996 6744
1833425 66496
1834796 6744
1840616 0
2181044 235930
2181134 242674
2182895 6744
2183084 242674
2184935 6744
2185124 242674
2186975 6744
2187224 242674
2189075 6744
2190095 0
2198102 235930
2198192 242674
2198808 6744
2198813 0
2213595 169032
2215395 45609
2217200 0
2750964 117965
2751054 125479
2752335 7514
2752695 0
2888634 3372
2893815 0
2913834 3372
2922195 0
2931234 3372
2936595 0
2958834 3372
2961795 0
2964712 3372
2980513 0
3120744 117965
3120834 121337
3122355 3372
3122604 121337
3124155 3372
3124395 0
3129187 117965
3129277 121337
3130618 3372
3136447 121337
3137818 3372
3140038 0
3149801 117965
3149891 121337
3151412 3372
3155261 121337
3156812 3372
3157052 0
3356634 3372
3357504 121337
3360255 3372
3361104 121337
3363795 3372
3364695 0
3371323 117965
3371413 121337
3372874 3372
3373183 121337
3374734 3372
3378574 0
3725784 19661
3725874 25951
3727635 6290
3728424 25951
3730275 6290
3730815 0
3734124 19661
3734214 25951
3735975 6290
3736764 25951
3738615 6290
3739584 25951
3741435 6290
3742164 25951
3744015 6290
3744984 25951
3746835 6290
3747564 25951
3749415 6290
3749955 0
3754704 19661
3754794 25951
3756555 6290
3756684 25951
3758535 6290
3758904 25951
3760755 6290
3760884 25951
3762735 6290
3763104 25951
3764955 6290
3765084 25951
3766930 6290
3766935 0
3771015 117965
3771105 124709
3772566 6744
3787266 0
3791630 117965
3791720 124709
3793181 6744
3805961 0
3808044 117965
3808134 124709
3809595 6744
3822375 0
3958044 19661
3958134 25951
3959895 6290
3960024 25951
3961875 6290
3962244 25951
3964095 6290
3964224 25951
3966075 6290
3966444 25951
3968295 6290
3968424 25951
3970270 6290
3970275 0
3976224 19661
3976314 25951
3977175 6290
3977304 25951
3978255 6290
3978624 25951
3979575 6290
3979824 25951
3980775 6290
3981024 25951
3981975 6290
3982104 25951
3983055 6290
3983060 0
3984744 117965
3984834 124709
3986355 6744
3988360 0
3988404 117965
3990015 6744
3990075 0
3992212 117965
3992302 124709
3993823 6744
3997628 0
3997672 117965
3999283 6744
4004743 0
4012502 117965
4012592 124709
4014113 6744
4016118 0
4016162 117965
4017773 6744
366 events for C
18660 1500
23839 0
29339 479
30579 0
32059 479
34169 1500
40149 0
45809 479
47869 0
69909 906
85051 0
92369 906
101799 0
106992 906
122626 0
129106 906
141140 0
144020 906
159955 0
166135 906
178169 0
181049 906
196683 0
202649 1087
205359 0
205863 215
217283 0
277209 1600
287394 0
292349 906
293249 1500
299732 0
300799 1500
303699 0
328049 906
344448 0
350628 906
362637 0
364137 906
380827 0
387007 906
399016 0
424696 906
425436 0
505696 906
506446 0
623630 593
634319 0
637159 906
637909 593
650749 0
674709 906
689669 0
696878 906
709212 0
711492 906
727726 0
733906 906
746240 0
748520 906
764755 0
770935 906
783269 0
786309 906
801948 0
807963 906
820298 0
822578 906
837998 0
844992 906
857326 0
858866 906
875840 0
882020 906
893755 0
896335 906
911369 0
932849 906
949248 0
955428 906
966989 0
968977 906
985377 0
991807 906
1003687 0
1006096 906
1022006 0
1028186 906
1040195 0
1043835 906
1058385 0
1064565 906
1076574 0
1078854 906
1092269 0
1105649 906
1112953 0
1115233 906
1130723 0
1132803 906
1149152 0
1155512 906
1167402 0
1169922 906
1177769 0
1228270 1714
1239680 0
1241220 906
1241960 1714
1256969 0
1274249 1714
1276983 0
1277163 215
1288639 0
1292463 1714
1295498 0
1318669 1500
1324684 0
1338859 1500
1344869 0
1376909 906
1377659 0
1486820 906
1498555 0
1500095 906
1516169 0
1537649 906
1554048 0
1560228 906
1567189 0
1611016 906
1626506 0
1633769 906
1640089 0
1728488 906
1735943 0
1737483 906
1754132 0
1760372 906
1772322 0
1810241 906
1826890 0
1833070 906
1844480 0
1885444 906
1900298 0
1906478 906
1918812 0
1929492 1500
1935604 0
1943566 1500
1949678 0
1994409 906
2011383 0
2017563 906
2029838 0
2032178 906
2040055 0
2082149 906
2082915 0
2136449 1714
2140058 0
2143529 1714
2160823 0
2167399 1714
2175899 0
2181809 906
2182549 1714
2194627 0
2201407 1714
2213416 0
2215696 1714
2231606 0
2237786 1714
2249795 0
2253778 906
2254518 1714
2267985 0
2274165 1714
2279669 0
2310544 215
2321964 0
2427749 906
2428489 0
2437870 906
2449280 0
2451560 906
2466569 0
2489876 906
2505098 0
2512235 906
2523612 0
2525152 906
2541912 0
2548906 906
2560426 0
2563594 906
2578594 0
2585335 906
2597669 0
2599209 906
2616183 0
2622363 906
2625269 0
2625749 906
2634698 0
2636978 906
2652912 0
2659392 906
2668469 0
2668649 1087
2671359 0
2674306 906
2690240 0
2696394 593
2702061 0
2704080 906
2707040 0
2711515 593
2725076 0
2747249 906
2753969 0
2755049 906
2763631 0
2769828 906
2781809 0
2783405 906
2798069 0
2798549 906
2800009 0
2806207 906
2818151 0
2820560 906
2836312 0
2842586 1714
2854454 0
2858634 906
2859374 1714
2895269 0
2908049 1714
2938469 0
2947949 1714
2963611 0
2965387 906
2966127 1714
2981841 0
2984579 1714
3000055 0
3006291 1714
3014069 0
3014549 906
3018289 0
3019858 906
3036490 0
3042670 906
3054080 0
3056360 906
3062669 0
3063449 906
3071369 0
3094780 906
3109893 0
3116078 906
3128412 0
3129952 906
3146926 0
3153106 906
3165440 0
3169220 906
3182455 0
3190135 906
3202469 0
3204009 906
3208169 0
3250135 906
3258012 0
3264192 906
3272033 0
3278109 906
3294269 0
3301220 1600
3311361 0
3316459 1500
3322717 0
3323779 1500
3326121 0
3352049 906
3368448 0
3374628 906
3379848 0
3380328 906
3383069 0
3390427 906
3391184 1500
3396459 0
3397784 1500
3403069 0
3411007 906
3423016 0
3425296 906
3441206 0
3447386 906
3459395 0
3463155 906
3477465 0
3483765 906
3495772 0
3498054 906
3510869 0
3511349 906
3513964 0
3520144 906
3532153 0
3534433 906
3550343 0
3551883 906
3568471 0
3574712 906
3586662 0
3589002 906
3604911 0
3611091 906
3623101 0
3624641 906
3641290 0
3647470 906
3658880 0
3663556 1500
3667571 0
3669256 1500
3673281 0
3691649 906
3694769 0
3701849 215
3713369 0
3735792 906
3751512 0
3757906 906
3770240 0
3772520 906
3788755 0
3794935 906
3807269 0
3808809 906
3825783 0
3831963 906
3844298 0
3846578 906
3862812 0
3868992 906
3881326 0
3882866 906
3899840 0
3906020 906
3917755 0
3920035 906
3935369 0
3950849 906
3955049 0
3957338 906
3973248 0
3979428 906
3991437 0
3992977 906
4009627 0
4015807 906
117 events for D
65601 2414
67441 1285
434727 2414
436567 1285
455217 2057
505585 706
619541 2057
651401 706
670401 2414
672241 706
692330 1285
725158 706
1039527 2414
1041367 706
1091601 2414
1098961 706
1101254 1772
1130795 1285
1146584 706
1150964 1285
1183143 706
1187343 1285
1219522 706
1276315 2414
1278155 706
1304921 1285
1310501 706
1324632 1285
1326612 706
1564301 1285
1587859 706
1592059 1285
1606048 706
1608268 1772
1623938 706
1628558 1772
1644327 2414
1646687 1772
1660317 706
1715301 2414
1725061 706
1757144 1285
1787921 706
1792143 1285
1801601 706
1861001 0
1861002 487
1881115 2414
1882955 487
1955372 2414
1971572 487
1975987 2414
2008815 487
2013015 2414
2045844 487
2249127 2414
2250967 487
2277401 2414
2301795 487
2305996 2414
2338174 487
2342375 2414
2345975 487
2363975 2414
2367575 487
2377254 2414
2379401 487
2390801 2414
2429122 487
2484801 2414
2502530 487
2506730 2414
2514701 487
2560241 2414
2576026 487
2765280 2414
2772701 487
2801704 2414
2833744 487
2853927 2414
2855767 487
3011801 2414
3033922 487
3038125 2414
3060101 487
3089601 2414
3107325 487
3111532 2414
3119201 487
3205901 2414
3218355 487
3222615 2414
3255444 487
3422548 2414
3438638 487
3442838 2414
3474897 487
3479277 2414
3508301 487
3549875 2414
3565903 487
3570164 2414
3594701 1285
3695515 2414
3697355 1285
3702408 2414
3712130 1285
3716330 2414
3724130 1285
3832301 2414
3860244 1285
3864444 2414
3875501 1285
3901472 2414
3932801 1285
3946001 2414
3956390 1285
362 events for E
73178 19661
73268 27175
73949 7514
74618 27175
75389 7514
75638 27175
76409 7514
77078 27175
77849 7514
78098 27175
78869 7514
79538 27175
80309 7514
80558 27175
81329 7514
81998 27175
82769 7514
83018 27175
83789 7514
84029 0
89318 19661
89408 27175
89969 7514
90098 27175
90749 7514
91298 27175
91889 7514
92078 27175
92729 7514
93278 27175
93929 7514
94058 27175
94709 7514
95258 27175
95909 7514
96038 27175
96689 7514
97238 27175
97889 7514
98018 27175
98669 7514
99218 27175
99869 7514
99998 27175
100649 7514
100769 0
332468 7514
334538 66496
335909 7514
339098 66496
340469 7514
343589 0
347757 58982
347847 66496
349128 7514
352377 66496
353748 7514
353988 0
354278 58982
354368 66496
355649 7514
358898 66496
360269 7514
361769 0
363846 58982
363936 66496
365217 7514
368466 66496
369837 7514
373797 0
374078 58982
374168 66496
375449 7514
378398 66496
379769 7514
379949 0
384136 58982
384226 66496
385507 7514
386896 66496
388267 7514
388807 0
389078 58982
389168 66496
390449 7514
395438 66496
396809 7514
398129 0
400225 117965
400315 124709
401176 6744
402085 124709
402976 6744
403885 124709
404776 6744
405685 124709
406576 6744
407485 124709
408376 6744
409285 124709
410176 6744
411085 124709
411976 6744
416356 0
420515 117965
420605 124709
421466 6744
422375 124709
423266 6744
424175 124709
425066 6744
425975 124709
426866 6744
427775 124709
428666 6744
429575 124709
430466 6744
431375 124709
432266 6744
433175 124709
434066 6744
434546 0
438704 117965
438794 124709
439655 6744
440564 124709
441455 6744
442355 0
457229 169032
458549 45609
459874 0
636179 7514
643340 0
936998 117965
937088 124709
937889 6744
938018 124709
938724 6744
938729 0
939578 58982
939668 66496
940949 7514
948389 0
952557 58982
952647 7514
961188 0
961478 117965
961568 124709
962429 6744
966149 0
968646 117965
968736 124709
969597 6744
979497 0
988936 117965
989026 124709
989887 6744
999787 0
1280292 117965
1280382 124709
1281243 6744
1282152 124709
1283043 6744
1283952 124709
1284843 6744
1285752 124709
1286643 6744
1287552 124709
1288443 6744
1289352 124709
1290243 6744
1291143 0
1298807 117965
1298897 124709
1299758 6744
1300667 124709
1301558 6744
1302467 124709
1303358 6744
1304267 124709
1305158 6744
1306058 0
1484039 7514
1497680 0
1499854 7514
1515295 0
1803578 58982
1803668 66496
1804949 6744
1805438 66496
1806809 6744
1807229 0
1809910 58982
1810000 66496
1811281 6744
1811770 66496
1813141 6744
1813570 66496
1814941 6744
1824361 0
1830199 58982
1830289 66496
1831570 6744
1832059 66496
1833430 6744
1833859 66496
1835230 6744
1841050 0
2181478 235930
2181568 242674
2183329 6744
2183518 242674
2185369 6744
2185558 242674
2187409 6744
2187658 242674
2189509 6744
2190529 0
2198536 235930
2198626 242674
2199242 6744
2199247 0
2214029 169032
2215829 45609
2217634 0
2751398 117965
2751488 125479
2752769 7514
2753129 0
2889068 3372
2894249 0
2914268 3372
2922629 0
2931668 3372
2937029 0
2959268 3372
2962229 0
2965146 3372
2980947 0
3121178 117965
3121268 121337
3122789 3372
3123038 121337
3124589 3372
3124829 0
3129621 117965
3129711 121337
3131052 3372
3136881 121337
3138252 3372
3140472 0
3150235 117965
3150325 121337
3151846 3372
3155695 121337
3157246 3372
3157486 0
3357068 3372
3357938 121337
3360689 3372
3361538 121337
3364229 3372
3365129 0
3371757 117965
3371847 121337
3373308 3372
3373617 121337
3375168 3372
3379008 0
3726218 19661
3726308 25951
3728069 6290
3728858 25951
3730709 6290
3731249 0
3734558 19661
3734648 25951
3736409 6290
3737198 25951
3739049 6290
3740018 25951
3741869 6290
3742598 25951
3744449 6290
3745418 25951
3747269 6290
3747998 25951
3749849 6290
3750389 0
3755138 19661
3755228 25951
3756989 6290
3757118 25951
3758969 6290
3759338 25951
3761189 6290
3761318 25951
3763169 6290
3763538 25951
3765389 6290
3765518 25951
3767364 6290
3767369 0
3771449 117965
3771539 124709
3773000 6744
3787700 0
3792064 117965
3792154 124709
3793615 6744
3806395 0
3808478 117965
3808568 124709
3810029 6744
3822809 0
3958478 19661
3958568 25951
3960329 6290
3960458 25951
3962309 6290
3962678 25951
3964529 6290
3964658 25951
3966509 6290
3966878 25951
3968729 6290
3968858 25951
3970704 6290
3970709 0
3976658 19661
3976748 25951
3977609 6290
3977738 25951
3978689 6290
3979058 25951
3980009 6290
3980258 25951
3981209 6290
3981458 25951
3982409 6290
3982538 25951
3983489 6290
3983494 0
3985178 117965
3985268 124709
3986789 6744
3988794 0
3988838 117965
3990449 6744
3990509 0
3992646 117965
3992736 124709
3994257 6744
3998062 0
3998106 117965
3999717 6744
4005177 0
4012936 117965
4013026 124709
4014547 6744
4016552 0
4016596 117965
726 events for F
69681 12910592
69682 0
81651 12910592
81652 0
90180 12910592
90181 0
95130 12910592
95131 0
97256 12910592
97257 0
105394 12910592
105395 0
113451 12910592
113452 0
118736 12910592
118737 0
128451 12910592
128452 0
135050 12910592
135051 0
136252 12910592
136253 0
142427 12910592
142428 0
149151 12910592
149152 0
157337 12910592
157338 0
164242 12910592
164243 0
169894 12910592
169895 0
175551 12910592
175552 0
186758 12910592
186759 0
194065 12910592
194066 0
326156 12910592
326157 0
337590 12910592
337591 0
348735 12910592
348736 0
360019 12910592
360020 0
363319 12910592
363320 0
370764 12910592
370765 0
378209 12910592
378210 0
385251 12910592
385252 0
391251 12910592
391252 0
396356 12910592
396357 0
673851 12910592
673852 0
684651 12910592
684652 0
694985 12910592
694986 0
699651 12910592
699652 0
710211 12910592
710212 0
716456 12910592
716457 0
723651 12910592
723652 0
732651 12910592
732652 0
739850 12910592
739851 0
742337 12910592
742338 0
751251 12910592
751252 0
762051 12910592
762052 0
769251 12910592
769252 0
779151 12910592
779152 0
805856 12910592
805857 0
817680 12910592
817681 0
826255 12910592
826256 0
831416 12910592
831417 0
843094 12910592
843095 0
848901 12910592
848902 0
858008 12910592
858009 0
865615 12910592
865616 0
885634 12910592
885635 0
891137 12910592
891138 0
898894 12910592
898895 0
908756 12910592
908757 0
930951 12910592
930952 0
939351 12910592
939352 0
953530 12910592
953531 0
964371 12910592
964372 0
968124 12910592
968125 0
982759 12910592
982760 0
990884 12910592
990885 0
999050 12910592
999051 0
1004451 12910592
1004452 0
1014651 12910592
1014652 0
1031937 12910592
1031938 0
1043492 12910592
1043493 0
1053656 12910592
1053657 0
1063251 12910592
1063252 0
1071651 12910592
1071652 0
1078893 12910592
1078894 0
1082451 12910592
1082452 0
1089352 12910592
1089353 0
1103451 12910592
1103452 0
1109803 12910592
1109804 0
1114870 12910592
1114871 0
1122051 12910592
1122052 0
1126870 12910592
1126871 0
1142936 12910592
1142937 0
1154031 12910592
1154032 0
1164116 12910592
1164117 0
1168971 12910592
1168972 0
1173051 12910592
1173052 0
1175511 12910592
1175512 0
1226451 12910592
1226452 0
1231722 12910592
1231723 0
1237062 12910592
1237063 0
1240362 12910592
1240363 0
1247356 12910592
1247357 0
1254356 12910592
1254357 0
1272656 12910592
1272657 0
1274451 12910592
1274452 0
1290651 12910592
1290652 0
1292936 12910592
1292937 0
1484927 12910592
1484928 0
1487922 12910592
1487923 0
1490429 12910592
1490430 0
1492937 12910592
1492938 0
1495937 12910592
1495938 0
1499237 12910592
1499238 0
1502237 12910592
1502238 0
1506399 12910592
1506400 0
1510551 12910592
1510552 0
1513551 12910592
1513552 0
1536056 12910592
1536057 0
1537851 12910592
1537852 0
1539651 12910592
1539652 0
1543251 12910592
1543252 0
1546851 12910592
1546852 0
1551051 12910592
1551052 0
1558256 12910592
1558257 0
1560651 12910592
1560652 0
1563651 12910592
1563652 0
1609418 12910592
1609419 0
1611116 12910592
1611117 0
1616653 12910592
1616654 0
1620888 12910592
1620889 0
1623888 12910592
1623889 0
1632351 12910592
1632352 0
1635656 12910592
1635657 0
1726851 12910592
1726852 0
1733151 12910592
1733152 0
1736751 12910592
1736752 0
1740351 12910592
1740352 0
1743951 12910592
1743952 0
1747610 12910592
1747611 0
1751505 12910592
1751506 0
1758651 12910592
1758652 0
1769396 12910592
1769397 0
1809388 12910592
1809389 0
1813251 12910592
1813252 0
1816851 12910592
1816852 0
1820451 12910592
1820452 0
1824272 12910592
1824273 0
1831177 12910592
1831178 0
1836651 12910592
1836652 0
1841451 12910592
1841452 0
1884586 12910592
1884587 0
1887589 12910592
1887590 0
1891133 12910592
1891134 0
1894680 12910592
1894681 0
1897680 12910592
1897681 0
1904580 12910592
1904581 0
1907580 12910592
1907581 0
1910390 12910592
1910391 0
1913194 12910592
1913195 0
1916194 12910592
1916195 0
1993794 12910592
1993795 0
1998651 12910592
1998652 0
2003451 12910592
2003452 0
2008371 12910592
2008372 0
2015694 12910592
2015695 0
2019231 12910592
2019232 0
2022771 12910592
2022772 0
2027151 12910592
2027152 0
2030631 12910592
2030632 0
2034651 12910592
2034652 0
2037114 12910592
2037115 0
2135995 12910592
2135996 0
2141931 12910592
2141932 0
2149971 12910592
2149972 0
2158014 12910592
2158015 0
2181173 12910592
2181174 0
2186480 12910592
2186481 0
2192009 12910592
2192010 0
2199351 12910592
2199352 0
2203851 12910592
2203852 0
2208651 12910592
2208652 0
2214098 12910592
2214099 0
2221543 12910592
2221544 0
2228871 12910592
2228872 0
2235888 12910592
2235889 0
2241532 12910592
2241533 0
2247177 12910592
2247178 0
2252923 12910592
2252924 0
2259143 12910592
2259144 0
2265367 12910592
2265368 0
2274662 12910592
2274663 0
2435972 12910592
2435973 0
2438972 12910592
2438973 0
2441320 12910592
2441321 0
2443662 12910592
2443663 0
2446662 12910592
2446663 0
2449962 12910592
2449963 0
2452962 12910592
2452963 0
2456956 12910592
2456957 0
2460951 12910592
2460952 0
2463954 12910592
2463955 0
2488286 12910592
2488287 0
2495151 12910592
2495152 0
2502311 12910592
2502312 0
2511651 12910592
2511652 0
2520994 12910592
2520995 0
2524297 12910592
2524298 0
2531794 12910592
2531795 0
2539294 12910592
2539295 0
2547174 12910592
2547175 0
2554250 12910592
2554251 0
2561996 12910592
2561997 0
2568986 12910592
2568987 0
2575731 12910592
2575732 0
2583651 12910592
2583652 0
2594451 12910592
2594452 0
2598654 12910592
2598655 0
2612451 12910592
2612452 0
2621561 12910592
2621562 0
2628115 12910592
2628116 0
2638015 12910592
2638016 0
2644851 12910592
2644852 0
2648451 12910592
2648452 0
2657494 12910592
2657495 0
2661651 12910592
2661652 0
2665734 12910592
2665735 0
2673651 12910592
2673652 0
2677131 12910592
2677132 0
2682051 12910592
2682052 0
2687153 12910592
2687154 0
2704011 12910592
2704012 0
2748351 12910592
2748352 0
2753451 12910592
2753452 0
2760651 12910592
2760652 0
2768452 12910592
2768453 0
2778771 12910592
2778772 0
2782491 12910592
2782492 0
2789000 12910592
2789001 0
2797171 12910592
2797172 0
2806851 12910592
2806852 0
2813391 12910592
2813392 0
2819451 12910592
2819452 0
2826329 12910592
2826330 0
2832651 12910592
2832652 0
2840988 12910592
2840989 0
2846413 12910592
2846414 0
2858031 12910592
2858032 0
2864413 12910592
2864414 0
2871051 12910592
2871052 0
2886801 12910592
2886802 0
2892651 12910592
2892652 0
2907651 12910592
2907652 0
2920251 12910592
2920252 0
2935551 12910592
2935552 0
2946351 12910592
2946352 0
2953673 12910592
2953674 0
2960993 12910592
2960994 0
2964529 12910592
2964530 0
2971877 12910592
2971878 0
2979223 12910592
2979224 0
2986250 12910592
2986251 0
2992252 12910592
2992253 0
2997051 12910592
2997052 0
3008451 12910592
3008452 0
3014452 12910592
3014453 0
3022491 12910592
3022492 0
3033351 12910592
3033352 0
3046117 12910592
3046118 0
3057406 12910592
3057407 0
3063651 12910592
3063652 0
3068751 12910592
3068752 0
3096051 12910592
3096052 0
3103851 12910592
3103852 0
3114653 12910592
3114654 0
3120651 12910592
3120652 0
3125794 12910592
3125795 0
3129094 12910592
3129095 0
3136703 12910592
3136704 0
3144308 12910592
3144309 0
3151851 12910592
3151852 0
3156051 12910592
3156052 0
3160252 12910592
3160253 0
3162651 12910592
3162652 0
3167624 12910592
3167625 0
3171651 12910592
3171652 0
3175851 12910592
3175852 0
3179837 12910592
3179838 0
3188239 12910592
3188240 0
3194044 12910592
3194045 0
3199851 12910592
3199852 0
3204351 12910592
3204352 0
3248631 12910592
3248632 0
3251571 12910592
3251572 0
3255351 12910592
3255352 0
3262296 12910592
3262297 0
3265854 12910592
3265855 0
3269415 12910592
3269416 0
3277251 12910592
3277252 0
3282053 12910592
3282054 0
3286851 12910592
3286852 0
3291651 12910592
3291652 0
3350151 12910592
3350152 0
3355853 12910592
3355854 0
3361251 12910592
3361252 0
3365451 12910592
3365452 0
3372730 12910592
3372731 0
3377232 12910592
3377233 0
3380871 12910592
3380872 0
3409251 12910592
3409252 0
3413679 12910592
3413680 0
3418250 12910592
3418251 0
3423833 12910592
3423834 0
3431031 12910592
3431032 0
3438231 12910592
3438232 0
3446513 12910592
3446514 0
3456171 12910592
3456172 0
3465651 12910592
3465652 0
3472851 12910592
3472852 0
3485451 12910592
3485452 0
3490851 12910592
3490852 0
3499251 12910592
3499252 0
3507051 12910592
3507052 0
3510651 12910592
3510652 0
3521451 12910592
3521452 0
3526851 12910592
3526852 0
3537651 12910592
3537652 0
3544851 12910592
3544852 0
3554033 12910592
3554034 0
3562791 12910592
3562792 0
3574763 12910592
3574764 0
3581151 12910592
3581152 0
3593451 12910592
3593452 0
3598851 12910592
3598852 0
3609195 12910592
3609196 0
3614838 12910592
3614839 0
3620483 12910592
3620484 0
3624051 12910592
3624052 0
3631229 12910592
3631230 0
3638672 12910592
3638673 0
3648651 12910592
3648652 0
3654051 12910592
3654052 0
3690951 12910592
3690952 0
3733851 12910592
3733852 0
3741396 12910592
3741397 0
3748894 12910592
3748895 0
3759051 12910592
3759052 0
3763852 12910592
3763853 0
3770922 12910592
3770923 0
3778529 12910592
3778530 0
3786053 12910592
3786054 0
3795051 12910592
3795052 0
3803451 12910592
3803452 0
3809453 12910592
3809454 0
3818451 12910592
3818452 0
3829851 12910592
3829852 0
3837651 12910592
3837652 0
3847551 12910592
3847552 0
3856731 12910592
3856732 0
3869991 12910592
3869992 0
3877851 12910592
3877852 0
3883253 12910592
3883254 0
3890451 12910592
3890452 0
3906413 12910592
3906414 0
3912351 12910592
3912352 0
3919731 12910592
3919732 0
3925431 12910592
3925432 0
3932271 12910592
3932272 0
3950691 12910592
3950692 0
3955740 12910592
3955741 0
3960651 12910592
3960652 0
3966173 12910592
3966174 0
3978651 12910592
3978652 0
3987053 12910592
3987054 0
3998451 12910592
3998452 0
4005651 12910592
4005652 0
4016451 12910592
4016452 0
2 events for G
1862716 0
1862717 2650
94 events for H
1901286 1000
1902286 0
1946994 1000
1947994 0
1992893 1000
1993893 0
2039016 1000
2040016 0
2085464 1000
2086464 0
2132271 1000
2133271 0
2197079 1000
2198079 0
2242698 1000
2243698 0
2287573 1000
2288573 0
2327945 1000
2328009 0
2340556 1000
2341556 0
2377163 1000
2378163 0
2421564 1000
2422564 0
2465896 1000
2466896 0
2527749 1000
2528749 0
2589759 1000
2590759 0
2641427 1000
2642427 0
2685259 1000
2686259 0
2728808 1000
2729808 0
2772151 1000
2773151 0
2815261 1000
2816261 0
2858021 1000
2859021 0
2900570 1000
2901570 0
2943182 1000
2944182 0
2986114 1000
2987114 0
3029484 1000
3030484 0
3073131 1000
3074131 0
3116807 1000
3117807 0
3160538 1000
3161538 0
3204266 1000
3205266 0
3248418 1000
3249418 0
3287457 1000
3288457 0
3340951 1000
3341951 0
3381323 1000
3382323 0
3427524 1000
3428524 0
3475315 1000
3476315 0
3524823 1000
3525823 0
3573154 1000
3574154 0
3619841 1000
3620841 0
3666004 1000
3667004 0
3711002 1000
3712002 0
3755707 1000
3756707 0
3800624 1000
3801624 0
3845808 1000
3846808 0
3891562 1000
3892562 0
3936897 1000
3937897 0
3981009 1000
3982009 0
290 events for I
9229 3917
16428 4944
30806 5195
46129 4168
65028 5195
74050 4944
74061 3662
77639 1471
83029 444
88428 1471
99228 548
119029 444
128028 548
138839 485
139139 548
156829 444
164028 1471
192829 444
203628 548
228829 444
236028 548
268429 444
275628 548
305629 444
308039 382
308339 444
326028 548
340429 444
347628 548
347639 2738
376429 2635
383628 3662
412429 2635
419628 2738
426839 548
426850 798
450229 695
459228 798
480839 736
480850 485
481139 548
486229 444
491628 548
504229 444
513228 548
540229 444
549228 548
576229 444
585228 1471
614029 444
621228 548
651229 444
671628 548
687829 444
693228 548
725629 444
732828 548
761629 444
768828 548
797629 444
806628 548
826739 485
827039 548
833629 444
842628 548
871429 444
880428 548
910429 444
930828 548
946429 444
952428 548
981229 444
988428 548
1017229 444
1024428 548
1055629 444
1060428 548
1089229 444
1103628 548
1145029 444
1154028 548
1172039 2738
1181029 2635
1190028 2738
1191839 548
1218829 444
1226028 548
1256029 444
1258418 240
1269228 344
1272839 2534
1290829 2431
1290839 240
1298028 344
1328629 240
1337628 344
1366429 240
1373628 344
1402429 240
1413228 344
1438429 240
1447428 344
1476229 240
1483428 344
1515229 240
1535628 344
1550029 240
1557228 344
1586029 240
1593228 344
1622029 240
1632828 344
1659829 240
1665228 344
1695829 240
1701228 344
1749829 240
1758828 344
1777139 281
1777439 344
1787629 240
1794828 344
1823629 240
1830828 344
1860829 240
1861106 0
1861107 240
1864139 178
1864439 240
1877628 344
1897429 240
1906428 344
1933429 240
1942428 344
1971229 240
1978428 344
2007229 240
2014428 344
2036939 281
2037239 344
2043229 240
2050428 344
2081029 240
2090028 344
2118829 240
2133228 344
2136899 281
2137199 344
2190829 240
2201628 344
2226829 240
2234028 344
2252939 281
2253239 344
2264629 240
2270028 344
2302429 240
2309628 344
2336629 240
2345628 344
2376229 240
2382539 178
2382839 240
2392428 344
2428429 240
2435628 344
2464429 240
2468018 444
2486028 548
2500429 444
2507628 548
2514828 1471
2536461 2754
2538229 1727
2543628 1830
2548718 1626
2555279 1564
2555579 3817
2558061 2534
2576029 2431
2583228 2534
2612029 2431
2619228 2534
2620379 344
2640818 548
2648029 444
2655228 548
2687629 444
2694828 548
2723629 444
2727218 240
2729519 178
2729819 240
2745228 344
2759629 240
2766828 344
2774028 1267
2795629 240
2806428 344
2833429 240
2838828 344
2838850 594
2838861 1877
2860418 2081
2860428 3004
2882018 2800
2882028 1877
2882061 594
2894629 491
2900050 240
2900999 178
2901299 240
2903628 344
2937829 240
2946828 344
2995429 240
3002628 344
3017928 1267
3032329 240
3040428 1267
3069229 240
3072839 2431
3090828 2534
3107029 2431
3112428 2534
3141261 3817
3143029 3713
3148428 3817
3155639 1626
3180829 1523
3184461 240
3188028 1267
3209628 344
3216829 240
3224028 344
3227618 548
3245618 344
3252829 240
3260028 344
3290629 240
3299628 344
3328429 240
3350028 344
3400429 240
3407628 344
3436429 240
3443628 344
3472429 240
3481428 344
3510229 240
3515628 344
3540828 1267
3548018 1471
3562429 444
3573228 548
3580428 1471
3591239 1409
3591539 1471
3594839 3662
3594861 4944
3602029 3917
3609228 4944
3638029 3917
3638039 1727
3645228 2754
3659661 1471
3675229 444
3677639 2635
3688428 3662
3710029 2635
3717228 3662
3724418 3458
3746029 2431
3755028 2534
3785629 2431
3792828 2534
3821629 2431
3828828 3458
3850418 3662
3857629 2635
3864828 3662
3895429 2635
3904428 3662
3934429 2635
3936818 2431
3947628 2534
3971029 2431
3976428 2534
4005229 2431
4012428 2534
60 events for J
23917 90225847
23918 99456
23919 17992937
23924 0
92855 36047367
92860 0
114455 39436416
114460 0
222455 79610631
222460 0
244055 77494701
244060 0
352055 73767533
352060 0
373655 221441780
373660 0
632855 47723996
632860 0
649805 12683312
649810 0
805654 9037466
805659 0
848854 270264152
848859 0
1734454 26968906
1734459 0
1756054 134824032
1756059 0
1758980 20221556
1758985 0
1950394 83191028
1950399 0
2144794 38234987
2144799 0
2166394 107957608
2166399 0
2187994 350862225
2187999 0
2188000 4498234
2188005 0
2209594 38234987
2209599 0
2533654 42873674
2533659 0
2555254 60808152
2555259 0
2641654 123650191
2641659 0
2663254 112353360
2663259 0
2684854 191051956
2684859 0
2706454 148359728
2706459 0
3367294 92231261
3367299 0
3397654 67412016
3397659 0
3706341 67429102
3706346 0
117 events for K
65860 2414
67700 1285
434986 2414
436826 1285
455476 2057
505844 706
619800 2057
651660 706
670660 2414
672500 706
692589 1285
725417 706
1039786 2414
1041626 706
1091860 2414
1099220 706
1101513 1772
1131054 1285
1146843 706
1151223 1285
1183402 706
1187602 1285
1219781 706
1276574 2414
1278414 706
1305180 1285
1310760 706
1324891 1285
1326871 706
1564560 1285
1588118 706
1592318 1285
1606307 706
1608527 1772
1624197 706
1628817 1772
1644586 2414
1646946 1772
1660576 706
1715560 2414
1725320 706
1757403 1285
1788180 706
1792402 1285
1801860 706
1861260 0
1861261 487
1881374 2414
1883214 487
1955631 2414
1971831 487
1976246 2414
2009074 487
2013274 2414
2046103 487
2249386 2414
2251226 487
2277660 2414
2302054 487
2306255 2414
2338433 487
2342634 2414
2346234 487
2364234 2414
2367834 487
2377513 2414
2379660 487
2391060 2414
2429381 487
2485060 2414
2502789 487
2506989 2414
2514960 487
2560500 2414
2576285 487
2765539 2414
2772960 487
2801963 2414
2834003 487
2854186 2414
2856026 487
3012060 2414
3034181 487
3038384 2414
3060360 487
3089860 2414
3107584 487
3111791 2414
3119460 487
3206160 2414
3218614 487
3222874 2414
3255703 487
3422807 2414
3438897 487
3443097 2414
3475156 487
3479536 2414
3508560 487
3550134 2414
3566162 487
3570423 2414
3594960 1285
3695774 2414
3697614 1285
3702667 2414
3712389 1285
3716589 2414
3724389 1285
3832560 2414
3860503 1285
3864703 2414
3875760 1285
3901731 2414
3933060 1285
3946260 2414
3956649 1285
2 events for L
1863937 0
1863938 74
1712 events for M
13573 12910592
13574 0
13833 12910592
13834 0
14413 12910592
14414 0
14673 12910592
14674 0
31163 12910592
31164 0
31423 12910592
31424 0
32003 12910592
32004 0
32263 12910592
32264 0
48452 12910592
48453 0
48712 12910592
48713 0
49292 12910592
49293 0
49552 12910592
49553 0
67352 12910592
67353 0
67582 12910592
67583 0
68122 12910592
68123 0
68352 12910592
68353 0
86981 12910592
86982 0
87241 12910592
87242 0
87821 12910592
87822 0
88081 12910592
88082 0
105495 12910592
105496 0
105755 12910592
105756 0
106335 12910592
106336 0
106595 12910592
106596 0
124009 12910592
124010 0
124269 12910592
124270 0
124849 12910592
124850 0
125109 12910592
125110 0
142523 12910592
142524 0
142783 12910592
142784 0
143363 12910592
143364 0
143623 12910592
143624 0
161038 12910592
161039 0
161298 12910592
161299 0
161878 12910592
161879 0
162138 12910592
162139 0
179552 12910592
179553 0
179812 12910592
179813 0
180392 12910592
180393 0
180652 12910592
180653 0
198066 12910592
198067 0
198326 12910592
198327 0
198906 12910592
198907 0
199166 12910592
199167 0
216581 12910592
216582 0
216841 12910592
216842 0
217421 12910592
217422 0
217681 12910592
217682 0
235095 12910592
235096 0
235355 12910592
235356 0
235935 12910592
235936 0
236195 12910592
236196 0
253609 12910592
253610 0
253869 12910592
253870 0
254449 12910592
254450 0
254709 12910592
254710 0
272123 12910592
272124 0
272383 12910592
272384 0
272963 12910592
272964 0
273223 12910592
273224 0
290038 12910592
290039 0
290298 12910592
290299 0
290878 12910592
290879 0
291138 12910592
291139 0
307652 12910592
307653 0
307912 12910592
307913 0
308492 12910592
308493 0
308752 12910592
308753 0
326552 12910592
326553 0
326812 12910592
326813 0
327392 12910592
327393 0
327652 12910592
327653 0
345531 12910592
345532 0
345791 12910592
345792 0
346371 12910592
346372 0
346631 12910592
346632 0
363720 12910592
363721 0
363980 12910592
363981 0
364560 12910592
364561 0
364820 12910592
364821 0
381910 12910592
381911 0
382170 12910592
382171 0
382750 12910592
382751 0
383010 12910592
383011 0
400099 12910592
400100 0
400359 12910592
400360 0
400939 12910592
400940 0
401199 12910592
401200 0
418289 12910592
418290 0
418549 12910592
418550 0
419129 12910592
419130 0
419389 12910592
419390 0
436478 12910592
436479 0
436708 12910592
436709 0
437248 12910592
437249 0
437478 12910592
437479 0
454668 12910592
454669 0
454928 12910592
454929 0
455508 12910592
455509 0
455768 12910592
455769 0
472857 12910592
472858 0
473117 12910592
473118 0
473697 12910592
473698 0
473957 12910592
473958 0
491047 12910592
491048 0
491307 12910592
491308 0
491887 12910592
491888 0
492147 12910592
492148 0
509236 12910592
509237 0
509496 12910592
509497 0
510076 12910592
510077 0
510336 12910592
510337 0
527426 12910592
527427 0
527686 12910592
527687 0
528266 12910592
528267 0
528526 12910592
528527 0
545615 12910592
545616 0
545875 12910592
545876 0
546455 12910592
546456 0
546715 12910592
546716 0
563805 12910592
563806 0
564065 12910592
564066 0
564645 12910592
564646 0
564905 12910592
564906 0
581994 12910592
581995 0
582254 12910592
582255 0
582834 12910592
582835 0
583094 12910592
583095 0
600184 12910592
600185 0
600444 12910592
600445 0
601024 12910592
601025 0
601284 12910592
601285 0
618373 12910592
618374 0
618633 12910592
618634 0
619213 12910592
619214 0
619473 12910592
619474 0
635963 12910592
635964 0
636223 12910592
636224 0
636803 12910592
636804 0
637063 12910592
637064 0
653252 12910592
653253 0
653512 12910592
653513 0
654092 12910592
654093 0
654352 12910592
654353 0
672152 12910592
672153 0
672382 12910592
672383 0
672922 12910592
672923 0
673152 12910592
673153 0
691781 12910592
691782 0
692041 12910592
692042 0
692621 12910592
692622 0
692881 12910592
692882 0
710295 12910592
710296 0
710555 12910592
710556 0
711135 12910592
711136 0
711395 12910592
711396 0
728809 12910592
728810 0
729069 12910592
729070 0
729649 12910592
729650 0
729909 12910592
729910 0
747323 12910592
747324 0
747583 12910592
747584 0
748163 12910592
748164 0
748423 12910592
748424 0
765838 12910592
765839 0
766098 12910592
766099 0
766678 12910592
766679 0
766938 12910592
766939 0
784352 12910592
784353 0
784612 12910592
784613 0
785192 12910592
785193 0
785452 12910592
785453 0
802866 12910592
802867 0
803126 12910592
803127 0
803706 12910592
803707 0
803966 12910592
803967 0
821381 12910592
821382 0
821641 12910592
821642 0
822221 12910592
822222 0
822481 12910592
822482 0
839895 12910592
839896 0
840155 12910592
840156 0
840735 12910592
840736 0
840995 12910592
840996 0
858409 12910592
858410 0
858669 12910592
858670 0
859249 12910592
859250 0
859509 12910592
859510 0
876923 12910592
876924 0
877183 12910592
877184 0
877763 12910592
877764 0
878023 12910592
878024 0
894838 12910592
894839 0
895098 12910592
895099 0
895678 12910592
895679 0
895938 12910592
895939 0
912452 12910592
912453 0
912712 12910592
912713 0
913292 12910592
913293 0
913552 12910592
913553 0
931352 12910592
931353 0
931612 12910592
931613 0
932192 12910592
932193 0
932452 12910592
932453 0
950331 12910592
950332 0
950591 12910592
950592 0
951171 12910592
951172 0
951431 12910592
951432 0
968520 12910592
968521 0
968780 12910592
968781 0
969360 12910592
969361 0
969620 12910592
969621 0
986710 12910592
986711 0
986970 12910592
986971 0
987550 12910592
987551 0
987810 12910592
987811 0
1004899 12910592
1004900 0
1005159 12910592
1005160 0
1005739 12910592
1005740 0
1005999 12910592
1006000 0
1023089 12910592
1023090 0
1023349 12910592
1023350 0
1023929 12910592
1023930 0
1024189 12910592
1024190 0
1041278 12910592
1041279 0
1041508 12910592
1041509 0
1042048 12910592
1042049 0
1042278 12910592
1042279 0
1059468 12910592
1059469 0
1059728 12910592
1059729 0
1060308 12910592
1060309 0
1060568 12910592
1060569 0
1077657 12910592
1077658 0
1077917 12910592
1077918 0
1078497 12910592
1078498 0
1078757 12910592
1078758 0
1114036 12910592
1114037 0
1114296 12910592
1114297 0
1114876 12910592
1114877 0
1115136 12910592
1115137 0
1132226 12910592
1132227 0
1132486 12910592
1132487 0
1133066 12910592
1133067 0
1133326 12910592
1133327 0
1150415 12910592
1150416 0
1150675 12910592
1150676 0
1151255 12910592
1151256 0
1151515 12910592
1151516 0
1168605 12910592
1168606 0
1168865 12910592
1168866 0
1169445 12910592
1169446 0
1169705 12910592
1169706 0
1186794 12910592
1186795 0
1187054 12910592
1187055 0
1187634 12910592
1187635 0
1187894 12910592
1187895 0
1204984 12910592
1204985 0
1205244 12910592
1205245 0
1205824 12910592
1205825 0
1206084 12910592
1206085 0
1223173 12910592
1223174 0
1223433 12910592
1223434 0
1224013 12910592
1224014 0
1224273 12910592
1224274 0
1240763 12910592
1240764 0
1241023 12910592
1241024 0
1241603 12910592
1241604 0
1241863 12910592
1241864 0
1258052 12910592
1258053 0
1258312 12910592
1258313 0
1258892 12910592
1258893 0
1259152 12910592
1259153 0
1278066 12910592
1278067 0
1278296 12910592
1278297 0
1278836 12910592
1278837 0
1279066 12910592
1279067 0
1296581 12910592
1296582 0
1296841 12910592
1296842 0
1297421 12910592
1297422 0
1297681 12910592
1297682 0
1315095 12910592
1315096 0
1315355 12910592
1315356 0
1315935 12910592
1315936 0
1316195 12910592
1316196 0
1333609 12910592
1333610 0
1333869 12910592
1333870 0
1334449 12910592
1334450 0
1334709 12910592
1334710 0
1352123 12910592
1352124 0
1352383 12910592
1352384 0
1352963 12910592
1352964 0
1353223 12910592
1353224 0
1370638 12910592
1370639 0
1370898 12910592
1370899 0
1371478 12910592
1371479 0
1371738 12910592
1371739 0
1389152 12910592
1389153 0
1389412 12910592
1389413 0
1389992 12910592
1389993 0
1390252 12910592
1390253 0
1407666 12910592
1407667 0
1407926 12910592
1407927 0
1408506 12910592
1408507 0
1408766 12910592
1408767 0
1426181 12910592
1426182 0
1426441 12910592
1426442 0
1427021 12910592
1427022 0
1427281 12910592
1427282 0
1444695 12910592
1444696 0
1444955 12910592
1444956 0
1445535 12910592
1445536 0
1445795 12910592
1445796 0
1463209 12910592
1463210 0
1463469 12910592
1463470 0
1464049 12910592
1464050 0
1464309 12910592
1464310 0
1481723 12910592
1481724 0
1481983 12910592
1481984 0
1482563 12910592
1482564 0
1482823 12910592
1482824 0
1499638 12910592
1499639 0
1499898 12910592
1499899 0
1500478 12910592
1500479 0
1500738 12910592
1500739 0
1517252 12910592
1517253 0
1517512 12910592
1517513 0
1518092 12910592
1518093 0
1518352 12910592
1518353 0
1536152 12910592
1536153 0
1536412 12910592
1536413 0
1536992 12910592
1536993 0
1537252 12910592
1537253 0
1555131 12910592
1555132 0
1555391 12910592
1555392 0
1555971 12910592
1555972 0
1556231 12910592
1556232 0
1573320 12910592
1573321 0
1573580 12910592
1573581 0
1574160 12910592
1574161 0
1574420 12910592
1574421 0
1591510 12910592
1591511 0
1591770 12910592
1591771 0
1592350 12910592
1592351 0
1592610 12910592
1592611 0
1609699 12910592
1609700 0
1609959 12910592
1609960 0
1610539 12910592
1610540 0
1610799 12910592
1610800 0
1627889 12910592
1627890 0
1628149 12910592
1628150 0
1628729 12910592
1628730 0
1628989 12910592
1628990 0
1646078 12910592
1646079 0
1646308 12910592
1646309 0
1646848 12910592
1646849 0
1647078 12910592
1647079 0
1664268 12910592
1664269 0
1664528 12910592
1664529 0
1665108 12910592
1665109 0
1665368 12910592
1665369 0
1682457 12910592
1682458 0
1682717 12910592
1682718 0
1683297 12910592
1683298 0
1683557 12910592
1683558 0
1700647 12910592
1700648 0
1700907 12910592
1700908 0
1701487 12910592
1701488 0
1701747 12910592
1701748 0
1717052 12910592
1717053 0
1717282 12910592
1717283 0
1717822 12910592
1717823 0
1718052 12910592
1718053 0
1737026 12910592
1737027 0
1737286 12910592
1737287 0
1737866 12910592
1737867 0
1738126 12910592
1738127 0
1755215 12910592
1755216 0
1755475 12910592
1755476 0
1756055 12910592
1756056 0
1756315 12910592
1756316 0
1773405 12910592
1773406 0
1773665 12910592
1773666 0
1774245 12910592
1774246 0
1774505 12910592
1774506 0
1791594 12910592
1791595 0
1791854 12910592
1791855 0
1792434 12910592
1792435 0
1792694 12910592
1792695 0
1809784 12910592
1809785 0
1810044 12910592
1810045 0
1810624 12910592
1810625 0
1810884 12910592
1810885 0
1827973 12910592
1827974 0
1828233 12910592
1828234 0
1828813 12910592
1828814 0
1829073 12910592
1829074 0
1845563 12910592
1845564 0
1845823 12910592
1845824 0
1846403 12910592
1846404 0
1846663 12910592
1846664 0
1862852 12910592
1862853 0
1863112 12910592
1863113 0
1863692 12910592
1863693 0
1863952 12910592
1863953 0
1882866 12910592
1882867 0
1883096 12910592
1883097 0
1883636 12910592
1883637 0
1883866 12910592
1883867 0
1901381 12910592
1901382 0
1901641 12910592
1901642 0
1902221 12910592
1902222 0
1902481 12910592
1902482 0
1919895 12910592
1919896 0
1920155 12910592
1920156 0
1920735 12910592
1920736 0
1920995 12910592
1920996 0
1938409 12910592
1938410 0
1938669 12910592
1938670 0
1939249 12910592
1939250 0
1939509 12910592
1939510 0
1956923 12910592
1956924 0
1957183 12910592
1957184 0
1957763 12910592
1957764 0
1958023 12910592
1958024 0
1975438 12910592
1975439 0
1975698 12910592
1975699 0
1976278 12910592
1976279 0
1976538 12910592
1976539 0
1993952 12910592
1993953 0
1994212 12910592
1994213 0
1994792 12910592
1994793 0
1995052 12910592
1995053 0
2012466 12910592
2012467 0
2012726 12910592
2012727 0
2013306 12910592
2013307 0
2013566 12910592
2013567 0
2030981 12910592
2030982 0
2031241 12910592
2031242 0
2031821 12910592
2031822 0
2032081 12910592
2032082 0
2049495 12910592
2049496 0
2049755 12910592
2049756 0
2050335 12910592
2050336 0
2050595 12910592
2050596 0
2068009 12910592
2068010 0
2068269 12910592
2068270 0
2068849 12910592
2068850 0
2069109 12910592
2069110 0
2086523 12910592
2086524 0
2086783 12910592
2086784 0
2087363 12910592
2087364 0
2087623 12910592
2087624 0
2104438 12910592
2104439 0
2104698 12910592
2104699 0
2105278 12910592
2105279 0
2105538 12910592
2105539 0
2122052 12910592
2122053 0
2122312 12910592
2122313 0
2122892 12910592
2122893 0
2123152 12910592
2123153 0
2141741 12910592
2141742 0
2142001 12910592
2142002 0
2142581 12910592
2142582 0
2142841 12910592
2142842 0
2162302 12910592
2162303 0
2162562 12910592
2162563 0
2163142 12910592
2163143 0
2163402 12910592
2163403 0
2176702 12910592
2176703 0
2176962 12910592
2176963 0
2177542 12910592
2177543 0
2177802 12910592
2177803 0
2196310 12910592
2196311 0
2196570 12910592
2196571 0
2197150 12910592
2197151 0
2197410 12910592
2197411 0
2214499 12910592
2214500 0
2214759 12910592
2214760 0
2215339 12910592
2215340 0
2215599 12910592
2215600 0
2232689 12910592
2232690 0
2232949 12910592
2232950 0
2233529 12910592
2233530 0
2233789 12910592
2233790 0
2250878 12910592
2250879 0
2251108 12910592
2251109 0
2251648 12910592
2251649 0
2251878 12910592
2251879 0
2269068 12910592
2269069 0
2269328 12910592
2269329 0
2269908 12910592
2269909 0
2270168 12910592
2270169 0
2287257 12910592
2287258 0
2287517 12910592
2287518 0
2288097 12910592
2288098 0
2288357 12910592
2288358 0
2305447 12910592
2305448 0
2305707 12910592
2305708 0
2306287 12910592
2306288 0
2306547 12910592
2306548 0
2323636 12910592
2323637 0
2323896 12910592
2323897 0
2324476 12910592
2324477 0
2324736 12910592
2324737 0
2341826 12910592
2341827 0
2342086 12910592
2342087 0
2342666 12910592
2342667 0
2342926 12910592
2342927 0
2360015 12910592
2360016 0
2360275 12910592
2360276 0
2360855 12910592
2360856 0
2361115 12910592
2361116 0
2378205 12910592
2378206 0
2378465 12910592
2378466 0
2379045 12910592
2379046 0
2379305 12910592
2379306 0
2396394 12910592
2396395 0
2396654 12910592
2396655 0
2397234 12910592
2397235 0
2397494 12910592
2397495 0
2414584 12910592
2414585 0
2414844 12910592
2414845 0
2415424 12910592
2415425 0
2415684 12910592
2415685 0
2432773 12910592
2432774 0
2433033 12910592
2433034 0
2433613 12910592
2433614 0
2433873 12910592
2433874 0
2450363 12910592
2450364 0
2450623 12910592
2450624 0
2451203 12910592
2451204 0
2451463 12910592
2451464 0
2467652 12910592
2467653 0
2467912 12910592
2467913 0
2468492 12910592
2468493 0
2468752 12910592
2468753 0
2486552 12910592
2486553 0
2486782 12910592
2486783 0
2487322 12910592
2487323 0
2487552 12910592
2487553 0
2506181 12910592
2506182 0
2506441 12910592
2506442 0
2507021 12910592
2507022 0
2507281 12910592
2507282 0
2524695 12910592
2524696 0
2524955 12910592
2524956 0
2525535 12910592
2525536 0
2525795 12910592
2525796 0
2543209 12910592
2543210 0
2543469 12910592
2543470 0
2544049 12910592
2544050 0
2544309 12910592
2544310 0
2561723 12910592
2561724 0
2561983 12910592
2561984 0
2562563 12910592
2562564 0
2562823 12910592
2562824 0
2580238 12910592
2580239 0
2580498 12910592
2580499 0
2581078 12910592
2581079 0
2581338 12910592
2581339 0
2598752 12910592
2598753 0
2599012 12910592
2599013 0
2599592 12910592
2599593 0
2599852 12910592
2599853 0
2617266 12910592
2617267 0
2617526 12910592
2617527 0
2618106 12910592
2618107 0
2618366 12910592
2618367 0
2635781 12910592
2635782 0
2636041 12910592
2636042 0
2636621 12910592
2636622 0
2636881 12910592
2636882 0
2654295 12910592
2654296 0
2654555 12910592
2654556 0
2655135 12910592
2655136 0
2655395 12910592
2655396 0
2672809 12910592
2672810 0
2673069 12910592
2673070 0
2673649 12910592
2673650 0
2673909 12910592
2673910 0
2691323 12910592
2691324 0
2691583 12910592
2691584 0
2692163 12910592
2692164 0
2692423 12910592
2692424 0
2709238 12910592
2709239 0
2709498 12910592
2709499 0
2710078 12910592
2710079 0
2710338 12910592
2710339 0
2726852 12910592
2726853 0
2727112 12910592
2727113 0
2727692 12910592
2727693 0
2727952 12910592
2727953 0
2745752 12910592
2745753 0
2746012 12910592
2746013 0
2746592 12910592
2746593 0
2746852 12910592
2746853 0
2764731 12910592
2764732 0
2764991 12910592
2764992 0
2765571 12910592
2765572 0
2765831 12910592
2765832 0
2782920 12910592
2782921 0
2783180 12910592
2783181 0
2783760 12910592
2783761 0
2784020 12910592
2784021 0
2801110 12910592
2801111 0
2801370 12910592
2801371 0
2801950 12910592
2801951 0
2802210 12910592
2802211 0
2819299 12910592
2819300 0
2819559 12910592
2819560 0
2820139 12910592
2820140 0
2820399 12910592
2820400 0
2837489 12910592
2837490 0
2837749 12910592
2837750 0
2838329 12910592
2838330 0
2838589 12910592
2838590 0
2855678 12910592
2855679 0
2855908 12910592
2855909 0
2856448 12910592
2856449 0
2856678 12910592
2856679 0
2942852 12910592
2942853 0
2943112 12910592
2943113 0
2943692 12910592
2943693 0
2943952 12910592
2943953 0
2964815 12910592
2964816 0
2965075 12910592
2965076 0
2965655 12910592
2965656 0
2965915 12910592
2965916 0
2983005 12910592
2983006 0
2983265 12910592
2983266 0
2983845 12910592
2983846 0
2984105 12910592
2984106 0
3001194 12910592
3001195 0
3001454 12910592
3001455 0
3002034 12910592
3002035 0
3002294 12910592
3002295 0
3019384 12910592
3019385 0
3019644 12910592
3019645 0
3020224 12910592
3020225 0
3020484 12910592
3020485 0
3037573 12910592
3037574 0
3037833 12910592
3037834 0
3038413 12910592
3038414 0
3038673 12910592
3038674 0
3055163 12910592
3055164 0
3055423 12910592
3055424 0
3056003 12910592
3056004 0
3056263 12910592
3056264 0
3072452 12910592
3072453 0
3072712 12910592
3072713 0
3073292 12910592
3073293 0
3073552 12910592
3073553 0
3091352 12910592
3091353 0
3091582 12910592
3091583 0
3092122 12910592
3092123 0
3092352 12910592
3092353 0
3110981 12910592
3110982 0
3111241 12910592
3111242 0
3111821 12910592
3111822 0
3112081 12910592
3112082 0
3129495 12910592
3129496 0
3129755 12910592
3129756 0
3130335 12910592
3130336 0
3130595 12910592
3130596 0
3148009 12910592
3148010 0
3148269 12910592
3148270 0
3148849 12910592
3148850 0
3149109 12910592
3149110 0
3166523 12910592
3166524 0
3166783 12910592
3166784 0
3167363 12910592
3167364 0
3167623 12910592
3167624 0
3185038 12910592
3185039 0
3185298 12910592
3185299 0
3185878 12910592
3185879 0
3186138 12910592
3186139 0
3203552 12910592
3203553 0
3203812 12910592
3203813 0
3204392 12910592
3204393 0
3204652 12910592
3204653 0
3222066 12910592
3222067 0
3222326 12910592
3222327 0
3222906 12910592
3222907 0
3223166 12910592
3223167 0
3240581 12910592
3240582 0
3240841 12910592
3240842 0
3241421 12910592
3241422 0
3241681 12910592
3241682 0
3259095 12910592
3259096 0
3259355 12910592
3259356 0
3259935 12910592
3259936 0
3260195 12910592
3260196 0
3277609 12910592
3277610 0
3277869 12910592
3277870 0
3278449 12910592
3278450 0
3278709 12910592
3278710 0
3296123 12910592
3296124 0
3296383 12910592
3296384 0
3296963 12910592
3296964 0
3297223 12910592
3297224 0
3314038 12910592
3314039 0
3314298 12910592
3314299 0
3314878 12910592
3314879 0
3315138 12910592
3315139 0
3331652 12910592
3331653 0
3331912 12910592
3331913 0
3332492 12910592
3332493 0
3332752 12910592
3332753 0
3350552 12910592
3350553 0
3350812 12910592
3350813 0
3351392 12910592
3351393 0
3351652 12910592
3351653 0
3369531 12910592
3369532 0
3369791 12910592
3369792 0
3370371 12910592
3370372 0
3370631 12910592
3370632 0
3387720 12910592
3387721 0
3387980 12910592
3387981 0
3388560 12910592
3388561 0
3388820 12910592
3388821 0
3405910 12910592
3405911 0
3406170 12910592
3406171 0
3406750 12910592
3406751 0
3407010 12910592
3407011 0
3424099 12910592
3424100 0
3424359 12910592
3424360 0
3424939 12910592
3424940 0
3425199 12910592
3425200 0
3442289 12910592
3442290 0
3442549 12910592
3442550 0
3443129 12910592
3443130 0
3443389 12910592
3443390 0
3460478 12910592
3460479 0
3460708 12910592
3460709 0
3461248 12910592
3461249 0
3461478 12910592
3461479 0
3478668 12910592
3478669 0
3478928 12910592
3478929 0
3479508 12910592
3479509 0
3479768 12910592
3479769 0
3496857 12910592
3496858 0
3497117 12910592
3497118 0
3497697 12910592
3497698 0
3497957 12910592
3497958 0
3515047 12910592
3515048 0
3515307 12910592
3515308 0
3515887 12910592
3515888 0
3516147 12910592
3516148 0
3533236 12910592
3533237 0
3533496 12910592
3533497 0
3534076 12910592
3534077 0
3534336 12910592
3534337 0
3551426 12910592
3551427 0
3551686 12910592
3551687 0
3552266 12910592
3552267 0
3552526 12910592
3552527 0
3569615 12910592
3569616 0
3569875 12910592
3569876 0
3570455 12910592
3570456 0
3570715 12910592
3570716 0
3587805 12910592
3587806 0
3588065 12910592
3588066 0
3588645 12910592
3588646 0
3588905 12910592
3588906 0
3605994 12910592
3605995 0
3606254 12910592
3606255 0
3606834 12910592
3606835 0
3607094 12910592
3607095 0
3624184 12910592
3624185 0
3624444 12910592
3624445 0
3625024 12910592
3625025 0
3625284 12910592
3625285 0
3642373 12910592
3642374 0
3642633 12910592
3642634 0
3643213 12910592
3643214 0
3643473 12910592
3643474 0
3659963 12910592
3659964 0
3660223 12910592
3660224 0
3660803 12910592
3660804 0
3661063 12910592
3661064 0
3677252 12910592
3677253 0
3677512 12910592
3677513 0
3678092 12910592
3678093 0
3678352 12910592
3678353 0
3697266 12910592
3697267 0
3697496 12910592
3697497 0
3698036 12910592
3698037 0
3698266 12910592
3698267 0
3715781 12910592
3715782 0
3716041 12910592
3716042 0
3716621 12910592
3716622 0
3716881 12910592
3716882 0
3734295 12910592
3734296 0
3734555 12910592
3734556 0
3735135 12910592
3735136 0
3735395 12910592
3735396 0
3752809 12910592
3752810 0
3753069 12910592
3753070 0
3753649 12910592
3753650 0
3753909 12910592
3753910 0
3771323 12910592
3771324 0
3771583 12910592
3771584 0
3772163 12910592
3772164 0
3772423 12910592
3772424 0
3789838 12910592
3789839 0
3790098 12910592
3790099 0
3790678 12910592
3790679 0
3790938 12910592
3790939 0
3808352 12910592
3808353 0
3808612 12910592
3808613 0
3809192 12910592
3809193 0
3809452 12910592
3809453 0
3826866 12910592
3826867 0
3827126 12910592
3827127 0
3827706 12910592
3827707 0
3827966 12910592
3827967 0
3845381 12910592
3845382 0
3845641 12910592
3845642 0
3846221 12910592
3846222 0
3846481 12910592
3846482 0
3863895 12910592
3863896 0
3864155 12910592
3864156 0
3864735 12910592
3864736 0
3864995 12910592
3864996 0
3882409 12910592
3882410 0
3882669 12910592
3882670 0
3883249 12910592
3883250 0
3883509 12910592
3883510 0
3900923 12910592
3900924 0
3901183 12910592
3901184 0
3901763 12910592
3901764 0
3902023 12910592
3902024 0
3918838 12910592
3918839 0
3919098 12910592
3919099 0
3919678 12910592
3919679 0
3919938 12910592
3919939 0
3936452 12910592
3936453 0
3936712 12910592
3936713 0
3937292 12910592
3937293 0
3937552 12910592
3937553 0
3956141 12910592
3956142 0
3956401 12910592
3956402 0
3956981 12910592
3956982 0
3957241 12910592
3957242 0
3974331 12910592
3974332 0
3974591 12910592
3974592 0
3975171 12910592
3975172 0
3975431 12910592
3975432 0
3992520 12910592
3992521 0
3992780 12910592
3992781 0
3993360 12910592
3993361 0
3993620 12910592
3993621 0
4010710 12910592
4010711 0
4010970 12910592
4010971 0
4011550 12910592
4011551 0
4011810 12910592
4011811 0
45 events for N
45780 700
45825 0
64036 600
64276 1300
305096 700
305141 0
323236 600
323476 1300
650436 700
650481 0
668656 1300
910455 0
927856 1300
1256055 0
1267456 1300
1515255 0
1532656 1300
1860855 0
1872736 600
1872916 1300
2119536 700
2119581 0
2131756 600
2131936 1300
2378676 700
2378721 0
2390836 600
2391016 1300
2465076 700
2465121 0
2483236 600
2483416 1300
2723496 700
2723541 0
2742436 600
2742556 1300
3070056 700
3070101 0
3087856 1300
3329655 0
3347056 1300
3675255 0
3686656 1950
3934455 0
3945856 1950
45 events for O
48918 700
48963 0
67174 600
67414 1300
308234 700
308279 0
326374 600
326614 1300
653574 700
653619 0
671794 1300
913593 0
930994 1300
1259193 0
1270594 1300
1518393 0
1535794 1300
1863993 0
1875874 600
1876054 1300
2122674 700
2122719 0
2134894 600
2135074 1300
2381814 700
2381859 0
2393974 600
2394154 1300
2468214 700
2468259 0
2486374 600
2486554 1300
2726634 700
2726679 0
2745574 600
2745694 1300
3073194 700
3073239 0
3090994 1300
3332793 0
3350194 1300
3678393 0
3689794 1950
3937593 0
3948994 1950
0 events for P

