16 instruments
A 10 100 1935.2198577632046 529743673.63920057
B 10 100 352362.70723718189 299636114.68177354
C 10 100 7152.7561699728749 2794045378.8956542
D 10 100 431759.25152321503 367151977.05994737
E 10 100 0 275897579.9041419
F 10 100 2022727.6804039259 699754440.78838515
G 10 100 0 888000000
H 10 100 815344000 7516190000
I 10 100 0 276873309.16802311
J 10 100 54084010.43300014 1720684275.4783733
K 10 100 157159.98672976866 607777468.940395
L 10 100 50290700 1600000000
M 10 100 8192 3200000000
N 10 100 0 296462475.07613176
O 10 100 40530.039409419333 54204511.969197564
P 10 100 2665037.1650940888 921958803.05957663
60 downlinks
0 1 23814 18650.039686
1 66256 91871 17801.393711000001
2 92304 95447 18241.361444999999
3 111898 134731 24067.369501000001
4 135896 159879 56712.888793999999
5 185996 194851 58370.132263
6 198367 219207 58005.525035999999
7 220758 258593 24930.123806
8 258594 279767 16739.689300999999
9 325456 350023 18181.419744999999
10 371991 397607 18610.315675999998
11 399049 437437 59847.283359000001
12 438889 454964 18063.419893999999
13 459589 484394 18186.627066000001
14 485446 501293 56843.492619999997
15 523626 557085 9175.5815739999998
16 557086 568575 9288.5908459999991
17 571843 609842 29976.478185
18 611983 629020 8340.6453669999992
19 638383 648686 28164.287346000001
20 671056 693639 9615.6592349999992
21 715781 744277 8936.4976299999998
22 744278 748101 29078.912095
23 763778 771225 8738.7729049999998
24 789406 824795 9283.3064869999998
25 824796 870574 9136.56639
26 870575 886982 8867.2325060000003
27 902409 906815 30843.021497000002
28 930256 947025 8651.5363890000008
29 948572 971479 8598.6086899999991
30 974372 1002868 28620.571626000001
31 1002869 1013789 29488.2804
32 1017029 1039429 29574.456625999999
33 1045469 1058806 8990.2936559999998
34 1061369 1090251 27889.095755999999
35 1092266 1102395 27279.489213000001
36 1105246 1108471 29339.122920000002
37 1114766 1123592 30467.823106
38 1133066 1144616 9273.8508989999991
39 1147871 1169107 28091.132868000001
40 1169969 1214008 9462.077765
41 1214009 1229342 8739.387213
42 1269856 1284760 27177.101999999999
43 1300309 1324418 28867.988366000001
44 1325359 1347887 8757.0573490000006
45 1386610 1428858 30482.278361000001
46 1428859 1465752 9337.789702
47 1465753 1494214 8515.7706749999998
48 1535056 1549939 8900.7025030000004
49 1552149 1577938 8778.3355150000007
50 1577949 1606321 29886.497736000001
51 1608846 1636087 29243.536622
52 1636806 1641019 26517.245249
53 1645515 1659787 8834.4018649999998
54 1679046 1690421 9457.9623840000004
55 1702442 1722338 28164.872808
56 1731817 1774046 30503.298975000002
57 1774047 1796462 8691.2845450000004
58 1796938 1806933 8525.9525360000007
59 1809598 1813351 28086.786929000002
0 opportunities for A
0 opportunities for B
0 opportunities for C
0 opportunities for D
0 opportunities for E
0 opportunities for F
0 opportunities for G
0 opportunities for H
0 opportunities for I
0 opportunities for J
0 opportunities for K
0 opportunities for L
0 opportunities for M
0 opportunities for N
0 opportunities for O
0 opportunities for P
62 events for A
65387 4096
73587 0
162673 4096
170873 0
236730 4096
244930 0
324587 4096
332787 0
347166 665
376326 0
419924 4096
428124 0
492682 4096
500882 0
583629 4096
591829 0
670187 1365
670367 0
672167 1365
672707 3481
691907 1365
692627 3481
711827 1365
712547 3481
731473 0
767473 873
796273 0
841530 873
870330 0
929387 873
958187 0
1024724 3481
1039124 0
1039139 2252
1042739 0
1042754 2252
1046354 0
1046369 2252
1049969 0
1049984 2252
1053584 0
1087127 3276
1102127 0
1188429 873
1217229 0
1268987 1365
1269167 0
1270967 1365
1271507 3481
1290707 0
1372273 873
1401073 0
1446330 873
1475130 0
1534187 1365
1534907 3481
1554107 0
1614464 3276
1629464 0
1864487 1979
1865687 0
1867487 1979
20 events for B
32698 0
32818 20
32998 252
47218 0
324838 20
325018 0
327178 20
327358 0
327418 28
581218 0
581878 20
582058 0
584218 20
584398 0
584458 56
652138 0
652378 243
1256578 0
1257178 224
1861378 0
808 events for C
12162 12910592
12163 0
12422 12910592
12423 0
13002 12910592
13003 0
13262 12910592
13263 0
29752 12910592
29753 0
30012 12910592
30013 0
30592 12910592
30593 0
30852 12910592
30853 0
47041 12910592
47042 0
47301 12910592
47302 0
47881 12910592
47882 0
48141 12910592
48142 0
65941 12910592
65942 0
66171 12910592
66172 0
66711 12910592
66712 0
66941 12910592
66942 0
85570 12910592
85571 0
85830 12910592
85831 0
86410 12910592
86411 0
86670 12910592
86671 0
104084 12910592
104085 0
104344 12910592
104345 0
104924 12910592
104925 0
105184 12910592
105185 0
122598 12910592
122599 0
122858 12910592
122859 0
123438 12910592
123439 0
123698 12910592
123699 0
141112 12910592
141113 0
141372 12910592
141373 0
141952 12910592
141953 0
142212 12910592
142213 0
159627 12910592
159628 0
159887 12910592
159888 0
160467 12910592
160468 0
160727 12910592
160728 0
178141 12910592
178142 0
178401 12910592
178402 0
178981 12910592
178982 0
179241 12910592
179242 0
196655 12910592
196656 0
196915 12910592
196916 0
197495 12910592
197496 0
197755 12910592
197756 0
215170 12910592
215171 0
215430 12910592
215431 0
216010 12910592
216011 0
216270 12910592
216271 0
233684 12910592
233685 0
233944 12910592
233945 0
234524 12910592
234525 0
234784 12910592
234785 0
252198 12910592
252199 0
252458 12910592
252459 0
253038 12910592
253039 0
253298 12910592
253299 0
270712 12910592
270713 0
270972 12910592
270973 0
271552 12910592
271553 0
271812 12910592
271813 0
288627 12910592
288628 0
288887 12910592
288888 0
289467 12910592
289468 0
289727 12910592
289728 0
306241 12910592
306242 0
306501 12910592
306502 0
307081 12910592
307082 0
307341 12910592
307342 0
325141 12910592
325142 0
325401 12910592
325402 0
325981 12910592
325982 0
326241 12910592
326242 0
344120 12910592
344121 0
344380 12910592
344381 0
344960 12910592
344961 0
345220 12910592
345221 0
362309 12910592
362310 0
362569 12910592
362570 0
363149 12910592
363150 0
363409 12910592
363410 0
380499 12910592
380500 0
380759 12910592
380760 0
381339 12910592
381340 0
381599 12910592
381600 0
398688 12910592
398689 0
398948 12910592
398949 0
399528 12910592
399529 0
399788 12910592
399789 0
416878 12910592
416879 0
417138 12910592
417139 0
417718 12910592
417719 0
417978 12910592
417979 0
435067 12910592
435068 0
435297 12910592
435298 0
435837 12910592
435838 0
436067 12910592
436068 0
453257 12910592
453258 0
453517 12910592
453518 0
454097 12910592
454098 0
454357 12910592
454358 0
471446 12910592
471447 0
471706 12910592
471707 0
472286 12910592
472287 0
472546 12910592
472547 0
489636 12910592
489637 0
489896 12910592
489897 0
490476 12910592
490477 0
490736 12910592
490737 0
507825 12910592
507826 0
508085 12910592
508086 0
508665 12910592
508666 0
508925 12910592
508926 0
526015 12910592
526016 0
526275 12910592
526276 0
526855 12910592
526856 0
527115 12910592
527116 0
544204 12910592
544205 0
544464 12910592
544465 0
545044 12910592
545045 0
545304 12910592
545305 0
562394 12910592
562395 0
562654 12910592
562655 0
563234 12910592
563235 0
563494 12910592
563495 0
580583 12910592
580584 0
580843 12910592
580844 0
581423 12910592
581424 0
581683 12910592
581684 0
598773 12910592
598774 0
599033 12910592
599034 0
599613 12910592
599614 0
599873 12910592
599874 0
616962 12910592
616963 0
617222 12910592
617223 0
617802 12910592
617803 0
618062 12910592
618063 0
634552 12910592
634553 0
634812 12910592
634813 0
635392 12910592
635393 0
635652 12910592
635653 0
651841 12910592
651842 0
652101 12910592
652102 0
652681 12910592
652682 0
652941 12910592
652942 0
670741 12910592
670742 0
670971 12910592
670972 0
671511 12910592
671512 0
671741 12910592
671742 0
690370 12910592
690371 0
690630 12910592
690631 0
691210 12910592
691211 0
691470 12910592
691471 0
708884 12910592
708885 0
709144 12910592
709145 0
709724 12910592
709725 0
709984 12910592
709985 0
727398 12910592
727399 0
727658 12910592
727659 0
728238 12910592
728239 0
728498 12910592
728499 0
745912 12910592
745913 0
746172 12910592
746173 0
746752 12910592
746753 0
747012 12910592
747013 0
764427 12910592
764428 0
764687 12910592
764688 0
765267 12910592
765268 0
765527 12910592
765528 0
782941 12910592
782942 0
783201 12910592
783202 0
783781 12910592
783782 0
784041 12910592
784042 0
801455 12910592
801456 0
801715 12910592
801716 0
802295 12910592
802296 0
802555 12910592
802556 0
819970 12910592
819971 0
820230 12910592
820231 0
820810 12910592
820811 0
821070 12910592
821071 0
838484 12910592
838485 0
838744 12910592
838745 0
839324 12910592
839325 0
839584 12910592
839585 0
856998 12910592
856999 0
857258 12910592
857259 0
857838 12910592
857839 0
858098 12910592
858099 0
875512 12910592
875513 0
875772 12910592
875773 0
876352 12910592
876353 0
876612 12910592
876613 0
893427 12910592
893428 0
893687 12910592
893688 0
894267 12910592
894268 0
894527 12910592
894528 0
911041 12910592
911042 0
911301 12910592
911302 0
911881 12910592
911882 0
912141 12910592
912142 0
929941 12910592
929942 0
930201 12910592
930202 0
930781 12910592
930782 0
931041 12910592
931042 0
948920 12910592
948921 0
949180 12910592
949181 0
949760 12910592
949761 0
950020 12910592
950021 0
967109 12910592
967110 0
967369 12910592
967370 0
967949 12910592
967950 0
968209 12910592
968210 0
985299 12910592
985300 0
985559 12910592
985560 0
986139 12910592
986140 0
986399 12910592
986400 0
1003488 12910592
1003489 0
1003748 12910592
1003749 0
1004328 12910592
1004329 0
1004588 12910592
1004589 0
1021678 12910592
1021679 0
1021938 12910592
1021939 0
1022518 12910592
1022519 0
1022778 12910592
1022779 0
1039867 12910592
1039868 0
1040097 12910592
1040098 0
1040637 12910592
1040638 0
1040867 12910592
1040868 0
1058057 12910592
1058058 0
1058317 12910592
1058318 0
1058897 12910592
1058898 0
1059157 12910592
1059158 0
1076246 12910592
1076247 0
1076506 12910592
1076507 0
1077086 12910592
1077087 0
1077346 12910592
1077347 0
1112625 12910592
1112626 0
1112885 12910592
1112886 0
1113465 12910592
1113466 0
1113725 12910592
1113726 0
1130815 12910592
1130816 0
1131075 12910592
1131076 0
1131655 12910592
1131656 0
1131915 12910592
1131916 0
1149004 12910592
1149005 0
1149264 12910592
1149265 0
1149844 12910592
1149845 0
1150104 12910592
1150105 0
1167194 12910592
1167195 0
1167454 12910592
1167455 0
1168034 12910592
1168035 0
1168294 12910592
1168295 0
1185383 12910592
1185384 0
1185643 12910592
1185644 0
1186223 12910592
1186224 0
1186483 12910592
1186484 0
1203573 12910592
1203574 0
1203833 12910592
1203834 0
1204413 12910592
1204414 0
1204673 12910592
1204674 0
1221762 12910592
1221763 0
1222022 12910592
1222023 0
1222602 12910592
1222603 0
1222862 12910592
1222863 0
1239352 12910592
1239353 0
1239612 12910592
1239613 0
1240192 12910592
1240193 0
1240452 12910592
1240453 0
1256641 12910592
1256642 0
1256901 12910592
1256902 0
1257481 12910592
1257482 0
1257741 12910592
1257742 0
1276655 12910592
1276656 0
1276885 12910592
1276886 0
1277425 12910592
1277426 0
1277655 12910592
1277656 0
1295170 12910592
1295171 0
1295430 12910592
1295431 0
1296010 12910592
1296011 0
1296270 12910592
1296271 0
1313684 12910592
1313685 0
1313944 12910592
1313945 0
1314524 12910592
1314525 0
1314784 12910592
1314785 0
1332198 12910592
1332199 0
1332458 12910592
1332459 0
1333038 12910592
1333039 0
1333298 12910592
1333299 0
1350712 12910592
1350713 0
1350972 12910592
1350973 0
1351552 12910592
1351553 0
1351812 12910592
1351813 0
1369227 12910592
1369228 0
1369487 12910592
1369488 0
1370067 12910592
1370068 0
1370327 12910592
1370328 0
1387741 12910592
1387742 0
1388001 12910592
1388002 0
1388581 12910592
1388582 0
1388841 12910592
1388842 0
1406255 12910592
1406256 0
1406515 12910592
1406516 0
1407095 12910592
1407096 0
1407355 12910592
1407356 0
1424770 12910592
1424771 0
1425030 12910592
1425031 0
1425610 12910592
1425611 0
1425870 12910592
1425871 0
1443284 12910592
1443285 0
1443544 12910592
1443545 0
1444124 12910592
1444125 0
1444384 12910592
1444385 0
1461798 12910592
1461799 0
1462058 12910592
1462059 0
1462638 12910592
1462639 0
1462898 12910592
1462899 0
1480312 12910592
1480313 0
1480572 12910592
1480573 0
1481152 12910592
1481153 0
1481412 12910592
1481413 0
1498227 12910592
1498228 0
1498487 12910592
1498488 0
1499067 12910592
1499068 0
1499327 12910592
1499328 0
1515841 12910592
1515842 0
1516101 12910592
1516102 0
1516681 12910592
1516682 0
1516941 12910592
1516942 0
1534741 12910592
1534742 0
1535001 12910592
1535002 0
1535581 12910592
1535582 0
1535841 12910592
1535842 0
1553720 12910592
1553721 0
1553980 12910592
1553981 0
1554560 12910592
1554561 0
1554820 12910592
1554821 0
1571909 12910592
1571910 0
1572169 12910592
1572170 0
1572749 12910592
1572750 0
1573009 12910592
1573010 0
1590099 12910592
1590100 0
1590359 12910592
1590360 0
1590939 12910592
1590940 0
1591199 12910592
1591200 0
1608288 12910592
1608289 0
1608548 12910592
1608549 0
1609128 12910592
1609129 0
1609388 12910592
1609389 0
1626478 12910592
1626479 0
1626738 12910592
1626739 0
1627318 12910592
1627319 0
1627578 12910592
1627579 0
1644667 12910592
1644668 0
1644897 12910592
1644898 0
1645437 12910592
1645438 0
1645667 12910592
1645668 0
1662857 12910592
1662858 0
1663117 12910592
1663118 0
1663697 12910592
1663698 0
1663957 12910592
1663958 0
1681046 12910592
1681047 0
1681306 12910592
1681307 0
1681886 12910592
1681887 0
1682146 12910592
1682147 0
1699236 12910592
1699237 0
1699496 12910592
1699497 0
1700076 12910592
1700077 0
1700336 12910592
1700337 0
1715641 12910592
1715642 0
1715871 12910592
1715872 0
1716411 12910592
1716412 0
1716641 12910592
1716642 0
1735615 12910592
1735616 0
1735875 12910592
1735876 0
1736455 12910592
1736456 0
1736715 12910592
1736716 0
1753804 12910592
1753805 0
1754064 12910592
1754065 0
1754644 12910592
1754645 0
1754904 12910592
1754905 0
1771994 12910592
1771995 0
1772254 12910592
1772255 0
1772834 12910592
1772835 0
1773094 12910592
1773095 0
1790183 12910592
1790184 0
1790443 12910592
1790444 0
1791023 12910592
1791024 0
1791283 12910592
1791284 0
1808373 12910592
1808374 0
1808633 12910592
1808634 0
1809213 12910592
1809214 0
1809473 12910592
1809474 0
1826562 12910592
1826563 0
1826822 12910592
1826823 0
1827402 12910592
1827403 0
1827662 12910592
1827663 0
1844152 12910592
1844153 0
1844412 12910592
1844413 0
1844992 12910592
1844993 0
1845252 12910592
1845253 0
1861441 12910592
1861442 0
1861701 12910592
1861702 0
1862281 12910592
1862282 0
1862541 12910592
1862542 0
20 events for D
34116 0
34236 20
34416 252
48636 0
326256 20
326436 0
328596 20
328776 0
328836 28
582636 0
583296 20
583476 0
585636 20
585816 0
585876 56
653556 0
653796 243
1257996 0
1258596 224
1862796 0
0 events for E

18 events for F
48234 700
48279 0
66490 600
66730 1300
307550 700
307595 0
325690 600
325930 1300
652890 700
652935 0
671110 1300
912909 0
930310 1300
1258509 0
1269910 1300
1517709 0
1535110 1300
1863309 0
0 events for G

30 events for H
20781 90225847
20782 99456
20783 17992937
20788 0
89719 36047367
89724 0
111319 39436416
111324 0
219319 79610631
219324 0
240919 77494701
240924 0
348919 73767533
348924 0
370519 221441780
370524 0
629719 47723996
629724 0
646669 12683312
646674 0
802518 9037466
802523 0
845718 270264152
845723 0
1731318 26968906
1731323 0
1752918 134824032
1752923 0
1755844 20221556
1755849 0
0 events for I

47 events for J
65601 2414
67441 1285
434727 2414
436567 1285
455217 2057
505585 706
619541 2057
651401 706
670401 2414
672241 706
692330 1285
725158 706
1039527 2414
1041367 706
1091601 2414
1098961 706
1101254 1772
1130795 1285
1146584 706
1150964 1285
1183143 706
1187343 1285
1219522 706
1276315 2414
1278155 706
1304921 1285
1310501 706
1324632 1285
1326612 706
1564301 1285
1587859 706
1592059 1285
1606048 706
1608268 1772
1623938 706
1628558 1772
1644327 2414
1646687 1772
1660317 706
1715301 2414
1725061 706
1757144 1285
1787921 706
1792143 1285
1801601 706
1861001 0
1861002 487
2 events for K
1863937 0
1863938 74
47 events for L
65456 2414
67296 1285
434582 2414
436422 1285
455072 2057
505440 706
619396 2057
651256 706
670256 2414
672096 706
692185 1285
725013 706
1039382 2414
1041222 706
1091456 2414
1098816 706
1101109 1772
1130650 1285
1146439 706
1150819 1285
1182998 706
1187198 1285
1219377 706
1276170 2414
1278010 706
1304776 1285
1310356 706
1324487 1285
1326467 706
1564156 1285
1587714 706
1591914 1285
1605903 706
1608123 1772
1623793 706
1628413 1772
1644182 2414
1646542 1772
1660172 706
1715156 2414
1724916 706
1756999 1285
1787776 706
1791998 1285
1801456 706
1860856 0
1860857 487
808 events for M
10376 12910592
10377 0
10636 12910592
10637 0
11216 12910592
11217 0
11476 12910592
11477 0
27966 12910592
27967 0
28226 12910592
28227 0
28806 12910592
28807 0
29066 12910592
29067 0
45255 12910592
45256 0
45515 12910592
45516 0
46095 12910592
46096 0
46355 12910592
46356 0
64155 12910592
64156 0
64385 12910592
64386 0
64925 12910592
64926 0
65155 12910592
65156 0
83784 12910592
83785 0
84044 12910592
84045 0
84624 12910592
84625 0
84884 12910592
84885 0
102298 12910592
102299 0
102558 12910592
102559 0
103138 12910592
103139 0
103398 12910592
103399 0
120812 12910592
120813 0
121072 12910592
121073 0
121652 12910592
121653 0
121912 12910592
121913 0
139326 12910592
139327 0
139586 12910592
139587 0
140166 12910592
140167 0
140426 12910592
140427 0
157841 12910592
157842 0
158101 12910592
158102 0
158681 12910592
158682 0
158941 12910592
158942 0
176355 12910592
176356 0
176615 12910592
176616 0
177195 12910592
177196 0
177455 12910592
177456 0
194869 12910592
194870 0
195129 12910592
195130 0
195709 12910592
195710 0
195969 12910592
195970 0
213384 12910592
213385 0
213644 12910592
213645 0
214224 12910592
214225 0
214484 12910592
214485 0
231898 12910592
231899 0
232158 12910592
232159 0
232738 12910592
232739 0
232998 12910592
232999 0
250412 12910592
250413 0
250672 12910592
250673 0
251252 12910592
251253 0
251512 12910592
251513 0
268926 12910592
268927 0
269186 12910592
269187 0
269766 12910592
269767 0
270026 12910592
270027 0
286841 12910592
286842 0
287101 12910592
287102 0
287681 12910592
287682 0
287941 12910592
287942 0
304455 12910592
304456 0
304715 12910592
304716 0
305295 12910592
305296 0
305555 12910592
305556 0
323355 12910592
323356 0
323615 12910592
323616 0
324195 12910592
324196 0
324455 12910592
324456 0
342334 12910592
342335 0
342594 12910592
342595 0
343174 12910592
343175 0
343434 12910592
343435 0
360523 12910592
360524 0
360783 12910592
360784 0
361363 12910592
361364 0
361623 12910592
361624 0
378713 12910592
378714 0
378973 12910592
378974 0
379553 12910592
379554 0
379813 12910592
379814 0
396902 12910592
396903 0
397162 12910592
397163 0
397742 12910592
397743 0
398002 12910592
398003 0
415092 12910592
415093 0
415352 12910592
415353 0
415932 12910592
415933 0
416192 12910592
416193 0
433281 12910592
433282 0
433511 12910592
433512 0
434051 12910592
434052 0
434281 12910592
434282 0
451471 12910592
451472 0
451731 12910592
451732 0
452311 12910592
452312 0
452571 12910592
452572 0
469660 12910592
469661 0
469920 12910592
469921 0
470500 12910592
470501 0
470760 12910592
470761 0
487850 12910592
487851 0
488110 12910592
488111 0
488690 12910592
488691 0
488950 12910592
488951 0
506039 12910592
506040 0
506299 12910592
506300 0
506879 12910592
506880 0
507139 12910592
507140 0
524229 12910592
524230 0
524489 12910592
524490 0
525069 12910592
525070 0
525329 12910592
525330 0
542418 12910592
542419 0
542678 12910592
542679 0
543258 12910592
543259 0
543518 12910592
543519 0
560608 12910592
560609 0
560868 12910592
560869 0
561448 12910592
561449 0
561708 12910592
561709 0
578797 12910592
578798 0
579057 12910592
579058 0
579637 12910592
579638 0
579897 12910592
579898 0
596987 12910592
596988 0
597247 12910592
597248 0
597827 12910592
597828 0
598087 12910592
598088 0
615176 12910592
615177 0
615436 12910592
615437 0
616016 12910592
616017 0
616276 12910592
616277 0
632766 12910592
632767 0
633026 12910592
633027 0
633606 12910592
633607 0
633866 12910592
633867 0
650055 12910592
650056 0
650315 12910592
650316 0
650895 12910592
650896 0
651155 12910592
651156 0
668955 12910592
668956 0
669185 12910592
669186 0
669725 12910592
669726 0
669955 12910592
669956 0
688584 12910592
688585 0
688844 12910592
688845 0
689424 12910592
689425 0
689684 12910592
689685 0
707098 12910592
707099 0
707358 12910592
707359 0
707938 12910592
707939 0
708198 12910592
708199 0
725612 12910592
725613 0
725872 12910592
725873 0
726452 12910592
726453 0
726712 12910592
726713 0
744126 12910592
744127 0
744386 12910592
744387 0
744966 12910592
744967 0
745226 12910592
745227 0
762641 12910592
762642 0
762901 12910592
762902 0
763481 12910592
763482 0
763741 12910592
763742 0
781155 12910592
781156 0
781415 12910592
781416 0
781995 12910592
781996 0
782255 12910592
782256 0
799669 12910592
799670 0
799929 12910592
799930 0
800509 12910592
800510 0
800769 12910592
800770 0
818184 12910592
818185 0
818444 12910592
818445 0
819024 12910592
819025 0
819284 12910592
819285 0
836698 12910592
836699 0
836958 12910592
836959 0
837538 12910592
837539 0
837798 12910592
837799 0
855212 12910592
855213 0
855472 12910592
855473 0
856052 12910592
856053 0
856312 12910592
856313 0
873726 12910592
873727 0
873986 12910592
873987 0
874566 12910592
874567 0
874826 12910592
874827 0
891641 12910592
891642 0
891901 12910592
891902 0
892481 12910592
892482 0
892741 12910592
892742 0
909255 12910592
909256 0
909515 12910592
909516 0
910095 12910592
910096 0
910355 12910592
910356 0
928155 12910592
928156 0
928415 12910592
928416 0
928995 12910592
928996 0
929255 12910592
929256 0
947134 12910592
947135 0
947394 12910592
947395 0
947974 12910592
947975 0
948234 12910592
948235 0
965323 12910592
965324 0
965583 12910592
965584 0
966163 12910592
966164 0
966423 12910592
966424 0
983513 12910592
983514 0
983773 12910592
983774 0
984353 12910592
984354 0
984613 12910592
984614 0
1001702 12910592
1001703 0
1001962 12910592
1001963 0
1002542 12910592
1002543 0
1002802 12910592
1002803 0
1019892 12910592
1019893 0
1020152 12910592
1020153 0
1020732 12910592
1020733 0
1020992 12910592
1020993 0
1038081 12910592
1038082 0
1038311 12910592
1038312 0
1038851 12910592
1038852 0
1039081 12910592
1039082 0
1056271 12910592
1056272 0
1056531 12910592
1056532 0
1057111 12910592
1057112 0
1057371 12910592
1057372 0
1074460 12910592
1074461 0
1074720 12910592
1074721 0
1075300 12910592
1075301 0
1075560 12910592
1075561 0
1110839 12910592
1110840 0
1111099 12910592
1111100 0
1111679 12910592
1111680 0
1111939 12910592
1111940 0
1129029 12910592
1129030 0
1129289 12910592
1129290 0
1129869 12910592
1129870 0
1130129 12910592
1130130 0
1147218 12910592
1147219 0
1147478 12910592
1147479 0
1148058 12910592
1148059 0
1148318 12910592
1148319 0
1165408 12910592
1165409 0
1165668 12910592
1165669 0
1166248 12910592
1166249 0
1166508 12910592
1166509 0
1183597 12910592
1183598 0
1183857 12910592
1183858 0
1184437 12910592
1184438 0
1184697 12910592
1184698 0
1201787 12910592
1201788 0
1202047 12910592
1202048 0
1202627 12910592
1202628 0
1202887 12910592
1202888 0
1219976 12910592
1219977 0
1220236 12910592
1220237 0
1220816 12910592
1220817 0
1221076 12910592
1221077 0
1237566 12910592
1237567 0
1237826 12910592
1237827 0
1238406 12910592
1238407 0
1238666 12910592
1238667 0
1254855 12910592
1254856 0
1255115 12910592
1255116 0
1255695 12910592
1255696 0
1255955 12910592
1255956 0
1274869 12910592
1274870 0
1275099 12910592
1275100 0
1275639 12910592
1275640 0
1275869 12910592
1275870 0
1293384 12910592
1293385 0
1293644 12910592
1293645 0
1294224 12910592
1294225 0
1294484 12910592
1294485 0
1311898 12910592
1311899 0
1312158 12910592
1312159 0
1312738 12910592
1312739 0
1312998 12910592
1312999 0
1330412 12910592
1330413 0
1330672 12910592
1330673 0
1331252 12910592
1331253 0
1331512 12910592
1331513 0
1348926 12910592
1348927 0
1349186 12910592
1349187 0
1349766 12910592
1349767 0
1350026 12910592
1350027 0
1367441 12910592
1367442 0
1367701 12910592
1367702 0
1368281 12910592
1368282 0
1368541 12910592
1368542 0
1385955 12910592
1385956 0
1386215 12910592
1386216 0
1386795 12910592
1386796 0
1387055 12910592
1387056 0
1404469 12910592
1404470 0
1404729 12910592
1404730 0
1405309 12910592
1405310 0
1405569 12910592
1405570 0
1422984 12910592
1422985 0
1423244 12910592
1423245 0
1423824 12910592
1423825 0
1424084 12910592
1424085 0
1441498 12910592
1441499 0
1441758 12910592
1441759 0
1442338 12910592
1442339 0
1442598 12910592
1442599 0
1460012 12910592
1460013 0
1460272 12910592
1460273 0
1460852 12910592
1460853 0
1461112 12910592
1461113 0
1478526 12910592
1478527 0
1478786 12910592
1478787 0
1479366 12910592
1479367 0
1479626 12910592
1479627 0
1496441 12910592
1496442 0
1496701 12910592
1496702 0
1497281 12910592
1497282 0
1497541 12910592
1497542 0
1514055 12910592
1514056 0
1514315 12910592
1514316 0
1514895 12910592
1514896 0
1515155 12910592
1515156 0
1532955 12910592
1532956 0
1533215 12910592
1533216 0
1533795 12910592
1533796 0
1534055 12910592
1534056 0
1551934 12910592
1551935 0
1552194 12910592
1552195 0
1552774 12910592
1552775 0
1553034 12910592
1553035 0
1570123 12910592
1570124 0
1570383 12910592
1570384 0
1570963 12910592
1570964 0
1571223 12910592
1571224 0
1588313 12910592
1588314 0
1588573 12910592
1588574 0
1589153 12910592
1589154 0
1589413 12910592
1589414 0
1606502 12910592
1606503 0
1606762 12910592
1606763 0
1607342 12910592
1607343 0
1607602 12910592
1607603 0
1624692 12910592
1624693 0
1624952 12910592
1624953 0
1625532 12910592
1625533 0
1625792 12910592
1625793 0
1642881 12910592
1642882 0
1643111 12910592
1643112 0
1643651 12910592
1643652 0
1643881 12910592
1643882 0
1661071 12910592
1661072 0
1661331 12910592
1661332 0
1661911 12910592
1661912 0
1662171 12910592
1662172 0
1679260 12910592
1679261 0
1679520 12910592
1679521 0
1680100 12910592
1680101 0
1680360 12910592
1680361 0
1697450 12910592
1697451 0
1697710 12910592
1697711 0
1698290 12910592
1698291 0
1698550 12910592
1698551 0
1713855 12910592
1713856 0
1714085 12910592
1714086 0
1714625 12910592
1714626 0
1714855 12910592
1714856 0
1733829 12910592
1733830 0
1734089 12910592
1734090 0
1734669 12910592
1734670 0
1734929 12910592
1734930 0
1752018 12910592
1752019 0
1752278 12910592
1752279 0
1752858 12910592
1752859 0
1753118 12910592
1753119 0
1770208 12910592
1770209 0
1770468 12910592
1770469 0
1771048 12910592
1771049 0
1771308 12910592
1771309 0
1788397 12910592
1788398 0
1788657 12910592
1788658 0
1789237 12910592
1789238 0
1789497 12910592
1789498 0
1806587 12910592
1806588 0
1806847 12910592
1806848 0
1807427 12910592
1807428 0
1807687 12910592
1807688 0
1824776 12910592
1824777 0
1825036 12910592
1825037 0
1825616 12910592
1825617 0
1825876 12910592
1825877 0
1842366 12910592
1842367 0
1842626 12910592
1842627 0
1843206 12910592
1843207 0
1843466 12910592
1843467 0
1859655 12910592
1859656 0
1859915 12910592
1859916 0
1860495 12910592
1860496 0
1860755 12910592
1860756 0
0 events for N

2 events for O
1863224 0
1863225 18
18 events for P
48918 700
48963 0
67174 600
67414 1300
308234 700
308279 0
326374 600
326614 1300
653574 700
653619 0
671794 1300
913593 0
930994 1300
1259193 0
1270594 1300
1518393 0
1535794 1300
1863993 0
