16 instruments
A 10 100 45126217.813212499 1435691857.5629289
B 10 100 0 938631764.34521866
C 10 100 0.00018444817663405244 950598422.35720563
D 10 100 309096.09667920991 262843801.48639998
E 10 100 50290700 1600000000
F 10 100 20412.132877845776 869835207.86274612
G 10 100 2022727.6804039259 699754440.78838515
H 10 100 0 974485132.8010211
I 10 100 0 888000000
J 10 100 2419.0747377101388 662193255.831689
K 10 100 141644.34804627756 547774564.8662138
L 10 100 6499613.0472409306 3333330256.035996
M 10 100 20927.686835728317 891804836.74978614
N 10 100 47192398.279190399 1501427445.7644184
O 10 100 40786.332763907049 54547276.407707497
P 10 100 2338 640000000
100 downlinks
0 1 23814 18650.039686
1 66256 91871 17801.393711000001
2 92304 95447 18241.361444999999
3 111898 134731 24067.369501000001
4 135896 159879 56712.888793999999
5 185996 194851 58370.132263
6 198367 219207 58005.525035999999
7 220758 258593 24930.123806
8 258594 279767 16739.689300999999
9 325456 350023 18181.419744999999
10 371991 397607 18610.315675999998
11 399049 437437 59847.283359000001
12 438889 454964 18063.419893999999
13 459589 484394 18186.627066000001
14 485446 501293 56843.492619999997
15 523626 557085 9175.5815739999998
16 557086 568575 9288.5908459999991
17 571843 609842 29976.478185
18 611983 629020 8340.6453669999992
19 638383 648686 28164.287346000001
20 671056 693639 9615.6592349999992
21 715781 744277 8936.4976299999998
22 744278 748101 29078.912095
23 763778 771225 8738.7729049999998
24 789406 824795 9283.3064869999998
25 824796 870574 9136.56639
26 870575 886982 8867.2325060000003
27 902409 906815 30843.021497000002
28 930256 947025 8651.5363890000008
29 948572 971479 8598.6086899999991
30 974372 1002868 28620.571626000001
31 1002869 1013789 29488.2804
32 1017029 1039429 29574.456625999999
33 1045469 1058806 8990.2936559999998
34 1061369 1090251 27889.095755999999
35 1092266 1102395 27279.489213000001
36 1105246 1108471 29339.122920000002
37 1114766 1123592 30467.823106
38 1133066 1144616 9273.8508989999991
39 1147871 1169107 28091.132868000001
40 1169969 1214008 9462.077765
41 1214009 1229342 8739.387213
42 1269856 1284760 27177.101999999999
43 1300309 1324418 28867.988366000001
44 1325359 1347887 8757.0573490000006
45 1386610 1428858 30482.278361000001
46 1428859 1465752 9337.789702
47 1465753 1494214 8515.7706749999998
48 1535056 1549939 8900.7025030000004
49 1552149 1577938 8778.3355150000007
50 1577949 1606321 29886.497736000001
51 1608846 1636087 29243.536622
52 1636806 1641019 26517.245249
53 1645515 1659787 8834.4018649999998
54 1679046 1690421 9457.9623840000004
55 1702442 1722338 28164.872808
56 1731817 1774046 30503.298975000002
57 1774047 1796462 8691.2845450000004
58 1796938 1806933 8525.9525360000007
59 1809598 1813351 28086.786929000002
60 1874656 1902600 9305.8530659999997
61 1904424 1908938 9003.7058219999999
62 1934335 1950096 29720.859928999998
63 1983089 1986746 28196.056719
64 1990728 2007441 8724.7512220000008
65 2009031 2036366 9238.0711549999996
66 2037287 2077031 29465.914934
67 2077032 2085008 8736.7051790000005
68 2108027 2122041 8623.2506759999997
69 2133856 2156105 8421.9856619999991
70 2160346 2180205 27549.328343000001
71 2192023 2209282 29572.320551000001
72 2211579 2241718 29086.290951999999
73 2241819 2270494 8813.8421070000004
74 2278719 2295685 29493.047434
75 2303615 2327106 27435.630709000001
76 2327997 2339525 29792.428981000001
77 2342615 2352498 8997.6095590000004
78 2355515 2378702 26654.011493000002
79 2393056 2416181 8664.3956859999998
80 2416411 2442270 8910.3347130000002
81 2485456 2505453 9263.3037550000008
82 2508562 2514794 8194.1372179999998
83 2526507 2539170 8812.3468479999992
84 2558003 2559834 28513.272391999999
85 2586678 2590839 29797.943813000002
86 2594870 2629702 9287.2106050000002
87 2629703 2640455 9493.8769009999996
88 2643859 2679939 29841.66733
89 2681178 2685856 9031.5484039999992
90 2744656 2756286 27058.173078
91 2758395 2761952 27764.822221999999
92 2765895 2782497 8866.3210920000001
93 2794382 2806542 30200.423556999998
94 2809654 2814498 9259.4321029999992
95 2818690 2842761 9457.3783449999992
96 2844490 2848318 29542.407908000001
97 2853796 2868639 8564.5545529999999
98 2877790 2900459 9335.3412189999999
99 2902986 2931712 27874.981927000001
0 opportunities for A
0 opportunities for B
0 opportunities for C
0 opportunities for D
0 opportunities for E
0 opportunities for F
0 opportunities for G
0 opportunities for H
0 opportunities for I
0 opportunities for J
0 opportunities for K
0 opportunities for L
0 opportunities for M
0 opportunities for N
0 opportunities for O
0 opportunities for P
81 events for A
65860 2414
67700 1285
434986 2414
436826 1285
455476 2057
505844 706
619800 2057
651660 706
670660 2414
672500 706
692589 1285
725417 706
1039786 2414
1041626 706
1091860 2414
1099220 706
1101513 1772
1131054 1285
1146843 706
1151223 1285
1183402 706
1187602 1285
1219781 706
1276574 2414
1278414 706
1305180 1285
1310760 706
1324891 1285
1326871 706
1564560 1285
1588118 706
1592318 1285
1606307 706
1608527 1772
1624197 706
1628817 1772
1644586 2414
1646946 1772
1660576 706
1715560 2414
1725320 706
1757403 1285
1788180 706
1792402 1285
1801860 706
1861260 0
1861261 487
1881374 2414
1883214 487
1955631 2414
1971831 487
1976246 2414
2009074 487
2013274 2414
2046103 487
2249386 2414
2251226 487
2277660 2414
2302054 487
2306255 2414
2338433 487
2342634 2414
2346234 487
2364234 2414
2367834 487
2377513 2414
2379660 487
2391060 2414
2429381 487
2485060 2414
2502789 487
2506989 2414
2514960 487
2560500 2414
2576285 487
2765539 2414
2772960 487
2801963 2414
2834003 487
2854186 2414
2856026 487
46 events for B
1902722 1000
1903722 0
1948430 1000
1949430 0
1994329 1000
1995329 0
2040452 1000
2041452 0
2086900 1000
2087900 0
2133707 1000
2134707 0
2198515 1000
2199515 0
2244134 1000
2245134 0
2289009 1000
2290009 0
2329381 1000
2329445 0
2341992 1000
2342992 0
2378599 1000
2379599 0
2423000 1000
2424000 0
2467332 1000
2468332 0
2529185 1000
2530185 0
2591195 1000
2592195 0
2642863 1000
2643863 0
2686695 1000
2687695 0
2730244 1000
2731244 0
2773587 1000
2774587 0
2816697 1000
2817697 0
2859457 1000
2860457 0
2902006 1000
2903006 0
482 events for C
69681 12910592
69682 0
81651 12910592
81652 0
90180 12910592
90181 0
95130 12910592
95131 0
97256 12910592
97257 0
105394 12910592
105395 0
113451 12910592
113452 0
118736 12910592
118737 0
128451 12910592
128452 0
135050 12910592
135051 0
136252 12910592
136253 0
142427 12910592
142428 0
149151 12910592
149152 0
157337 12910592
157338 0
164242 12910592
164243 0
169894 12910592
169895 0
175551 12910592
175552 0
186758 12910592
186759 0
194065 12910592
194066 0
326156 12910592
326157 0
337590 12910592
337591 0
348735 12910592
348736 0
360019 12910592
360020 0
363319 12910592
363320 0
370764 12910592
370765 0
378209 12910592
378210 0
385251 12910592
385252 0
391251 12910592
391252 0
396356 12910592
396357 0
673851 12910592
673852 0
684651 12910592
684652 0
694985 12910592
694986 0
699651 12910592
699652 0
710211 12910592
710212 0
716456 12910592
716457 0
723651 12910592
723652 0
732651 12910592
732652 0
739850 12910592
739851 0
742337 12910592
742338 0
751251 12910592
751252 0
762051 12910592
762052 0
769251 12910592
769252 0
779151 12910592
779152 0
805856 12910592
805857 0
817680 12910592
817681 0
826255 12910592
826256 0
831416 12910592
831417 0
843094 12910592
843095 0
848901 12910592
848902 0
858008 12910592
858009 0
865615 12910592
865616 0
885634 12910592
885635 0
891137 12910592
891138 0
898894 12910592
898895 0
908756 12910592
908757 0
930951 12910592
930952 0
939351 12910592
939352 0
953530 12910592
953531 0
964371 12910592
964372 0
968124 12910592
968125 0
982759 12910592
982760 0
990884 12910592
990885 0
999050 12910592
999051 0
1004451 12910592
1004452 0
1014651 12910592
1014652 0
1031937 12910592
1031938 0
1043492 12910592
1043493 0
1053656 12910592
1053657 0
1063251 12910592
1063252 0
1071651 12910592
1071652 0
1078893 12910592
1078894 0
1082451 12910592
1082452 0
1089352 12910592
1089353 0
1103451 12910592
1103452 0
1109803 12910592
1109804 0
1114870 12910592
1114871 0
1122051 12910592
1122052 0
1126870 12910592
1126871 0
1142936 12910592
1142937 0
1154031 12910592
1154032 0
1164116 12910592
1164117 0
1168971 12910592
1168972 0
1173051 12910592
1173052 0
1175511 12910592
1175512 0
1226451 12910592
1226452 0
1231722 12910592
1231723 0
1237062 12910592
1237063 0
1240362 12910592
1240363 0
1247356 12910592
1247357 0
1254356 12910592
1254357 0
1272656 12910592
1272657 0
1274451 12910592
1274452 0
1290651 12910592
1290652 0
1292936 12910592
1292937 0
1484927 12910592
1484928 0
1487922 12910592
1487923 0
1490429 12910592
1490430 0
1492937 12910592
1492938 0
1495937 12910592
1495938 0
1499237 12910592
1499238 0
1502237 12910592
1502238 0
1506399 12910592
1506400 0
1510551 12910592
1510552 0
1513551 12910592
1513552 0
1536056 12910592
1536057 0
1537851 12910592
1537852 0
1539651 12910592
1539652 0
1543251 12910592
1543252 0
1546851 12910592
1546852 0
1551051 12910592
1551052 0
1558256 12910592
1558257 0
1560651 12910592
1560652 0
1563651 12910592
1563652 0
1609418 12910592
1609419 0
1611116 12910592
1611117 0
1616653 12910592
1616654 0
1620888 12910592
1620889 0
1623888 12910592
1623889 0
1632351 12910592
1632352 0
1635656 12910592
1635657 0
1726851 12910592
1726852 0
1733151 12910592
1733152 0
1736751 12910592
1736752 0
1740351 12910592
1740352 0
1743951 12910592
1743952 0
1747610 12910592
1747611 0
1751505 12910592
1751506 0
1758651 12910592
1758652 0
1769396 12910592
1769397 0
1809388 12910592
1809389 0
1813251 12910592
1813252 0
1816851 12910592
1816852 0
1820451 12910592
1820452 0
1824272 12910592
1824273 0
1831177 12910592
1831178 0
1836651 12910592
1836652 0
1841451 12910592
1841452 0
1884586 12910592
1884587 0
1887589 12910592
1887590 0
1891133 12910592
1891134 0
1894680 12910592
1894681 0
1897680 12910592
1897681 0
1904580 12910592
1904581 0
1907580 12910592
1907581 0
1910390 12910592
1910391 0
1913194 12910592
1913195 0
1916194 12910592
1916195 0
1993794 12910592
1993795 0
1998651 12910592
1998652 0
2003451 12910592
2003452 0
2008371 12910592
2008372 0
2015694 12910592
2015695 0
2019231 12910592
2019232 0
2022771 12910592
2022772 0
2027151 12910592
2027152 0
2030631 12910592
2030632 0
2034651 12910592
2034652 0
2037114 12910592
2037115 0
2135995 12910592
2135996 0
2141931 12910592
2141932 0
2149971 12910592
2149972 0
2158014 12910592
2158015 0
2181173 12910592
2181174 0
2186480 12910592
2186481 0
2192009 12910592
2192010 0
2199351 12910592
2199352 0
2203851 12910592
2203852 0
2208651 12910592
2208652 0
2214098 12910592
2214099 0
2221543 12910592
2221544 0
2228871 12910592
2228872 0
2235888 12910592
2235889 0
2241532 12910592
2241533 0
2247177 12910592
2247178 0
2252923 12910592
2252924 0
2259143 12910592
2259144 0
2265367 12910592
2265368 0
2274662 12910592
2274663 0
2435972 12910592
2435973 0
2438972 12910592
2438973 0
2441320 12910592
2441321 0
2443662 12910592
2443663 0
2446662 12910592
2446663 0
2449962 12910592
2449963 0
2452962 12910592
2452963 0
2456956 12910592
2456957 0
2460951 12910592
2460952 0
2463954 12910592
2463955 0
2488286 12910592
2488287 0
2495151 12910592
2495152 0
2502311 12910592
2502312 0
2511651 12910592
2511652 0
2520994 12910592
2520995 0
2524297 12910592
2524298 0
2531794 12910592
2531795 0
2539294 12910592
2539295 0
2547174 12910592
2547175 0
2554250 12910592
2554251 0
2561996 12910592
2561997 0
2568986 12910592
2568987 0
2575731 12910592
2575732 0
2583651 12910592
2583652 0
2594451 12910592
2594452 0
2598654 12910592
2598655 0
2612451 12910592
2612452 0
2621561 12910592
2621562 0
2628115 12910592
2628116 0
2638015 12910592
2638016 0
2644851 12910592
2644852 0
2648451 12910592
2648452 0
2657494 12910592
2657495 0
2661651 12910592
2661652 0
2665734 12910592
2665735 0
2673651 12910592
2673652 0
2677131 12910592
2677132 0
2682051 12910592
2682052 0
2687153 12910592
2687154 0
2704011 12910592
2704012 0
2748351 12910592
2748352 0
2753451 12910592
2753452 0
2760651 12910592
2760652 0
2768452 12910592
2768453 0
2778771 12910592
2778772 0
2782491 12910592
2782492 0
2789000 12910592
2789001 0
2797171 12910592
2797172 0
2806851 12910592
2806852 0
2813391 12910592
2813392 0
2819451 12910592
2819452 0
2826329 12910592
2826330 0
2832651 12910592
2832652 0
2840988 12910592
2840989 0
2846413 12910592
2846414 0
2858031 12910592
2858032 0
2864413 12910592
2864414 0
2871051 12910592
2871052 0
2886801 12910592
2886802 0
2892651 12910592
2892652 0
2907651 12910592
2907652 0
2920251 12910592
2920252 0
2935551 12910592
2935552 0
33 events for D
31666 0
31786 20
31966 252
46186 0
323806 20
323986 0
326146 20
326326 0
326386 28
580186 0
580846 20
581026 0
583186 20
583366 0
583426 56
651106 0
651346 243
1255546 0
1256146 224
1860346 0
2210386 20
2210566 0
2212726 20
2212906 0
2212966 28
2379106 0
2391406 20
2391586 0
2393746 20
2393926 0
2393986 126
2465506 0
2465746 305
81 events for E
65456 2414
67296 1285
434582 2414
436422 1285
455072 2057
505440 706
619396 2057
651256 706
670256 2414
672096 706
692185 1285
725013 706
1039382 2414
1041222 706
1091456 2414
1098816 706
1101109 1772
1130650 1285
1146439 706
1150819 1285
1182998 706
1187198 1285
1219377 706
1276170 2414
1278010 706
1304776 1285
1310356 706
1324487 1285
1326467 706
1564156 1285
1587714 706
1591914 1285
1605903 706
1608123 1772
1623793 706
1628413 1772
1644182 2414
1646542 1772
1660172 706
1715156 2414
1724916 706
1756999 1285
1787776 706
1791998 1285
1801456 706
1860856 0
1860857 487
1880970 2414
1882810 487
1955227 2414
1971427 487
1975842 2414
2008670 487
2012870 2414
2045699 487
2248982 2414
2250822 487
2277256 2414
2301650 487
2305851 2414
2338029 487
2342230 2414
2345830 487
2363830 2414
2367430 487
2377109 2414
2379256 487
2390656 2414
2428977 487
2484656 2414
2502385 487
2506585 2414
2514556 487
2560096 2414
2575881 487
2765135 2414
2772556 487
2801559 2414
2833599 487
2853782 2414
2855622 487
82 events for F
68750 4214960
68754 0
69180 4214960
69184 0
69920 4214960
69924 0
70350 4214960
70354 0
437876 4214960
437880 0
438306 4214960
438310 0
439046 4214960
439050 0
439476 4214960
439480 0
673550 4214960
673554 0
673980 4214960
673984 0
674720 4214960
674724 0
675150 4214960
675154 0
1042676 4214960
1042680 0
1043106 4214960
1043110 0
1043846 4214960
1043850 0
1044276 4214960
1044280 0
1094750 4214960
1094754 0
1095180 4214960
1095184 0
1095920 4214960
1095924 0
1096350 4214960
1096354 0
1279464 4214960
1279468 0
1279894 4214960
1279898 0
1280634 4214960
1280638 0
1281064 4214960
1281068 0
1647476 4214960
1647480 0
1647906 4214960
1647910 0
1648646 4214960
1648650 0
1649076 4214960
1649080 0
1718450 4214960
1718454 0
1718880 4214960
1718884 0
1719620 4214960
1719624 0
1720050 4214960
1720054 0
1884264 4214960
1884268 0
1884694 4214960
1884698 0
1885434 4214960
1885438 0
1885864 4214960
1885868 0
2252276 4214960
2252280 0
2252706 4214960
2252710 0
2253446 4214960
2253450 0
2253876 4214960
2253880 0
2857602 67463256
2857607 0
36 events for G
48234 700
48279 0
66490 600
66730 1300
307550 700
307595 0
325690 600
325930 1300
652890 700
652935 0
671110 1300
912909 0
930310 1300
1258509 0
1269910 1300
1517709 0
1535110 1300
1863309 0
1875190 600
1875370 1300
2121990 700
2122035 0
2134210 600
2134390 1300
2381130 700
2381175 0
2393290 600
2393470 1300
2467530 700
2467575 0
2485690 600
2485870 1300
2725950 700
2725995 0
2744890 600
2745010 1300
46 events for H
1901611 1000
1902611 0
1947319 1000
1948319 0
1993218 1000
1994218 0
2039341 1000
2040341 0
2085789 1000
2086789 0
2132596 1000
2133596 0
2197404 1000
2198404 0
2243023 1000
2244023 0
2287898 1000
2288898 0
2328270 1000
2328334 0
2340881 1000
2341881 0
2377488 1000
2378488 0
2421889 1000
2422889 0
2466221 1000
2467221 0
2528074 1000
2529074 0
2590084 1000
2591084 0
2641752 1000
2642752 0
2685584 1000
2686584 0
2729133 1000
2730133 0
2772476 1000
2773476 0
2815586 1000
2816586 0
2858346 1000
2859346 0
2900895 1000
2901895 0
46 events for I
1901041 1000
1902041 0
1946749 1000
1947749 0
1992648 1000
1993648 0
2038771 1000
2039771 0
2085219 1000
2086219 0
2132026 1000
2133026 0
2196834 1000
2197834 0
2242453 1000
2243453 0
2287328 1000
2288328 0
2327700 1000
2327764 0
2340311 1000
2341311 0
2376918 1000
2377918 0
2421319 1000
2422319 0
2465651 1000
2466651 0
2527504 1000
2528504 0
2589514 1000
2590514 0
2641182 1000
2642182 0
2685014 1000
2686014 0
2728563 1000
2729563 0
2771906 1000
2772906 0
2815016 1000
2816016 0
2857776 1000
2858776 0
2900325 1000
2901325 0
133 events for J
66651 4096
74851 0
163937 4096
172137 0
237994 4096
246194 0
325851 4096
334051 0
348430 665
377590 0
421188 4096
429388 0
493946 4096
502146 0
584893 4096
593093 0
671451 1365
671631 0
673431 1365
673971 3481
693171 1365
693891 3481
713091 1365
713811 3481
732737 0
768737 873
797537 0
842794 873
871594 0
930651 873
959451 0
1025988 3481
1040388 0
1040403 2252
1044003 0
1044018 2252
1047618 0
1047633 2252
1051233 0
1051248 2252
1054848 0
1088391 3276
1103391 0
1189693 873
1218493 0
1270251 1365
1270431 0
1272231 1365
1272771 3481
1291971 0
1373537 873
1402337 0
1447594 873
1476394 0
1535451 1365
1536171 3481
1555371 0
1615728 3276
1630728 0
1865751 1979
1866951 0
1868751 1979
1881951 0
2051320 8
2051321 0
2052394 1365
2052574 0
2054374 1365
2054914 1979
2069314 1365
2069494 1979
2083894 1365
2084614 1979
2099014 1365
2099194 1979
2113594 1365
2114314 1979
2128714 1365
2128894 1979
2143294 0
2181694 3754
2182414 0
2184214 3754
2187814 0
2221251 3754
2221971 0
2223771 3754
2227371 0
2256351 3754
2257071 0
2258871 3754
2262471 0
2297751 3754
2298471 0
2300271 3754
2303871 0
2340951 3754
2341671 0
2343471 3754
2347071 0
2533551 3754
2534271 0
2536071 3754
2539671 0
2562351 3754
2563071 0
2564871 3754
2568471 0
2604651 3754
2605371 0
2607171 3754
2610771 0
2679351 3754
2680071 0
2681871 3754
2685471 0
2765751 1365
2765931 0
2767731 1365
2768271 1979
2782671 1365
2782851 1979
2797251 1365
2797971 1979
2812371 1365
2812551 1979
2826951 1365
2827671 1979
2842071 1365
2842251 1979
2856651 0
2902551 665
2934951 0
2 events for K
1863976 0
1863977 74
2 events for L
1862716 0
1862717 2650
82 events for M
67368 4214960
67372 0
67798 4214960
67802 0
68538 4214960
68542 0
68968 4214960
68972 0
436494 4214960
436498 0
436924 4214960
436928 0
437664 4214960
437668 0
438094 4214960
438098 0
672168 4214960
672172 0
672598 4214960
672602 0
673338 4214960
673342 0
673768 4214960
673772 0
1041294 4214960
1041298 0
1041724 4214960
1041728 0
1042464 4214960
1042468 0
1042894 4214960
1042898 0
1093368 4214960
1093372 0
1093798 4214960
1093802 0
1094538 4214960
1094542 0
1094968 4214960
1094972 0
1278082 4214960
1278086 0
1278512 4214960
1278516 0
1279252 4214960
1279256 0
1279682 4214960
1279686 0
1646094 4214960
1646098 0
1646524 4214960
1646528 0
1647264 4214960
1647268 0
1647694 4214960
1647698 0
1717068 4214960
1717072 0
1717498 4214960
1717502 0
1718238 4214960
1718242 0
1718668 4214960
1718672 0
1882882 4214960
1882886 0
1883312 4214960
1883316 0
1884052 4214960
1884056 0
1884482 4214960
1884486 0
2250894 4214960
2250898 0
2251324 4214960
2251328 0
2252064 4214960
2252068 0
2252494 4214960
2252498 0
2856220 67463256
2856225 0
81 events for N
67401 2414
69241 1285
436527 2414
438367 1285
457017 2057
507385 706
621341 2057
653201 706
672201 2414
674041 706
694130 1285
726958 706
1041327 2414
1043167 706
1093401 2414
1100761 706
1103054 1772
1132595 1285
1148384 706
1152764 1285
1184943 706
1189143 1285
1221322 706
1278115 2414
1279955 706
1306721 1285
1312301 706
1326432 1285
1328412 706
1566101 1285
1589659 706
1593859 1285
1607848 706
1610068 1772
1625738 706
1630358 1772
1646127 2414
1648487 1772
1662117 706
1717101 2414
1726861 706
1758944 1285
1789721 706
1793943 1285
1803401 706
1862801 0
1862802 487
1882915 2414
1884755 487
1957172 2414
1973372 487
1977787 2414
2010615 487
2014815 2414
2047644 487
2250927 2414
2252767 487
2279201 2414
2303595 487
2307796 2414
2339974 487
2344175 2414
2347775 487
2365775 2414
2369375 487
2379054 2414
2381201 487
2392601 2414
2430922 487
2486601 2414
2504330 487
2508530 2414
2516501 487
2562041 2414
2577826 487
2767080 2414
2774501 487
2803504 2414
2835544 487
2855727 2414
2857567 487
2 events for O
1862156 0
1862157 18
133 events for P
63856 4096
72056 0
161142 4096
169342 0
235199 4096
243399 0
323056 4096
331256 0
345635 665
374795 0
418393 4096
426593 0
491151 4096
499351 0
582098 4096
590298 0
668656 1365
668836 0
670636 1365
671176 3481
690376 1365
691096 3481
710296 1365
711016 3481
729942 0
765942 873
794742 0
839999 873
868799 0
927856 873
956656 0
1023193 3481
1037593 0
1037608 2252
1041208 0
1041223 2252
1044823 0
1044838 2252
1048438 0
1048453 2252
1052053 0
1085596 3276
1100596 0
1186898 873
1215698 0
1267456 1365
1267636 0
1269436 1365
1269976 3481
1289176 0
1370742 873
1399542 0
1444799 873
1473599 0
1532656 1365
1533376 3481
1552576 0
1612933 3276
1627933 0
1862956 1979
1864156 0
1865956 1979
1879156 0
2048525 8
2048526 0
2049599 1365
2049779 0
2051579 1365
2052119 1979
2066519 1365
2066699 1979
2081099 1365
2081819 1979
2096219 1365
2096399 1979
2110799 1365
2111519 1979
2125919 1365
2126099 1979
2140499 0
2178899 3754
2179619 0
2181419 3754
2185019 0
2218456 3754
2219176 0
2220976 3754
2224576 0
2253556 3754
2254276 0
2256076 3754
2259676 0
2294956 3754
2295676 0
2297476 3754
2301076 0
2338156 3754
2338876 0
2340676 3754
2344276 0
2530756 3754
2531476 0
2533276 3754
2536876 0
2559556 3754
2560276 0
2562076 3754
2565676 0
2601856 3754
2602576 0
2604376 3754
2607976 0
2676556 3754
2677276 0
2679076 3754
2682676 0
2762956 1365
2763136 0
2764936 1365
2765476 1979
2779876 1365
2780056 1979
2794456 1365
2795176 1979
2809576 1365
2809756 1979
2824156 1365
2824876 1979
2839276 1365
2839456 1979
2853856 0
2899756 665
2932156 0
