18 instruments
A 10 100 728287279.5071317 6713663885.8674479
B 10 100 192158478.34180248 847760826.1096437
C 10 100 2312500 800000000
D 10 100 431759.25152321503 367151977.05994737
E 10 100 199466000 880000000
F 10 100 2665037.1650940888 921958803.05957663
G 10 100 6553.6061313363007 2560002395.0532427
H 10 100 0 895660078.44187188
I 10 100 50290700 1600000000
J 10 100 22090 160000000
K 10 100 141644.34804627756 547774564.8662138
L 10 100 20927.686835728317 891804836.74978614
M 10 100 4367744.2331614867 2240000119.5770016
N 10 100 128045.25187067324 495183416.02819836
O 10 100 352362.70723718189 299636114.68177354
P 10 100 0 275897579.9041419
Q 10 100 24955.266722182481 180753403.14844713
R 10 100 0 888000000
140 downlinks
0 19800 49577 17825.048205999999
1 49578 67745 16584.801629000001
2 91816 96499 56583.634539999999
3 120738 135056 54510.231771999999
4 137178 152542 17937.152144
5 178088 221962 61000.683803
6 221963 249338 18467.928540000001
7 264361 308238 25417.817937
8 308239 327328 19015.030229
9 330078 347128 24567.032964000002
10 365400 394577 17828.859713000002
11 394578 411962 17701.536620999999
12 436911 480795 25418.320157999999
13 480796 501418 17542.270487000002
14 502578 528436 23159.729212999999
15 528437 567073 59981.281416999998
16 567074 597076 17972.728726000001
17 597077 613056 22999.291153999999
18 614837 654623 56629.461013
19 667800 674336 23614.41446
20 679877 701139 22122.706344999999
21 701176 739875 59998.788971000002
22 739876 757341 17624.346496999999
23 782015 826275 61074.347796000002
24 826276 843861 17138.572087
25 868291 913175 61181.460402999997
26 913176 932357 17433.778816999999
27 933675 950344 23082.352213999999
28 970200 999423 17883.640805999999
29 999424 1023140 17543.785331999999
30 1023675 1046233 22376.399878
31 1046234 1080073 58655.879155000002
32 1080074 1103435 17582.023593000002
33 1105574 1117118 58623.309652000004
34 1127127 1168572 15119.160288999999
35 1168573 1190199 16914.110455999999
36 1194973 1207189 55409.676240000001
37 1213406 1243421 14837.924851
38 1244310 1247704 18937.599925999999
39 1278072 1294888 56160.945200000002
40 1299686 1347970 56661.696495999997
41 1347971 1360266 56748.807657999998
42 1364471 1376676 58852.465277000003
43 1396870 1423170 17334.486729
44 1429871 1472246 60764.045818999999
45 1472247 1519663 24005.080918
46 1527369 1531566 18969.341575999999
47 1536969 1558329 18036.499982000001
48 1581368 1593440 52719.905522000001
49 1602442 1633051 54389.954824
50 1656966 1668740 17991.02982
51 1688727 1730446 61717.871531999997
52 1731094 1776643 24930.695499000001
53 1795565 1819204 22398.438724
54 1834200 1862647 17244.778962
55 1865463 1877801 18220.925300999999
56 1894563 1906123 58678.576760000004
57 1909322 1949161 58555.537063999996
58 1949162 1964047 18992.23504
59 1981862 2018383 13796.402593000001
60 2033878 2072159 59962.626314000001
61 2072160 2078069 23204.996364999999
62 2095500 2118635 60314.874481999999
63 2121059 2137467 18020.649063000001
64 2179800 2207240 17416.188300000002
65 2233257 2253543 17116.766715000002
66 2254255 2260753 60234.572946
67 2264755 2284848 16963.427941999998
68 2292746 2335084 60809.052052999999
69 2335085 2360164 23716.228502000002
70 2360753 2368255 18029.108412000001
71 2371913 2374993 60100.563959999999
72 2439000 2465425 17729.224104000001
73 2498751 2510833 17589.138943000002
74 2513509 2545848 58302.529763999999
75 2545849 2563293 18080.346756999999
76 2571649 2599285 55874.873438000002
77 2605247 2628473 60291.091052000003
78 2637912 2680234 60832.041154999999
79 2680235 2718344 24945.773354000001
80 2718345 2742158 18650.039686
81 2784600 2810215 17801.393711000001
82 2810648 2813791 18241.361444999999
83 2830242 2853075 24067.369501000001
84 2854240 2878223 56712.888793999999
85 2904340 2913195 58370.132263
86 2916711 2937551 58005.525035999999
87 2939102 2976937 24930.123806
88 2976938 2998111 16739.689300999999
89 3043800 3068367 18181.419744999999
90 3090335 3115951 18610.315675999998
91 3117393 3155781 59847.283359000001
92 3157233 3173308 18063.419893999999
93 3177933 3202738 18186.627066000001
94 3203790 3219637 56843.492619999997
95 3241970 3275429 9175.5815739999998
96 3275430 3286919 9288.5908459999991
97 3290187 3328186 29976.478185
98 3330327 3347364 8340.6453669999992
99 3356727 3367030 28164.287346000001
100 3389400 3411983 9615.6592349999992
101 3434125 3462621 8936.4976299999998
102 3462622 3466445 29078.912095
103 3482122 3489569 8738.7729049999998
104 3507750 3543139 9283.3064869999998
105 3543140 3588918 9136.56639
106 3588919 3605326 8867.2325060000003
107 3620753 3625159 30843.021497000002
108 3648600 3665369 8651.5363890000008
109 3666916 3689823 8598.6086899999991
110 3692716 3721212 28620.571626000001
111 3721213 3732133 29488.2804
112 3735373 3757773 29574.456625999999
113 3763813 3777150 8990.2936559999998
114 3779713 3808595 27889.095755999999
115 3810610 3820739 27279.489213000001
116 3823590 3826815 29339.122920000002
117 3833110 3841936 30467.823106
118 3851410 3862960 9273.8508989999991
119 3866215 3887451 28091.132868000001
120 3888313 3932352 9462.077765
121 3932353 3947686 8739.387213
122 3988200 4003104 27177.101999999999
123 4018653 4042762 28867.988366000001
124 4043703 4066231 8757.0573490000006
125 4104954 4147202 30482.278361000001
126 4147203 4184096 9337.789702
127 4184097 4212558 8515.7706749999998
128 4253400 4268283 8900.7025030000004
129 4270493 4296282 8778.3355150000007
130 4296293 4324665 29886.497736000001
131 4327190 4354431 29243.536622
132 4355150 4359363 26517.245249
133 4363859 4378131 8834.4018649999998
134 4397390 4408765 9457.9623840000004
135 4420786 4440682 28164.872808
136 4450161 4492390 30503.298975000002
137 4492391 4514806 8691.2845450000004
138 4515282 4525277 8525.9525360000007
139 4527942 4531695 28086.786929000002
0 opportunities for A
0 opportunities for B
0 opportunities for C
0 opportunities for D
0 opportunities for E
0 opportunities for F
0 opportunities for G
0 opportunities for H
0 opportunities for I
0 opportunities for J
0 opportunities for K
0 opportunities for L
0 opportunities for M
0 opportunities for N
0 opportunities for O
0 opportunities for P
0 opportunities for Q
0 opportunities for R
1564 events for A
21582 4707014
21588 0
21602 2824208
21603 0
22502 2824208
22503 0
22802 2824208
22803 0
23702 2824208
23703 0
24002 2824208
24003 0
25182 4707014
25188 0
28782 4707014
28788 0
32382 4707014
32388 0
35982 4707014
35988 0
41941 4707014
41947 0
44921 1882806
44924 0
45541 4707014
45547 0
49141 4707014
49147 0
51402 4707014
51408 0
58632 4707014
58638 0
62442 4707014
62448 0
66192 4707014
66198 0
66521 1412104
66523 0
70002 4707014
70008 0
79844 82880
79845 0
79854 82880
79855 0
79864 82880
79865 0
79895 82880
79896 0
79905 82880
79906 0
79915 82880
79916 0
224862 4313184
224863 2310336
224864 0
224993 4313184
224995 0
225138 192528
225139 0
225443 2156592
225444 0
225762 3594320
225763 962640
225764 0
225810 3594320
225811 962640
225812 0
226081 718864
226082 0
226091 718864
226092 0
226101 718864
226102 0
226111 718864
226112 0
226121 718864
226122 0
226131 718864
226132 0
226141 718864
226142 0
226151 718864
226152 0
226161 718864
226162 0
226171 718864
226172 0
226181 718864
226182 0
226191 718864
226192 0
226201 718864
226202 0
226211 718864
226212 0
226221 718864
226222 0
226231 718864
226232 0
226241 718864
226242 0
226261 192528
226262 0
226271 192528
226272 0
226281 192528
226282 0
226291 192528
226292 0
226301 192528
226302 0
226311 192528
226312 0
226321 192528
226322 0
226331 192528
226332 0
226341 192528
226342 0
226351 192528
226352 0
226361 192528
226362 0
226371 192528
226372 0
226381 192528
226382 0
239321 1412104
239323 0
242574 4313184
242575 2117808
242576 0
243295 4313184
243297 0
245115 1437728
245116 0
315176 3748528
315179 0
315186 3748528
315189 0
315776 3748528
315779 0
315786 3748528
315789 0
316976 3748528
316979 0
316986 3748528
316989 0
317576 3748528
317579 0
317586 3748528
317589 0
318776 3748528
318779 0
318786 3748528
318789 0
319376 3748528
319379 0
319386 3748528
319389 0
320576 3748528
320579 0
320586 3748528
320589 0
321176 3748528
321179 0
321186 3748528
321189 0
322376 3748528
322379 0
322386 3748528
322389 0
322976 3748528
322979 0
322986 3748528
322989 0
324176 3748528
324179 0
324186 3748528
324189 0
324776 3748528
324779 0
324786 3748528
324789 0
325721 1882806
325724 0
325986 3748528
325989 0
325996 3748528
325999 0
326586 3748528
326589 0
326596 3748528
326599 0
330666 3748528
330669 0
330676 3748528
330679 0
331266 3748528
331269 0
331276 3748528
331279 0
334566 3748528
334569 0
334576 3748528
334579 0
335166 3748528
335169 0
335176 3748528
335179 0
338766 3748528
338769 0
338776 3748528
338779 0
339366 3748528
339369 0
339376 3748528
339379 0
340755 3748528
340758 0
340765 3748528
340768 0
341355 3748528
341358 0
341365 3748528
341368 0
342966 3748528
342969 0
342976 3748528
342979 0
343566 3748528
343569 0
343576 3748528
343579 0
366462 4236312
366466 0
368262 4236312
368266 0
370062 4236312
370066 0
371862 4236312
371866 0
373662 4236312
373666 0
375462 4236312
375466 0
377262 4236312
377266 0
379062 4236312
379066 0
380862 4236312
380866 0
386738 4236312
386742 0
388538 4236312
388542 0
390338 4236312
390342 0
392138 4236312
392142 0
393938 4236312
393942 0
396162 4236312
396166 0
397962 4236312
397966 0
402427 4236312
402431 0
404227 4236312
404231 0
406027 4236312
406031 0
407827 4236312
407831 0
409627 4236312
409631 0
411427 4236312
411431 0
413227 4236312
413231 0
415027 4236312
415031 0
416827 4236312
416831 0
424422 4236312
424426 0
428082 4236312
428086 0
431742 4236312
431746 0
438642 4236312
438646 0
442362 4236312
442366 0
446082 4236312
446086 0
449802 4236312
449806 0
598121 82880
598122 0
598131 82880
598132 0
598141 82880
598142 0
598172 82880
598173 0
598182 82880
598183 0
598192 82880
598193 0
601757 5000000
601781 0
603027 5000000
603051 0
604297 5000000
604321 0
620686 4494818
620687 3748528
620690 0
620696 4494818
620701 0
620746 4494818
620751 0
620806 4494818
620807 3748528
620810 0
620816 4494818
620821 0
620866 4494818
620871 0
620926 4494818
620931 0
620936 4494818
620941 0
620986 4494818
620987 3748528
620990 0
624886 4494818
624887 3748528
624890 0
624896 4494818
624901 0
624946 4494818
624951 0
625006 4494818
625007 3748528
625010 0
625016 4494818
625021 0
625066 4494818
625071 0
625126 4494818
625131 0
625136 4494818
625141 0
625186 4494818
625187 3748528
625190 0
743351 3748528
743354 0
743391 3748528
743394 0
743431 4494818
743436 0
743471 4494818
743476 0
743511 3748528
743514 0
743551 3748528
743554 0
743591 4494818
743596 0
743631 4494818
743636 0
743671 3748528
743674 0
743711 3748528
743714 0
743751 4494818
743756 0
743791 4494818
743796 0
763381 3748528
763384 0
763401 3748528
763404 0
763421 3748528
763424 0
769681 3748528
769684 0
769701 3748528
769704 0
769721 3748528
769724 0
775999 3748528
776002 0
776019 3748528
776022 0
776039 3748528
776042 0
780799 3748528
780802 0
780819 3748528
780822 0
780839 3748528
780842 0
784099 2824208
784100 0
784190 3748528
784193 0
784459 2824208
784460 0
784529 2824208
784530 0
784599 2824208
784600 0
784919 3748528
784922 0
784934 5000000
784952 0
785599 3748528
785602 0
785619 3748528
785622 0
785639 3748528
785642 0
788899 2824208
788900 0
788990 3748528
788993 0
789259 2824208
789260 0
789329 2824208
789330 0
789399 2824208
789400 0
789719 3748528
789722 0
789734 5000000
789752 0
790399 3748528
790402 0
790419 3748528
790422 0
790439 3748528
790442 0
795887 3748528
795890 0
795907 3748528
795910 0
795927 3748528
795930 0
799187 2824208
799188 0
799278 3748528
799281 0
799547 2824208
799548 0
799617 2824208
799618 0
799687 2824208
799688 0
800007 3748528
800010 0
800022 5000000
800040 0
800687 3748528
800690 0
800707 3748528
800710 0
800727 3748528
800730 0
802981 2824208
802982 0
803072 3748528
803075 0
803341 2824208
803342 0
803411 2824208
803412 0
803481 2824208
803482 0
803801 3748528
803804 0
803816 5000000
803834 0
805681 3748528
805684 0
805701 3748528
805704 0
805721 3748528
805724 0
806581 2824208
806582 0
806672 3748528
806675 0
806941 2824208
806942 0
807011 2824208
807012 0
807081 2824208
807082 0
807401 3748528
807404 0
807416 5000000
807434 0
811575 2824208
811576 0
811666 3748528
811669 0
811935 2824208
811936 0
812005 2824208
812006 0
812075 2824208
812076 0
812395 3748528
812398 0
812410 5000000
812428 0
815325 2824208
815326 0
815416 3748528
815419 0
815685 2824208
815686 0
815755 2824208
815756 0
815825 2824208
815826 0
816145 3748528
816148 0
816160 5000000
816178 0
819075 2824208
819076 0
819166 3748528
819169 0
819435 2824208
819436 0
819505 2824208
819506 0
819575 2824208
819576 0
819895 3748528
819898 0
819910 5000000
819928 0
822825 2824208
822826 0
822916 3748528
822919 0
823185 2824208
823186 0
823255 2824208
823256 0
823325 2824208
823326 0
823645 3748528
823648 0
823660 5000000
823678 0
826125 2824208
826126 0
826216 3748528
826219 0
826485 2824208
826486 0
826555 2824208
826556 0
826625 2824208
826626 0
826945 3748528
826948 0
826960 5000000
826978 0
829813 2824208
829814 0
829904 3748528
829907 0
830173 2824208
830174 0
830243 2824208
830244 0
830313 2824208
830314 0
833563 2824208
833564 0
833654 3748528
833657 0
833923 2824208
833924 0
833993 2824208
833994 0
834063 2824208
834064 0
834383 3748528
834386 0
834398 5000000
834416 0
836694 3748528
836695 4498234
836700 0
836705 3748528
836708 0
837294 3748528
837295 4498234
837300 0
837305 3748528
837308 0
837894 3748528
837895 4498234
837900 0
837905 3748528
837908 0
838494 3748528
838495 4498234
838500 0
838505 3748528
838508 0
839094 3748528
839095 4498234
839100 0
839105 3748528
839108 0
839694 3748528
839695 4498234
839700 0
839705 3748528
839708 0
840294 3748528
840295 4498234
840300 0
840305 3748528
840308 0
840894 3748528
840895 4498234
840900 0
840905 3748528
840908 0
841494 3748528
841495 4498234
841500 0
841505 3748528
841508 0
842094 3748528
842095 4498234
842100 0
842105 3748528
842108 0
842694 3748528
842695 4498234
842700 0
842705 3748528
842708 0
843294 3748528
843295 4498234
843300 0
843305 3748528
843308 0
843897 5000000
843942 0
844107 5000000
844119 0
850783 3748528
850786 0
850823 3748528
850826 0
850863 4494818
850868 0
850903 4494818
850908 0
850943 3748528
850946 0
850983 3748528
850986 0
851023 4494818
851028 0
851063 4494818
851068 0
851103 3748528
851106 0
851143 3748528
851146 0
851183 4494818
851188 0
851223 4494818
851228 0
857862 5000000
857878 0
859662 5000000
859678 0
861462 5000000
861478 0
864921 5000000
864937 0
865220 3748528
865223 0
865235 5000000
865253 0
866721 5000000
866737 0
867020 3748528
867023 0
867035 5000000
867053 0
868521 5000000
868537 0
868820 3748528
868823 0
868835 5000000
868853 0
870321 5000000
870337 0
870620 3748528
870623 0
870635 5000000
870653 0
872121 5000000
872137 0
872420 3748528
872423 0
872435 5000000
872453 0
873921 5000000
873937 0
874220 3748528
874223 0
874235 5000000
874253 0
875721 5000000
875737 0
876020 3748528
876023 0
876035 5000000
876053 0
877521 5000000
877537 0
877820 3748528
877823 0
877835 5000000
877853 0
879321 5000000
879337 0
879620 3748528
879623 0
879635 5000000
879653 0
884809 5000000
884825 0
886609 5000000
886625 0
888409 5000000
888425 0
890209 5000000
890225 0
892009 5000000
892025 0
893809 5000000
893825 0
895609 5000000
895625 0
897409 5000000
897425 0
900497 5000000
900513 0
902297 5000000
902313 0
904097 5000000
904113 0
905897 5000000
905913 0
907697 5000000
907713 0
909497 5000000
909513 0
911297 5000000
911313 0
913097 5000000
913113 0
914897 5000000
914913 0
920386 5000000
920402 0
971281 3748528
971284 0
971301 3748528
971304 0
971321 3748528
971324 0
973981 3748528
973984 0
974001 3748528
974004 0
974021 3748528
974024 0
976381 3748528
976384 0
976401 3748528
976404 0
976421 3748528
976424 0
979081 3748528
979084 0
979101 3748528
979104 0
979121 3748528
979124 0
981181 3748528
981184 0
981201 3748528
981204 0
981221 3748528
981224 0
983881 3748528
983884 0
983901 3748528
983904 0
983921 3748528
983924 0
985981 3748528
985984 0
986001 3748528
986004 0
986021 3748528
986024 0
992157 3748528
992160 0
992177 3748528
992180 0
992197 3748528
992200 0
998457 3748528
998460 0
998477 3748528
998480 0
998497 3748528
998500 0
1087755 3748528
1087758 0
1087765 3748528
1087768 0
1088355 3748528
1088358 0
1088365 3748528
1088368 0
1092555 3748528
1092558 0
1092565 3748528
1092568 0
1093155 3748528
1093158 0
1093165 3748528
1093168 0
1098661 3748528
1098664 0
1098671 3748528
1098674 0
1099261 3748528
1099264 0
1099271 3748528
1099274 0
1103161 3748528
1103164 0
1103171 3748528
1103174 0
1103761 3748528
1103764 0
1103771 3748528
1103774 0
1107961 3748528
1107964 0
1107971 3748528
1107974 0
1108561 3748528
1108564 0
1108571 3748528
1108574 0
1114349 3748528
1114352 0
1114359 3748528
1114362 0
1114949 3748528
1114952 0
1114959 3748528
1114962 0
1118849 3748528
1118852 0
1118859 3748528
1118862 0
1119449 3748528
1119452 0
1119459 3748528
1119462 0
1120556 3748528
1120560 0
1120567 4992344
1120576 0
1120587 4992344
1120596 0
1120916 3748528
1120920 0
1120927 4992344
1120936 0
1120947 4992344
1120956 0
1121276 3748528
1121280 0
1121287 4992344
1121296 0
1121307 4992344
1121316 0
1121636 3748528
1121640 0
1121647 4992344
1121656 0
1121667 4992344
1121676 0
1121996 3748528
1122000 0
1122007 4992344
1122016 0
1122027 4992344
1122036 0
1122356 3748528
1122360 0
1122367 4992344
1122376 0
1122387 4992344
1122396 0
1122716 3748528
1122720 0
1122727 4992344
1122736 0
1122747 4992344
1122756 0
1123076 3748528
1123080 0
1123087 4992344
1123096 0
1123107 4992344
1123116 0
1123436 3748528
1123440 0
1123447 4992344
1123456 0
1123467 4992344
1123476 0
1123796 3748528
1123800 0
1123807 4992344
1123816 0
1123827 4992344
1123836 0
1124156 3748528
1124160 0
1124167 4992344
1124176 0
1124187 4992344
1124196 0
1124516 3748528
1124520 0
1124527 4992344
1124536 0
1124547 4992344
1124556 0
1124876 3748528
1124880 0
1124887 4992344
1124896 0
1124907 4992344
1124916 0
1125449 3748528
1125452 0
1125459 3748528
1125462 0
1126049 3748528
1126052 0
1126059 3748528
1126062 0
1128237 3748528
1128240 0
1128247 3748528
1128250 0
1128837 3748528
1128840 0
1128847 3748528
1128850 0
1145846 3748528
1145849 0
1145856 3748528
1145859 0
1146536 3748528
1146539 0
1146546 3748528
1146549 0
1203216 2824208
1203217 0
1203307 3748528
1203310 0
1203516 2824208
1203517 0
1203586 2824208
1203587 0
1203797 3765611
1203800 0
1206816 2824208
1206817 0
1206907 3748528
1206910 0
1207116 2824208
1207117 0
1207186 2824208
1207187 0
1207397 3765611
1207400 0
1210416 2824208
1210417 0
1210507 3748528
1210510 0
1210716 2824208
1210717 0
1210786 2824208
1210787 0
1210997 3765611
1211000 0
1214016 2824208
1214017 0
1214107 3748528
1214110 0
1214316 2824208
1214317 0
1214386 2824208
1214387 0
1214597 3765611
1214600 0
1217316 2824208
1217317 0
1217407 3748528
1217410 0
1217616 2824208
1217617 0
1217686 2824208
1217687 0
1217897 3765611
1217900 0
1390441 718864
1390442 0
1391051 718864
1391052 0
1391682 3748528
1391685 0
1391941 718864
1391942 0
1392551 718864
1392552 0
1393182 3748528
1393185 0
1393441 718864
1393442 0
1394051 718864
1394052 0
1394682 3748528
1394685 0
1402201 718864
1402202 0
1402811 718864
1402812 0
1403442 3748528
1403445 0
1403701 718864
1403702 0
1404311 718864
1404312 0
1404942 3748528
1404945 0
1405201 718864
1405202 0
1405811 718864
1405812 0
1406442 3748528
1406445 0
1436862 4313184
1436863 2310336
1436864 0
1436993 4313184
1436995 0
1437138 192528
1437139 0
1437443 2156592
1437444 0
1437762 3594320
1437763 962640
1437764 0
1437810 3594320
1437811 962640
1437812 0
1438081 718864
1438082 0
1438091 718864
1438092 0
1438101 718864
1438102 0
1438111 718864
1438112 0
1438121 718864
1438122 0
1438131 718864
1438132 0
1438141 718864
1438142 0
1438151 718864
1438152 0
1438161 718864
1438162 0
1438171 718864
1438172 0
1438181 718864
1438182 0
1438191 718864
1438192 0
1438201 718864
1438202 0
1438211 718864
1438212 0
1438221 718864
1438222 0
1438231 718864
1438232 0
1438241 718864
1438242 0
1438261 192528
1438262 0
1438271 192528
1438272 0
1438281 192528
1438282 0
1438291 192528
1438292 0
1438301 192528
1438302 0
1438311 192528
1438312 0
1438321 192528
1438322 0
1438331 192528
1438332 0
1438341 192528
1438342 0
1438351 192528
1438352 0
1438361 192528
1438362 0
1438371 192528
1438372 0
1438381 192528
1438382 0
1543962 4494818
1543963 3748528
1543966 0
1543972 4494818
1543977 0
1544022 4494818
1544027 0
1544082 4494818
1544083 3748528
1544086 0
1544092 4494818
1544097 0
1544142 4494818
1544147 0
1544202 4494818
1544207 0
1544212 4494818
1544217 0
1544262 4494818
1544263 3748528
1544266 0
1548162 4494818
1548163 3748528
1548166 0
1548172 4494818
1548177 0
1548222 4494818
1548227 0
1548282 4494818
1548283 3748528
1548286 0
1548292 4494818
1548297 0
1548342 4494818
1548347 0
1548402 4494818
1548407 0
1548412 4494818
1548417 0
1548462 4494818
1548463 3748528
1548466 0
1585386 82880
1585387 0
1585396 82880
1585397 0
1585406 82880
1585407 0
1585437 82880
1585438 0
1585447 82880
1585448 0
1585457 82880
1585458 0
1634838 3748528
1634841 0
1638438 3748528
1638441 0
1642038 3748528
1642041 0
1645638 3748528
1645641 0
1649058 3748528
1649061 0
1651252 3748528
1651255 0
1654852 3748528
1654855 0
1658452 3748528
1658455 0
1662052 3748528
1662055 0
1665652 3748528
1665655 0
1671867 3748528
1671870 0
1675467 3748528
1675470 0
1679067 3748528
1679070 0
1682667 3748528
1682670 0
1686087 3748528
1686090 0
1688281 3748528
1688284 0
1691881 3748528
1691884 0
1693455 3748528
1693458 0
1693465 3748528
1693468 0
1694055 3748528
1694058 0
1694065 3748528
1694068 0
1696369 3748528
1696372 0
1696379 3748528
1696382 0
1696969 3748528
1696972 0
1696979 3748528
1696982 0
1703269 3748528
1703272 0
1703279 3748528
1703282 0
1703869 3748528
1703872 0
1703879 3748528
1703882 0
1721869 3748528
1721872 0
1721879 3748528
1721882 0
1722469 3748528
1722472 0
1722479 3748528
1722482 0
1785352 2824208
1785353 0
1785472 2824208
1785473 0
1785592 2824208
1785593 0
1786072 2824208
1786073 0
1786192 2824208
1786193 0
1786312 2824208
1786313 0
1786792 2824208
1786793 0
1786912 2824208
1786913 0
1787032 2824208
1787033 0
1787512 2824208
1787513 0
1787632 2824208
1787633 0
1787752 2824208
1787753 0
1788232 2824208
1788233 0
1788352 2824208
1788353 0
1788472 2824208
1788473 0
1788952 2824208
1788953 0
1789072 2824208
1789073 0
1789192 2824208
1789193 0
1789672 2824208
1789673 0
1789792 2824208
1789793 0
1789912 2824208
1789913 0
1790392 2824208
1790393 0
1790512 2824208
1790513 0
1790632 2824208
1790633 0
1791112 2824208
1791113 0
1791232 2824208
1791233 0
1791352 2824208
1791353 0
1791772 2824208
1791773 0
1791892 2824208
1791893 0
1792012 2824208
1792013 0
1792552 2824208
1792553 0
1792672 2824208
1792673 0
1792792 2824208
1792793 0
1795467 2824208
1795468 0
1795558 3748528
1795561 0
1795767 2824208
1795768 0
1795837 2824208
1795838 0
1796048 3765611
1796051 0
1799367 2824208
1799368 0
1799458 3748528
1799461 0
1799667 2824208
1799668 0
1799737 2824208
1799738 0
1799948 3765611
1799951 0
1801467 2824208
1801468 0
1801558 3748528
1801561 0
1801767 2824208
1801768 0
1801837 2824208
1801838 0
1802048 3765611
1802051 0
1802967 2824208
1802968 0
1803058 3748528
1803061 0
1803267 2824208
1803268 0
1803337 2824208
1803338 0
1803548 3765611
1803551 0
1813081 2824208
1813082 0
1813172 3748528
1813175 0
1813381 2824208
1813382 0
1813451 2824208
1813452 0
1813662 3765611
1813665 0
1872429 3748528
1872432 0
1872444 5000000
1872462 0
1874229 3748528
1874232 0
1874244 5000000
1874262 0
1876029 3748528
1876032 0
1876044 5000000
1876062 0
1877829 3748528
1877832 0
1877844 5000000
1877862 0
1879629 3748528
1879632 0
1879644 5000000
1879662 0
1881429 3748528
1881432 0
1881444 5000000
1881462 0
1883229 3748528
1883232 0
1883244 5000000
1883262 0
1885029 3748528
1885032 0
1885044 5000000
1885062 0
1886829 3748528
1886832 0
1886844 5000000
1886862 0
1892719 3748528
1892722 0
1892734 5000000
1892752 0
1894519 3748528
1894522 0
1894534 5000000
1894552 0
1896319 3748528
1896322 0
1896334 5000000
1896352 0
1898119 3748528
1898122 0
1898134 5000000
1898152 0
1899919 3748528
1899922 0
1899934 5000000
1899952 0
1901719 3748528
1901722 0
1901734 5000000
1901752 0
1903519 3748528
1903522 0
1903534 5000000
1903552 0
1905319 3748528
1905322 0
1905334 5000000
1905352 0
1951381 3748528
1951384 0
1951401 3748528
1951404 0
1951421 3748528
1951424 0
1957681 3748528
1957684 0
1957701 3748528
1957704 0
1957721 3748528
1957724 0
1965497 3748528
1965500 0
1965517 3748528
1965520 0
1965537 3748528
1965540 0
1971797 3748528
1971800 0
1971817 3748528
1971820 0
1971837 3748528
1971840 0
1978097 3748528
1978100 0
1978117 3748528
1978120 0
1978137 3748528
1978140 0
1983497 3748528
1983500 0
1983517 3748528
1983520 0
1983537 3748528
1983540 0
1988297 3748528
1988300 0
1988317 3748528
1988320 0
1988337 3748528
1988340 0
1993097 3748528
1993100 0
1993117 3748528
1993120 0
1993137 3748528
1993140 0
1997076 3748528
1997079 0
1997096 3748528
1997099 0
1997116 3748528
1997119 0
2356122 226158674
2356127 0
2377722 20242052
2377727 0
2399322 20242052
2399327 0
2464122 178452312
2464124 8996469
2464129 0
2593722 18598775
2593727 0
2615322 22542416
2615327 0
2636922 57946826
2636927 0
2658522 112491168
2658527 0
2680122 89992935
2680127 0
2740785 90225847
2740786 99456
2740787 17992937
2740792 0
2809723 36047367
2809728 0
2831323 39436416
2831328 0
2939323 79610631
2939328 0
2960923 77494701
2960928 0
3068923 73767533
3068928 0
3090523 221441780
3090528 0
3349723 47723996
3349728 0
3366673 12683312
3366678 0
3522522 9037466
3522527 0
3565722 270264152
3565727 0
4451322 26968906
4451327 0
4472922 134824032
4472927 0
4475848 20221556
4475853 0
329 events for B
1012 240
3123 444
21133 1471
37334 444
42733 1471
65534 444
78733 548
109334 444
114733 548
129144 2738
145334 2635
157933 3662
179534 2635
186733 2738
201144 548
235334 444
244333 548
247906 1830
262944 1768
263244 1830
271334 1727
280333 1830
307334 1727
325333 2754
346334 1727
366733 1830
381134 1727
388333 1830
415334 1727
422533 1830
451334 1727
458533 1830
485506 548
487334 444
494533 548
541334 444
546733 1471
568333 548
575534 444
582733 548
613334 444
618733 548
647544 2738
648734 2635
667333 2738
683534 2635
697933 3662
719534 2635
719544 444
724933 1471
739333 548
753734 444
760933 1471
789734 444
796933 548
843734 444
849133 548
877934 444
885133 548
915734 444
921133 548
942755 494
951134 391
957144 2581
969733 3608
985934 2581
991333 3608
992375 3662
1020134 2635
1027333 3662
1029144 1471
1055534 444
1063333 1471
1072344 3662
1092134 2635
1101133 3662
1126344 1471
1126644 1409
1126944 1471
1131084 3662
1131137 3912
1146134 2885
1146804 695
1151555 444
1153333 548
1180334 444
1187533 548
1216334 444
1223533 548
1234306 1830
1252934 1727
1272133 1830
1286534 1727
1293733 1830
1322534 1727
1329733 2754
1358534 1727
1365733 2754
1394534 1727
1401733 2754
1446734 1727
1455733 1830
1482734 1727
1491733 1830
1518734 1727
1518744 3917
1527733 4021
1538533 4944
1540344 2754
1554434 1727
1576333 2754
1590734 1727
1597933 2754
1626734 1727
1633933 1830
1666334 1727
1673533 1830
1702334 1727
1709533 1830
1738334 1727
1745533 2754
1776134 1727
1783333 2754
1815134 1727
1817844 1664
1818144 1727
1821144 3917
1833733 4944
1851734 3917
1857133 4944
1884134 3917
1885944 1727
1894933 2754
1907506 1471
1923734 444
1930933 1471
1959734 444
1966933 1471
1995734 444
2002933 1471
2004744 3662
2047934 2635
2056933 2738
2059535 2685
2085734 2581
2096533 3608
2108735 3662
2109144 1471
2121734 444
2128933 548
2160734 444
2161011 0
2161012 444
2163144 382
2163444 444
2179333 548
2197334 444
2202733 1471
2209944 3662
2209966 4944
2231534 3917
2242333 4944
2245944 2754
2253166 1471
2262133 548
2271134 444
2278333 548
2292515 798
2307134 695
2314333 798
2335955 548
2343134 444
2353933 1471
2382734 444
2389933 1471
2419634 444
2440333 1471
2454734 444
2461933 1471
2490734 444
2497933 1471
2508744 1409
2509044 1471
2526734 444
2535733 548
2559144 2738
2564534 2635
2571733 2738
2595144 548
2600534 444
2605933 548
2618534 444
2627533 548
2654534 444
2663533 548
2681544 485
2681844 2738
2690534 2635
2699533 3662
2706766 4944
2728334 3917
2735533 4944
2749911 5195
2765234 4168
2784133 5195
2793155 4944
2793166 3662
2796744 1471
2802134 444
2807533 1471
2818333 548
2838134 444
2847133 548
2857944 485
2858244 548
2875934 444
2883133 1471
2911934 444
2922733 548
2947934 444
2955133 548
2987534 444
2994733 548
3024734 444
3027144 382
3027444 444
3045133 548
3059534 444
3066733 548
3066744 2738
3095534 2635
3102733 3662
3131534 2635
3138733 2738
3145944 548
3145955 798
3169334 695
3178333 798
3199944 736
3199955 485
3200244 548
3205334 444
3210733 548
3223334 444
3232333 548
3259334 444
3268333 548
3295334 444
3304333 1471
3333134 444
3340333 548
3370334 444
3390733 548
3406934 444
3412333 548
3444734 444
3451933 548
3480734 444
3487933 548
3516734 444
3525733 548
3545844 485
3546144 548
3552734 444
3561733 548
3590534 444
3599533 548
3629534 444
3649933 548
3665534 444
3671533 548
3700334 444
3707533 548
3736334 444
3743533 548
3774734 444
3779533 548
3808334 444
3822733 548
3864134 444
3873133 548
3891144 2738
3900134 2635
3909133 2738
3910944 548
3937934 444
3945133 548
3975134 444
3977523 240
3988333 344
3991944 2534
4009934 2431
4009944 240
4017133 344
4047734 240
4056733 344
4085534 240
4092733 344
4121534 240
4132333 344
4157534 240
4166533 344
4195334 240
4202533 344
4234334 240
4254733 344
4269134 240
4276333 344
4305134 240
4312333 344
4341134 240
4351933 344
4378934 240
4384333 344
4414934 240
4420333 344
4468934 240
4477933 344
4496244 281
4496544 344
4506734 240
4513933 344
4542734 240
4549933 344
4579934 240
4580211 0
4580212 240
4583244 178
4583544 240
40 events for C
17400 1370
345480 0
363000 1370
647880 0
665400 1370
950280 0
967800 1370
1252680 0
1270200 1370
1555080 0
1572600 1370
1814280 0
1831800 1370
2159880 0
2177580 600
2177760 1300
2417640 600
2417840 0
2436780 600
2436960 1300
2764124 700
2764169 0
2782380 600
2782620 1300
3023440 700
3023485 0
3041580 600
3041820 1300
3368780 700
3368825 0
3387000 1300
3628799 0
3646200 1300
3974399 0
3985800 1300
4233599 0
4251000 1300
4579199 0
4591080 600
4591260 1300
76 events for D
8240 185
347540 0
348140 185
952340 0
952940 185
1557140 0
1557740 185
2161940 0
2180600 20
2180780 0
2182940 20
2183120 0
2183180 62
2229620 0
2230280 20
2230460 0
2232620 20
2232800 0
2232860 62
2279300 0
2279420 20
2279600 289
2292860 0
2312240 20
2326812 0
2327472 20
2327652 0
2329812 20
2329992 0
2330052 62
2376492 0
2377272 20
2525540 0
2526320 20
2526500 0
2528660 20
2528840 0
2528900 53
2582360 0
2583020 20
2583200 0
2585360 20
2585540 0
2585600 53
2639060 0
2639720 20
2639900 0
2642060 20
2642240 0
2642300 53
2695760 0
2696420 20
2696600 0
2698760 20
2698940 0
2699000 53
2752460 0
2752580 20
2752760 252
2766980 0
3044600 20
3044780 0
3046940 20
3047120 0
3047180 28
3300980 0
3301640 20
3301820 0
3303980 20
3304160 0
3304220 56
3371900 0
3372140 243
3976340 0
3976940 224
4581140 0
329 events for E
1 240
2112 444
20122 1471
36323 444
41722 1471
64523 444
77722 548
108323 444
113722 548
128133 2738
144323 2635
156922 3662
178523 2635
185722 2738
200133 548
234323 444
243322 548
246895 1830
261933 1768
262233 1830
270323 1727
279322 1830
306323 1727
324322 2754
345323 1727
365722 1830
380123 1727
387322 1830
414323 1727
421522 1830
450323 1727
457522 1830
484495 548
486323 444
493522 548
540323 444
545722 1471
567322 548
574523 444
581722 548
612323 444
617722 548
646533 2738
647723 2635
666322 2738
682523 2635
696922 3662
718523 2635
718533 444
723922 1471
738322 548
752723 444
759922 1471
788723 444
795922 548
842723 444
848122 548
876923 444
884122 548
914723 444
920122 548
941744 494
950123 391
956133 2581
968722 3608
984923 2581
990322 3608
991364 3662
1019123 2635
1026322 3662
1028133 1471
1054523 444
1062322 1471
1071333 3662
1091123 2635
1100122 3662
1125333 1471
1125633 1409
1125933 1471
1130073 3662
1130126 3912
1145123 2885
1145793 695
1150544 444
1152322 548
1179323 444
1186522 548
1215323 444
1222522 548
1233295 1830
1251923 1727
1271122 1830
1285523 1727
1292722 1830
1321523 1727
1328722 2754
1357523 1727
1364722 2754
1393523 1727
1400722 2754
1445723 1727
1454722 1830
1481723 1727
1490722 1830
1517723 1727
1517733 3917
1526722 4021
1537522 4944
1539333 2754
1553423 1727
1575322 2754
1589723 1727
1596922 2754
1625723 1727
1632922 1830
1665323 1727
1672522 1830
1701323 1727
1708522 1830
1737323 1727
1744522 2754
1775123 1727
1782322 2754
1814123 1727
1816833 1664
1817133 1727
1820133 3917
1832722 4944
1850723 3917
1856122 4944
1883123 3917
1884933 1727
1893922 2754
1906495 1471
1922723 444
1929922 1471
1958723 444
1965922 1471
1994723 444
2001922 1471
2003733 3662
2046923 2635
2055922 2738
2058524 2685
2084723 2581
2095522 3608
2107724 3662
2108133 1471
2120723 444
2127922 548
2159723 444
2160000 0
2160001 444
2162133 382
2162433 444
2178322 548
2196323 444
2201722 1471
2208933 3662
2208955 4944
2230523 3917
2241322 4944
2244933 2754
2252155 1471
2261122 548
2270123 444
2277322 548
2291504 798
2306123 695
2313322 798
2334944 548
2342123 444
2352922 1471
2381723 444
2388922 1471
2418623 444
2439322 1471
2453723 444
2460922 1471
2489723 444
2496922 1471
2507733 1409
2508033 1471
2525723 444
2534722 548
2558133 2738
2563523 2635
2570722 2738
2594133 548
2599523 444
2604922 548
2617523 444
2626522 548
2653523 444
2662522 548
2680533 485
2680833 2738
2689523 2635
2698522 3662
2705755 4944
2727323 3917
2734522 4944
2748900 5195
2764223 4168
2783122 5195
2792144 4944
2792155 3662
2795733 1471
2801123 444
2806522 1471
2817322 548
2837123 444
2846122 548
2856933 485
2857233 548
2874923 444
2882122 1471
2910923 444
2921722 548
2946923 444
2954122 548
2986523 444
2993722 548
3023723 444
3026133 382
3026433 444
3044122 548
3058523 444
3065722 548
3065733 2738
3094523 2635
3101722 3662
3130523 2635
3137722 2738
3144933 548
3144944 798
3168323 695
3177322 798
3198933 736
3198944 485
3199233 548
3204323 444
3209722 548
3222323 444
3231322 548
3258323 444
3267322 548
3294323 444
3303322 1471
3332123 444
3339322 548
3369323 444
3389722 548
3405923 444
3411322 548
3443723 444
3450922 548
3479723 444
3486922 548
3515723 444
3524722 548
3544833 485
3545133 548
3551723 444
3560722 548
3589523 444
3598522 548
3628523 444
3648922 548
3664523 444
3670522 548
3699323 444
3706522 548
3735323 444
3742522 548
3773723 444
3778522 548
3807323 444
3821722 548
3863123 444
3872122 548
3890133 2738
3899123 2635
3908122 2738
3909933 548
3936923 444
3944122 548
3974123 444
3976512 240
3987322 344
3990933 2534
4008923 2431
4008933 240
4016122 344
4046723 240
4055722 344
4084523 240
4091722 344
4120523 240
4131322 344
4156523 240
4165522 344
4194323 240
4201522 344
4233323 240
4253722 344
4268123 240
4275322 344
4304123 240
4311322 344
4340123 240
4350922 344
4377923 240
4383322 344
4413923 240
4419322 344
4467923 240
4476922 344
4495233 281
4495533 344
4505723 240
4512922 344
4541723 240
4548922 344
4578923 240
4579200 0
4579201 240
4582233 178
4582533 240
38 events for F
20538 1370
348618 0
366138 1370
651018 0
668538 1370
953418 0
970938 1370
1255818 0
1273338 1370
1558218 0
1575738 1370
1817418 0
1834938 1370
2163018 0
2180718 600
2180898 1300
2420778 600
2420978 0
2439918 600
2440098 1300
2767262 700
2767307 0
2785518 600
2785758 1300
3026578 700
3026623 0
3044718 600
3044958 1300
3371918 700
3371963 0
3390138 1300
3631937 0
3649338 1300
3977537 0
3988938 1300
4236737 0
4254138 1300
4582337 0
2008 events for G
20495 12910592
20496 0
20755 12910592
20756 0
21335 12910592
21336 0
21595 12910592
21596 0
39474 12910592
39475 0
39734 12910592
39735 0
40314 12910592
40315 0
40574 12910592
40575 0
57663 12910592
57664 0
57923 12910592
57924 0
58503 12910592
58504 0
58763 12910592
58764 0
75853 12910592
75854 0
76113 12910592
76114 0
76693 12910592
76694 0
76953 12910592
76954 0
94042 12910592
94043 0
94302 12910592
94303 0
94882 12910592
94883 0
95142 12910592
95143 0
112232 12910592
112233 0
112492 12910592
112493 0
113072 12910592
113073 0
113332 12910592
113333 0
130421 12910592
130422 0
130651 12910592
130652 0
131191 12910592
131192 0
131421 12910592
131422 0
148611 12910592
148612 0
148871 12910592
148872 0
149451 12910592
149452 0
149711 12910592
149712 0
166800 12910592
166801 0
167060 12910592
167061 0
167640 12910592
167641 0
167900 12910592
167901 0
184990 12910592
184991 0
185250 12910592
185251 0
185830 12910592
185831 0
186090 12910592
186091 0
203179 12910592
203180 0
203439 12910592
203440 0
204019 12910592
204020 0
204279 12910592
204280 0
221369 12910592
221370 0
221629 12910592
221630 0
222209 12910592
222210 0
222469 12910592
222470 0
239558 12910592
239559 0
239818 12910592
239819 0
240398 12910592
240399 0
240658 12910592
240659 0
257748 12910592
257749 0
258008 12910592
258009 0
258588 12910592
258589 0
258848 12910592
258849 0
275937 12910592
275938 0
276197 12910592
276198 0
276777 12910592
276778 0
277037 12910592
277038 0
294127 12910592
294128 0
294387 12910592
294388 0
294967 12910592
294968 0
295227 12910592
295228 0
312316 12910592
312317 0
312576 12910592
312577 0
313156 12910592
313157 0
313416 12910592
313417 0
329906 12910592
329907 0
330166 12910592
330167 0
330746 12910592
330747 0
331006 12910592
331007 0
347195 12910592
347196 0
347455 12910592
347456 0
348035 12910592
348036 0
348295 12910592
348296 0
366095 12910592
366096 0
366355 12910592
366356 0
366935 12910592
366936 0
367195 12910592
367196 0
384271 12910592
384272 0
384531 12910592
384532 0
385111 12910592
385112 0
385371 12910592
385372 0
402060 12910592
402061 0
402320 12910592
402321 0
402900 12910592
402901 0
403160 12910592
403161 0
419848 12910592
419849 0
420108 12910592
420109 0
420688 12910592
420689 0
420948 12910592
420949 0
437636 12910592
437637 0
437896 12910592
437897 0
438476 12910592
438477 0
438736 12910592
438737 0
455424 12910592
455425 0
455684 12910592
455685 0
456264 12910592
456265 0
456524 12910592
456525 0
473213 12910592
473214 0
473443 12910592
473444 0
473983 12910592
473984 0
474213 12910592
474214 0
491001 12910592
491002 0
491261 12910592
491262 0
491841 12910592
491842 0
492101 12910592
492102 0
508789 12910592
508790 0
509049 12910592
509050 0
509629 12910592
509630 0
509889 12910592
509890 0
526577 12910592
526578 0
526837 12910592
526838 0
527417 12910592
527418 0
527677 12910592
527678 0
544366 12910592
544367 0
544626 12910592
544627 0
545206 12910592
545207 0
545466 12910592
545467 0
562154 12910592
562155 0
562414 12910592
562415 0
562994 12910592
562995 0
563254 12910592
563255 0
579942 12910592
579943 0
580202 12910592
580203 0
580782 12910592
580783 0
581042 12910592
581043 0
597730 12910592
597731 0
597990 12910592
597991 0
598570 12910592
598571 0
598830 12910592
598831 0
615519 12910592
615520 0
615779 12910592
615780 0
616359 12910592
616360 0
616619 12910592
616620 0
632707 12910592
632708 0
632967 12910592
632968 0
633547 12910592
633548 0
633807 12910592
633808 0
649595 12910592
649596 0
649855 12910592
649856 0
650435 12910592
650436 0
650695 12910592
650696 0
668495 12910592
668496 0
668755 12910592
668756 0
669335 12910592
669336 0
669595 12910592
669596 0
686671 12910592
686672 0
686931 12910592
686932 0
687511 12910592
687512 0
687771 12910592
687772 0
704460 12910592
704461 0
704690 12910592
704691 0
705230 12910592
705231 0
705460 12910592
705461 0
722248 12910592
722249 0
722508 12910592
722509 0
723088 12910592
723089 0
723348 12910592
723349 0
740036 12910592
740037 0
740296 12910592
740297 0
740876 12910592
740877 0
741136 12910592
741137 0
757824 12910592
757825 0
758084 12910592
758085 0
758664 12910592
758665 0
758924 12910592
758925 0
775613 12910592
775614 0
775873 12910592
775874 0
776453 12910592
776454 0
776713 12910592
776714 0
793401 12910592
793402 0
793661 12910592
793662 0
794241 12910592
794242 0
794501 12910592
794502 0
811189 12910592
811190 0
811449 12910592
811450 0
812029 12910592
812030 0
812289 12910592
812290 0
828977 12910592
828978 0
829237 12910592
829238 0
829817 12910592
829818 0
830077 12910592
830078 0
846766 12910592
846767 0
847026 12910592
847027 0
847606 12910592
847607 0
847866 12910592
847867 0
864554 12910592
864555 0
864814 12910592
864815 0
865394 12910592
865395 0
865654 12910592
865655 0
882342 12910592
882343 0
882602 12910592
882603 0
883182 12910592
883183 0
883442 12910592
883443 0
900130 12910592
900131 0
900390 12910592
900391 0
900970 12910592
900971 0
901230 12910592
901231 0
917919 12910592
917920 0
918179 12910592
918180 0
918759 12910592
918760 0
919019 12910592
919020 0
935107 12910592
935108 0
935367 12910592
935368 0
935947 12910592
935948 0
936207 12910592
936208 0
951995 12910592
951996 0
952255 12910592
952256 0
952835 12910592
952836 0
953095 12910592
953096 0
970895 12910592
970896 0
971155 12910592
971156 0
971735 12910592
971736 0
971995 12910592
971996 0
989071 12910592
989072 0
989331 12910592
989332 0
989911 12910592
989912 0
990171 12910592
990172 0
1006860 12910592
1006861 0
1007120 12910592
1007121 0
1007700 12910592
1007701 0
1007960 12910592
1007961 0
1024648 12910592
1024649 0
1024908 12910592
1024909 0
1025488 12910592
1025489 0
1025748 12910592
1025749 0
1042436 12910592
1042437 0
1042696 12910592
1042697 0
1043276 12910592
1043277 0
1043536 12910592
1043537 0
1060224 12910592
1060225 0
1060484 12910592
1060485 0
1061064 12910592
1061065 0
1061324 12910592
1061325 0
1078013 12910592
1078014 0
1078243 12910592
1078244 0
1078783 12910592
1078784 0
1079013 12910592
1079014 0
1095801 12910592
1095802 0
1096061 12910592
1096062 0
1096641 12910592
1096642 0
1096901 12910592
1096902 0
1113589 12910592
1113590 0
1113849 12910592
1113850 0
1114429 12910592
1114430 0
1114689 12910592
1114690 0
1131377 12910592
1131378 0
1131637 12910592
1131638 0
1132217 12910592
1132218 0
1132477 12910592
1132478 0
1149166 12910592
1149167 0
1149426 12910592
1149427 0
1150006 12910592
1150007 0
1150266 12910592
1150267 0
1166954 12910592
1166955 0
1167214 12910592
1167215 0
1167794 12910592
1167795 0
1168054 12910592
1168055 0
1184742 12910592
1184743 0
1185002 12910592
1185003 0
1185582 12910592
1185583 0
1185842 12910592
1185843 0
1202530 12910592
1202531 0
1202790 12910592
1202791 0
1203370 12910592
1203371 0
1203630 12910592
1203631 0
1220319 12910592
1220320 0
1220579 12910592
1220580 0
1221159 12910592
1221160 0
1221419 12910592
1221420 0
1237507 12910592
1237508 0
1237767 12910592
1237768 0
1238347 12910592
1238348 0
1238607 12910592
1238608 0
1254395 12910592
1254396 0
1254655 12910592
1254656 0
1255235 12910592
1255236 0
1255495 12910592
1255496 0
1273295 12910592
1273296 0
1273555 12910592
1273556 0
1274135 12910592
1274136 0
1274395 12910592
1274396 0
1291471 12910592
1291472 0
1291731 12910592
1291732 0
1292311 12910592
1292312 0
1292571 12910592
1292572 0
1309260 12910592
1309261 0
1309490 12910592
1309491 0
1310030 12910592
1310031 0
1310260 12910592
1310261 0
1327048 12910592
1327049 0
1327308 12910592
1327309 0
1327888 12910592
1327889 0
1328148 12910592
1328149 0
1344836 12910592
1344837 0
1345096 12910592
1345097 0
1345676 12910592
1345677 0
1345936 12910592
1345937 0
1362624 12910592
1362625 0
1362884 12910592
1362885 0
1363464 12910592
1363465 0
1363724 12910592
1363725 0
1380413 12910592
1380414 0
1380673 12910592
1380674 0
1381253 12910592
1381254 0
1381513 12910592
1381514 0
1398201 12910592
1398202 0
1398461 12910592
1398462 0
1399041 12910592
1399042 0
1399301 12910592
1399302 0
1415989 12910592
1415990 0
1416249 12910592
1416250 0
1416829 12910592
1416830 0
1417089 12910592
1417090 0
1433777 12910592
1433778 0
1434037 12910592
1434038 0
1434617 12910592
1434618 0
1434877 12910592
1434878 0
1451566 12910592
1451567 0
1451826 12910592
1451827 0
1452406 12910592
1452407 0
1452666 12910592
1452667 0
1469354 12910592
1469355 0
1469614 12910592
1469615 0
1470194 12910592
1470195 0
1470454 12910592
1470455 0
1487142 12910592
1487143 0
1487402 12910592
1487403 0
1487982 12910592
1487983 0
1488242 12910592
1488243 0
1504930 12910592
1504931 0
1505190 12910592
1505191 0
1505770 12910592
1505771 0
1506030 12910592
1506031 0
1522719 12910592
1522720 0
1522979 12910592
1522980 0
1523559 12910592
1523560 0
1523819 12910592
1523820 0
1539907 12910592
1539908 0
1540167 12910592
1540168 0
1540747 12910592
1540748 0
1541007 12910592
1541008 0
1556795 12910592
1556796 0
1557055 12910592
1557056 0
1557635 12910592
1557636 0
1557895 12910592
1557896 0
1575695 12910592
1575696 0
1575925 12910592
1575926 0
1576465 12910592
1576466 0
1576695 12910592
1576696 0
1595324 12910592
1595325 0
1595584 12910592
1595585 0
1596164 12910592
1596165 0
1596424 12910592
1596425 0
1613838 12910592
1613839 0
1614098 12910592
1614099 0
1614678 12910592
1614679 0
1614938 12910592
1614939 0
1632352 12910592
1632353 0
1632612 12910592
1632613 0
1633192 12910592
1633193 0
1633452 12910592
1633453 0
1650866 12910592
1650867 0
1651126 12910592
1651127 0
1651706 12910592
1651707 0
1651966 12910592
1651967 0
1669381 12910592
1669382 0
1669641 12910592
1669642 0
1670221 12910592
1670222 0
1670481 12910592
1670482 0
1687895 12910592
1687896 0
1688155 12910592
1688156 0
1688735 12910592
1688736 0
1688995 12910592
1688996 0
1706409 12910592
1706410 0
1706669 12910592
1706670 0
1707249 12910592
1707250 0
1707509 12910592
1707510 0
1724924 12910592
1724925 0
1725184 12910592
1725185 0
1725764 12910592
1725765 0
1726024 12910592
1726025 0
1743438 12910592
1743439 0
1743698 12910592
1743699 0
1744278 12910592
1744279 0
1744538 12910592
1744539 0
1761952 12910592
1761953 0
1762212 12910592
1762213 0
1762792 12910592
1762793 0
1763052 12910592
1763053 0
1780466 12910592
1780467 0
1780726 12910592
1780727 0
1781306 12910592
1781307 0
1781566 12910592
1781567 0
1798381 12910592
1798382 0
1798641 12910592
1798642 0
1799221 12910592
1799222 0
1799481 12910592
1799482 0
1815995 12910592
1815996 0
1816255 12910592
1816256 0
1816835 12910592
1816836 0
1817095 12910592
1817096 0
1834895 12910592
1834896 0
1835155 12910592
1835156 0
1835735 12910592
1835736 0
1835995 12910592
1835996 0
1853874 12910592
1853875 0
1854134 12910592
1854135 0
1854714 12910592
1854715 0
1854974 12910592
1854975 0
1872063 12910592
1872064 0
1872323 12910592
1872324 0
1872903 12910592
1872904 0
1873163 12910592
1873164 0
1890253 12910592
1890254 0
1890513 12910592
1890514 0
1891093 12910592
1891094 0
1891353 12910592
1891354 0
1908442 12910592
1908443 0
1908702 12910592
1908703 0
1909282 12910592
1909283 0
1909542 12910592
1909543 0
1926632 12910592
1926633 0
1926892 12910592
1926893 0
1927472 12910592
1927473 0
1927732 12910592
1927733 0
1944821 12910592
1944822 0
1945051 12910592
1945052 0
1945591 12910592
1945592 0
1945821 12910592
1945822 0
1963011 12910592
1963012 0
1963271 12910592
1963272 0
1963851 12910592
1963852 0
1964111 12910592
1964112 0
1981200 12910592
1981201 0
1981460 12910592
1981461 0
1982040 12910592
1982041 0
1982300 12910592
1982301 0
1999390 12910592
1999391 0
1999650 12910592
1999651 0
2000230 12910592
2000231 0
2000490 12910592
2000491 0
2017579 12910592
2017580 0
2017839 12910592
2017840 0
2018419 12910592
2018420 0
2018679 12910592
2018680 0
2035769 12910592
2035770 0
2036029 12910592
2036030 0
2036609 12910592
2036610 0
2036869 12910592
2036870 0
2053958 12910592
2053959 0
2054218 12910592
2054219 0
2054798 12910592
2054799 0
2055058 12910592
2055059 0
2072148 12910592
2072149 0
2072408 12910592
2072409 0
2072988 12910592
2072989 0
2073248 12910592
2073249 0
2090337 12910592
2090338 0
2090597 12910592
2090598 0
2091177 12910592
2091178 0
2091437 12910592
2091438 0
2108527 12910592
2108528 0
2108787 12910592
2108788 0
2109367 12910592
2109368 0
2109627 12910592
2109628 0
2126716 12910592
2126717 0
2126976 12910592
2126977 0
2127556 12910592
2127557 0
2127816 12910592
2127817 0
2144306 12910592
2144307 0
2144566 12910592
2144567 0
2145146 12910592
2145147 0
2145406 12910592
2145407 0
2161595 12910592
2161596 0
2161855 12910592
2161856 0
2162435 12910592
2162436 0
2162695 12910592
2162696 0
2180495 12910592
2180496 0
2180725 12910592
2180726 0
2181265 12910592
2181266 0
2181495 12910592
2181496 0
2200124 12910592
2200125 0
2200384 12910592
2200385 0
2200964 12910592
2200965 0
2201224 12910592
2201225 0
2218638 12910592
2218639 0
2218898 12910592
2218899 0
2219478 12910592
2219479 0
2219738 12910592
2219739 0
2237152 12910592
2237153 0
2237412 12910592
2237413 0
2237992 12910592
2237993 0
2238252 12910592
2238253 0
2255666 12910592
2255667 0
2255926 12910592
2255927 0
2256506 12910592
2256507 0
2256766 12910592
2256767 0
2274181 12910592
2274182 0
2274441 12910592
2274442 0
2275021 12910592
2275022 0
2275281 12910592
2275282 0
2292695 12910592
2292696 0
2292955 12910592
2292956 0
2293535 12910592
2293536 0
2293795 12910592
2293796 0
2311209 12910592
2311210 0
2311469 12910592
2311470 0
2312049 12910592
2312050 0
2312309 12910592
2312310 0
2329724 12910592
2329725 0
2329984 12910592
2329985 0
2330564 12910592
2330565 0
2330824 12910592
2330825 0
2348238 12910592
2348239 0
2348498 12910592
2348499 0
2349078 12910592
2349079 0
2349338 12910592
2349339 0
2366752 12910592
2366753 0
2367012 12910592
2367013 0
2367592 12910592
2367593 0
2367852 12910592
2367853 0
2385266 12910592
2385267 0
2385526 12910592
2385527 0
2386106 12910592
2386107 0
2386366 12910592
2386367 0
2403181 12910592
2403182 0
2403441 12910592
2403442 0
2404021 12910592
2404022 0
2404281 12910592
2404282 0
2420795 12910592
2420796 0
2421055 12910592
2421056 0
2421635 12910592
2421636 0
2421895 12910592
2421896 0
2439695 12910592
2439696 0
2439955 12910592
2439956 0
2440535 12910592
2440536 0
2440795 12910592
2440796 0
2458674 12910592
2458675 0
2458934 12910592
2458935 0
2459514 12910592
2459515 0
2459774 12910592
2459775 0
2476863 12910592
2476864 0
2477123 12910592
2477124 0
2477703 12910592
2477704 0
2477963 12910592
2477964 0
2495053 12910592
2495054 0
2495313 12910592
2495314 0
2495893 12910592
2495894 0
2496153 12910592
2496154 0
2513242 12910592
2513243 0
2513502 12910592
2513503 0
2514082 12910592
2514083 0
2514342 12910592
2514343 0
2531432 12910592
2531433 0
2531692 12910592
2531693 0
2532272 12910592
2532273 0
2532532 12910592
2532533 0
2549621 12910592
2549622 0
2549851 12910592
2549852 0
2550391 12910592
2550392 0
2550621 12910592
2550622 0
2567811 12910592
2567812 0
2568071 12910592
2568072 0
2568651 12910592
2568652 0
2568911 12910592
2568912 0
2586000 12910592
2586001 0
2586260 12910592
2586261 0
2586840 12910592
2586841 0
2587100 12910592
2587101 0
2604190 12910592
2604191 0
2604450 12910592
2604451 0
2605030 12910592
2605031 0
2605290 12910592
2605291 0
2622379 12910592
2622380 0
2622639 12910592
2622640 0
2623219 12910592
2623220 0
2623479 12910592
2623480 0
2640569 12910592
2640570 0
2640829 12910592
2640830 0
2641409 12910592
2641410 0
2641669 12910592
2641670 0
2658758 12910592
2658759 0
2659018 12910592
2659019 0
2659598 12910592
2659599 0
2659858 12910592
2659859 0
2676948 12910592
2676949 0
2677208 12910592
2677209 0
2677788 12910592
2677789 0
2678048 12910592
2678049 0
2695137 12910592
2695138 0
2695397 12910592
2695398 0
2695977 12910592
2695978 0
2696237 12910592
2696238 0
2713327 12910592
2713328 0
2713587 12910592
2713588 0
2714167 12910592
2714168 0
2714427 12910592
2714428 0
2731516 12910592
2731517 0
2731776 12910592
2731777 0
2732356 12910592
2732357 0
2732616 12910592
2732617 0
2749106 12910592
2749107 0
2749366 12910592
2749367 0
2749946 12910592
2749947 0
2750206 12910592
2750207 0
2766395 12910592
2766396 0
2766655 12910592
2766656 0
2767235 12910592
2767236 0
2767495 12910592
2767496 0
2785295 12910592
2785296 0
2785525 12910592
2785526 0
2786065 12910592
2786066 0
2786295 12910592
2786296 0
2804924 12910592
2804925 0
2805184 12910592
2805185 0
2805764 12910592
2805765 0
2806024 12910592
2806025 0
2823438 12910592
2823439 0
2823698 12910592
2823699 0
2824278 12910592
2824279 0
2824538 12910592
2824539 0
2841952 12910592
2841953 0
2842212 12910592
2842213 0
2842792 12910592
2842793 0
2843052 12910592
2843053 0
2860466 12910592
2860467 0
2860726 12910592
2860727 0
2861306 12910592
2861307 0
2861566 12910592
2861567 0
2878981 12910592
2878982 0
2879241 12910592
2879242 0
2879821 12910592
2879822 0
2880081 12910592
2880082 0
2897495 12910592
2897496 0
2897755 12910592
2897756 0
2898335 12910592
2898336 0
2898595 12910592
2898596 0
2916009 12910592
2916010 0
2916269 12910592
2916270 0
2916849 12910592
2916850 0
2917109 12910592
2917110 0
2934524 12910592
2934525 0
2934784 12910592
2934785 0
2935364 12910592
2935365 0
2935624 12910592
2935625 0
2953038 12910592
2953039 0
2953298 12910592
2953299 0
2953878 12910592
2953879 0
2954138 12910592
2954139 0
2971552 12910592
2971553 0
2971812 12910592
2971813 0
2972392 12910592
2972393 0
2972652 12910592
2972653 0
2990066 12910592
2990067 0
2990326 12910592
2990327 0
2990906 12910592
2990907 0
2991166 12910592
2991167 0
3007981 12910592
3007982 0
3008241 12910592
3008242 0
3008821 12910592
3008822 0
3009081 12910592
3009082 0
3025595 12910592
3025596 0
3025855 12910592
3025856 0
3026435 12910592
3026436 0
3026695 12910592
3026696 0
3044495 12910592
3044496 0
3044755 12910592
3044756 0
3045335 12910592
3045336 0
3045595 12910592
3045596 0
3063474 12910592
3063475 0
3063734 12910592
3063735 0
3064314 12910592
3064315 0
3064574 12910592
3064575 0
3081663 12910592
3081664 0
3081923 12910592
3081924 0
3082503 12910592
3082504 0
3082763 12910592
3082764 0
3099853 12910592
3099854 0
3100113 12910592
3100114 0
3100693 12910592
3100694 0
3100953 12910592
3100954 0
3118042 12910592
3118043 0
3118302 12910592
3118303 0
3118882 12910592
3118883 0
3119142 12910592
3119143 0
3136232 12910592
3136233 0
3136492 12910592
3136493 0
3137072 12910592
3137073 0
3137332 12910592
3137333 0
3154421 12910592
3154422 0
3154651 12910592
3154652 0
3155191 12910592
3155192 0
3155421 12910592
3155422 0
3172611 12910592
3172612 0
3172871 12910592
3172872 0
3173451 12910592
3173452 0
3173711 12910592
3173712 0
3190800 12910592
3190801 0
3191060 12910592
3191061 0
3191640 12910592
3191641 0
3191900 12910592
3191901 0
3208990 12910592
3208991 0
3209250 12910592
3209251 0
3209830 12910592
3209831 0
3210090 12910592
3210091 0
3227179 12910592
3227180 0
3227439 12910592
3227440 0
3228019 12910592
3228020 0
3228279 12910592
3228280 0
3245369 12910592
3245370 0
3245629 12910592
3245630 0
3246209 12910592
3246210 0
3246469 12910592
3246470 0
3263558 12910592
3263559 0
3263818 12910592
3263819 0
3264398 12910592
3264399 0
3264658 12910592
3264659 0
3281748 12910592
3281749 0
3282008 12910592
3282009 0
3282588 12910592
3282589 0
3282848 12910592
3282849 0
3299937 12910592
3299938 0
3300197 12910592
3300198 0
3300777 12910592
3300778 0
3301037 12910592
3301038 0
3318127 12910592
3318128 0
3318387 12910592
3318388 0
3318967 12910592
3318968 0
3319227 12910592
3319228 0
3336316 12910592
3336317 0
3336576 12910592
3336577 0
3337156 12910592
3337157 0
3337416 12910592
3337417 0
3353906 12910592
3353907 0
3354166 12910592
3354167 0
3354746 12910592
3354747 0
3355006 12910592
3355007 0
3371195 12910592
3371196 0
3371455 12910592
3371456 0
3372035 12910592
3372036 0
3372295 12910592
3372296 0
3390095 12910592
3390096 0
3390325 12910592
3390326 0
3390865 12910592
3390866 0
3391095 12910592
3391096 0
3409724 12910592
3409725 0
3409984 12910592
3409985 0
3410564 12910592
3410565 0
3410824 12910592
3410825 0
3428238 12910592
3428239 0
3428498 12910592
3428499 0
3429078 12910592
3429079 0
3429338 12910592
3429339 0
3446752 12910592
3446753 0
3447012 12910592
3447013 0
3447592 12910592
3447593 0
3447852 12910592
3447853 0
3465266 12910592
3465267 0
3465526 12910592
3465527 0
3466106 12910592
3466107 0
3466366 12910592
3466367 0
3483781 12910592
3483782 0
3484041 12910592
3484042 0
3484621 12910592
3484622 0
3484881 12910592
3484882 0
3502295 12910592
3502296 0
3502555 12910592
3502556 0
3503135 12910592
3503136 0
3503395 12910592
3503396 0
3520809 12910592
3520810 0
3521069 12910592
3521070 0
3521649 12910592
3521650 0
3521909 12910592
3521910 0
3539324 12910592
3539325 0
3539584 12910592
3539585 0
3540164 12910592
3540165 0
3540424 12910592
3540425 0
3557838 12910592
3557839 0
3558098 12910592
3558099 0
3558678 12910592
3558679 0
3558938 12910592
3558939 0
3576352 12910592
3576353 0
3576612 12910592
3576613 0
3577192 12910592
3577193 0
3577452 12910592
3577453 0
3594866 12910592
3594867 0
3595126 12910592
3595127 0
3595706 12910592
3595707 0
3595966 12910592
3595967 0
3612781 12910592
3612782 0
3613041 12910592
3613042 0
3613621 12910592
3613622 0
3613881 12910592
3613882 0
3630395 12910592
3630396 0
3630655 12910592
3630656 0
3631235 12910592
3631236 0
3631495 12910592
3631496 0
3649295 12910592
3649296 0
3649555 12910592
3649556 0
3650135 12910592
3650136 0
3650395 12910592
3650396 0
3668274 12910592
3668275 0
3668534 12910592
3668535 0
3669114 12910592
3669115 0
3669374 12910592
3669375 0
3686463 12910592
3686464 0
3686723 12910592
3686724 0
3687303 12910592
3687304 0
3687563 12910592
3687564 0
3704653 12910592
3704654 0
3704913 12910592
3704914 0
3705493 12910592
3705494 0
3705753 12910592
3705754 0
3722842 12910592
3722843 0
3723102 12910592
3723103 0
3723682 12910592
3723683 0
3723942 12910592
3723943 0
3741032 12910592
3741033 0
3741292 12910592
3741293 0
3741872 12910592
3741873 0
3742132 12910592
3742133 0
3759221 12910592
3759222 0
3759451 12910592
3759452 0
3759991 12910592
3759992 0
3760221 12910592
3760222 0
3777411 12910592
3777412 0
3777671 12910592
3777672 0
3778251 12910592
3778252 0
3778511 12910592
3778512 0
3795600 12910592
3795601 0
3795860 12910592
3795861 0
3796440 12910592
3796441 0
3796700 12910592
3796701 0
3831979 12910592
3831980 0
3832239 12910592
3832240 0
3832819 12910592
3832820 0
3833079 12910592
3833080 0
3850169 12910592
3850170 0
3850429 12910592
3850430 0
3851009 12910592
3851010 0
3851269 12910592
3851270 0
3868358 12910592
3868359 0
3868618 12910592
3868619 0
3869198 12910592
3869199 0
3869458 12910592
3869459 0
3886548 12910592
3886549 0
3886808 12910592
3886809 0
3887388 12910592
3887389 0
3887648 12910592
3887649 0
3904737 12910592
3904738 0
3904997 12910592
3904998 0
3905577 12910592
3905578 0
3905837 12910592
3905838 0
3922927 12910592
3922928 0
3923187 12910592
3923188 0
3923767 12910592
3923768 0
3924027 12910592
3924028 0
3941116 12910592
3941117 0
3941376 12910592
3941377 0
3941956 12910592
3941957 0
3942216 12910592
3942217 0
3958706 12910592
3958707 0
3958966 12910592
3958967 0
3959546 12910592
3959547 0
3959806 12910592
3959807 0
3975995 12910592
3975996 0
3976255 12910592
3976256 0
3976835 12910592
3976836 0
3977095 12910592
3977096 0
3996009 12910592
3996010 0
3996239 12910592
3996240 0
3996779 12910592
3996780 0
3997009 12910592
3997010 0
4014524 12910592
4014525 0
4014784 12910592
4014785 0
4015364 12910592
4015365 0
4015624 12910592
4015625 0
4033038 12910592
4033039 0
4033298 12910592
4033299 0
4033878 12910592
4033879 0
4034138 12910592
4034139 0
4051552 12910592
4051553 0
4051812 12910592
4051813 0
4052392 12910592
4052393 0
4052652 12910592
4052653 0
4070066 12910592
4070067 0
4070326 12910592
4070327 0
4070906 12910592
4070907 0
4071166 12910592
4071167 0
4088581 12910592
4088582 0
4088841 12910592
4088842 0
4089421 12910592
4089422 0
4089681 12910592
4089682 0
4107095 12910592
4107096 0
4107355 12910592
4107356 0
4107935 12910592
4107936 0
4108195 12910592
4108196 0
4125609 12910592
4125610 0
4125869 12910592
4125870 0
4126449 12910592
4126450 0
4126709 12910592
4126710 0
4144124 12910592
4144125 0
4144384 12910592
4144385 0
4144964 12910592
4144965 0
4145224 12910592
4145225 0
4162638 12910592
4162639 0
4162898 12910592
4162899 0
4163478 12910592
4163479 0
4163738 12910592
4163739 0
4181152 12910592
4181153 0
4181412 12910592
4181413 0
4181992 12910592
4181993 0
4182252 12910592
4182253 0
4199666 12910592
4199667 0
4199926 12910592
4199927 0
4200506 12910592
4200507 0
4200766 12910592
4200767 0
4217581 12910592
4217582 0
4217841 12910592
4217842 0
4218421 12910592
4218422 0
4218681 12910592
4218682 0
4235195 12910592
4235196 0
4235455 12910592
4235456 0
4236035 12910592
4236036 0
4236295 12910592
4236296 0
4254095 12910592
4254096 0
4254355 12910592
4254356 0
4254935 12910592
4254936 0
4255195 12910592
4255196 0
4273074 12910592
4273075 0
4273334 12910592
4273335 0
4273914 12910592
4273915 0
4274174 12910592
4274175 0
4291263 12910592
4291264 0
4291523 12910592
4291524 0
4292103 12910592
4292104 0
4292363 12910592
4292364 0
4309453 12910592
4309454 0
4309713 12910592
4309714 0
4310293 12910592
4310294 0
4310553 12910592
4310554 0
4327642 12910592
4327643 0
4327902 12910592
4327903 0
4328482 12910592
4328483 0
4328742 12910592
4328743 0
4345832 12910592
4345833 0
4346092 12910592
4346093 0
4346672 12910592
4346673 0
4346932 12910592
4346933 0
4364021 12910592
4364022 0
4364251 12910592
4364252 0
4364791 12910592
4364792 0
4365021 12910592
4365022 0
4382211 12910592
4382212 0
4382471 12910592
4382472 0
4383051 12910592
4383052 0
4383311 12910592
4383312 0
4400400 12910592
4400401 0
4400660 12910592
4400661 0
4401240 12910592
4401241 0
4401500 12910592
4401501 0
4418590 12910592
4418591 0
4418850 12910592
4418851 0
4419430 12910592
4419431 0
4419690 12910592
4419691 0
4434995 12910592
4434996 0
4435225 12910592
4435226 0
4435765 12910592
4435766 0
4435995 12910592
4435996 0
4454969 12910592
4454970 0
4455229 12910592
4455230 0
4455809 12910592
4455810 0
4456069 12910592
4456070 0
4473158 12910592
4473159 0
4473418 12910592
4473419 0
4473998 12910592
4473999 0
4474258 12910592
4474259 0
4491348 12910592
4491349 0
4491608 12910592
4491609 0
4492188 12910592
4492189 0
4492448 12910592
4492449 0
4509537 12910592
4509538 0
4509797 12910592
4509798 0
4510377 12910592
4510378 0
4510637 12910592
4510638 0
4527727 12910592
4527728 0
4527987 12910592
4527988 0
4528567 12910592
4528568 0
4528827 12910592
4528828 0
4545916 12910592
4545917 0
4546176 12910592
4546177 0
4546756 12910592
4546757 0
4547016 12910592
4547017 0
4563506 12910592
4563507 0
4563766 12910592
4563767 0
4564346 12910592
4564347 0
4564606 12910592
4564607 0
4580795 12910592
4580796 0
4581055 12910592
4581056 0
4581635 12910592
4581636 0
4581895 12910592
4581896 0
68 events for H
4302 10000000
4303 0
344726 10000000
344727 0
385693 10000000
385694 0
428007 10000000
428008 0
470767 10000000
470768 0
513677 10000000
513678 0
556537 10000000
556538 0
599148 10000000
599149 0
641294 10000000
641295 0
682937 10000000
682938 0
724554 10000000
724555 0
766821 10000000
766822 0
809915 10000000
809916 0
853653 10000000
853654 0
897843 10000000
897844 0
942386 10000000
942387 0
987288 10000000
987289 0
1032766 10000000
1032767 0
1503767 10000000
1503768 0
1545696 10000000
1545697 0
1588344 10000000
1588345 0
1631262 10000000
1631263 0
1674240 10000000
1674241 0
1717097 10000000
1717098 0
1759627 10000000
1759628 0
1801612 10000000
1801613 0
1843105 10000000
1843106 0
1884755 10000000
1884756 0
1927212 10000000
1927213 0
1970513 10000000
1970514 0
2014428 10000000
2014429 0
2058784 10000000
2058785 0
2103521 10000000
2103522 0
2148743 10000000
2148744 0
92 events for I
1 1642
19920 2414
36079 1642
40279 2414
72458 1642
78158 2414
90347 1642
128926 2414
130766 1642
364800 2414
416100 1642
422453 2414
452029 1642
458029 2414
487606 1642
493306 2414
540971 1642
697200 2414
736641 1642
1041141 2414
1085580 1642
1221124 2414
1251000 1642
1272000 2414
1301700 1642
1307765 2414
1309605 1642
1345200 2414
1387800 1642
1574200 2414
1576040 1642
1707214 2414
1776900 1642
1943326 2414
1945166 1642
2160000 0
2160001 1285
2179000 2414
2180840 1285
2511947 2057
2527797 1285
2532237 2057
2548126 2414
2550366 2057
2563996 1285
2783800 2414
2785640 1285
3152926 2414
3154766 1285
3173416 2057
3223784 706
3337740 2057
3369600 706
3388600 2414
3390440 706
3410529 1285
3443357 706
3757726 2414
3759566 706
3809800 2414
3817160 706
3819453 1772
3848994 1285
3864783 706
3869163 1285
3901342 706
3905542 1285
3937721 706
3994514 2414
3996354 706
4023120 1285
4028700 706
4042831 1285
4044811 706
4282500 1285
4306058 706
4310258 1285
4324247 706
4326467 1772
4342137 706
4346757 1772
4362526 2414
4364886 1772
4378516 706
4433500 2414
4443260 706
4475343 1285
4506120 706
4510342 1285
4519800 706
4579200 0
4579201 487
339 events for J
19500 906
35899 0
48720 906
53788 0
56668 906
72278 0
78458 906
90167 0
92880 593
108180 0
114817 593
125700 0
130446 906
131340 593
135126 906
145036 0
151216 906
163225 0
165505 906
181415 0
220440 906
221190 1500
227202 0
228530 1500
234530 0
294000 215
305420 0
365100 906
380696 0
386876 906
398665 0
399985 906
415920 0
422753 906
433761 0
436641 906
451849 0
458029 906
469338 0
473538 906
487426 0
493606 906
501720 0
507494 906
523002 0
524502 906
540791 0
643200 906
643980 0
667500 906
683096 0
689276 906
700885 0
705265 906
718673 0
724853 906
736461 0
737961 906
754249 0
760429 906
772038 0
774318 906
789138 0
796006 906
807614 0
809114 906
825402 0
828132 906
843191 0
849371 906
860979 0
909300 1087
912010 0
913200 906
913980 0
978000 906
978780 0
1041141 906
1056649 0
1062829 906
1074060 0
1078038 906
1091820 0
1098706 906
1110014 0
1112594 906
1127502 0
1129902 906
1145291 0
1201535 906
1216355 0
1222924 906
1233932 0
1235432 906
1250820 0
1272300 906
1287896 0
1294076 906
1305685 0
1310065 906
1323473 0
1329653 906
1341261 0
1344420 906
1359049 0
1365229 906
1376838 0
1379118 906
1387620 0
1389000 593
1393630 0
1400506 593
1404350 0
1406040 593
1411930 0
1415640 593
1419590 0
1421400 593
1427881 0
1433190 1500
1439210 0
1440510 1500
1446530 0
1456800 215
1468220 0
1525324 906
1536332 0
1541520 906
1549920 0
1576800 906
1591749 0
1597929 906
1610263 0
1611763 906
1628777 0
1671986 906
1684320 0
1685820 906
1702534 0
1760957 906
1776720 0
1783371 906
1790520 0
1792260 906
1794806 0
1796906 906
1812420 0
1863600 906
1864380 0
1871068 906
1886678 0
1892858 906
1904867 0
1950000 906
1950780 0
2001995 906
2014004 0
2016284 906
2033139 0
2112000 906
2112780 0
2181600 906
2195520 0
2202729 906
2233577 0
2239757 906
2251920 0
2254371 906
2270606 0
2276786 906
2289120 0
2290620 906
2295120 0
2341200 906
2342250 0
2438700 906
2455099 0
2461279 906
2467920 0
2468940 906
2472960 0
2475440 906
2491440 0
2497658 906
2509367 0
2511947 906
2527617 0
2534037 906
2545686 0
2549646 906
2563816 0
2614586 906
2615616 0
2698421 906
2699161 0
2734111 1500
2739290 0
2744790 479
2746030 0
2747510 479
2749620 1500
2755600 0
2761260 479
2763320 0
2785360 906
2800502 0
2807820 906
2817250 0
2822443 906
2838077 0
2844557 906
2856591 0
2859471 906
2875406 0
2881586 906
2893620 0
2896500 906
2912134 0
2918100 1087
2920810 0
2921314 215
2932734 0
2992660 1600
3002845 0
3007800 906
3008700 1500
3015183 0
3016250 1500
3019150 0
3043500 906
3059899 0
3066079 906
3078088 0
3079588 906
3096278 0
3102458 906
3114467 0
3140147 906
3140887 0
3221147 906
3221897 0
3339081 593
3349770 0
3352610 906
3353360 593
3366200 0
3390160 906
3405120 0
3412329 906
3424663 0
3426943 906
3443177 0
3449357 906
3461691 0
3463971 906
3480206 0
3486386 906
3498720 0
3501760 906
3517399 0
3523414 906
3535749 0
3538029 906
3553449 0
3560443 906
3572777 0
3574317 906
3591291 0
3597471 906
3609206 0
3611786 906
3626820 0
3648300 906
3664699 0
3670879 906
3682440 0
3684428 906
3700828 0
3707258 906
3719138 0
3721547 906
3737457 0
3743637 906
3755646 0
3759286 906
3773836 0
3780016 906
3792025 0
3794305 906
3807720 0
3821100 906
3828404 0
3830684 906
3846174 0
3848254 906
3864603 0
3870963 906
3882853 0
3885373 906
3893220 0
3943721 1714
3955131 0
3956671 906
3957411 1714
3972420 0
3989700 1714
3992434 0
3992614 215
4004090 0
4007914 1714
4010949 0
4034120 1500
4040135 0
4054310 1500
4060320 0
4092360 906
4093110 0
4202271 906
4214006 0
4215546 906
4231620 0
4253100 906
4269499 0
4275679 906
4282640 0
4326467 906
4341957 0
4349220 906
4355540 0
4443939 906
4451394 0
4452934 906
4469583 0
4475823 906
4487773 0
4525692 906
4542341 0
4548521 906
4559931 0
5 events for K
3121 74
2163120 0
2163121 74
4582320 0
4582321 74
136 events for L
130838 4214960
130842 0
131268 4214960
131272 0
132008 4214960
132012 0
132438 4214960
132442 0
473630 4214960
473634 0
474060 4214960
474064 0
474800 4214960
474804 0
475230 4214960
475234 0
704877 4214960
704881 0
705307 4214960
705311 0
706047 4214960
706051 0
706477 4214960
706481 0
1078430 4214960
1078434 0
1078860 4214960
1078864 0
1079600 4214960
1079604 0
1080030 4214960
1080034 0
1309677 4214960
1309681 0
1310107 4214960
1310111 0
1310847 4214960
1310851 0
1311277 4214960
1311281 0
1576112 4214960
1576116 0
1576542 4214960
1576546 0
1577282 4214960
1577286 0
1577712 4214960
1577716 0
1945238 4214960
1945242 0
1945668 4214960
1945672 0
1946408 4214960
1946412 0
1946838 4214960
1946842 0
2180912 4214960
2180916 0
2181342 4214960
2181346 0
2182082 4214960
2182086 0
2182512 4214960
2182516 0
2550038 4214960
2550042 0
2550468 4214960
2550472 0
2551208 4214960
2551212 0
2551638 4214960
2551642 0
2785712 4214960
2785716 0
2786142 4214960
2786146 0
2786882 4214960
2786886 0
2787312 4214960
2787316 0
3154838 4214960
3154842 0
3155268 4214960
3155272 0
3156008 4214960
3156012 0
3156438 4214960
3156442 0
3390512 4214960
3390516 0
3390942 4214960
3390946 0
3391682 4214960
3391686 0
3392112 4214960
3392116 0
3759638 4214960
3759642 0
3760068 4214960
3760072 0
3760808 4214960
3760812 0
3761238 4214960
3761242 0
3811712 4214960
3811716 0
3812142 4214960
3812146 0
3812882 4214960
3812886 0
3813312 4214960
3813316 0
3996426 4214960
3996430 0
3996856 4214960
3996860 0
3997596 4214960
3997600 0
3998026 4214960
3998030 0
4364438 4214960
4364442 0
4364868 4214960
4364872 0
4365608 4214960
4365612 0
4366038 4214960
4366042 0
4435412 4214960
4435416 0
4435842 4214960
4435846 0
4436582 4214960
4436586 0
4437012 4214960
4437016 0
5 events for M
2824 2650
2162823 0
2162824 2650
4582023 0
4582024 2650
5 events for N
2244 74
2162243 0
2162244 74
4581443 0
4581444 74
76 events for O
6822 185
346122 0
346722 185
950922 0
951522 185
1555722 0
1556322 185
2160522 0
2179182 20
2179362 0
2181522 20
2181702 0
2181762 62
2228202 0
2228862 20
2229042 0
2231202 20
2231382 0
2231442 62
2277882 0
2278002 20
2278182 289
2291442 0
2310822 20
2325394 0
2326054 20
2326234 0
2328394 20
2328574 0
2328634 62
2375074 0
2375854 20
2524122 0
2524902 20
2525082 0
2527242 20
2527422 0
2527482 53
2580942 0
2581602 20
2581782 0
2583942 20
2584122 0
2584182 53
2637642 0
2638302 20
2638482 0
2640642 20
2640822 0
2640882 53
2694342 0
2695002 20
2695182 0
2697342 20
2697522 0
2697582 53
2751042 0
2751162 20
2751342 252
2765562 0
3043182 20
3043362 0
3045522 20
3045702 0
3045762 28
3299562 0
3300222 20
3300402 0
3302562 20
3302742 0
3302802 56
3370482 0
3370722 243
3974922 0
3975522 224
4579722 0
6 events for P
948731 90
959651 3500
985271 0
2066651 90
2077571 3500
2101631 0
339 events for Q
20442 906
36841 0
49662 906
54730 0
57610 906
73220 0
79400 906
91109 0
93822 593
109122 0
115759 593
126642 0
131388 906
132282 593
136068 906
145978 0
152158 906
164167 0
166447 906
182357 0
221382 906
222132 1500
228144 0
229472 1500
235472 0
294942 215
306362 0
366042 906
381638 0
387818 906
399607 0
400927 906
416862 0
423695 906
434703 0
437583 906
452791 0
458971 906
470280 0
474480 906
488368 0
494548 906
502662 0
508436 906
523944 0
525444 906
541733 0
644142 906
644922 0
668442 906
684038 0
690218 906
701827 0
706207 906
719615 0
725795 906
737403 0
738903 906
755191 0
761371 906
772980 0
775260 906
790080 0
796948 906
808556 0
810056 906
826344 0
829074 906
844133 0
850313 906
861921 0
910242 1087
912952 0
914142 906
914922 0
978942 906
979722 0
1042083 906
1057591 0
1063771 906
1075002 0
1078980 906
1092762 0
1099648 906
1110956 0
1113536 906
1128444 0
1130844 906
1146233 0
1202477 906
1217297 0
1223866 906
1234874 0
1236374 906
1251762 0
1273242 906
1288838 0
1295018 906
1306627 0
1311007 906
1324415 0
1330595 906
1342203 0
1345362 906
1359991 0
1366171 906
1377780 0
1380060 906
1388562 0
1389942 593
1394572 0
1401448 593
1405292 0
1406982 593
1412872 0
1416582 593
1420532 0
1422342 593
1428823 0
1434132 1500
1440152 0
1441452 1500
1447472 0
1457742 215
1469162 0
1526266 906
1537274 0
1542462 906
1550862 0
1577742 906
1592691 0
1598871 906
1611205 0
1612705 906
1629719 0
1672928 906
1685262 0
1686762 906
1703476 0
1761899 906
1777662 0
1784313 906
1791462 0
1793202 906
1795748 0
1797848 906
1813362 0
1864542 906
1865322 0
1872010 906
1887620 0
1893800 906
1905809 0
1950942 906
1951722 0
2002937 906
2014946 0
2017226 906
2034081 0
2112942 906
2113722 0
2182542 906
2196462 0
2203671 906
2234519 0
2240699 906
2252862 0
2255313 906
2271548 0
2277728 906
2290062 0
2291562 906
2296062 0
2342142 906
2343192 0
2439642 906
2456041 0
2462221 906
2468862 0
2469882 906
2473902 0
2476382 906
2492382 0
2498600 906
2510309 0
2512889 906
2528559 0
2534979 906
2546628 0
2550588 906
2564758 0
2615528 906
2616558 0
2699363 906
2700103 0
2735053 1500
2740232 0
2745732 479
2746972 0
2748452 479
2750562 1500
2756542 0
2762202 479
2764262 0
2786302 906
2801444 0
2808762 906
2818192 0
2823385 906
2839019 0
2845499 906
2857533 0
2860413 906
2876348 0
2882528 906
2894562 0
2897442 906
2913076 0
2919042 1087
2921752 0
2922256 215
2933676 0
2993602 1600
3003787 0
3008742 906
3009642 1500
3016125 0
3017192 1500
3020092 0
3044442 906
3060841 0
3067021 906
3079030 0
3080530 906
3097220 0
3103400 906
3115409 0
3141089 906
3141829 0
3222089 906
3222839 0
3340023 593
3350712 0
3353552 906
3354302 593
3367142 0
3391102 906
3406062 0
3413271 906
3425605 0
3427885 906
3444119 0
3450299 906
3462633 0
3464913 906
3481148 0
3487328 906
3499662 0
3502702 906
3518341 0
3524356 906
3536691 0
3538971 906
3554391 0
3561385 906
3573719 0
3575259 906
3592233 0
3598413 906
3610148 0
3612728 906
3627762 0
3649242 906
3665641 0
3671821 906
3683382 0
3685370 906
3701770 0
3708200 906
3720080 0
3722489 906
3738399 0
3744579 906
3756588 0
3760228 906
3774778 0
3780958 906
3792967 0
3795247 906
3808662 0
3822042 906
3829346 0
3831626 906
3847116 0
3849196 906
3865545 0
3871905 906
3883795 0
3886315 906
3894162 0
3944663 1714
3956073 0
3957613 906
3958353 1714
3973362 0
3990642 1714
3993376 0
3993556 215
4005032 0
4008856 1714
4011891 0
4035062 1500
4041077 0
4055252 1500
4061262 0
4093302 906
4094052 0
4203213 906
4214948 0
4216488 906
4232562 0
4254042 906
4270441 0
4276621 906
4283582 0
4327409 906
4342899 0
4350162 906
4356482 0
4444881 906
4452336 0
4453876 906
4470525 0
4476765 906
4488715 0
4526634 906
4543283 0
4549463 906
4560873 0
68 events for R
4057 10000000
4058 0
344481 10000000
344482 0
385448 10000000
385449 0
427762 10000000
427763 0
470522 10000000
470523 0
513432 10000000
513433 0
556292 10000000
556293 0
598903 10000000
598904 0
641049 10000000
641050 0
682692 10000000
682693 0
724309 10000000
724310 0
766576 10000000
766577 0
809670 10000000
809671 0
853408 10000000
853409 0
897598 10000000
897599 0
942141 10000000
942142 0
987043 10000000
987044 0
1032521 10000000
1032522 0
1503522 10000000
1503523 0
1545451 10000000
1545452 0
1588099 10000000
1588100 0
1631017 10000000
1631018 0
1673995 10000000
1673996 0
1716852 10000000
1716853 0
1759382 10000000
1759383 0
1801367 10000000
1801368 0
1842860 10000000
1842861 0
1884510 10000000
1884511 0
1926967 10000000
1926968 0
1970268 10000000
1970269 0
2014183 10000000
2014184 0
2058539 10000000
2058540 0
2103276 10000000
2103277 0
2148498 10000000
2148499 0
