18 instruments
A 10 100 6553.6061313363007 2560002395.0532427
B 10 100 1538660356.7547786 4054547831.9712734
C 10 100 40786.332763907049 54547276.407707497
D 10 100 1517960000 4000000000
E 10 100 763800535.41096985 7041040280.2382517
F 10 100 1935.2198577632046 529743673.63920057
G 10 100 154000 595557000
H 10 100 2665037.1650940888 921958803.05957663
I 10 100 2312500 800000000
J 10 100 2022727.6804039259 699754440.78838515
K 10 100 22018.298358889329 159480658.09969637
L 10 100 24955.266722182481 180753403.14844713
M 10 100 177168740.44080633 781629408.46013641
N 10 100 23264.147255000564 168504461.78361657
O 10 100 5459680 2800000000
P 10 100 183507440.74517861 809594356.20986629
Q 10 100 0 320000000
R 10 100 815344000 7516190000
60 downlinks
0 19800 49577 17825.048205999999
1 49578 67745 16584.801629000001
2 91816 96499 56583.634539999999
3 120738 135056 54510.231771999999
4 137178 152542 17937.152144
5 178088 221962 61000.683803
6 221963 249338 18467.928540000001
7 264361 308238 25417.817937
8 308239 327328 19015.030229
9 330078 347128 24567.032964000002
10 365400 394577 17828.859713000002
11 394578 411962 17701.536620999999
12 436911 480795 25418.320157999999
13 480796 501418 17542.270487000002
14 502578 528436 23159.729212999999
15 528437 567073 59981.281416999998
16 567074 597076 17972.728726000001
17 597077 613056 22999.291153999999
18 614837 654623 56629.461013
19 667800 674336 23614.41446
20 679877 701139 22122.706344999999
21 701176 739875 59998.788971000002
22 739876 757341 17624.346496999999
23 782015 826275 61074.347796000002
24 826276 843861 17138.572087
25 868291 913175 61181.460402999997
26 913176 932357 17433.778816999999
27 933675 950344 23082.352213999999
28 970200 999423 17883.640805999999
29 999424 1023140 17543.785331999999
30 1023675 1046233 22376.399878
31 1046234 1080073 58655.879155000002
32 1080074 1103435 17582.023593000002
33 1105574 1117118 58623.309652000004
34 1127127 1168572 15119.160288999999
35 1168573 1190199 16914.110455999999
36 1194973 1207189 55409.676240000001
37 1213406 1243421 14837.924851
38 1244310 1247704 18937.599925999999
39 1278072 1294888 56160.945200000002
40 1299686 1347970 56661.696495999997
41 1347971 1360266 56748.807657999998
42 1364471 1376676 58852.465277000003
43 1396870 1423170 17334.486729
44 1429871 1472246 60764.045818999999
45 1472247 1519663 24005.080918
46 1527369 1531566 18969.341575999999
47 1536969 1558329 18036.499982000001
48 1581368 1593440 52719.905522000001
49 1602442 1633051 54389.954824
50 1656966 1668740 17991.02982
51 1688727 1730446 61717.871531999997
52 1731094 1776643 24930.695499000001
53 1795565 1819204 22398.438724
54 1834200 1862647 17244.778962
55 1865463 1877801 18220.925300999999
56 1894563 1906123 58678.576760000004
57 1909322 1949161 58555.537063999996
58 1949162 1964047 18992.23504
59 1981862 2018383 13796.402593000001
0 opportunities for A
0 opportunities for B
0 opportunities for C
0 opportunities for D
0 opportunities for E
0 opportunities for F
0 opportunities for G
0 opportunities for H
0 opportunities for I
0 opportunities for J
0 opportunities for K
0 opportunities for L
0 opportunities for M
0 opportunities for N
0 opportunities for O
0 opportunities for P
0 opportunities for Q
0 opportunities for R
896 events for A
20495 12910592
20496 0
20755 12910592
20756 0
21335 12910592
21336 0
21595 12910592
21596 0
39474 12910592
39475 0
39734 12910592
39735 0
40314 12910592
40315 0
40574 12910592
40575 0
57663 12910592
57664 0
57923 12910592
57924 0
58503 12910592
58504 0
58763 12910592
58764 0
75853 12910592
75854 0
76113 12910592
76114 0
76693 12910592
76694 0
76953 12910592
76954 0
94042 12910592
94043 0
94302 12910592
94303 0
94882 12910592
94883 0
95142 12910592
95143 0
112232 12910592
112233 0
112492 12910592
112493 0
113072 12910592
113073 0
113332 12910592
113333 0
130421 12910592
130422 0
130651 12910592
130652 0
131191 12910592
131192 0
131421 12910592
131422 0
148611 12910592
148612 0
148871 12910592
148872 0
149451 12910592
149452 0
149711 12910592
149712 0
166800 12910592
166801 0
167060 12910592
167061 0
167640 12910592
167641 0
167900 12910592
167901 0
184990 12910592
184991 0
185250 12910592
185251 0
185830 12910592
185831 0
186090 12910592
186091 0
203179 12910592
203180 0
203439 12910592
203440 0
204019 12910592
204020 0
204279 12910592
204280 0
221369 12910592
221370 0
221629 12910592
221630 0
222209 12910592
222210 0
222469 12910592
222470 0
239558 12910592
239559 0
239818 12910592
239819 0
240398 12910592
240399 0
240658 12910592
240659 0
257748 12910592
257749 0
258008 12910592
258009 0
258588 12910592
258589 0
258848 12910592
258849 0
275937 12910592
275938 0
276197 12910592
276198 0
276777 12910592
276778 0
277037 12910592
277038 0
294127 12910592
294128 0
294387 12910592
294388 0
294967 12910592
294968 0
295227 12910592
295228 0
312316 12910592
312317 0
312576 12910592
312577 0
313156 12910592
313157 0
313416 12910592
313417 0
329906 12910592
329907 0
330166 12910592
330167 0
330746 12910592
330747 0
331006 12910592
331007 0
347195 12910592
347196 0
347455 12910592
347456 0
348035 12910592
348036 0
348295 12910592
348296 0
366095 12910592
366096 0
366355 12910592
366356 0
366935 12910592
366936 0
367195 12910592
367196 0
384271 12910592
384272 0
384531 12910592
384532 0
385111 12910592
385112 0
385371 12910592
385372 0
402060 12910592
402061 0
402320 12910592
402321 0
402900 12910592
402901 0
403160 12910592
403161 0
419848 12910592
419849 0
420108 12910592
420109 0
420688 12910592
420689 0
420948 12910592
420949 0
437636 12910592
437637 0
437896 12910592
437897 0
438476 12910592
438477 0
438736 12910592
438737 0
455424 12910592
455425 0
455684 12910592
455685 0
456264 12910592
456265 0
456524 12910592
456525 0
473213 12910592
473214 0
473443 12910592
473444 0
473983 12910592
473984 0
474213 12910592
474214 0
491001 12910592
491002 0
491261 12910592
491262 0
491841 12910592
491842 0
492101 12910592
492102 0
508789 12910592
508790 0
509049 12910592
509050 0
509629 12910592
509630 0
509889 12910592
509890 0
526577 12910592
526578 0
526837 12910592
526838 0
527417 12910592
527418 0
527677 12910592
527678 0
544366 12910592
544367 0
544626 12910592
544627 0
545206 12910592
545207 0
545466 12910592
545467 0
562154 12910592
562155 0
562414 12910592
562415 0
562994 12910592
562995 0
563254 12910592
563255 0
579942 12910592
579943 0
580202 12910592
580203 0
580782 12910592
580783 0
581042 12910592
581043 0
597730 12910592
597731 0
597990 12910592
597991 0
598570 12910592
598571 0
598830 12910592
598831 0
615519 12910592
615520 0
615779 12910592
615780 0
616359 12910592
616360 0
616619 12910592
616620 0
632707 12910592
632708 0
632967 12910592
632968 0
633547 12910592
633548 0
633807 12910592
633808 0
649595 12910592
649596 0
649855 12910592
649856 0
650435 12910592
650436 0
650695 12910592
650696 0
668495 12910592
668496 0
668755 12910592
668756 0
669335 12910592
669336 0
669595 12910592
669596 0
686671 12910592
686672 0
686931 12910592
686932 0
687511 12910592
687512 0
687771 12910592
687772 0
704460 12910592
704461 0
704690 12910592
704691 0
705230 12910592
705231 0
705460 12910592
705461 0
722248 12910592
722249 0
722508 12910592
722509 0
723088 12910592
723089 0
723348 12910592
723349 0
740036 12910592
740037 0
740296 12910592
740297 0
740876 12910592
740877 0
741136 12910592
741137 0
757824 12910592
757825 0
758084 12910592
758085 0
758664 12910592
758665 0
758924 12910592
758925 0
775613 12910592
775614 0
775873 12910592
775874 0
776453 12910592
776454 0
776713 12910592
776714 0
793401 12910592
793402 0
793661 12910592
793662 0
794241 12910592
794242 0
794501 12910592
794502 0
811189 12910592
811190 0
811449 12910592
811450 0
812029 12910592
812030 0
812289 12910592
812290 0
828977 12910592
828978 0
829237 12910592
829238 0
829817 12910592
829818 0
830077 12910592
830078 0
846766 12910592
846767 0
847026 12910592
847027 0
847606 12910592
847607 0
847866 12910592
847867 0
864554 12910592
864555 0
864814 12910592
864815 0
865394 12910592
865395 0
865654 12910592
865655 0
882342 12910592
882343 0
882602 12910592
882603 0
883182 12910592
883183 0
883442 12910592
883443 0
900130 12910592
900131 0
900390 12910592
900391 0
900970 12910592
900971 0
901230 12910592
901231 0
917919 12910592
917920 0
918179 12910592
918180 0
918759 12910592
918760 0
919019 12910592
919020 0
935107 12910592
935108 0
935367 12910592
935368 0
935947 12910592
935948 0
936207 12910592
936208 0
951995 12910592
951996 0
952255 12910592
952256 0
952835 12910592
952836 0
953095 12910592
953096 0
970895 12910592
970896 0
971155 12910592
971156 0
971735 12910592
971736 0
971995 12910592
971996 0
989071 12910592
989072 0
989331 12910592
989332 0
989911 12910592
989912 0
990171 12910592
990172 0
1006860 12910592
1006861 0
1007120 12910592
1007121 0
1007700 12910592
1007701 0
1007960 12910592
1007961 0
1024648 12910592
1024649 0
1024908 12910592
1024909 0
1025488 12910592
1025489 0
1025748 12910592
1025749 0
1042436 12910592
1042437 0
1042696 12910592
1042697 0
1043276 12910592
1043277 0
1043536 12910592
1043537 0
1060224 12910592
1060225 0
1060484 12910592
1060485 0
1061064 12910592
1061065 0
1061324 12910592
1061325 0
1078013 12910592
1078014 0
1078243 12910592
1078244 0
1078783 12910592
1078784 0
1079013 12910592
1079014 0
1095801 12910592
1095802 0
1096061 12910592
1096062 0
1096641 12910592
1096642 0
1096901 12910592
1096902 0
1113589 12910592
1113590 0
1113849 12910592
1113850 0
1114429 12910592
1114430 0
1114689 12910592
1114690 0
1131377 12910592
1131378 0
1131637 12910592
1131638 0
1132217 12910592
1132218 0
1132477 12910592
1132478 0
1149166 12910592
1149167 0
1149426 12910592
1149427 0
1150006 12910592
1150007 0
1150266 12910592
1150267 0
1166954 12910592
1166955 0
1167214 12910592
1167215 0
1167794 12910592
1167795 0
1168054 12910592
1168055 0
1184742 12910592
1184743 0
1185002 12910592
1185003 0
1185582 12910592
1185583 0
1185842 12910592
1185843 0
1202530 12910592
1202531 0
1202790 12910592
1202791 0
1203370 12910592
1203371 0
1203630 12910592
1203631 0
1220319 12910592
1220320 0
1220579 12910592
1220580 0
1221159 12910592
1221160 0
1221419 12910592
1221420 0
1237507 12910592
1237508 0
1237767 12910592
1237768 0
1238347 12910592
1238348 0
1238607 12910592
1238608 0
1254395 12910592
1254396 0
1254655 12910592
1254656 0
1255235 12910592
1255236 0
1255495 12910592
1255496 0
1273295 12910592
1273296 0
1273555 12910592
1273556 0
1274135 12910592
1274136 0
1274395 12910592
1274396 0
1291471 12910592
1291472 0
1291731 12910592
1291732 0
1292311 12910592
1292312 0
1292571 12910592
1292572 0
1309260 12910592
1309261 0
1309490 12910592
1309491 0
1310030 12910592
1310031 0
1310260 12910592
1310261 0
1327048 12910592
1327049 0
1327308 12910592
1327309 0
1327888 12910592
1327889 0
1328148 12910592
1328149 0
1344836 12910592
1344837 0
1345096 12910592
1345097 0
1345676 12910592
1345677 0
1345936 12910592
1345937 0
1362624 12910592
1362625 0
1362884 12910592
1362885 0
1363464 12910592
1363465 0
1363724 12910592
1363725 0
1380413 12910592
1380414 0
1380673 12910592
1380674 0
1381253 12910592
1381254 0
1381513 12910592
1381514 0
1398201 12910592
1398202 0
1398461 12910592
1398462 0
1399041 12910592
1399042 0
1399301 12910592
1399302 0
1415989 12910592
1415990 0
1416249 12910592
1416250 0
1416829 12910592
1416830 0
1417089 12910592
1417090 0
1433777 12910592
1433778 0
1434037 12910592
1434038 0
1434617 12910592
1434618 0
1434877 12910592
1434878 0
1451566 12910592
1451567 0
1451826 12910592
1451827 0
1452406 12910592
1452407 0
1452666 12910592
1452667 0
1469354 12910592
1469355 0
1469614 12910592
1469615 0
1470194 12910592
1470195 0
1470454 12910592
1470455 0
1487142 12910592
1487143 0
1487402 12910592
1487403 0
1487982 12910592
1487983 0
1488242 12910592
1488243 0
1504930 12910592
1504931 0
1505190 12910592
1505191 0
1505770 12910592
1505771 0
1506030 12910592
1506031 0
1522719 12910592
1522720 0
1522979 12910592
1522980 0
1523559 12910592
1523560 0
1523819 12910592
1523820 0
1539907 12910592
1539908 0
1540167 12910592
1540168 0
1540747 12910592
1540748 0
1541007 12910592
1541008 0
1556795 12910592
1556796 0
1557055 12910592
1557056 0
1557635 12910592
1557636 0
1557895 12910592
1557896 0
1575695 12910592
1575696 0
1575925 12910592
1575926 0
1576465 12910592
1576466 0
1576695 12910592
1576696 0
1595324 12910592
1595325 0
1595584 12910592
1595585 0
1596164 12910592
1596165 0
1596424 12910592
1596425 0
1613838 12910592
1613839 0
1614098 12910592
1614099 0
1614678 12910592
1614679 0
1614938 12910592
1614939 0
1632352 12910592
1632353 0
1632612 12910592
1632613 0
1633192 12910592
1633193 0
1633452 12910592
1633453 0
1650866 12910592
1650867 0
1651126 12910592
1651127 0
1651706 12910592
1651707 0
1651966 12910592
1651967 0
1669381 12910592
1669382 0
1669641 12910592
1669642 0
1670221 12910592
1670222 0
1670481 12910592
1670482 0
1687895 12910592
1687896 0
1688155 12910592
1688156 0
1688735 12910592
1688736 0
1688995 12910592
1688996 0
1706409 12910592
1706410 0
1706669 12910592
1706670 0
1707249 12910592
1707250 0
1707509 12910592
1707510 0
1724924 12910592
1724925 0
1725184 12910592
1725185 0
1725764 12910592
1725765 0
1726024 12910592
1726025 0
1743438 12910592
1743439 0
1743698 12910592
1743699 0
1744278 12910592
1744279 0
1744538 12910592
1744539 0
1761952 12910592
1761953 0
1762212 12910592
1762213 0
1762792 12910592
1762793 0
1763052 12910592
1763053 0
1780466 12910592
1780467 0
1780726 12910592
1780727 0
1781306 12910592
1781307 0
1781566 12910592
1781567 0
1798381 12910592
1798382 0
1798641 12910592
1798642 0
1799221 12910592
1799222 0
1799481 12910592
1799482 0
1815995 12910592
1815996 0
1816255 12910592
1816256 0
1816835 12910592
1816836 0
1817095 12910592
1817096 0
1834895 12910592
1834896 0
1835155 12910592
1835156 0
1835735 12910592
1835736 0
1835995 12910592
1835996 0
1853874 12910592
1853875 0
1854134 12910592
1854135 0
1854714 12910592
1854715 0
1854974 12910592
1854975 0
1872063 12910592
1872064 0
1872323 12910592
1872324 0
1872903 12910592
1872904 0
1873163 12910592
1873164 0
1890253 12910592
1890254 0
1890513 12910592
1890514 0
1891093 12910592
1891094 0
1891353 12910592
1891354 0
1908442 12910592
1908443 0
1908702 12910592
1908703 0
1909282 12910592
1909283 0
1909542 12910592
1909543 0
1926632 12910592
1926633 0
1926892 12910592
1926893 0
1927472 12910592
1927473 0
1927732 12910592
1927733 0
1944821 12910592
1944822 0
1945051 12910592
1945052 0
1945591 12910592
1945592 0
1945821 12910592
1945822 0
1963011 12910592
1963012 0
1963271 12910592
1963272 0
1963851 12910592
1963852 0
1964111 12910592
1964112 0
1981200 12910592
1981201 0
1981460 12910592
1981461 0
1982040 12910592
1982041 0
1982300 12910592
1982301 0
1999390 12910592
1999391 0
1999650 12910592
1999651 0
2000230 12910592
2000231 0
2000490 12910592
2000491 0
2017579 12910592
2017580 0
2017839 12910592
2017840 0
2018419 12910592
2018420 0
2018679 12910592
2018680 0
320 events for B
27322 117965
27411 328745
27523 117965
27592 125479
28093 7514
29002 125479
29773 7414
29778 7514
30862 125479
31633 7514
32602 125479
33373 7514
34462 125479
35233 7514
36262 125479
37033 7514
37933 0
42101 117965
42191 125479
42932 7514
45761 125479
46532 7514
49361 125479
50132 7514
50552 0
94702 58982
94792 66496
96073 7514
96313 0
96442 58982
96532 66496
97813 7514
98053 0
98602 58982
98692 66496
99973 7514
100213 0
100342 58982
100432 66496
101713 7514
101953 0
102502 58982
102592 66496
103873 7514
104113 0
104242 58982
104332 66496
105613 7514
105853 0
106702 58982
106792 66496
108073 7514
108313 0
108442 58982
108532 66496
109813 7514
110053 0
114982 58982
115072 66496
116353 7514
116593 0
116962 58982
117052 66496
118333 7514
118573 0
119362 58982
119452 66496
120733 7514
120973 0
121342 58982
121432 66496
122713 7514
122953 0
123742 58982
123832 66496
125113 7514
125353 0
125722 58982
125812 66496
127093 7514
127333 0
133162 58982
133252 66496
134533 7514
134653 0
134842 58982
134932 66496
136213 7514
136453 0
372472 125479
372818 0
372862 117965
373573 7514
373882 125479
374653 7414
374658 7514
375742 125479
376513 7514
377482 125479
378253 7514
379342 125479
380113 7514
381142 125479
381913 7514
382273 0
386898 117965
386988 125479
387729 7514
390558 125479
391329 7514
394158 125479
394929 7514
395349 0
396322 117965
396412 125479
397153 7514
398182 125479
398953 7514
399973 0
402587 117965
402677 125479
403418 7514
404447 125479
405218 7514
406247 125479
407018 7514
408047 125479
408818 7514
409847 125479
410618 7514
418238 0
675082 117965
675172 125479
675853 7514
676282 125479
677053 7514
678082 125479
678853 7514
679882 125479
680653 7514
681682 125479
682453 7514
684673 0
689298 117965
689388 125479
690129 7514
691158 125479
691929 7514
692958 125479
693729 7514
694758 125479
695529 7514
698349 0
763612 6744
770773 0
776230 6744
791791 0
796118 6744
806473 0
1280092 6744
1289473 0
1294188 6744
1296578 0
1303822 117965
1303912 125479
1304653 7514
1305682 125479
1306453 7514
1307473 0
1311887 117965
1311977 119538
1312718 1573
1313747 119538
1314518 1573
1315547 119538
1316318 1573
1317347 119538
1318118 1573
1319147 119538
1319918 1573
1325138 0
1329675 117965
1329765 119538
1330506 1573
1331535 119538
1332306 1573
1333335 119538
1334106 1573
1335135 119538
1335906 7514
1336935 119538
1337706 1573
1342926 0
1345363 117965
1345453 125479
1346194 7514
1346614 0
1584562 117965
1584712 125479
1585333 7514
1585762 125479
1586533 7514
1586962 125479
1587733 7514
1588342 125479
1589113 7514
1593373 0
1597951 117965
1598041 125479
1598782 7514
1599211 125479
1599982 7514
1600411 125479
1601182 7514
1601611 125479
1602382 7514
1605202 0
1606222 117965
1606312 124709
1607053 6744
1607482 124709
1608253 6744
1608682 124709
1609453 6744
1609882 124709
1610653 6744
1611673 0
1614365 117965
1614455 124709
1615196 6744
1615625 124709
1616396 6744
1616825 124709
1617596 6744
1618025 124709
1618796 6744
1619825 124709
1620596 6744
1621625 124709
1622396 6744
1623425 124709
1624196 6744
1630616 0
1634979 117965
1635069 124709
1635810 6744
1636239 124709
1637010 6744
1637439 124709
1638210 6744
1638639 124709
1639410 6744
1640439 124709
1641210 6744
1648830 0
1651393 117965
1651483 124709
1652224 7514
1652229 6744
1652653 124709
1653424 6744
1653853 124709
1654624 6744
1655053 124709
1655824 6744
1656853 124709
1657624 6744
1658653 124709
1659424 6744
1667644 0
1672008 117965
1672098 124709
1672839 6744
1673268 124709
1674039 6744
1674468 124709
1675239 6744
1675668 124709
1676439 6744
1676868 124709
1677639 6744
1679268 124709
1680039 6744
1685859 0
1688422 117965
1688512 124709
1689253 6744
1689682 124709
1690453 6744
1690882 124709
1691653 6744
1692073 0
1841662 117965
1841812 119538
1841833 1573
1842862 119538
1843633 1573
1844062 119538
1844833 1573
1845442 119538
1846213 1573
1846642 119538
1847413 1573
1847902 119538
1848673 1573
1849102 119538
1849873 1573
1851073 0
1856501 117965
1856591 119538
1857332 1573
1857761 119538
1858532 1573
1858961 119538
1859732 1573
1860161 119538
1860932 1573
1861361 119538
1862132 1573
1864952 0
1 events for C
1301 18
320 events for D
25449 117965
25538 328745
25650 117965
25719 125479
26220 7514
27129 125479
27900 7414
27905 7514
28989 125479
29760 7514
30729 125479
31500 7514
32589 125479
33360 7514
34389 125479
35160 7514
36060 0
40228 117965
40318 125479
41059 7514
43888 125479
44659 7514
47488 125479
48259 7514
48679 0
92829 58982
92919 66496
94200 7514
94440 0
94569 58982
94659 66496
95940 7514
96180 0
96729 58982
96819 66496
98100 7514
98340 0
98469 58982
98559 66496
99840 7514
100080 0
100629 58982
100719 66496
102000 7514
102240 0
102369 58982
102459 66496
103740 7514
103980 0
104829 58982
104919 66496
106200 7514
106440 0
106569 58982
106659 66496
107940 7514
108180 0
113109 58982
113199 66496
114480 7514
114720 0
115089 58982
115179 66496
116460 7514
116700 0
117489 58982
117579 66496
118860 7514
119100 0
119469 58982
119559 66496
120840 7514
121080 0
121869 58982
121959 66496
123240 7514
123480 0
123849 58982
123939 66496
125220 7514
125460 0
131289 58982
131379 66496
132660 7514
132780 0
132969 58982
133059 66496
134340 7514
134580 0
370599 125479
370945 0
370989 117965
371700 7514
372009 125479
372780 7414
372785 7514
373869 125479
374640 7514
375609 125479
376380 7514
377469 125479
378240 7514
379269 125479
380040 7514
380400 0
385025 117965
385115 125479
385856 7514
388685 125479
389456 7514
392285 125479
393056 7514
393476 0
394449 117965
394539 125479
395280 7514
396309 125479
397080 7514
398100 0
400714 117965
400804 125479
401545 7514
402574 125479
403345 7514
404374 125479
405145 7514
406174 125479
406945 7514
407974 125479
408745 7514
416365 0
673209 117965
673299 125479
673980 7514
674409 125479
675180 7514
676209 125479
676980 7514
678009 125479
678780 7514
679809 125479
680580 7514
682800 0
687425 117965
687515 125479
688256 7514
689285 125479
690056 7514
691085 125479
691856 7514
692885 125479
693656 7514
696476 0
761739 6744
768900 0
774357 6744
789918 0
794245 6744
804600 0
1278219 6744
1287600 0
1292315 6744
1294705 0
1301949 117965
1302039 125479
1302780 7514
1303809 125479
1304580 7514
1305600 0
1310014 117965
1310104 119538
1310845 1573
1311874 119538
1312645 1573
1313674 119538
1314445 1573
1315474 119538
1316245 1573
1317274 119538
1318045 1573
1323265 0
1327802 117965
1327892 119538
1328633 1573
1329662 119538
1330433 1573
1331462 119538
1332233 1573
1333262 119538
1334033 7514
1335062 119538
1335833 1573
1341053 0
1343490 117965
1343580 125479
1344321 7514
1344741 0
1582689 117965
1582839 125479
1583460 7514
1583889 125479
1584660 7514
1585089 125479
1585860 7514
1586469 125479
1587240 7514
1591500 0
1596078 117965
1596168 125479
1596909 7514
1597338 125479
1598109 7514
1598538 125479
1599309 7514
1599738 125479
1600509 7514
1603329 0
1604349 117965
1604439 124709
1605180 6744
1605609 124709
1606380 6744
1606809 124709
1607580 6744
1608009 124709
1608780 6744
1609800 0
1612492 117965
1612582 124709
1613323 6744
1613752 124709
1614523 6744
1614952 124709
1615723 6744
1616152 124709
1616923 6744
1617952 124709
1618723 6744
1619752 124709
1620523 6744
1621552 124709
1622323 6744
1628743 0
1633106 117965
1633196 124709
1633937 6744
1634366 124709
1635137 6744
1635566 124709
1636337 6744
1636766 124709
1637537 6744
1638566 124709
1639337 6744
1646957 0
1649520 117965
1649610 124709
1650351 7514
1650356 6744
1650780 124709
1651551 6744
1651980 124709
1652751 6744
1653180 124709
1653951 6744
1654980 124709
1655751 6744
1656780 124709
1657551 6744
1665771 0
1670135 117965
1670225 124709
1670966 6744
1671395 124709
1672166 6744
1672595 124709
1673366 6744
1673795 124709
1674566 6744
1674995 124709
1675766 6744
1677395 124709
1678166 6744
1683986 0
1686549 117965
1686639 124709
1687380 6744
1687809 124709
1688580 6744
1689009 124709
1689780 6744
1690200 0
1839789 117965
1839939 119538
1839960 1573
1840989 119538
1841760 1573
1842189 119538
1842960 1573
1843569 119538
1844340 1573
1844769 119538
1845540 1573
1846029 119538
1846800 1573
1847229 119538
1848000 1573
1849200 0
1854628 117965
1854718 119538
1855459 1573
1855888 119538
1856659 1573
1857088 119538
1857859 1573
1858288 119538
1859059 1573
1859488 119538
1860259 1573
1863079 0
1515 events for E
23058 4707014
23064 0
23078 2824208
23079 0
23978 2824208
23979 0
24278 2824208
24279 0
25178 2824208
25179 0
25478 2824208
25479 0
26658 4707014
26664 0
30258 4707014
30264 0
33858 4707014
33864 0
37458 4707014
37464 0
43417 4707014
43423 0
46397 1882806
46400 0
47017 4707014
47023 0
50617 4707014
50623 0
52878 4707014
52884 0
60108 4707014
60114 0
63918 4707014
63924 0
67668 4707014
67674 0
67997 1412104
67999 0
71478 4707014
71484 0
81320 82880
81321 0
81330 82880
81331 0
81340 82880
81341 0
81371 82880
81372 0
81381 82880
81382 0
81391 82880
81392 0
226338 4313184
226339 2310336
226340 0
226469 4313184
226471 0
226614 192528
226615 0
226919 2156592
226920 0
227238 3594320
227239 962640
227240 0
227286 3594320
227287 962640
227288 0
227557 718864
227558 0
227567 718864
227568 0
227577 718864
227578 0
227587 718864
227588 0
227597 718864
227598 0
227607 718864
227608 0
227617 718864
227618 0
227627 718864
227628 0
227637 718864
227638 0
227647 718864
227648 0
227657 718864
227658 0
227667 718864
227668 0
227677 718864
227678 0
227687 718864
227688 0
227697 718864
227698 0
227707 718864
227708 0
227717 718864
227718 0
227737 192528
227738 0
227747 192528
227748 0
227757 192528
227758 0
227767 192528
227768 0
227777 192528
227778 0
227787 192528
227788 0
227797 192528
227798 0
227807 192528
227808 0
227817 192528
227818 0
227827 192528
227828 0
227837 192528
227838 0
227847 192528
227848 0
227857 192528
227858 0
240797 1412104
240799 0
244050 4313184
244051 2117808
244052 0
244771 4313184
244773 0
246591 1437728
246592 0
316652 3748528
316655 0
316662 3748528
316665 0
317252 3748528
317255 0
317262 3748528
317265 0
318452 3748528
318455 0
318462 3748528
318465 0
319052 3748528
319055 0
319062 3748528
319065 0
320252 3748528
320255 0
320262 3748528
320265 0
320852 3748528
320855 0
320862 3748528
320865 0
322052 3748528
322055 0
322062 3748528
322065 0
322652 3748528
322655 0
322662 3748528
322665 0
323852 3748528
323855 0
323862 3748528
323865 0
324452 3748528
324455 0
324462 3748528
324465 0
325652 3748528
325655 0
325662 3748528
325665 0
326252 3748528
326255 0
326262 3748528
326265 0
327197 1882806
327200 0
327462 3748528
327465 0
327472 3748528
327475 0
328062 3748528
328065 0
328072 3748528
328075 0
332142 3748528
332145 0
332152 3748528
332155 0
332742 3748528
332745 0
332752 3748528
332755 0
336042 3748528
336045 0
336052 3748528
336055 0
336642 3748528
336645 0
336652 3748528
336655 0
340242 3748528
340245 0
340252 3748528
340255 0
340842 3748528
340845 0
340852 3748528
340855 0
342231 3748528
342234 0
342241 3748528
342244 0
342831 3748528
342834 0
342841 3748528
342844 0
344442 3748528
344445 0
344452 3748528
344455 0
345042 3748528
345045 0
345052 3748528
345055 0
367938 4236312
367942 0
369738 4236312
369742 0
371538 4236312
371542 0
373338 4236312
373342 0
375138 4236312
375142 0
376938 4236312
376942 0
378738 4236312
378742 0
380538 4236312
380542 0
382338 4236312
382342 0
388214 4236312
388218 0
390014 4236312
390018 0
391814 4236312
391818 0
393614 4236312
393618 0
395414 4236312
395418 0
397638 4236312
397642 0
399438 4236312
399442 0
403903 4236312
403907 0
405703 4236312
405707 0
407503 4236312
407507 0
409303 4236312
409307 0
411103 4236312
411107 0
412903 4236312
412907 0
414703 4236312
414707 0
416503 4236312
416507 0
418303 4236312
418307 0
425898 4236312
425902 0
429558 4236312
429562 0
433218 4236312
433222 0
440118 4236312
440122 0
443838 4236312
443842 0
447558 4236312
447562 0
451278 4236312
451282 0
599597 82880
599598 0
599607 82880
599608 0
599617 82880
599618 0
599648 82880
599649 0
599658 82880
599659 0
599668 82880
599669 0
603233 5000000
603257 0
604503 5000000
604527 0
605773 5000000
605797 0
622162 4494818
622163 3748528
622166 0
622172 4494818
622177 0
622222 4494818
622227 0
622282 4494818
622283 3748528
622286 0
622292 4494818
622297 0
622342 4494818
622347 0
622402 4494818
622407 0
622412 4494818
622417 0
622462 4494818
622463 3748528
622466 0
626362 4494818
626363 3748528
626366 0
626372 4494818
626377 0
626422 4494818
626427 0
626482 4494818
626483 3748528
626486 0
626492 4494818
626497 0
626542 4494818
626547 0
626602 4494818
626607 0
626612 4494818
626617 0
626662 4494818
626663 3748528
626666 0
744827 3748528
744830 0
744867 3748528
744870 0
744907 4494818
744912 0
744947 4494818
744952 0
744987 3748528
744990 0
745027 3748528
745030 0
745067 4494818
745072 0
745107 4494818
745112 0
745147 3748528
745150 0
745187 3748528
745190 0
745227 4494818
745232 0
745267 4494818
745272 0
764857 3748528
764860 0
764877 3748528
764880 0
764897 3748528
764900 0
771157 3748528
771160 0
771177 3748528
771180 0
771197 3748528
771200 0
777475 3748528
777478 0
777495 3748528
777498 0
777515 3748528
777518 0
782275 3748528
782278 0
782295 3748528
782298 0
782315 3748528
782318 0
785575 2824208
785576 0
785666 3748528
785669 0
785935 2824208
785936 0
786005 2824208
786006 0
786075 2824208
786076 0
786395 3748528
786398 0
786410 5000000
786428 0
787075 3748528
787078 0
787095 3748528
787098 0
787115 3748528
787118 0
790375 2824208
790376 0
790466 3748528
790469 0
790735 2824208
790736 0
790805 2824208
790806 0
790875 2824208
790876 0
791195 3748528
791198 0
791210 5000000
791228 0
791875 3748528
791878 0
791895 3748528
791898 0
791915 3748528
791918 0
797363 3748528
797366 0
797383 3748528
797386 0
797403 3748528
797406 0
800663 2824208
800664 0
800754 3748528
800757 0
801023 2824208
801024 0
801093 2824208
801094 0
801163 2824208
801164 0
801483 3748528
801486 0
801498 5000000
801516 0
802163 3748528
802166 0
802183 3748528
802186 0
802203 3748528
802206 0
804457 2824208
804458 0
804548 3748528
804551 0
804817 2824208
804818 0
804887 2824208
804888 0
804957 2824208
804958 0
805277 3748528
805280 0
805292 5000000
805310 0
807157 3748528
807160 0
807177 3748528
807180 0
807197 3748528
807200 0
808057 2824208
808058 0
808148 3748528
808151 0
808417 2824208
808418 0
808487 2824208
808488 0
808557 2824208
808558 0
808877 3748528
808880 0
808892 5000000
808910 0
813051 2824208
813052 0
813142 3748528
813145 0
813411 2824208
813412 0
813481 2824208
813482 0
813551 2824208
813552 0
813871 3748528
813874 0
813886 5000000
813904 0
816801 2824208
816802 0
816892 3748528
816895 0
817161 2824208
817162 0
817231 2824208
817232 0
817301 2824208
817302 0
817621 3748528
817624 0
817636 5000000
817654 0
820551 2824208
820552 0
820642 3748528
820645 0
820911 2824208
820912 0
820981 2824208
820982 0
821051 2824208
821052 0
821371 3748528
821374 0
821386 5000000
821404 0
824301 2824208
824302 0
824392 3748528
824395 0
824661 2824208
824662 0
824731 2824208
824732 0
824801 2824208
824802 0
825121 3748528
825124 0
825136 5000000
825154 0
827601 2824208
827602 0
827692 3748528
827695 0
827961 2824208
827962 0
828031 2824208
828032 0
828101 2824208
828102 0
828421 3748528
828424 0
828436 5000000
828454 0
831289 2824208
831290 0
831380 3748528
831383 0
831649 2824208
831650 0
831719 2824208
831720 0
831789 2824208
831790 0
835039 2824208
835040 0
835130 3748528
835133 0
835399 2824208
835400 0
835469 2824208
835470 0
835539 2824208
835540 0
835859 3748528
835862 0
835874 5000000
835892 0
838170 3748528
838171 4498234
838176 0
838181 3748528
838184 0
838770 3748528
838771 4498234
838776 0
838781 3748528
838784 0
839370 3748528
839371 4498234
839376 0
839381 3748528
839384 0
839970 3748528
839971 4498234
839976 0
839981 3748528
839984 0
840570 3748528
840571 4498234
840576 0
840581 3748528
840584 0
841170 3748528
841171 4498234
841176 0
841181 3748528
841184 0
841770 3748528
841771 4498234
841776 0
841781 3748528
841784 0
842370 3748528
842371 4498234
842376 0
842381 3748528
842384 0
842970 3748528
842971 4498234
842976 0
842981 3748528
842984 0
843570 3748528
843571 4498234
843576 0
843581 3748528
843584 0
844170 3748528
844171 4498234
844176 0
844181 3748528
844184 0
844770 3748528
844771 4498234
844776 0
844781 3748528
844784 0
845373 5000000
845418 0
845583 5000000
845595 0
852259 3748528
852262 0
852299 3748528
852302 0
852339 4494818
852344 0
852379 4494818
852384 0
852419 3748528
852422 0
852459 3748528
852462 0
852499 4494818
852504 0
852539 4494818
852544 0
852579 3748528
852582 0
852619 3748528
852622 0
852659 4494818
852664 0
852699 4494818
852704 0
859338 5000000
859354 0
861138 5000000
861154 0
862938 5000000
862954 0
866397 5000000
866413 0
866696 3748528
866699 0
866711 5000000
866729 0
868197 5000000
868213 0
868496 3748528
868499 0
868511 5000000
868529 0
869997 5000000
870013 0
870296 3748528
870299 0
870311 5000000
870329 0
871797 5000000
871813 0
872096 3748528
872099 0
872111 5000000
872129 0
873597 5000000
873613 0
873896 3748528
873899 0
873911 5000000
873929 0
875397 5000000
875413 0
875696 3748528
875699 0
875711 5000000
875729 0
877197 5000000
877213 0
877496 3748528
877499 0
877511 5000000
877529 0
878997 5000000
879013 0
879296 3748528
879299 0
879311 5000000
879329 0
880797 5000000
880813 0
881096 3748528
881099 0
881111 5000000
881129 0
886285 5000000
886301 0
888085 5000000
888101 0
889885 5000000
889901 0
891685 5000000
891701 0
893485 5000000
893501 0
895285 5000000
895301 0
897085 5000000
897101 0
898885 5000000
898901 0
901973 5000000
901989 0
903773 5000000
903789 0
905573 5000000
905589 0
907373 5000000
907389 0
909173 5000000
909189 0
910973 5000000
910989 0
912773 5000000
912789 0
914573 5000000
914589 0
916373 5000000
916389 0
921862 5000000
921878 0
972757 3748528
972760 0
972777 3748528
972780 0
972797 3748528
972800 0
975457 3748528
975460 0
975477 3748528
975480 0
975497 3748528
975500 0
977857 3748528
977860 0
977877 3748528
977880 0
977897 3748528
977900 0
980557 3748528
980560 0
980577 3748528
980580 0
980597 3748528
980600 0
982657 3748528
982660 0
982677 3748528
982680 0
982697 3748528
982700 0
985357 3748528
985360 0
985377 3748528
985380 0
985397 3748528
985400 0
987457 3748528
987460 0
987477 3748528
987480 0
987497 3748528
987500 0
993633 3748528
993636 0
993653 3748528
993656 0
993673 3748528
993676 0
999933 3748528
999936 0
999953 3748528
999956 0
999973 3748528
999976 0
1089231 3748528
1089234 0
1089241 3748528
1089244 0
1089831 3748528
1089834 0
1089841 3748528
1089844 0
1094031 3748528
1094034 0
1094041 3748528
1094044 0
1094631 3748528
1094634 0
1094641 3748528
1094644 0
1100137 3748528
1100140 0
1100147 3748528
1100150 0
1100737 3748528
1100740 0
1100747 3748528
1100750 0
1104637 3748528
1104640 0
1104647 3748528
1104650 0
1105237 3748528
1105240 0
1105247 3748528
1105250 0
1109437 3748528
1109440 0
1109447 3748528
1109450 0
1110037 3748528
1110040 0
1110047 3748528
1110050 0
1115825 3748528
1115828 0
1115835 3748528
1115838 0
1116425 3748528
1116428 0
1116435 3748528
1116438 0
1120325 3748528
1120328 0
1120335 3748528
1120338 0
1120925 3748528
1120928 0
1120935 3748528
1120938 0
1122032 3748528
1122036 0
1122043 4992344
1122052 0
1122063 4992344
1122072 0
1122392 3748528
1122396 0
1122403 4992344
1122412 0
1122423 4992344
1122432 0
1122752 3748528
1122756 0
1122763 4992344
1122772 0
1122783 4992344
1122792 0
1123112 3748528
1123116 0
1123123 4992344
1123132 0
1123143 4992344
1123152 0
1123472 3748528
1123476 0
1123483 4992344
1123492 0
1123503 4992344
1123512 0
1123832 3748528
1123836 0
1123843 4992344
1123852 0
1123863 4992344
1123872 0
1124192 3748528
1124196 0
1124203 4992344
1124212 0
1124223 4992344
1124232 0
1124552 3748528
1124556 0
1124563 4992344
1124572 0
1124583 4992344
1124592 0
1124912 3748528
1124916 0
1124923 4992344
1124932 0
1124943 4992344
1124952 0
1125272 3748528
1125276 0
1125283 4992344
1125292 0
1125303 4992344
1125312 0
1125632 3748528
1125636 0
1125643 4992344
1125652 0
1125663 4992344
1125672 0
1125992 3748528
1125996 0
1126003 4992344
1126012 0
1126023 4992344
1126032 0
1126352 3748528
1126356 0
1126363 4992344
1126372 0
1126383 4992344
1126392 0
1126925 3748528
1126928 0
1126935 3748528
1126938 0
1127525 3748528
1127528 0
1127535 3748528
1127538 0
1129713 3748528
1129716 0
1129723 3748528
1129726 0
1130313 3748528
1130316 0
1130323 3748528
1130326 0
1147322 3748528
1147325 0
1147332 3748528
1147335 0
1148012 3748528
1148015 0
1148022 3748528
1148025 0
1204692 2824208
1204693 0
1204783 3748528
1204786 0
1204992 2824208
1204993 0
1205062 2824208
1205063 0
1205273 3765611
1205276 0
1208292 2824208
1208293 0
1208383 3748528
1208386 0
1208592 2824208
1208593 0
1208662 2824208
1208663 0
1208873 3765611
1208876 0
1211892 2824208
1211893 0
1211983 3748528
1211986 0
1212192 2824208
1212193 0
1212262 2824208
1212263 0
1212473 3765611
1212476 0
1215492 2824208
1215493 0
1215583 3748528
1215586 0
1215792 2824208
1215793 0
1215862 2824208
1215863 0
1216073 3765611
1216076 0
1218792 2824208
1218793 0
1218883 3748528
1218886 0
1219092 2824208
1219093 0
1219162 2824208
1219163 0
1219373 3765611
1219376 0
1391917 718864
1391918 0
1392527 718864
1392528 0
1393158 3748528
1393161 0
1393417 718864
1393418 0
1394027 718864
1394028 0
1394658 3748528
1394661 0
1394917 718864
1394918 0
1395527 718864
1395528 0
1396158 3748528
1396161 0
1403677 718864
1403678 0
1404287 718864
1404288 0
1404918 3748528
1404921 0
1405177 718864
1405178 0
1405787 718864
1405788 0
1406418 3748528
1406421 0
1406677 718864
1406678 0
1407287 718864
1407288 0
1407918 3748528
1407921 0
1438338 4313184
1438339 2310336
1438340 0
1438469 4313184
1438471 0
1438614 192528
1438615 0
1438919 2156592
1438920 0
1439238 3594320
1439239 962640
1439240 0
1439286 3594320
1439287 962640
1439288 0
1439557 718864
1439558 0
1439567 718864
1439568 0
1439577 718864
1439578 0
1439587 718864
1439588 0
1439597 718864
1439598 0
1439607 718864
1439608 0
1439617 718864
1439618 0
1439627 718864
1439628 0
1439637 718864
1439638 0
1439647 718864
1439648 0
1439657 718864
1439658 0
1439667 718864
1439668 0
1439677 718864
1439678 0
1439687 718864
1439688 0
1439697 718864
1439698 0
1439707 718864
1439708 0
1439717 718864
1439718 0
1439737 192528
1439738 0
1439747 192528
1439748 0
1439757 192528
1439758 0
1439767 192528
1439768 0
1439777 192528
1439778 0
1439787 192528
1439788 0
1439797 192528
1439798 0
1439807 192528
1439808 0
1439817 192528
1439818 0
1439827 192528
1439828 0
1439837 192528
1439838 0
1439847 192528
1439848 0
1439857 192528
1439858 0
1545438 4494818
1545439 3748528
1545442 0
1545448 4494818
1545453 0
1545498 4494818
1545503 0
1545558 4494818
1545559 3748528
1545562 0
1545568 4494818
1545573 0
1545618 4494818
1545623 0
1545678 4494818
1545683 0
1545688 4494818
1545693 0
1545738 4494818
1545739 3748528
1545742 0
1549638 4494818
1549639 3748528
1549642 0
1549648 4494818
1549653 0
1549698 4494818
1549703 0
1549758 4494818
1549759 3748528
1549762 0
1549768 4494818
1549773 0
1549818 4494818
1549823 0
1549878 4494818
1549883 0
1549888 4494818
1549893 0
1549938 4494818
1549939 3748528
1549942 0
1586862 82880
1586863 0
1586872 82880
1586873 0
1586882 82880
1586883 0
1586913 82880
1586914 0
1586923 82880
1586924 0
1586933 82880
1586934 0
1636314 3748528
1636317 0
1639914 3748528
1639917 0
1643514 3748528
1643517 0
1647114 3748528
1647117 0
1650534 3748528
1650537 0
1652728 3748528
1652731 0
1656328 3748528
1656331 0
1659928 3748528
1659931 0
1663528 3748528
1663531 0
1667128 3748528
1667131 0
1673343 3748528
1673346 0
1676943 3748528
1676946 0
1680543 3748528
1680546 0
1684143 3748528
1684146 0
1687563 3748528
1687566 0
1689757 3748528
1689760 0
1693357 3748528
1693360 0
1694931 3748528
1694934 0
1694941 3748528
1694944 0
1695531 3748528
1695534 0
1695541 3748528
1695544 0
1697845 3748528
1697848 0
1697855 3748528
1697858 0
1698445 3748528
1698448 0
1698455 3748528
1698458 0
1704745 3748528
1704748 0
1704755 3748528
1704758 0
1705345 3748528
1705348 0
1705355 3748528
1705358 0
1723345 3748528
1723348 0
1723355 3748528
1723358 0
1723945 3748528
1723948 0
1723955 3748528
1723958 0
1786828 2824208
1786829 0
1786948 2824208
1786949 0
1787068 2824208
1787069 0
1787548 2824208
1787549 0
1787668 2824208
1787669 0
1787788 2824208
1787789 0
1788268 2824208
1788269 0
1788388 2824208
1788389 0
1788508 2824208
1788509 0
1788988 2824208
1788989 0
1789108 2824208
1789109 0
1789228 2824208
1789229 0
1789708 2824208
1789709 0
1789828 2824208
1789829 0
1789948 2824208
1789949 0
1790428 2824208
1790429 0
1790548 2824208
1790549 0
1790668 2824208
1790669 0
1791148 2824208
1791149 0
1791268 2824208
1791269 0
1791388 2824208
1791389 0
1791868 2824208
1791869 0
1791988 2824208
1791989 0
1792108 2824208
1792109 0
1792588 2824208
1792589 0
1792708 2824208
1792709 0
1792828 2824208
1792829 0
1793248 2824208
1793249 0
1793368 2824208
1793369 0
1793488 2824208
1793489 0
1794028 2824208
1794029 0
1794148 2824208
1794149 0
1794268 2824208
1794269 0
1796943 2824208
1796944 0
1797034 3748528
1797037 0
1797243 2824208
1797244 0
1797313 2824208
1797314 0
1797524 3765611
1797527 0
1800843 2824208
1800844 0
1800934 3748528
1800937 0
1801143 2824208
1801144 0
1801213 2824208
1801214 0
1801424 3765611
1801427 0
1802943 2824208
1802944 0
1803034 3748528
1803037 0
1803243 2824208
1803244 0
1803313 2824208
1803314 0
1803524 3765611
1803527 0
1804443 2824208
1804444 0
1804534 3748528
1804537 0
1804743 2824208
1804744 0
1804813 2824208
1804814 0
1805024 3765611
1805027 0
1814557 2824208
1814558 0
1814648 3748528
1814651 0
1814857 2824208
1814858 0
1814927 2824208
1814928 0
1815138 3765611
1815141 0
1873905 3748528
1873908 0
1873920 5000000
1873938 0
1875705 3748528
1875708 0
1875720 5000000
1875738 0
1877505 3748528
1877508 0
1877520 5000000
1877538 0
1879305 3748528
1879308 0
1879320 5000000
1879338 0
1881105 3748528
1881108 0
1881120 5000000
1881138 0
1882905 3748528
1882908 0
1882920 5000000
1882938 0
1884705 3748528
1884708 0
1884720 5000000
1884738 0
1886505 3748528
1886508 0
1886520 5000000
1886538 0
1888305 3748528
1888308 0
1888320 5000000
1888338 0
1894195 3748528
1894198 0
1894210 5000000
1894228 0
1895995 3748528
1895998 0
1896010 5000000
1896028 0
1897795 3748528
1897798 0
1897810 5000000
1897828 0
1899595 3748528
1899598 0
1899610 5000000
1899628 0
1901395 3748528
1901398 0
1901410 5000000
1901428 0
1903195 3748528
1903198 0
1903210 5000000
1903228 0
1904995 3748528
1904998 0
1905010 5000000
1905028 0
1906795 3748528
1906798 0
1906810 5000000
1906828 0
1952857 3748528
1952860 0
1952877 3748528
1952880 0
1952897 3748528
1952900 0
1959157 3748528
1959160 0
1959177 3748528
1959180 0
1959197 3748528
1959200 0
1966973 3748528
1966976 0
1966993 3748528
1966996 0
1967013 3748528
1967016 0
1973273 3748528
1973276 0
1973293 3748528
1973296 0
1973313 3748528
1973316 0
1979573 3748528
1979576 0
1979593 3748528
1979596 0
1979613 3748528
1979616 0
1984973 3748528
1984976 0
1984993 3748528
1984996 0
1985013 3748528
1985016 0
1989773 3748528
1989776 0
1989793 3748528
1989796 0
1989813 3748528
1989816 0
1994573 3748528
1994576 0
1994593 3748528
1994596 0
1994613 3748528
1994616 0
1998552 3748528
1998555 0
1998572 3748528
1998575 0
1998592 3748528
1998595 0
50 events for F
41510 873
70310 0
262913 3276
277913 0
546402 3481
547602 0
549402 3481
567402 0
688707 873
717507 0
780377 3276
795377 0
795437 873
824237 0
1011624 3276
1026624 0
1026684 873
1055484 0
1082777 3276
1097777 0
1097837 873
1126637 0
1171718 3276
1186718 0
1186778 873
1215578 0
1278447 3276
1293447 0
1293507 873
1322307 0
1349600 3276
1364600 0
1364660 873
1393460 0
1438542 3276
1453542 0
1453602 873
1482402 0
1509695 3276
1524695 0
1524755 873
1553555 0
1693385 3276
1708385 0
1708445 873
1737245 0
1855910 873
1884710 0
1928668 873
1957468 0
1 events for G
1 74
13 events for H
20538 1370
348618 0
366138 1370
651018 0
668538 1370
953418 0
970938 1370
1255818 0
1273338 1370
1558218 0
1575738 1370
1817418 0
1834938 1370
13 events for I
17400 1370
345480 0
363000 1370
647880 0
665400 1370
950280 0
967800 1370
1252680 0
1270200 1370
1555080 0
1572600 1370
1814280 0
1831800 1370
13 events for J
19854 1370
347934 0
365454 1370
650334 0
667854 1370
952734 0
970254 1370
1255134 0
1272654 1370
1557534 0
1575054 1370
1816734 0
1834254 1370
158 events for K
21447 906
37846 0
50667 906
55735 0
58615 906
74225 0
80405 906
92114 0
94827 593
110127 0
116764 593
127647 0
132393 906
133287 593
137073 906
146983 0
153163 906
165172 0
167452 906
183362 0
222387 906
223137 1500
229149 0
230477 1500
236477 0
295947 215
307367 0
367047 906
382643 0
388823 906
400612 0
401932 906
417867 0
424700 906
435708 0
438588 906
453796 0
459976 906
471285 0
475485 906
489373 0
495553 906
503667 0
509441 906
524949 0
526449 906
542738 0
645147 906
645927 0
669447 906
685043 0
691223 906
702832 0
707212 906
720620 0
726800 906
738408 0
739908 906
756196 0
762376 906
773985 0
776265 906
791085 0
797953 906
809561 0
811061 906
827349 0
830079 906
845138 0
851318 906
862926 0
911247 1087
913957 0
915147 906
915927 0
979947 906
980727 0
1043088 906
1058596 0
1064776 906
1076007 0
1079985 906
1093767 0
1100653 906
1111961 0
1114541 906
1129449 0
1131849 906
1147238 0
1203482 906
1218302 0
1224871 906
1235879 0
1237379 906
1252767 0
1274247 906
1289843 0
1296023 906
1307632 0
1312012 906
1325420 0
1331600 906
1343208 0
1346367 906
1360996 0
1367176 906
1378785 0
1381065 906
1389567 0
1390947 593
1395577 0
1402453 593
1406297 0
1407987 593
1413877 0
1417587 593
1421537 0
1423347 593
1429828 0
1435137 1500
1441157 0
1442457 1500
1448477 0
1458747 215
1470167 0
1527271 906
1538279 0
1543467 906
1551867 0
1578747 906
1593696 0
1599876 906
1612210 0
1613710 906
1630724 0
1673933 906
1686267 0
1687767 906
1704481 0
1762904 906
1778667 0
1785318 906
1792467 0
1794207 906
1796753 0
1798853 906
1814367 0
1865547 906
1866327 0
1873015 906
1888625 0
1894805 906
1906814 0
1951947 906
1952727 0
2003942 906
2015951 0
2018231 906
158 events for L
20442 906
36841 0
49662 906
54730 0
57610 906
73220 0
79400 906
91109 0
93822 593
109122 0
115759 593
126642 0
131388 906
132282 593
136068 906
145978 0
152158 906
164167 0
166447 906
182357 0
221382 906
222132 1500
228144 0
229472 1500
235472 0
294942 215
306362 0
366042 906
381638 0
387818 906
399607 0
400927 906
416862 0
423695 906
434703 0
437583 906
452791 0
458971 906
470280 0
474480 906
488368 0
494548 906
502662 0
508436 906
523944 0
525444 906
541733 0
644142 906
644922 0
668442 906
684038 0
690218 906
701827 0
706207 906
719615 0
725795 906
737403 0
738903 906
755191 0
761371 906
772980 0
775260 906
790080 0
796948 906
808556 0
810056 906
826344 0
829074 906
844133 0
850313 906
861921 0
910242 1087
912952 0
914142 906
914922 0
978942 906
979722 0
1042083 906
1057591 0
1063771 906
1075002 0
1078980 906
1092762 0
1099648 906
1110956 0
1113536 906
1128444 0
1130844 906
1146233 0
1202477 906
1217297 0
1223866 906
1234874 0
1236374 906
1251762 0
1273242 906
1288838 0
1295018 906
1306627 0
1311007 906
1324415 0
1330595 906
1342203 0
1345362 906
1359991 0
1366171 906
1377780 0
1380060 906
1388562 0
1389942 593
1394572 0
1401448 593
1405292 0
1406982 593
1412872 0
1416582 593
1420532 0
1422342 593
1428823 0
1434132 1500
1440152 0
1441452 1500
1447472 0
1457742 215
1469162 0
1526266 906
1537274 0
1542462 906
1550862 0
1577742 906
1592691 0
1598871 906
1611205 0
1612705 906
1629719 0
1672928 906
1685262 0
1686762 906
1703476 0
1761899 906
1777662 0
1784313 906
1791462 0
1793202 906
1795748 0
1797848 906
1813362 0
1864542 906
1865322 0
1872010 906
1887620 0
1893800 906
1905809 0
1950942 906
1951722 0
2002937 906
2014946 0
2017226 906
141 events for M
71 240
2182 444
20192 1471
36393 444
41792 1471
64593 444
77792 548
108393 444
113792 548
128203 2738
144393 2635
156992 3662
178593 2635
185792 2738
200203 548
234393 444
243392 548
246965 1830
262003 1768
262303 1830
270393 1727
279392 1830
306393 1727
324392 2754
345393 1727
365792 1830
380193 1727
387392 1830
414393 1727
421592 1830
450393 1727
457592 1830
484565 548
486393 444
493592 548
540393 444
545792 1471
567392 548
574593 444
581792 548
612393 444
617792 548
646603 2738
647793 2635
666392 2738
682593 2635
696992 3662
718593 2635
718603 444
723992 1471
738392 548
752793 444
759992 1471
788793 444
795992 548
842793 444
848192 548
876993 444
884192 548
914793 444
920192 548
941814 494
950193 391
956203 2581
968792 3608
984993 2581
990392 3608
991434 3662
1019193 2635
1026392 3662
1028203 1471
1054593 444
1062392 1471
1071403 3662
1091193 2635
1100192 3662
1125403 1471
1125703 1409
1126003 1471
1130143 3662
1130196 3912
1145193 2885
1145863 695
1150614 444
1152392 548
1179393 444
1186592 548
1215393 444
1222592 548
1233365 1830
1251993 1727
1271192 1830
1285593 1727
1292792 1830
1321593 1727
1328792 2754
1357593 1727
1364792 2754
1393593 1727
1400792 2754
1445793 1727
1454792 1830
1481793 1727
1490792 1830
1517793 1727
1517803 3917
1526792 4021
1537592 4944
1539403 2754
1553493 1727
1575392 2754
1589793 1727
1596992 2754
1625793 1727
1632992 1830
1665393 1727
1672592 1830
1701393 1727
1708592 1830
1737393 1727
1744592 2754
1775193 1727
1782392 2754
1814193 1727
1816903 1664
1817203 1727
1820203 3917
1832792 4944
1850793 3917
1856192 4944
1883193 3917
1885003 1727
1893992 2754
1906565 1471
1922793 444
1929992 1471
1958793 444
1965992 1471
1994793 444
2001992 1471
2003803 3662
158 events for N
22393 906
38792 0
51613 906
56681 0
59561 906
75171 0
81351 906
93060 0
95773 593
111073 0
117710 593
128593 0
133339 906
134233 593
138019 906
147929 0
154109 906
166118 0
168398 906
184308 0
223333 906
224083 1500
230095 0
231423 1500
237423 0
296893 215
308313 0
367993 906
383589 0
389769 906
401558 0
402878 906
418813 0
425646 906
436654 0
439534 906
454742 0
460922 906
472231 0
476431 906
490319 0
496499 906
504613 0
510387 906
525895 0
527395 906
543684 0
646093 906
646873 0
670393 906
685989 0
692169 906
703778 0
708158 906
721566 0
727746 906
739354 0
740854 906
757142 0
763322 906
774931 0
777211 906
792031 0
798899 906
810507 0
812007 906
828295 0
831025 906
846084 0
852264 906
863872 0
912193 1087
914903 0
916093 906
916873 0
980893 906
981673 0
1044034 906
1059542 0
1065722 906
1076953 0
1080931 906
1094713 0
1101599 906
1112907 0
1115487 906
1130395 0
1132795 906
1148184 0
1204428 906
1219248 0
1225817 906
1236825 0
1238325 906
1253713 0
1275193 906
1290789 0
1296969 906
1308578 0
1312958 906
1326366 0
1332546 906
1344154 0
1347313 906
1361942 0
1368122 906
1379731 0
1382011 906
1390513 0
1391893 593
1396523 0
1403399 593
1407243 0
1408933 593
1414823 0
1418533 593
1422483 0
1424293 593
1430774 0
1436083 1500
1442103 0
1443403 1500
1449423 0
1459693 215
1471113 0
1528217 906
1539225 0
1544413 906
1552813 0
1579693 906
1594642 0
1600822 906
1613156 0
1614656 906
1631670 0
1674879 906
1687213 0
1688713 906
1705427 0
1763850 906
1779613 0
1786264 906
1793413 0
1795153 906
1797699 0
1799799 906
1815313 0
1866493 906
1867273 0
1873961 906
1889571 0
1895751 906
1907760 0
1952893 906
1953673 0
2004888 906
2016897 0
2019177 906
1 events for O
1 2650
141 events for P
251 240
2362 444
20372 1471
36573 444
41972 1471
64773 444
77972 548
108573 444
113972 548
128383 2738
144573 2635
157172 3662
178773 2635
185972 2738
200383 548
234573 444
243572 548
247145 1830
262183 1768
262483 1830
270573 1727
279572 1830
306573 1727
324572 2754
345573 1727
365972 1830
380373 1727
387572 1830
414573 1727
421772 1830
450573 1727
457772 1830
484745 548
486573 444
493772 548
540573 444
545972 1471
567572 548
574773 444
581972 548
612573 444
617972 548
646783 2738
647973 2635
666572 2738
682773 2635
697172 3662
718773 2635
718783 444
724172 1471
738572 548
752973 444
760172 1471
788973 444
796172 548
842973 444
848372 548
877173 444
884372 548
914973 444
920372 548
941994 494
950373 391
956383 2581
968972 3608
985173 2581
990572 3608
991614 3662
1019373 2635
1026572 3662
1028383 1471
1054773 444
1062572 1471
1071583 3662
1091373 2635
1100372 3662
1125583 1471
1125883 1409
1126183 1471
1130323 3662
1130376 3912
1145373 2885
1146043 695
1150794 444
1152572 548
1179573 444
1186772 548
1215573 444
1222772 548
1233545 1830
1252173 1727
1271372 1830
1285773 1727
1292972 1830
1321773 1727
1328972 2754
1357773 1727
1364972 2754
1393773 1727
1400972 2754
1445973 1727
1454972 1830
1481973 1727
1490972 1830
1517973 1727
1517983 3917
1526972 4021
1537772 4944
1539583 2754
1553673 1727
1575572 2754
1589973 1727
1597172 2754
1625973 1727
1633172 1830
1665573 1727
1672772 1830
1701573 1727
1708772 1830
1737573 1727
1744772 2754
1775373 1727
1782572 2754
1814373 1727
1817083 1664
1817383 1727
1820383 3917
1832972 4944
1850973 3917
1856372 4944
1883373 3917
1885183 1727
1894172 2754
1906745 1471
1922973 444
1930172 1471
1958973 444
1966172 1471
1994973 444
2002172 1471
2003983 3662
3 events for Q
947700 90
958620 3500
984240 0
1515 events for R
19922 4707014
19928 0
19942 2824208
19943 0
20842 2824208
20843 0
21142 2824208
21143 0
22042 2824208
22043 0
22342 2824208
22343 0
23522 4707014
23528 0
27122 4707014
27128 0
30722 4707014
30728 0
34322 4707014
34328 0
40281 4707014
40287 0
43261 1882806
43264 0
43881 4707014
43887 0
47481 4707014
47487 0
49742 4707014
49748 0
56972 4707014
56978 0
60782 4707014
60788 0
64532 4707014
64538 0
64861 1412104
64863 0
68342 4707014
68348 0
78184 82880
78185 0
78194 82880
78195 0
78204 82880
78205 0
78235 82880
78236 0
78245 82880
78246 0
78255 82880
78256 0
223202 4313184
223203 2310336
223204 0
223333 4313184
223335 0
223478 192528
223479 0
223783 2156592
223784 0
224102 3594320
224103 962640
224104 0
224150 3594320
224151 962640
224152 0
224421 718864
224422 0
224431 718864
224432 0
224441 718864
224442 0
224451 718864
224452 0
224461 718864
224462 0
224471 718864
224472 0
224481 718864
224482 0
224491 718864
224492 0
224501 718864
224502 0
224511 718864
224512 0
224521 718864
224522 0
224531 718864
224532 0
224541 718864
224542 0
224551 718864
224552 0
224561 718864
224562 0
224571 718864
224572 0
224581 718864
224582 0
224601 192528
224602 0
224611 192528
224612 0
224621 192528
224622 0
224631 192528
224632 0
224641 192528
224642 0
224651 192528
224652 0
224661 192528
224662 0
224671 192528
224672 0
224681 192528
224682 0
224691 192528
224692 0
224701 192528
224702 0
224711 192528
224712 0
224721 192528
224722 0
237661 1412104
237663 0
240914 4313184
240915 2117808
240916 0
241635 4313184
241637 0
243455 1437728
243456 0
313516 3748528
313519 0
313526 3748528
313529 0
314116 3748528
314119 0
314126 3748528
314129 0
315316 3748528
315319 0
315326 3748528
315329 0
315916 3748528
315919 0
315926 3748528
315929 0
317116 3748528
317119 0
317126 3748528
317129 0
317716 3748528
317719 0
317726 3748528
317729 0
318916 3748528
318919 0
318926 3748528
318929 0
319516 3748528
319519 0
319526 3748528
319529 0
320716 3748528
320719 0
320726 3748528
320729 0
321316 3748528
321319 0
321326 3748528
321329 0
322516 3748528
322519 0
322526 3748528
322529 0
323116 3748528
323119 0
323126 3748528
323129 0
324061 1882806
324064 0
324326 3748528
324329 0
324336 3748528
324339 0
324926 3748528
324929 0
324936 3748528
324939 0
329006 3748528
329009 0
329016 3748528
329019 0
329606 3748528
329609 0
329616 3748528
329619 0
332906 3748528
332909 0
332916 3748528
332919 0
333506 3748528
333509 0
333516 3748528
333519 0
337106 3748528
337109 0
337116 3748528
337119 0
337706 3748528
337709 0
337716 3748528
337719 0
339095 3748528
339098 0
339105 3748528
339108 0
339695 3748528
339698 0
339705 3748528
339708 0
341306 3748528
341309 0
341316 3748528
341319 0
341906 3748528
341909 0
341916 3748528
341919 0
364802 4236312
364806 0
366602 4236312
366606 0
368402 4236312
368406 0
370202 4236312
370206 0
372002 4236312
372006 0
373802 4236312
373806 0
375602 4236312
375606 0
377402 4236312
377406 0
379202 4236312
379206 0
385078 4236312
385082 0
386878 4236312
386882 0
388678 4236312
388682 0
390478 4236312
390482 0
392278 4236312
392282 0
394502 4236312
394506 0
396302 4236312
396306 0
400767 4236312
400771 0
402567 4236312
402571 0
404367 4236312
404371 0
406167 4236312
406171 0
407967 4236312
407971 0
409767 4236312
409771 0
411567 4236312
411571 0
413367 4236312
413371 0
415167 4236312
415171 0
422762 4236312
422766 0
426422 4236312
426426 0
430082 4236312
430086 0
436982 4236312
436986 0
440702 4236312
440706 0
444422 4236312
444426 0
448142 4236312
448146 0
596461 82880
596462 0
596471 82880
596472 0
596481 82880
596482 0
596512 82880
596513 0
596522 82880
596523 0
596532 82880
596533 0
600097 5000000
600121 0
601367 5000000
601391 0
602637 5000000
602661 0
619026 4494818
619027 3748528
619030 0
619036 4494818
619041 0
619086 4494818
619091 0
619146 4494818
619147 3748528
619150 0
619156 4494818
619161 0
619206 4494818
619211 0
619266 4494818
619271 0
619276 4494818
619281 0
619326 4494818
619327 3748528
619330 0
623226 4494818
623227 3748528
623230 0
623236 4494818
623241 0
623286 4494818
623291 0
623346 4494818
623347 3748528
623350 0
623356 4494818
623361 0
623406 4494818
623411 0
623466 4494818
623471 0
623476 4494818
623481 0
623526 4494818
623527 3748528
623530 0
741691 3748528
741694 0
741731 3748528
741734 0
741771 4494818
741776 0
741811 4494818
741816 0
741851 3748528
741854 0
741891 3748528
741894 0
741931 4494818
741936 0
741971 4494818
741976 0
742011 3748528
742014 0
742051 3748528
742054 0
742091 4494818
742096 0
742131 4494818
742136 0
761721 3748528
761724 0
761741 3748528
761744 0
761761 3748528
761764 0
768021 3748528
768024 0
768041 3748528
768044 0
768061 3748528
768064 0
774339 3748528
774342 0
774359 3748528
774362 0
774379 3748528
774382 0
779139 3748528
779142 0
779159 3748528
779162 0
779179 3748528
779182 0
782439 2824208
782440 0
782530 3748528
782533 0
782799 2824208
782800 0
782869 2824208
782870 0
782939 2824208
782940 0
783259 3748528
783262 0
783274 5000000
783292 0
783939 3748528
783942 0
783959 3748528
783962 0
783979 3748528
783982 0
787239 2824208
787240 0
787330 3748528
787333 0
787599 2824208
787600 0
787669 2824208
787670 0
787739 2824208
787740 0
788059 3748528
788062 0
788074 5000000
788092 0
788739 3748528
788742 0
788759 3748528
788762 0
788779 3748528
788782 0
794227 3748528
794230 0
794247 3748528
794250 0
794267 3748528
794270 0
797527 2824208
797528 0
797618 3748528
797621 0
797887 2824208
797888 0
797957 2824208
797958 0
798027 2824208
798028 0
798347 3748528
798350 0
798362 5000000
798380 0
799027 3748528
799030 0
799047 3748528
799050 0
799067 3748528
799070 0
801321 2824208
801322 0
801412 3748528
801415 0
801681 2824208
801682 0
801751 2824208
801752 0
801821 2824208
801822 0
802141 3748528
802144 0
802156 5000000
802174 0
804021 3748528
804024 0
804041 3748528
804044 0
804061 3748528
804064 0
804921 2824208
804922 0
805012 3748528
805015 0
805281 2824208
805282 0
805351 2824208
805352 0
805421 2824208
805422 0
805741 3748528
805744 0
805756 5000000
805774 0
809915 2824208
809916 0
810006 3748528
810009 0
810275 2824208
810276 0
810345 2824208
810346 0
810415 2824208
810416 0
810735 3748528
810738 0
810750 5000000
810768 0
813665 2824208
813666 0
813756 3748528
813759 0
814025 2824208
814026 0
814095 2824208
814096 0
814165 2824208
814166 0
814485 3748528
814488 0
814500 5000000
814518 0
817415 2824208
817416 0
817506 3748528
817509 0
817775 2824208
817776 0
817845 2824208
817846 0
817915 2824208
817916 0
818235 3748528
818238 0
818250 5000000
818268 0
821165 2824208
821166 0
821256 3748528
821259 0
821525 2824208
821526 0
821595 2824208
821596 0
821665 2824208
821666 0
821985 3748528
821988 0
822000 5000000
822018 0
824465 2824208
824466 0
824556 3748528
824559 0
824825 2824208
824826 0
824895 2824208
824896 0
824965 2824208
824966 0
825285 3748528
825288 0
825300 5000000
825318 0
828153 2824208
828154 0
828244 3748528
828247 0
828513 2824208
828514 0
828583 2824208
828584 0
828653 2824208
828654 0
831903 2824208
831904 0
831994 3748528
831997 0
832263 2824208
832264 0
832333 2824208
832334 0
832403 2824208
832404 0
832723 3748528
832726 0
832738 5000000
832756 0
835034 3748528
835035 4498234
835040 0
835045 3748528
835048 0
835634 3748528
835635 4498234
835640 0
835645 3748528
835648 0
836234 3748528
836235 4498234
836240 0
836245 3748528
836248 0
836834 3748528
836835 4498234
836840 0
836845 3748528
836848 0
837434 3748528
837435 4498234
837440 0
837445 3748528
837448 0
838034 3748528
838035 4498234
838040 0
838045 3748528
838048 0
838634 3748528
838635 4498234
838640 0
838645 3748528
838648 0
839234 3748528
839235 4498234
839240 0
839245 3748528
839248 0
839834 3748528
839835 4498234
839840 0
839845 3748528
839848 0
840434 3748528
840435 4498234
840440 0
840445 3748528
840448 0
841034 3748528
841035 4498234
841040 0
841045 3748528
841048 0
841634 3748528
841635 4498234
841640 0
841645 3748528
841648 0
842237 5000000
842282 0
842447 5000000
842459 0
849123 3748528
849126 0
849163 3748528
849166 0
849203 4494818
849208 0
849243 4494818
849248 0
849283 3748528
849286 0
849323 3748528
849326 0
849363 4494818
849368 0
849403 4494818
849408 0
849443 3748528
849446 0
849483 3748528
849486 0
849523 4494818
849528 0
849563 4494818
849568 0
856202 5000000
856218 0
858002 5000000
858018 0
859802 5000000
859818 0
863261 5000000
863277 0
863560 3748528
863563 0
863575 5000000
863593 0
865061 5000000
865077 0
865360 3748528
865363 0
865375 5000000
865393 0
866861 5000000
866877 0
867160 3748528
867163 0
867175 5000000
867193 0
868661 5000000
868677 0
868960 3748528
868963 0
868975 5000000
868993 0
870461 5000000
870477 0
870760 3748528
870763 0
870775 5000000
870793 0
872261 5000000
872277 0
872560 3748528
872563 0
872575 5000000
872593 0
874061 5000000
874077 0
874360 3748528
874363 0
874375 5000000
874393 0
875861 5000000
875877 0
876160 3748528
876163 0
876175 5000000
876193 0
877661 5000000
877677 0
877960 3748528
877963 0
877975 5000000
877993 0
883149 5000000
883165 0
884949 5000000
884965 0
886749 5000000
886765 0
888549 5000000
888565 0
890349 5000000
890365 0
892149 5000000
892165 0
893949 5000000
893965 0
895749 5000000
895765 0
898837 5000000
898853 0
900637 5000000
900653 0
902437 5000000
902453 0
904237 5000000
904253 0
906037 5000000
906053 0
907837 5000000
907853 0
909637 5000000
909653 0
911437 5000000
911453 0
913237 5000000
913253 0
918726 5000000
918742 0
969621 3748528
969624 0
969641 3748528
969644 0
969661 3748528
969664 0
972321 3748528
972324 0
972341 3748528
972344 0
972361 3748528
972364 0
974721 3748528
974724 0
974741 3748528
974744 0
974761 3748528
974764 0
977421 3748528
977424 0
977441 3748528
977444 0
977461 3748528
977464 0
979521 3748528
979524 0
979541 3748528
979544 0
979561 3748528
979564 0
982221 3748528
982224 0
982241 3748528
982244 0
982261 3748528
982264 0
984321 3748528
984324 0
984341 3748528
984344 0
984361 3748528
984364 0
990497 3748528
990500 0
990517 3748528
990520 0
990537 3748528
990540 0
996797 3748528
996800 0
996817 3748528
996820 0
996837 3748528
996840 0
1086095 3748528
1086098 0
1086105 3748528
1086108 0
1086695 3748528
1086698 0
1086705 3748528
1086708 0
1090895 3748528
1090898 0
1090905 3748528
1090908 0
1091495 3748528
1091498 0
1091505 3748528
1091508 0
1097001 3748528
1097004 0
1097011 3748528
1097014 0
1097601 3748528
1097604 0
1097611 3748528
1097614 0
1101501 3748528
1101504 0
1101511 3748528
1101514 0
1102101 3748528
1102104 0
1102111 3748528
1102114 0
1106301 3748528
1106304 0
1106311 3748528
1106314 0
1106901 3748528
1106904 0
1106911 3748528
1106914 0
1112689 3748528
1112692 0
1112699 3748528
1112702 0
1113289 3748528
1113292 0
1113299 3748528
1113302 0
1117189 3748528
1117192 0
1117199 3748528
1117202 0
1117789 3748528
1117792 0
1117799 3748528
1117802 0
1118896 3748528
1118900 0
1118907 4992344
1118916 0
1118927 4992344
1118936 0
1119256 3748528
1119260 0
1119267 4992344
1119276 0
1119287 4992344
1119296 0
1119616 3748528
1119620 0
1119627 4992344
1119636 0
1119647 4992344
1119656 0
1119976 3748528
1119980 0
1119987 4992344
1119996 0
1120007 4992344
1120016 0
1120336 3748528
1120340 0
1120347 4992344
1120356 0
1120367 4992344
1120376 0
1120696 3748528
1120700 0
1120707 4992344
1120716 0
1120727 4992344
1120736 0
1121056 3748528
1121060 0
1121067 4992344
1121076 0
1121087 4992344
1121096 0
1121416 3748528
1121420 0
1121427 4992344
1121436 0
1121447 4992344
1121456 0
1121776 3748528
1121780 0
1121787 4992344
1121796 0
1121807 4992344
1121816 0
1122136 3748528
1122140 0
1122147 4992344
1122156 0
1122167 4992344
1122176 0
1122496 3748528
1122500 0
1122507 4992344
1122516 0
1122527 4992344
1122536 0
1122856 3748528
1122860 0
1122867 4992344
1122876 0
1122887 4992344
1122896 0
1123216 3748528
1123220 0
1123227 4992344
1123236 0
1123247 4992344
1123256 0
1123789 3748528
1123792 0
1123799 3748528
1123802 0
1124389 3748528
1124392 0
1124399 3748528
1124402 0
1126577 3748528
1126580 0
1126587 3748528
1126590 0
1127177 3748528
1127180 0
1127187 3748528
1127190 0
1144186 3748528
1144189 0
1144196 3748528
1144199 0
1144876 3748528
1144879 0
1144886 3748528
1144889 0
1201556 2824208
1201557 0
1201647 3748528
1201650 0
1201856 2824208
1201857 0
1201926 2824208
1201927 0
1202137 3765611
1202140 0
1205156 2824208
1205157 0
1205247 3748528
1205250 0
1205456 2824208
1205457 0
1205526 2824208
1205527 0
1205737 3765611
1205740 0
1208756 2824208
1208757 0
1208847 3748528
1208850 0
1209056 2824208
1209057 0
1209126 2824208
1209127 0
1209337 3765611
1209340 0
1212356 2824208
1212357 0
1212447 3748528
1212450 0
1212656 2824208
1212657 0
1212726 2824208
1212727 0
1212937 3765611
1212940 0
1215656 2824208
1215657 0
1215747 3748528
1215750 0
1215956 2824208
1215957 0
1216026 2824208
1216027 0
1216237 3765611
1216240 0
1388781 718864
1388782 0
1389391 718864
1389392 0
1390022 3748528
1390025 0
1390281 718864
1390282 0
1390891 718864
1390892 0
1391522 3748528
1391525 0
1391781 718864
1391782 0
1392391 718864
1392392 0
1393022 3748528
1393025 0
1400541 718864
1400542 0
1401151 718864
1401152 0
1401782 3748528
1401785 0
1402041 718864
1402042 0
1402651 718864
1402652 0
1403282 3748528
1403285 0
1403541 718864
1403542 0
1404151 718864
1404152 0
1404782 3748528
1404785 0
1435202 4313184
1435203 2310336
1435204 0
1435333 4313184
1435335 0
1435478 192528
1435479 0
1435783 2156592
1435784 0
1436102 3594320
1436103 962640
1436104 0
1436150 3594320
1436151 962640
1436152 0
1436421 718864
1436422 0
1436431 718864
1436432 0
1436441 718864
1436442 0
1436451 718864
1436452 0
1436461 718864
1436462 0
1436471 718864
1436472 0
1436481 718864
1436482 0
1436491 718864
1436492 0
1436501 718864
1436502 0
1436511 718864
1436512 0
1436521 718864
1436522 0
1436531 718864
1436532 0
1436541 718864
1436542 0
1436551 718864
1436552 0
1436561 718864
1436562 0
1436571 718864
1436572 0
1436581 718864
1436582 0
1436601 192528
1436602 0
1436611 192528
1436612 0
1436621 192528
1436622 0
1436631 192528
1436632 0
1436641 192528
1436642 0
1436651 192528
1436652 0
1436661 192528
1436662 0
1436671 192528
1436672 0
1436681 192528
1436682 0
1436691 192528
1436692 0
1436701 192528
1436702 0
1436711 192528
1436712 0
1436721 192528
1436722 0
1542302 4494818
1542303 3748528
1542306 0
1542312 4494818
1542317 0
1542362 4494818
1542367 0
1542422 4494818
1542423 3748528
1542426 0
1542432 4494818
1542437 0
1542482 4494818
1542487 0
1542542 4494818
1542547 0
1542552 4494818
1542557 0
1542602 4494818
1542603 3748528
1542606 0
1546502 4494818
1546503 3748528
1546506 0
1546512 4494818
1546517 0
1546562 4494818
1546567 0
1546622 4494818
1546623 3748528
1546626 0
1546632 4494818
1546637 0
1546682 4494818
1546687 0
1546742 4494818
1546747 0
1546752 4494818
1546757 0
1546802 4494818
1546803 3748528
1546806 0
1583726 82880
1583727 0
1583736 82880
1583737 0
1583746 82880
1583747 0
1583777 82880
1583778 0
1583787 82880
1583788 0
1583797 82880
1583798 0
1633178 3748528
1633181 0
1636778 3748528
1636781 0
1640378 3748528
1640381 0
1643978 3748528
1643981 0
1647398 3748528
1647401 0
1649592 3748528
1649595 0
1653192 3748528
1653195 0
1656792 3748528
1656795 0
1660392 3748528
1660395 0
1663992 3748528
1663995 0
1670207 3748528
1670210 0
1673807 3748528
1673810 0
1677407 3748528
1677410 0
1681007 3748528
1681010 0
1684427 3748528
1684430 0
1686621 3748528
1686624 0
1690221 3748528
1690224 0
1691795 3748528
1691798 0
1691805 3748528
1691808 0
1692395 3748528
1692398 0
1692405 3748528
1692408 0
1694709 3748528
1694712 0
1694719 3748528
1694722 0
1695309 3748528
1695312 0
1695319 3748528
1695322 0
1701609 3748528
1701612 0
1701619 3748528
1701622 0
1702209 3748528
1702212 0
1702219 3748528
1702222 0
1720209 3748528
1720212 0
1720219 3748528
1720222 0
1720809 3748528
1720812 0
1720819 3748528
1720822 0
1783692 2824208
1783693 0
1783812 2824208
1783813 0
1783932 2824208
1783933 0
1784412 2824208
1784413 0
1784532 2824208
1784533 0
1784652 2824208
1784653 0
1785132 2824208
1785133 0
1785252 2824208
1785253 0
1785372 2824208
1785373 0
1785852 2824208
1785853 0
1785972 2824208
1785973 0
1786092 2824208
1786093 0
1786572 2824208
1786573 0
1786692 2824208
1786693 0
1786812 2824208
1786813 0
1787292 2824208
1787293 0
1787412 2824208
1787413 0
1787532 2824208
1787533 0
1788012 2824208
1788013 0
1788132 2824208
1788133 0
1788252 2824208
1788253 0
1788732 2824208
1788733 0
1788852 2824208
1788853 0
1788972 2824208
1788973 0
1789452 2824208
1789453 0
1789572 2824208
1789573 0
1789692 2824208
1789693 0
1790112 2824208
1790113 0
1790232 2824208
1790233 0
1790352 2824208
1790353 0
1790892 2824208
1790893 0
1791012 2824208
1791013 0
1791132 2824208
1791133 0
1793807 2824208
1793808 0
1793898 3748528
1793901 0
1794107 2824208
1794108 0
1794177 2824208
1794178 0
1794388 3765611
1794391 0
1797707 2824208
1797708 0
1797798 3748528
1797801 0
1798007 2824208
1798008 0
1798077 2824208
1798078 0
1798288 3765611
1798291 0
1799807 2824208
1799808 0
1799898 3748528
1799901 0
1800107 2824208
1800108 0
1800177 2824208
1800178 0
1800388 3765611
1800391 0
1801307 2824208
1801308 0
1801398 3748528
1801401 0
1801607 2824208
1801608 0
1801677 2824208
1801678 0
1801888 3765611
1801891 0
1811421 2824208
1811422 0
1811512 3748528
1811515 0
1811721 2824208
1811722 0
1811791 2824208
1811792 0
1812002 3765611
1812005 0
1870769 3748528
1870772 0
1870784 5000000
1870802 0
1872569 3748528
1872572 0
1872584 5000000
1872602 0
1874369 3748528
1874372 0
1874384 5000000
1874402 0
1876169 3748528
1876172 0
1876184 5000000
1876202 0
1877969 3748528
1877972 0
1877984 5000000
1878002 0
1879769 3748528
1879772 0
1879784 5000000
1879802 0
1881569 3748528
1881572 0
1881584 5000000
1881602 0
1883369 3748528
1883372 0
1883384 5000000
1883402 0
1885169 3748528
1885172 0
1885184 5000000
1885202 0
1891059 3748528
1891062 0
1891074 5000000
1891092 0
1892859 3748528
1892862 0
1892874 5000000
1892892 0
1894659 3748528
1894662 0
1894674 5000000
1894692 0
1896459 3748528
1896462 0
1896474 5000000
1896492 0
1898259 3748528
1898262 0
1898274 5000000
1898292 0
1900059 3748528
1900062 0
1900074 5000000
1900092 0
1901859 3748528
1901862 0
1901874 5000000
1901892 0
1903659 3748528
1903662 0
1903674 5000000
1903692 0
1949721 3748528
1949724 0
1949741 3748528
1949744 0
1949761 3748528
1949764 0
1956021 3748528
1956024 0
1956041 3748528
1956044 0
1956061 3748528
1956064 0
1963837 3748528
1963840 0
1963857 3748528
1963860 0
1963877 3748528
1963880 0
1970137 3748528
1970140 0
1970157 3748528
1970160 0
1970177 3748528
1970180 0
1976437 3748528
1976440 0
1976457 3748528
1976460 0
1976477 3748528
1976480 0
1981837 3748528
1981840 0
1981857 3748528
1981860 0
1981877 3748528
1981880 0
1986637 3748528
1986640 0
1986657 3748528
1986660 0
1986677 3748528
1986680 0
1991437 3748528
1991440 0
1991457 3748528
1991460 0
1991477 3748528
1991480 0
1995416 3748528
1995419 0
1995436 3748528
1995439 0
1995456 3748528
1995459 0
