18 instruments
A 10 100 5910082.7758317869 3030989320.3134623
B 10 100 2312500 800000000
C 10 100 40530.039409419333 54204511.969197564
D 10 100 0 888000000
E 10 100 154000 595557000
F 10 100 45126217.813212499 1435691857.5629289
G 10 100 815344000 7516190000
H 10 100 0.000155227 800000000
I 10 100 20927.686835728317 891804836.74978614
J 10 100 6499613.0472409306 3333330256.035996
K 10 100 352362.70723718189 299636114.68177354
L 10 100 47192398.279190399 1501427445.7644184
M 10 100 192158478.34180248 847760826.1096437
N 10 100 0.00018113117344584602 933503441.77673233
O 10 100 2665037.1650940888 921958803.05957663
P 10 100 728287279.5071317 6713663885.8674479
Q 10 100 157159.98672976866 607777468.940395
R 10 100 1801610371.8348846 4747451505.5334387
100 downlinks
0 19800 49577 17825.048205999999
1 49578 67745 16584.801629000001
2 91816 96499 56583.634539999999
3 120738 135056 54510.231771999999
4 137178 152542 17937.152144
5 178088 221962 61000.683803
6 221963 249338 18467.928540000001
7 264361 308238 25417.817937
8 308239 327328 19015.030229
9 330078 347128 24567.032964000002
10 365400 394577 17828.859713000002
11 394578 411962 17701.536620999999
12 436911 480795 25418.320157999999
13 480796 501418 17542.270487000002
14 502578 528436 23159.729212999999
15 528437 567073 59981.281416999998
16 567074 597076 17972.728726000001
17 597077 613056 22999.291153999999
18 614837 654623 56629.461013
19 667800 674336 23614.41446
20 679877 701139 22122.706344999999
21 701176 739875 59998.788971000002
22 739876 757341 17624.346496999999
23 782015 826275 61074.347796000002
24 826276 843861 17138.572087
25 868291 913175 61181.460402999997
26 913176 932357 17433.778816999999
27 933675 950344 23082.352213999999
28 970200 999423 17883.640805999999
29 999424 1023140 17543.785331999999
30 1023675 1046233 22376.399878
31 1046234 1080073 58655.879155000002
32 1080074 1103435 17582.023593000002
33 1105574 1117118 58623.309652000004
34 1127127 1168572 15119.160288999999
35 1168573 1190199 16914.110455999999
36 1194973 1207189 55409.676240000001
37 1213406 1243421 14837.924851
38 1244310 1247704 18937.599925999999
39 1278072 1294888 56160.945200000002
40 1299686 1347970 56661.696495999997
41 1347971 1360266 56748.807657999998
42 1364471 1376676 58852.465277000003
43 1396870 1423170 17334.486729
44 1429871 1472246 60764.045818999999
45 1472247 1519663 24005.080918
46 1527369 1531566 18969.341575999999
47 1536969 1558329 18036.499982000001
48 1581368 1593440 52719.905522000001
49 1602442 1633051 54389.954824
50 1656966 1668740 17991.02982
51 1688727 1730446 61717.871531999997
52 1731094 1776643 24930.695499000001
53 1795565 1819204 22398.438724
54 1834200 1862647 17244.778962
55 1865463 1877801 18220.925300999999
56 1894563 1906123 58678.576760000004
57 1909322 1949161 58555.537063999996
58 1949162 1964047 18992.23504
59 1981862 2018383 13796.402593000001
60 2033878 2072159 59962.626314000001
61 2072160 2078069 23204.996364999999
62 2095500 2118635 60314.874481999999
63 2121059 2137467 18020.649063000001
64 2179800 2207240 17416.188300000002
65 2233257 2253543 17116.766715000002
66 2254255 2260753 60234.572946
67 2264755 2284848 16963.427941999998
68 2292746 2335084 60809.052052999999
69 2335085 2360164 23716.228502000002
70 2360753 2368255 18029.108412000001
71 2371913 2374993 60100.563959999999
72 2439000 2465425 17729.224104000001
73 2498751 2510833 17589.138943000002
74 2513509 2545848 58302.529763999999
75 2545849 2563293 18080.346756999999
76 2571649 2599285 55874.873438000002
77 2605247 2628473 60291.091052000003
78 2637912 2680234 60832.041154999999
79 2680235 2718344 24945.773354000001
80 2718345 2742158 18650.039686
81 2784600 2810215 17801.393711000001
82 2810648 2813791 18241.361444999999
83 2830242 2853075 24067.369501000001
84 2854240 2878223 56712.888793999999
85 2904340 2913195 58370.132263
86 2916711 2937551 58005.525035999999
87 2939102 2976937 24930.123806
88 2976938 2998111 16739.689300999999
89 3043800 3068367 18181.419744999999
90 3090335 3115951 18610.315675999998
91 3117393 3155781 59847.283359000001
92 3157233 3173308 18063.419893999999
93 3177933 3202738 18186.627066000001
94 3203790 3219637 56843.492619999997
95 3241970 3275429 9175.5815739999998
96 3275430 3286919 9288.5908459999991
97 3290187 3328186 29976.478185
98 3330327 3347364 8340.6453669999992
99 3356727 3367030 28164.287346000001
0 opportunities for A
0 opportunities for B
0 opportunities for C
0 opportunities for D
0 opportunities for E
0 opportunities for F
0 opportunities for G
0 opportunities for H
0 opportunities for I
0 opportunities for J
0 opportunities for K
0 opportunities for L
0 opportunities for M
0 opportunities for N
0 opportunities for O
0 opportunities for P
0 opportunities for Q
0 opportunities for R
3 events for A
1638 2650
2161637 0
2161638 2650
31 events for B
17400 1370
345480 0
363000 1370
647880 0
665400 1370
950280 0
967800 1370
1252680 0
1270200 1370
1555080 0
1572600 1370
1814280 0
1831800 1370
2159880 0
2177580 600
2177760 1300
2417640 600
2417840 0
2436780 600
2436960 1300
2764124 700
2764169 0
2782380 600
2782620 1300
3023440 700
3023485 0
3041580 600
3041820 1300
3368780 700
3368825 0
3387000 1300
3 events for C
2369 18
2162368 0
2162369 18
68 events for D
4057 10000000
4058 0
344481 10000000
344482 0
385448 10000000
385449 0
427762 10000000
427763 0
470522 10000000
470523 0
513432 10000000
513433 0
556292 10000000
556293 0
598903 10000000
598904 0
641049 10000000
641050 0
682692 10000000
682693 0
724309 10000000
724310 0
766576 10000000
766577 0
809670 10000000
809671 0
853408 10000000
853409 0
897598 10000000
897599 0
942141 10000000
942142 0
987043 10000000
987044 0
1032521 10000000
1032522 0
1503522 10000000
1503523 0
1545451 10000000
1545452 0
1588099 10000000
1588100 0
1631017 10000000
1631018 0
1673995 10000000
1673996 0
1716852 10000000
1716853 0
1759382 10000000
1759383 0
1801367 10000000
1801368 0
1842860 10000000
1842861 0
1884510 10000000
1884511 0
1926967 10000000
1926968 0
1970268 10000000
1970269 0
2014183 10000000
2014184 0
2058539 10000000
2058540 0
2103276 10000000
2103277 0
2148498 10000000
2148499 0
3 events for E
1 74
2160000 0
2160001 74
54 events for F
405 1642
20324 2414
36483 1642
40683 2414
72862 1642
78562 2414
90751 1642
129330 2414
131170 1642
365204 2414
416504 1642
422857 2414
452433 1642
458433 2414
488010 1642
493710 2414
541375 1642
697604 2414
737045 1642
1041545 2414
1085984 1642
1221528 2414
1251404 1642
1272404 2414
1302104 1642
1308169 2414
1310009 1642
1345604 2414
1388204 1642
1574604 2414
1576444 1642
1707618 2414
1777304 1642
1943730 2414
1945570 1642
2160404 0
2160405 1285
2179404 2414
2181244 1285
2512351 2057
2528201 1285
2532641 2057
2548530 2414
2550770 2057
2564400 1285
2784204 2414
2786044 1285
3153330 2414
3155170 1285
3173820 2057
3224188 706
3338144 2057
3370004 706
3389004 2414
1554 events for G
19922 4707014
19928 0
19942 2824208
19943 0
20842 2824208
20843 0
21142 2824208
21143 0
22042 2824208
22043 0
22342 2824208
22343 0
23522 4707014
23528 0
27122 4707014
27128 0
30722 4707014
30728 0
34322 4707014
34328 0
40281 4707014
40287 0
43261 1882806
43264 0
43881 4707014
43887 0
47481 4707014
47487 0
49742 4707014
49748 0
56972 4707014
56978 0
60782 4707014
60788 0
64532 4707014
64538 0
64861 1412104
64863 0
68342 4707014
68348 0
78184 82880
78185 0
78194 82880
78195 0
78204 82880
78205 0
78235 82880
78236 0
78245 82880
78246 0
78255 82880
78256 0
223202 4313184
223203 2310336
223204 0
223333 4313184
223335 0
223478 192528
223479 0
223783 2156592
223784 0
224102 3594320
224103 962640
224104 0
224150 3594320
224151 962640
224152 0
224421 718864
224422 0
224431 718864
224432 0
224441 718864
224442 0
224451 718864
224452 0
224461 718864
224462 0
224471 718864
224472 0
224481 718864
224482 0
224491 718864
224492 0
224501 718864
224502 0
224511 718864
224512 0
224521 718864
224522 0
224531 718864
224532 0
224541 718864
224542 0
224551 718864
224552 0
224561 718864
224562 0
224571 718864
224572 0
224581 718864
224582 0
224601 192528
224602 0
224611 192528
224612 0
224621 192528
224622 0
224631 192528
224632 0
224641 192528
224642 0
224651 192528
224652 0
224661 192528
224662 0
224671 192528
224672 0
224681 192528
224682 0
224691 192528
224692 0
224701 192528
224702 0
224711 192528
224712 0
224721 192528
224722 0
237661 1412104
237663 0
240914 4313184
240915 2117808
240916 0
241635 4313184
241637 0
243455 1437728
243456 0
313516 3748528
313519 0
313526 3748528
313529 0
314116 3748528
314119 0
314126 3748528
314129 0
315316 3748528
315319 0
315326 3748528
315329 0
315916 3748528
315919 0
315926 3748528
315929 0
317116 3748528
317119 0
317126 3748528
317129 0
317716 3748528
317719 0
317726 3748528
317729 0
318916 3748528
318919 0
318926 3748528
318929 0
319516 3748528
319519 0
319526 3748528
319529 0
320716 3748528
320719 0
320726 3748528
320729 0
321316 3748528
321319 0
321326 3748528
321329 0
322516 3748528
322519 0
322526 3748528
322529 0
323116 3748528
323119 0
323126 3748528
323129 0
324061 1882806
324064 0
324326 3748528
324329 0
324336 3748528
324339 0
324926 3748528
324929 0
324936 3748528
324939 0
329006 3748528
329009 0
329016 3748528
329019 0
329606 3748528
329609 0
329616 3748528
329619 0
332906 3748528
332909 0
332916 3748528
332919 0
333506 3748528
333509 0
333516 3748528
333519 0
337106 3748528
337109 0
337116 3748528
337119 0
337706 3748528
337709 0
337716 3748528
337719 0
339095 3748528
339098 0
339105 3748528
339108 0
339695 3748528
339698 0
339705 3748528
339708 0
341306 3748528
341309 0
341316 3748528
341319 0
341906 3748528
341909 0
341916 3748528
341919 0
364802 4236312
364806 0
366602 4236312
366606 0
368402 4236312
368406 0
370202 4236312
370206 0
372002 4236312
372006 0
373802 4236312
373806 0
375602 4236312
375606 0
377402 4236312
377406 0
379202 4236312
379206 0
385078 4236312
385082 0
386878 4236312
386882 0
388678 4236312
388682 0
390478 4236312
390482 0
392278 4236312
392282 0
394502 4236312
394506 0
396302 4236312
396306 0
400767 4236312
400771 0
402567 4236312
402571 0
404367 4236312
404371 0
406167 4236312
406171 0
407967 4236312
407971 0
409767 4236312
409771 0
411567 4236312
411571 0
413367 4236312
413371 0
415167 4236312
415171 0
422762 4236312
422766 0
426422 4236312
426426 0
430082 4236312
430086 0
436982 4236312
436986 0
440702 4236312
440706 0
444422 4236312
444426 0
448142 4236312
448146 0
596461 82880
596462 0
596471 82880
596472 0
596481 82880
596482 0
596512 82880
596513 0
596522 82880
596523 0
596532 82880
596533 0
600097 5000000
600121 0
601367 5000000
601391 0
602637 5000000
602661 0
619026 4494818
619027 3748528
619030 0
619036 4494818
619041 0
619086 4494818
619091 0
619146 4494818
619147 3748528
619150 0
619156 4494818
619161 0
619206 4494818
619211 0
619266 4494818
619271 0
619276 4494818
619281 0
619326 4494818
619327 3748528
619330 0
623226 4494818
623227 3748528
623230 0
623236 4494818
623241 0
623286 4494818
623291 0
623346 4494818
623347 3748528
623350 0
623356 4494818
623361 0
623406 4494818
623411 0
623466 4494818
623471 0
623476 4494818
623481 0
623526 4494818
623527 3748528
623530 0
741691 3748528
741694 0
741731 3748528
741734 0
741771 4494818
741776 0
741811 4494818
741816 0
741851 3748528
741854 0
741891 3748528
741894 0
741931 4494818
741936 0
741971 4494818
741976 0
742011 3748528
742014 0
742051 3748528
742054 0
742091 4494818
742096 0
742131 4494818
742136 0
761721 3748528
761724 0
761741 3748528
761744 0
761761 3748528
761764 0
768021 3748528
768024 0
768041 3748528
768044 0
768061 3748528
768064 0
774339 3748528
774342 0
774359 3748528
774362 0
774379 3748528
774382 0
779139 3748528
779142 0
779159 3748528
779162 0
779179 3748528
779182 0
782439 2824208
782440 0
782530 3748528
782533 0
782799 2824208
782800 0
782869 2824208
782870 0
782939 2824208
782940 0
783259 3748528
783262 0
783274 5000000
783292 0
783939 3748528
783942 0
783959 3748528
783962 0
783979 3748528
783982 0
787239 2824208
787240 0
787330 3748528
787333 0
787599 2824208
787600 0
787669 2824208
787670 0
787739 2824208
787740 0
788059 3748528
788062 0
788074 5000000
788092 0
788739 3748528
788742 0
788759 3748528
788762 0
788779 3748528
788782 0
794227 3748528
794230 0
794247 3748528
794250 0
794267 3748528
794270 0
797527 2824208
797528 0
797618 3748528
797621 0
797887 2824208
797888 0
797957 2824208
797958 0
798027 2824208
798028 0
798347 3748528
798350 0
798362 5000000
798380 0
799027 3748528
799030 0
799047 3748528
799050 0
799067 3748528
799070 0
801321 2824208
801322 0
801412 3748528
801415 0
801681 2824208
801682 0
801751 2824208
801752 0
801821 2824208
801822 0
802141 3748528
802144 0
802156 5000000
802174 0
804021 3748528
804024 0
804041 3748528
804044 0
804061 3748528
804064 0
804921 2824208
804922 0
805012 3748528
805015 0
805281 2824208
805282 0
805351 2824208
805352 0
805421 2824208
805422 0
805741 3748528
805744 0
805756 5000000
805774 0
809915 2824208
809916 0
810006 3748528
810009 0
810275 2824208
810276 0
810345 2824208
810346 0
810415 2824208
810416 0
810735 3748528
810738 0
810750 5000000
810768 0
813665 2824208
813666 0
813756 3748528
813759 0
814025 2824208
814026 0
814095 2824208
814096 0
814165 2824208
814166 0
814485 3748528
814488 0
814500 5000000
814518 0
817415 2824208
817416 0
817506 3748528
817509 0
817775 2824208
817776 0
817845 2824208
817846 0
817915 2824208
817916 0
818235 3748528
818238 0
818250 5000000
818268 0
821165 2824208
821166 0
821256 3748528
821259 0
821525 2824208
821526 0
821595 2824208
821596 0
821665 2824208
821666 0
821985 3748528
821988 0
822000 5000000
822018 0
824465 2824208
824466 0
824556 3748528
824559 0
824825 2824208
824826 0
824895 2824208
824896 0
824965 2824208
824966 0
825285 3748528
825288 0
825300 5000000
825318 0
828153 2824208
828154 0
828244 3748528
828247 0
828513 2824208
828514 0
828583 2824208
828584 0
828653 2824208
828654 0
831903 2824208
831904 0
831994 3748528
831997 0
832263 2824208
832264 0
832333 2824208
832334 0
832403 2824208
832404 0
832723 3748528
832726 0
832738 5000000
832756 0
835034 3748528
835035 4498234
835040 0
835045 3748528
835048 0
835634 3748528
835635 4498234
835640 0
835645 3748528
835648 0
836234 3748528
836235 4498234
836240 0
836245 3748528
836248 0
836834 3748528
836835 4498234
836840 0
836845 3748528
836848 0
837434 3748528
837435 4498234
837440 0
837445 3748528
837448 0
838034 3748528
838035 4498234
838040 0
838045 3748528
838048 0
838634 3748528
838635 4498234
838640 0
838645 3748528
838648 0
839234 3748528
839235 4498234
839240 0
839245 3748528
839248 0
839834 3748528
839835 4498234
839840 0
839845 3748528
839848 0
840434 3748528
840435 4498234
840440 0
840445 3748528
840448 0
841034 3748528
841035 4498234
841040 0
841045 3748528
841048 0
841634 3748528
841635 4498234
841640 0
841645 3748528
841648 0
842237 5000000
842282 0
842447 5000000
842459 0
849123 3748528
849126 0
849163 3748528
849166 0
849203 4494818
849208 0
849243 4494818
849248 0
849283 3748528
849286 0
849323 3748528
849326 0
849363 4494818
849368 0
849403 4494818
849408 0
849443 3748528
849446 0
849483 3748528
849486 0
849523 4494818
849528 0
849563 4494818
849568 0
856202 5000000
856218 0
858002 5000000
858018 0
859802 5000000
859818 0
863261 5000000
863277 0
863560 3748528
863563 0
863575 5000000
863593 0
865061 5000000
865077 0
865360 3748528
865363 0
865375 5000000
865393 0
866861 5000000
866877 0
867160 3748528
867163 0
867175 5000000
867193 0
868661 5000000
868677 0
868960 3748528
868963 0
868975 5000000
868993 0
870461 5000000
870477 0
870760 3748528
870763 0
870775 5000000
870793 0
872261 5000000
872277 0
872560 3748528
872563 0
872575 5000000
872593 0
874061 5000000
874077 0
874360 3748528
874363 0
874375 5000000
874393 0
875861 5000000
875877 0
876160 3748528
876163 0
876175 5000000
876193 0
877661 5000000
877677 0
877960 3748528
877963 0
877975 5000000
877993 0
883149 5000000
883165 0
884949 5000000
884965 0
886749 5000000
886765 0
888549 5000000
888565 0
890349 5000000
890365 0
892149 5000000
892165 0
893949 5000000
893965 0
895749 5000000
895765 0
898837 5000000
898853 0
900637 5000000
900653 0
902437 5000000
902453 0
904237 5000000
904253 0
906037 5000000
906053 0
907837 5000000
907853 0
909637 5000000
909653 0
911437 5000000
911453 0
913237 5000000
913253 0
918726 5000000
918742 0
969621 3748528
969624 0
969641 3748528
969644 0
969661 3748528
969664 0
972321 3748528
972324 0
972341 3748528
972344 0
972361 3748528
972364 0
974721 3748528
974724 0
974741 3748528
974744 0
974761 3748528
974764 0
977421 3748528
977424 0
977441 3748528
977444 0
977461 3748528
977464 0
979521 3748528
979524 0
979541 3748528
979544 0
979561 3748528
979564 0
982221 3748528
982224 0
982241 3748528
982244 0
982261 3748528
982264 0
984321 3748528
984324 0
984341 3748528
984344 0
984361 3748528
984364 0
990497 3748528
990500 0
990517 3748528
990520 0
990537 3748528
990540 0
996797 3748528
996800 0
996817 3748528
996820 0
996837 3748528
996840 0
1086095 3748528
1086098 0
1086105 3748528
1086108 0
1086695 3748528
1086698 0
1086705 3748528
1086708 0
1090895 3748528
1090898 0
1090905 3748528
1090908 0
1091495 3748528
1091498 0
1091505 3748528
1091508 0
1097001 3748528
1097004 0
1097011 3748528
1097014 0
1097601 3748528
1097604 0
1097611 3748528
1097614 0
1101501 3748528
1101504 0
1101511 3748528
1101514 0
1102101 3748528
1102104 0
1102111 3748528
1102114 0
1106301 3748528
1106304 0
1106311 3748528
1106314 0
1106901 3748528
1106904 0
1106911 3748528
1106914 0
1112689 3748528
1112692 0
1112699 3748528
1112702 0
1113289 3748528
1113292 0
1113299 3748528
1113302 0
1117189 3748528
1117192 0
1117199 3748528
1117202 0
1117789 3748528
1117792 0
1117799 3748528
1117802 0
1118896 3748528
1118900 0
1118907 4992344
1118916 0
1118927 4992344
1118936 0
1119256 3748528
1119260 0
1119267 4992344
1119276 0
1119287 4992344
1119296 0
1119616 3748528
1119620 0
1119627 4992344
1119636 0
1119647 4992344
1119656 0
1119976 3748528
1119980 0
1119987 4992344
1119996 0
1120007 4992344
1120016 0
1120336 3748528
1120340 0
1120347 4992344
1120356 0
1120367 4992344
1120376 0
1120696 3748528
1120700 0
1120707 4992344
1120716 0
1120727 4992344
1120736 0
1121056 3748528
1121060 0
1121067 4992344
1121076 0
1121087 4992344
1121096 0
1121416 3748528
1121420 0
1121427 4992344
1121436 0
1121447 4992344
1121456 0
1121776 3748528
1121780 0
1121787 4992344
1121796 0
1121807 4992344
1121816 0
1122136 3748528
1122140 0
1122147 4992344
1122156 0
1122167 4992344
1122176 0
1122496 3748528
1122500 0
1122507 4992344
1122516 0
1122527 4992344
1122536 0
1122856 3748528
1122860 0
1122867 4992344
1122876 0
1122887 4992344
1122896 0
1123216 3748528
1123220 0
1123227 4992344
1123236 0
1123247 4992344
1123256 0
1123789 3748528
1123792 0
1123799 3748528
1123802 0
1124389 3748528
1124392 0
1124399 3748528
1124402 0
1126577 3748528
1126580 0
1126587 3748528
1126590 0
1127177 3748528
1127180 0
1127187 3748528
1127190 0
1144186 3748528
1144189 0
1144196 3748528
1144199 0
1144876 3748528
1144879 0
1144886 3748528
1144889 0
1201556 2824208
1201557 0
1201647 3748528
1201650 0
1201856 2824208
1201857 0
1201926 2824208
1201927 0
1202137 3765611
1202140 0
1205156 2824208
1205157 0
1205247 3748528
1205250 0
1205456 2824208
1205457 0
1205526 2824208
1205527 0
1205737 3765611
1205740 0
1208756 2824208
1208757 0
1208847 3748528
1208850 0
1209056 2824208
1209057 0
1209126 2824208
1209127 0
1209337 3765611
1209340 0
1212356 2824208
1212357 0
1212447 3748528
1212450 0
1212656 2824208
1212657 0
1212726 2824208
1212727 0
1212937 3765611
1212940 0
1215656 2824208
1215657 0
1215747 3748528
1215750 0
1215956 2824208
1215957 0
1216026 2824208
1216027 0
1216237 3765611
1216240 0
1388781 718864
1388782 0
1389391 718864
1389392 0
1390022 3748528
1390025 0
1390281 718864
1390282 0
1390891 718864
1390892 0
1391522 3748528
1391525 0
1391781 718864
1391782 0
1392391 718864
1392392 0
1393022 3748528
1393025 0
1400541 718864
1400542 0
1401151 718864
1401152 0
1401782 3748528
1401785 0
1402041 718864
1402042 0
1402651 718864
1402652 0
1403282 3748528
1403285 0
1403541 718864
1403542 0
1404151 718864
1404152 0
1404782 3748528
1404785 0
1435202 4313184
1435203 2310336
1435204 0
1435333 4313184
1435335 0
1435478 192528
1435479 0
1435783 2156592
1435784 0
1436102 3594320
1436103 962640
1436104 0
1436150 3594320
1436151 962640
1436152 0
1436421 718864
1436422 0
1436431 718864
1436432 0
1436441 718864
1436442 0
1436451 718864
1436452 0
1436461 718864
1436462 0
1436471 718864
1436472 0
1436481 718864
1436482 0
1436491 718864
1436492 0
1436501 718864
1436502 0
1436511 718864
1436512 0
1436521 718864
1436522 0
1436531 718864
1436532 0
1436541 718864
1436542 0
1436551 718864
1436552 0
1436561 718864
1436562 0
1436571 718864
1436572 0
1436581 718864
1436582 0
1436601 192528
1436602 0
1436611 192528
1436612 0
1436621 192528
1436622 0
1436631 192528
1436632 0
1436641 192528
1436642 0
1436651 192528
1436652 0
1436661 192528
1436662 0
1436671 192528
1436672 0
1436681 192528
1436682 0
1436691 192528
1436692 0
1436701 192528
1436702 0
1436711 192528
1436712 0
1436721 192528
1436722 0
1542302 4494818
1542303 3748528
1542306 0
1542312 4494818
1542317 0
1542362 4494818
1542367 0
1542422 4494818
1542423 3748528
1542426 0
1542432 4494818
1542437 0
1542482 4494818
1542487 0
1542542 4494818
1542547 0
1542552 4494818
1542557 0
1542602 4494818
1542603 3748528
1542606 0
1546502 4494818
1546503 3748528
1546506 0
1546512 4494818
1546517 0
1546562 4494818
1546567 0
1546622 4494818
1546623 3748528
1546626 0
1546632 4494818
1546637 0
1546682 4494818
1546687 0
1546742 4494818
1546747 0
1546752 4494818
1546757 0
1546802 4494818
1546803 3748528
1546806 0
1583726 82880
1583727 0
1583736 82880
1583737 0
1583746 82880
1583747 0
1583777 82880
1583778 0
1583787 82880
1583788 0
1583797 82880
1583798 0
1633178 3748528
1633181 0
1636778 3748528
1636781 0
1640378 3748528
1640381 0
1643978 3748528
1643981 0
1647398 3748528
1647401 0
1649592 3748528
1649595 0
1653192 3748528
1653195 0
1656792 3748528
1656795 0
1660392 3748528
1660395 0
1663992 3748528
1663995 0
1670207 3748528
1670210 0
1673807 3748528
1673810 0
1677407 3748528
1677410 0
1681007 3748528
1681010 0
1684427 3748528
1684430 0
1686621 3748528
1686624 0
1690221 3748528
1690224 0
1691795 3748528
1691798 0
1691805 3748528
1691808 0
1692395 3748528
1692398 0
1692405 3748528
1692408 0
1694709 3748528
1694712 0
1694719 3748528
1694722 0
1695309 3748528
1695312 0
1695319 3748528
1695322 0
1701609 3748528
1701612 0
1701619 3748528
1701622 0
1702209 3748528
1702212 0
1702219 3748528
1702222 0
1720209 3748528
1720212 0
1720219 3748528
1720222 0
1720809 3748528
1720812 0
1720819 3748528
1720822 0
1783692 2824208
1783693 0
1783812 2824208
1783813 0
1783932 2824208
1783933 0
1784412 2824208
1784413 0
1784532 2824208
1784533 0
1784652 2824208
1784653 0
1785132 2824208
1785133 0
1785252 2824208
1785253 0
1785372 2824208
1785373 0
1785852 2824208
1785853 0
1785972 2824208
1785973 0
1786092 2824208
1786093 0
1786572 2824208
1786573 0
1786692 2824208
1786693 0
1786812 2824208
1786813 0
1787292 2824208
1787293 0
1787412 2824208
1787413 0
1787532 2824208
1787533 0
1788012 2824208
1788013 0
1788132 2824208
1788133 0
1788252 2824208
1788253 0
1788732 2824208
1788733 0
1788852 2824208
1788853 0
1788972 2824208
1788973 0
1789452 2824208
1789453 0
1789572 2824208
1789573 0
1789692 2824208
1789693 0
1790112 2824208
1790113 0
1790232 2824208
1790233 0
1790352 2824208
1790353 0
1790892 2824208
1790893 0
1791012 2824208
1791013 0
1791132 2824208
1791133 0
1793807 2824208
1793808 0
1793898 3748528
1793901 0
1794107 2824208
1794108 0
1794177 2824208
1794178 0
1794388 3765611
1794391 0
1797707 2824208
1797708 0
1797798 3748528
1797801 0
1798007 2824208
1798008 0
1798077 2824208
1798078 0
1798288 3765611
1798291 0
1799807 2824208
1799808 0
1799898 3748528
1799901 0
1800107 2824208
1800108 0
1800177 2824208
1800178 0
1800388 3765611
1800391 0
1801307 2824208
1801308 0
1801398 3748528
1801401 0
1801607 2824208
1801608 0
1801677 2824208
1801678 0
1801888 3765611
1801891 0
1811421 2824208
1811422 0
1811512 3748528
1811515 0
1811721 2824208
1811722 0
1811791 2824208
1811792 0
1812002 3765611
1812005 0
1870769 3748528
1870772 0
1870784 5000000
1870802 0
1872569 3748528
1872572 0
1872584 5000000
1872602 0
1874369 3748528
1874372 0
1874384 5000000
1874402 0
1876169 3748528
1876172 0
1876184 5000000
1876202 0
1877969 3748528
1877972 0
1877984 5000000
1878002 0
1879769 3748528
1879772 0
1879784 5000000
1879802 0
1881569 3748528
1881572 0
1881584 5000000
1881602 0
1883369 3748528
1883372 0
1883384 5000000
1883402 0
1885169 3748528
1885172 0
1885184 5000000
1885202 0
1891059 3748528
1891062 0
1891074 5000000
1891092 0
1892859 3748528
1892862 0
1892874 5000000
1892892 0
1894659 3748528
1894662 0
1894674 5000000
1894692 0
1896459 3748528
1896462 0
1896474 5000000
1896492 0
1898259 3748528
1898262 0
1898274 5000000
1898292 0
1900059 3748528
1900062 0
1900074 5000000
1900092 0
1901859 3748528
1901862 0
1901874 5000000
1901892 0
1903659 3748528
1903662 0
1903674 5000000
1903692 0
1949721 3748528
1949724 0
1949741 3748528
1949744 0
1949761 3748528
1949764 0
1956021 3748528
1956024 0
1956041 3748528
1956044 0
1956061 3748528
1956064 0
1963837 3748528
1963840 0
1963857 3748528
1963860 0
1963877 3748528
1963880 0
1970137 3748528
1970140 0
1970157 3748528
1970160 0
1970177 3748528
1970180 0
1976437 3748528
1976440 0
1976457 3748528
1976460 0
1976477 3748528
1976480 0
1981837 3748528
1981840 0
1981857 3748528
1981860 0
1981877 3748528
1981880 0
1986637 3748528
1986640 0
1986657 3748528
1986660 0
1986677 3748528
1986680 0
1991437 3748528
1991440 0
1991457 3748528
1991460 0
1991477 3748528
1991480 0
1995416 3748528
1995419 0
1995436 3748528
1995439 0
1995456 3748528
1995459 0
2354462 226158674
2354467 0
2376062 20242052
2376067 0
2397662 20242052
2397667 0
2462462 178452312
2462464 8996469
2462469 0
2592062 18598775
2592067 0
2613662 22542416
2613667 0
2635262 57946826
2635267 0
2656862 112491168
2656867 0
2678462 89992935
2678467 0
2739125 90225847
2739126 99456
2739127 17992937
2739132 0
2808063 36047367
2808068 0
2829663 39436416
2829668 0
2937663 79610631
2937668 0
2959263 77494701
2959268 0
3067263 73767533
3067268 0
3088863 221441780
3088868 0
3348063 47723996
3348068 0
3365013 12683312
3365018 0
458 events for H
23700 12910592
23701 0
30905 12910592
30906 0
51905 12910592
51906 0
57300 12910592
57301 0
60900 12910592
60901 0
64800 12910592
64801 0
68700 12910592
68701 0
78720 12910592
78721 0
82500 12910592
82501 0
86400 12910592
86401 0
93360 12910592
93361 0
103380 12910592
103381 0
115740 12910592
115741 0
122280 12910592
122281 0
131820 12910592
131821 0
139025 12910592
139026 0
151500 12910592
151501 0
158705 12910592
158706 0
166080 1089536
166081 0
170400 12910592
170401 0
175205 12910592
175206 0
178200 1089536
178201 0
180965 12910592
180966 0
365400 12910592
365401 0
372780 12910592
372781 0
380220 12910592
380221 0
387125 12910592
387126 0
398100 12910592
398101 0
408905 12910592
408906 0
423000 12910592
423001 0
426900 12910592
426901 0
430500 12910592
430501 0
433320 12910592
433321 0
440700 12910592
440701 0
444900 12910592
444901 0
462005 12910592
462006 0
465720 12910592
465721 0
477840 12910592
477841 0
481080 12910592
481081 0
484265 12910592
484266 0
493860 12910592
493861 0
497640 12910592
497641 0
513300 12910592
513301 0
520985 12910592
520986 0
526200 1089536
526201 0
529620 12910592
529621 0
533400 12910592
533401 0
536880 1089536
536881 0
539885 12910592
539886 0
667805 12910592
667806 0
671400 12910592
671401 0
675000 12910592
675001 0
678600 12910592
678601 0
682620 12910592
682621 0
689525 12910592
689526 0
693120 12910592
693121 0
709985 12910592
709986 0
716400 1089536
716401 0
725100 12910592
725101 0
732905 12910592
732906 0
742380 1089536
742381 0
750900 12910592
750901 0
760800 12910592
760801 0
770700 1089536
770701 0
778200 12910592
778201 0
787800 12910592
787801 0
796265 12910592
796266 0
801900 1089536
801901 0
812100 12910592
812101 0
819605 12910592
819606 0
828720 1089536
828721 0
837300 12910592
837301 0
849660 12910592
849661 0
856800 1089536
856801 0
860520 12910592
860521 0
1041720 12910592
1041721 0
1053300 1089536
1053301 0
1063080 12910592
1063081 0
1073640 12910592
1073641 0
1080305 12910592
1080306 0
1089300 1089536
1089301 0
1099265 12910592
1099266 0
1108500 12910592
1108501 0
1115700 1089536
1115701 0
1122600 12910592
1122601 0
1132680 12910592
1132681 0
1136520 1089536
1136521 0
1138740 12910592
1138741 0
1144860 12910592
1144861 0
1202165 12910592
1202166 0
1205700 1089536
1205701 0
1209305 12910592
1209306 0
1212900 1089536
1212901 0
1215845 12910592
1215846 0
1236785 12910592
1236786 0
1242300 1089536
1242301 0
1246500 12910592
1246501 0
1250400 12910592
1250401 0
1272900 1089536
1272901 0
1276620 12910592
1276621 0
1281300 1089536
1281301 0
1286700 12910592
1286701 0
1298400 12910592
1298401 0
1310640 1089536
1310641 0
1319705 12910592
1319706 0
1329900 12910592
1329901 0
1339505 12910592
1339506 0
1348500 12910592
1348501 0
1357500 1089536
1357501 0
1366800 12910592
1366801 0
1375200 1089536
1375201 0
1382700 12910592
1382701 0
1386605 12910592
1386606 0
1525625 12910592
1525626 0
1528500 1089536
1528501 0
1532100 12910592
1532101 0
1535880 12910592
1535881 0
1542900 1089536
1542901 0
1546205 12910592
1546206 0
1549500 12910592
1549501 0
1577100 12910592
1577101 0
1584180 1089536
1584181 0
1591320 12910592
1591321 0
1598225 12910592
1598226 0
1603500 1089536
1603501 0
1609800 12910592
1609801 0
1613100 12910592
1613101 0
1618505 12910592
1618506 0
1623900 1089536
1623901 0
1628340 12910592
1628341 0
1672260 12910592
1672261 0
1676100 1089536
1676101 0
1679705 12910592
1679706 0
1683900 1089536
1683901 0
1687200 12910592
1687201 0
1689900 12910592
1689901 0
1695900 1089536
1695901 0
1698725 12910592
1698726 0
1761545 12910592
1761546 0
1766100 12910592
1766101 0
1771200 1089536
1771201 0
1775700 12910592
1775701 0
1783925 12910592
1783926 0
1798260 12910592
1798261 0
1802100 1089536
1802101 0
1805700 12910592
1805701 0
1809300 1089536
1809301 0
1812000 12910592
1812001 0
1871340 12910592
1871341 0
1875305 12910592
1875306 0
1878900 1089536
1878901 0
1882500 12910592
1882501 0
1886220 1089536
1886221 0
1893120 12910592
1893121 0
1896725 12910592
1896726 0
1900320 1089536
1900321 0
1904400 12910592
1904401 0
2002260 12910592
2002261 0
2005865 12910592
2005866 0
2009460 1089536
2009461 0
2013540 12910592
2013541 0
2016840 1089536
2016841 0
2020440 12910592
2020441 0
2024040 1089536
2024041 0
2027645 12910592
2027646 0
2031720 12910592
2031721 0
2182805 12910592
2182806 0
2187450 12910592
2187451 0
2195100 12910592
2195101 0
2203034 12910592
2203035 0
2214493 12910592
2214494 0
2233157 12910592
2233158 0
2240057 12910592
2240058 0
2242538 12910592
2242539 0
2246700 12910592
2246701 0
2250301 12910592
2250302 0
2254976 12910592
2254977 0
2262578 12910592
2262579 0
2270186 12910592
2270187 0
2277318 12910592
2277319 0
2284500 12910592
2284501 0
2294700 12910592
2294701 0
2439000 12910592
2439001 0
2446839 12910592
2446840 0
2461579 12910592
2461580 0
2467205 12910592
2467206 0
2476468 12910592
2476469 0
2483763 12910592
2483764 0
2489405 12910592
2489406 0
2500500 12910592
2500501 0
2508301 12910592
2508302 0
2512547 12910592
2512548 0
2516272 12910592
2516273 0
2519872 12910592
2519873 0
2527197 12910592
2527198 0
2534762 12910592
2534763 0
2543706 12910592
2543707 0
2551206 12910592
2551207 0
2557385 12910592
2557386 0
2563396 12910592
2563397 0
2787330 12910592
2787331 0
2799300 12910592
2799301 0
2807829 12910592
2807830 0
2812779 12910592
2812780 0
2814905 12910592
2814906 0
2823043 12910592
2823044 0
2831100 12910592
2831101 0
2836385 12910592
2836386 0
2846100 12910592
2846101 0
2852699 12910592
2852700 0
2853901 12910592
2853902 0
2860076 12910592
2860077 0
2866800 12910592
2866801 0
2874986 12910592
2874987 0
2881891 12910592
2881892 0
2887543 12910592
2887544 0
2893200 12910592
2893201 0
2904407 12910592
2904408 0
2911714 12910592
2911715 0
3043805 12910592
3043806 0
3055239 12910592
3055240 0
3066384 12910592
3066385 0
3077668 12910592
3077669 0
3080968 12910592
3080969 0
3088413 12910592
3088414 0
3095858 12910592
3095859 0
3102900 12910592
3102901 0
3108900 12910592
3108901 0
3114005 12910592
3114006 0
88 events for I
130838 4214960
130842 0
131268 4214960
131272 0
132008 4214960
132012 0
132438 4214960
132442 0
473630 4214960
473634 0
474060 4214960
474064 0
474800 4214960
474804 0
475230 4214960
475234 0
704877 4214960
704881 0
705307 4214960
705311 0
706047 4214960
706051 0
706477 4214960
706481 0
1078430 4214960
1078434 0
1078860 4214960
1078864 0
1079600 4214960
1079604 0
1080030 4214960
1080034 0
1309677 4214960
1309681 0
1310107 4214960
1310111 0
1310847 4214960
1310851 0
1311277 4214960
1311281 0
1576112 4214960
1576116 0
1576542 4214960
1576546 0
1577282 4214960
1577286 0
1577712 4214960
1577716 0
1945238 4214960
1945242 0
1945668 4214960
1945672 0
1946408 4214960
1946412 0
1946838 4214960
1946842 0
2180912 4214960
2180916 0
2181342 4214960
2181346 0
2182082 4214960
2182086 0
2182512 4214960
2182516 0
2550038 4214960
2550042 0
2550468 4214960
2550472 0
2551208 4214960
2551212 0
2551638 4214960
2551642 0
2785712 4214960
2785716 0
2786142 4214960
2786146 0
2786882 4214960
2786886 0
2787312 4214960
2787316 0
3154838 4214960
3154842 0
3155268 4214960
3155272 0
3156008 4214960
3156012 0
3156438 4214960
3156442 0
3 events for J
1861 2650
2161860 0
2161861 2650
73 events for K
6822 185
346122 0
346722 185
950922 0
951522 185
1555722 0
1556322 185
2160522 0
2179182 20
2179362 0
2181522 20
2181702 0
2181762 62
2228202 0
2228862 20
2229042 0
2231202 20
2231382 0
2231442 62
2277882 0
2278002 20
2278182 289
2291442 0
2310822 20
2325394 0
2326054 20
2326234 0
2328394 20
2328574 0
2328634 62
2375074 0
2375854 20
2524122 0
2524902 20
2525082 0
2527242 20
2527422 0
2527482 53
2580942 0
2581602 20
2581782 0
2583942 20
2584122 0
2584182 53
2637642 0
2638302 20
2638482 0
2640642 20
2640822 0
2640882 53
2694342 0
2695002 20
2695182 0
2697342 20
2697522 0
2697582 53
2751042 0
2751162 20
2751342 252
2765562 0
3043182 20
3043362 0
3045522 20
3045702 0
3045762 28
3299562 0
3300222 20
3300402 0
3302562 20
3302742 0
3302802 56
3370482 0
3370722 243
53 events for L
1946 1642
21865 2414
38024 1642
42224 2414
74403 1642
80103 2414
92292 1642
130871 2414
132711 1642
366745 2414
418045 1642
424398 2414
453974 1642
459974 2414
489551 1642
495251 2414
542916 1642
699145 2414
738586 1642
1043086 2414
1087525 1642
1223069 2414
1252945 1642
1273945 2414
1303645 1642
1309710 2414
1311550 1642
1347145 2414
1389745 1642
1576145 2414
1577985 1642
1709159 2414
1778845 1642
1945271 2414
1947111 1642
2161945 0
2161946 1285
2180945 2414
2182785 1285
2513892 2057
2529742 1285
2534182 2057
2550071 2414
2552311 2057
2565941 1285
2785745 2414
2787585 1285
3154871 2414
3156711 1285
3175361 2057
3225729 706
3339685 2057
3371545 706
252 events for M
1012 240
3123 444
21133 1471
37334 444
42733 1471
65534 444
78733 548
109334 444
114733 548
129144 2738
145334 2635
157933 3662
179534 2635
186733 2738
201144 548
235334 444
244333 548
247906 1830
262944 1768
263244 1830
271334 1727
280333 1830
307334 1727
325333 2754
346334 1727
366733 1830
381134 1727
388333 1830
415334 1727
422533 1830
451334 1727
458533 1830
485506 548
487334 444
494533 548
541334 444
546733 1471
568333 548
575534 444
582733 548
613334 444
618733 548
647544 2738
648734 2635
667333 2738
683534 2635
697933 3662
719534 2635
719544 444
724933 1471
739333 548
753734 444
760933 1471
789734 444
796933 548
843734 444
849133 548
877934 444
885133 548
915734 444
921133 548
942755 494
951134 391
957144 2581
969733 3608
985934 2581
991333 3608
992375 3662
1020134 2635
1027333 3662
1029144 1471
1055534 444
1063333 1471
1072344 3662
1092134 2635
1101133 3662
1126344 1471
1126644 1409
1126944 1471
1131084 3662
1131137 3912
1146134 2885
1146804 695
1151555 444
1153333 548
1180334 444
1187533 548
1216334 444
1223533 548
1234306 1830
1252934 1727
1272133 1830
1286534 1727
1293733 1830
1322534 1727
1329733 2754
1358534 1727
1365733 2754
1394534 1727
1401733 2754
1446734 1727
1455733 1830
1482734 1727
1491733 1830
1518734 1727
1518744 3917
1527733 4021
1538533 4944
1540344 2754
1554434 1727
1576333 2754
1590734 1727
1597933 2754
1626734 1727
1633933 1830
1666334 1727
1673533 1830
1702334 1727
1709533 1830
1738334 1727
1745533 2754
1776134 1727
1783333 2754
1815134 1727
1817844 1664
1818144 1727
1821144 3917
1833733 4944
1851734 3917
1857133 4944
1884134 3917
1885944 1727
1894933 2754
1907506 1471
1923734 444
1930933 1471
1959734 444
1966933 1471
1995734 444
2002933 1471
2004744 3662
2047934 2635
2056933 2738
2059535 2685
2085734 2581
2096533 3608
2108735 3662
2109144 1471
2121734 444
2128933 548
2160734 444
2161011 0
2161012 444
2163144 382
2163444 444
2179333 548
2197334 444
2202733 1471
2209944 3662
2209966 4944
2231534 3917
2242333 4944
2245944 2754
2253166 1471
2262133 548
2271134 444
2278333 548
2292515 798
2307134 695
2314333 798
2335955 548
2343134 444
2353933 1471
2382734 444
2389933 1471
2419634 444
2440333 1471
2454734 444
2461933 1471
2490734 444
2497933 1471
2508744 1409
2509044 1471
2526734 444
2535733 548
2559144 2738
2564534 2635
2571733 2738
2595144 548
2600534 444
2605933 548
2618534 444
2627533 548
2654534 444
2663533 548
2681544 485
2681844 2738
2690534 2635
2699533 3662
2706766 4944
2728334 3917
2735533 4944
2749911 5195
2765234 4168
2784133 5195
2793155 4944
2793166 3662
2796744 1471
2802134 444
2807533 1471
2818333 548
2838134 444
2847133 548
2857944 485
2858244 548
2875934 444
2883133 1471
2911934 444
2922733 548
2947934 444
2955133 548
2987534 444
2994733 548
3024734 444
3027144 382
3027444 444
3045133 548
3059534 444
3066733 548
3066744 2738
3095534 2635
3102733 3662
3131534 2635
3138733 2738
3145944 548
3145955 798
3169334 695
3178333 798
3199944 736
3199955 485
3200244 548
3205334 444
3210733 548
3223334 444
3232333 548
3259334 444
3268333 548
3295334 444
3304333 1471
3333134 444
3340333 548
3370334 444
458 events for N
25569 12910592
25570 0
32774 12910592
32775 0
53774 12910592
53775 0
59169 12910592
59170 0
62769 12910592
62770 0
66669 12910592
66670 0
70569 12910592
70570 0
80589 12910592
80590 0
84369 12910592
84370 0
88269 12910592
88270 0
95229 12910592
95230 0
105249 12910592
105250 0
117609 12910592
117610 0
124149 12910592
124150 0
133689 12910592
133690 0
140894 12910592
140895 0
153369 12910592
153370 0
160574 12910592
160575 0
167949 1089536
167950 0
172269 12910592
172270 0
177074 12910592
177075 0
180069 1089536
180070 0
182834 12910592
182835 0
367269 12910592
367270 0
374649 12910592
374650 0
382089 12910592
382090 0
388994 12910592
388995 0
399969 12910592
399970 0
410774 12910592
410775 0
424869 12910592
424870 0
428769 12910592
428770 0
432369 12910592
432370 0
435189 12910592
435190 0
442569 12910592
442570 0
446769 12910592
446770 0
463874 12910592
463875 0
467589 12910592
467590 0
479709 12910592
479710 0
482949 12910592
482950 0
486134 12910592
486135 0
495729 12910592
495730 0
499509 12910592
499510 0
515169 12910592
515170 0
522854 12910592
522855 0
528069 1089536
528070 0
531489 12910592
531490 0
535269 12910592
535270 0
538749 1089536
538750 0
541754 12910592
541755 0
669674 12910592
669675 0
673269 12910592
673270 0
676869 12910592
676870 0
680469 12910592
680470 0
684489 12910592
684490 0
691394 12910592
691395 0
694989 12910592
694990 0
711854 12910592
711855 0
718269 1089536
718270 0
726969 12910592
726970 0
734774 12910592
734775 0
744249 1089536
744250 0
752769 12910592
752770 0
762669 12910592
762670 0
772569 1089536
772570 0
780069 12910592
780070 0
789669 12910592
789670 0
798134 12910592
798135 0
803769 1089536
803770 0
813969 12910592
813970 0
821474 12910592
821475 0
830589 1089536
830590 0
839169 12910592
839170 0
851529 12910592
851530 0
858669 1089536
858670 0
862389 12910592
862390 0
1043589 12910592
1043590 0
1055169 1089536
1055170 0
1064949 12910592
1064950 0
1075509 12910592
1075510 0
1082174 12910592
1082175 0
1091169 1089536
1091170 0
1101134 12910592
1101135 0
1110369 12910592
1110370 0
1117569 1089536
1117570 0
1124469 12910592
1124470 0
1134549 12910592
1134550 0
1138389 1089536
1138390 0
1140609 12910592
1140610 0
1146729 12910592
1146730 0
1204034 12910592
1204035 0
1207569 1089536
1207570 0
1211174 12910592
1211175 0
1214769 1089536
1214770 0
1217714 12910592
1217715 0
1238654 12910592
1238655 0
1244169 1089536
1244170 0
1248369 12910592
1248370 0
1252269 12910592
1252270 0
1274769 1089536
1274770 0
1278489 12910592
1278490 0
1283169 1089536
1283170 0
1288569 12910592
1288570 0
1300269 12910592
1300270 0
1312509 1089536
1312510 0
1321574 12910592
1321575 0
1331769 12910592
1331770 0
1341374 12910592
1341375 0
1350369 12910592
1350370 0
1359369 1089536
1359370 0
1368669 12910592
1368670 0
1377069 1089536
1377070 0
1384569 12910592
1384570 0
1388474 12910592
1388475 0
1527494 12910592
1527495 0
1530369 1089536
1530370 0
1533969 12910592
1533970 0
1537749 12910592
1537750 0
1544769 1089536
1544770 0
1548074 12910592
1548075 0
1551369 12910592
1551370 0
1578969 12910592
1578970 0
1586049 1089536
1586050 0
1593189 12910592
1593190 0
1600094 12910592
1600095 0
1605369 1089536
1605370 0
1611669 12910592
1611670 0
1614969 12910592
1614970 0
1620374 12910592
1620375 0
1625769 1089536
1625770 0
1630209 12910592
1630210 0
1674129 12910592
1674130 0
1677969 1089536
1677970 0
1681574 12910592
1681575 0
1685769 1089536
1685770 0
1689069 12910592
1689070 0
1691769 12910592
1691770 0
1697769 1089536
1697770 0
1700594 12910592
1700595 0
1763414 12910592
1763415 0
1767969 12910592
1767970 0
1773069 1089536
1773070 0
1777569 12910592
1777570 0
1785794 12910592
1785795 0
1800129 12910592
1800130 0
1803969 1089536
1803970 0
1807569 12910592
1807570 0
1811169 1089536
1811170 0
1813869 12910592
1813870 0
1873209 12910592
1873210 0
1877174 12910592
1877175 0
1880769 1089536
1880770 0
1884369 12910592
1884370 0
1888089 1089536
1888090 0
1894989 12910592
1894990 0
1898594 12910592
1898595 0
1902189 1089536
1902190 0
1906269 12910592
1906270 0
2004129 12910592
2004130 0
2007734 12910592
2007735 0
2011329 1089536
2011330 0
2015409 12910592
2015410 0
2018709 1089536
2018710 0
2022309 12910592
2022310 0
2025909 1089536
2025910 0
2029514 12910592
2029515 0
2033589 12910592
2033590 0
2184674 12910592
2184675 0
2189319 12910592
2189320 0
2196969 12910592
2196970 0
2204903 12910592
2204904 0
2216362 12910592
2216363 0
2235026 12910592
2235027 0
2241926 12910592
2241927 0
2244407 12910592
2244408 0
2248569 12910592
2248570 0
2252170 12910592
2252171 0
2256845 12910592
2256846 0
2264447 12910592
2264448 0
2272055 12910592
2272056 0
2279187 12910592
2279188 0
2286369 12910592
2286370 0
2296569 12910592
2296570 0
2440869 12910592
2440870 0
2448708 12910592
2448709 0
2463448 12910592
2463449 0
2469074 12910592
2469075 0
2478337 12910592
2478338 0
2485632 12910592
2485633 0
2491274 12910592
2491275 0
2502369 12910592
2502370 0
2510170 12910592
2510171 0
2514416 12910592
2514417 0
2518141 12910592
2518142 0
2521741 12910592
2521742 0
2529066 12910592
2529067 0
2536631 12910592
2536632 0
2545575 12910592
2545576 0
2553075 12910592
2553076 0
2559254 12910592
2559255 0
2565265 12910592
2565266 0
2789199 12910592
2789200 0
2801169 12910592
2801170 0
2809698 12910592
2809699 0
2814648 12910592
2814649 0
2816774 12910592
2816775 0
2824912 12910592
2824913 0
2832969 12910592
2832970 0
2838254 12910592
2838255 0
2847969 12910592
2847970 0
2854568 12910592
2854569 0
2855770 12910592
2855771 0
2861945 12910592
2861946 0
2868669 12910592
2868670 0
2876855 12910592
2876856 0
2883760 12910592
2883761 0
2889412 12910592
2889413 0
2895069 12910592
2895070 0
2906276 12910592
2906277 0
2913583 12910592
2913584 0
3045674 12910592
3045675 0
3057108 12910592
3057109 0
3068253 12910592
3068254 0
3079537 12910592
3079538 0
3082837 12910592
3082838 0
3090282 12910592
3090283 0
3097727 12910592
3097728 0
3104769 12910592
3104770 0
3110769 12910592
3110770 0
3115874 12910592
3115875 0
30 events for O
20538 1370
348618 0
366138 1370
651018 0
668538 1370
953418 0
970938 1370
1255818 0
1273338 1370
1558218 0
1575738 1370
1817418 0
1834938 1370
2163018 0
2180718 600
2180898 1300
2420778 600
2420978 0
2439918 600
2440098 1300
2767262 700
2767307 0
2785518 600
2785758 1300
3026578 700
3026623 0
3044718 600
3044958 1300
3371918 700
3371963 0
1554 events for P
21582 4707014
21588 0
21602 2824208
21603 0
22502 2824208
22503 0
22802 2824208
22803 0
23702 2824208
23703 0
24002 2824208
24003 0
25182 4707014
25188 0
28782 4707014
28788 0
32382 4707014
32388 0
35982 4707014
35988 0
41941 4707014
41947 0
44921 1882806
44924 0
45541 4707014
45547 0
49141 4707014
49147 0
51402 4707014
51408 0
58632 4707014
58638 0
62442 4707014
62448 0
66192 4707014
66198 0
66521 1412104
66523 0
70002 4707014
70008 0
79844 82880
79845 0
79854 82880
79855 0
79864 82880
79865 0
79895 82880
79896 0
79905 82880
79906 0
79915 82880
79916 0
224862 4313184
224863 2310336
224864 0
224993 4313184
224995 0
225138 192528
225139 0
225443 2156592
225444 0
225762 3594320
225763 962640
225764 0
225810 3594320
225811 962640
225812 0
226081 718864
226082 0
226091 718864
226092 0
226101 718864
226102 0
226111 718864
226112 0
226121 718864
226122 0
226131 718864
226132 0
226141 718864
226142 0
226151 718864
226152 0
226161 718864
226162 0
226171 718864
226172 0
226181 718864
226182 0
226191 718864
226192 0
226201 718864
226202 0
226211 718864
226212 0
226221 718864
226222 0
226231 718864
226232 0
226241 718864
226242 0
226261 192528
226262 0
226271 192528
226272 0
226281 192528
226282 0
226291 192528
226292 0
226301 192528
226302 0
226311 192528
226312 0
226321 192528
226322 0
226331 192528
226332 0
226341 192528
226342 0
226351 192528
226352 0
226361 192528
226362 0
226371 192528
226372 0
226381 192528
226382 0
239321 1412104
239323 0
242574 4313184
242575 2117808
242576 0
243295 4313184
243297 0
245115 1437728
245116 0
315176 3748528
315179 0
315186 3748528
315189 0
315776 3748528
315779 0
315786 3748528
315789 0
316976 3748528
316979 0
316986 3748528
316989 0
317576 3748528
317579 0
317586 3748528
317589 0
318776 3748528
318779 0
318786 3748528
318789 0
319376 3748528
319379 0
319386 3748528
319389 0
320576 3748528
320579 0
320586 3748528
320589 0
321176 3748528
321179 0
321186 3748528
321189 0
322376 3748528
322379 0
322386 3748528
322389 0
322976 3748528
322979 0
322986 3748528
322989 0
324176 3748528
324179 0
324186 3748528
324189 0
324776 3748528
324779 0
324786 3748528
324789 0
325721 1882806
325724 0
325986 3748528
325989 0
325996 3748528
325999 0
326586 3748528
326589 0
326596 3748528
326599 0
330666 3748528
330669 0
330676 3748528
330679 0
331266 3748528
331269 0
331276 3748528
331279 0
334566 3748528
334569 0
334576 3748528
334579 0
335166 3748528
335169 0
335176 3748528
335179 0
338766 3748528
338769 0
338776 3748528
338779 0
339366 3748528
339369 0
339376 3748528
339379 0
340755 3748528
340758 0
340765 3748528
340768 0
341355 3748528
341358 0
341365 3748528
341368 0
342966 3748528
342969 0
342976 3748528
342979 0
343566 3748528
343569 0
343576 3748528
343579 0
366462 4236312
366466 0
368262 4236312
368266 0
370062 4236312
370066 0
371862 4236312
371866 0
373662 4236312
373666 0
375462 4236312
375466 0
377262 4236312
377266 0
379062 4236312
379066 0
380862 4236312
380866 0
386738 4236312
386742 0
388538 4236312
388542 0
390338 4236312
390342 0
392138 4236312
392142 0
393938 4236312
393942 0
396162 4236312
396166 0
397962 4236312
397966 0
402427 4236312
402431 0
404227 4236312
404231 0
406027 4236312
406031 0
407827 4236312
407831 0
409627 4236312
409631 0
411427 4236312
411431 0
413227 4236312
413231 0
415027 4236312
415031 0
416827 4236312
416831 0
424422 4236312
424426 0
428082 4236312
428086 0
431742 4236312
431746 0
438642 4236312
438646 0
442362 4236312
442366 0
446082 4236312
446086 0
449802 4236312
449806 0
598121 82880
598122 0
598131 82880
598132 0
598141 82880
598142 0
598172 82880
598173 0
598182 82880
598183 0
598192 82880
598193 0
601757 5000000
601781 0
603027 5000000
603051 0
604297 5000000
604321 0
620686 4494818
620687 3748528
620690 0
620696 4494818
620701 0
620746 4494818
620751 0
620806 4494818
620807 3748528
620810 0
620816 4494818
620821 0
620866 4494818
620871 0
620926 4494818
620931 0
620936 4494818
620941 0
620986 4494818
620987 3748528
620990 0
624886 4494818
624887 3748528
624890 0
624896 4494818
624901 0
624946 4494818
624951 0
625006 4494818
625007 3748528
625010 0
625016 4494818
625021 0
625066 4494818
625071 0
625126 4494818
625131 0
625136 4494818
625141 0
625186 4494818
625187 3748528
625190 0
743351 3748528
743354 0
743391 3748528
743394 0
743431 4494818
743436 0
743471 4494818
743476 0
743511 3748528
743514 0
743551 3748528
743554 0
743591 4494818
743596 0
743631 4494818
743636 0
743671 3748528
743674 0
743711 3748528
743714 0
743751 4494818
743756 0
743791 4494818
743796 0
763381 3748528
763384 0
763401 3748528
763404 0
763421 3748528
763424 0
769681 3748528
769684 0
769701 3748528
769704 0
769721 3748528
769724 0
775999 3748528
776002 0
776019 3748528
776022 0
776039 3748528
776042 0
780799 3748528
780802 0
780819 3748528
780822 0
780839 3748528
780842 0
784099 2824208
784100 0
784190 3748528
784193 0
784459 2824208
784460 0
784529 2824208
784530 0
784599 2824208
784600 0
784919 3748528
784922 0
784934 5000000
784952 0
785599 3748528
785602 0
785619 3748528
785622 0
785639 3748528
785642 0
788899 2824208
788900 0
788990 3748528
788993 0
789259 2824208
789260 0
789329 2824208
789330 0
789399 2824208
789400 0
789719 3748528
789722 0
789734 5000000
789752 0
790399 3748528
790402 0
790419 3748528
790422 0
790439 3748528
790442 0
795887 3748528
795890 0
795907 3748528
795910 0
795927 3748528
795930 0
799187 2824208
799188 0
799278 3748528
799281 0
799547 2824208
799548 0
799617 2824208
799618 0
799687 2824208
799688 0
800007 3748528
800010 0
800022 5000000
800040 0
800687 3748528
800690 0
800707 3748528
800710 0
800727 3748528
800730 0
802981 2824208
802982 0
803072 3748528
803075 0
803341 2824208
803342 0
803411 2824208
803412 0
803481 2824208
803482 0
803801 3748528
803804 0
803816 5000000
803834 0
805681 3748528
805684 0
805701 3748528
805704 0
805721 3748528
805724 0
806581 2824208
806582 0
806672 3748528
806675 0
806941 2824208
806942 0
807011 2824208
807012 0
807081 2824208
807082 0
807401 3748528
807404 0
807416 5000000
807434 0
811575 2824208
811576 0
811666 3748528
811669 0
811935 2824208
811936 0
812005 2824208
812006 0
812075 2824208
812076 0
812395 3748528
812398 0
812410 5000000
812428 0
815325 2824208
815326 0
815416 3748528
815419 0
815685 2824208
815686 0
815755 2824208
815756 0
815825 2824208
815826 0
816145 3748528
816148 0
816160 5000000
816178 0
819075 2824208
819076 0
819166 3748528
819169 0
819435 2824208
819436 0
819505 2824208
819506 0
819575 2824208
819576 0
819895 3748528
819898 0
819910 5000000
819928 0
822825 2824208
822826 0
822916 3748528
822919 0
823185 2824208
823186 0
823255 2824208
823256 0
823325 2824208
823326 0
823645 3748528
823648 0
823660 5000000
823678 0
826125 2824208
826126 0
826216 3748528
826219 0
826485 2824208
826486 0
826555 2824208
826556 0
826625 2824208
826626 0
826945 3748528
826948 0
826960 5000000
826978 0
829813 2824208
829814 0
829904 3748528
829907 0
830173 2824208
830174 0
830243 2824208
830244 0
830313 2824208
830314 0
833563 2824208
833564 0
833654 3748528
833657 0
833923 2824208
833924 0
833993 2824208
833994 0
834063 2824208
834064 0
834383 3748528
834386 0
834398 5000000
834416 0
836694 3748528
836695 4498234
836700 0
836705 3748528
836708 0
837294 3748528
837295 4498234
837300 0
837305 3748528
837308 0
837894 3748528
837895 4498234
837900 0
837905 3748528
837908 0
838494 3748528
838495 4498234
838500 0
838505 3748528
838508 0
839094 3748528
839095 4498234
839100 0
839105 3748528
839108 0
839694 3748528
839695 4498234
839700 0
839705 3748528
839708 0
840294 3748528
840295 4498234
840300 0
840305 3748528
840308 0
840894 3748528
840895 4498234
840900 0
840905 3748528
840908 0
841494 3748528
841495 4498234
841500 0
841505 3748528
841508 0
842094 3748528
842095 4498234
842100 0
842105 3748528
842108 0
842694 3748528
842695 4498234
842700 0
842705 3748528
842708 0
843294 3748528
843295 4498234
843300 0
843305 3748528
843308 0
843897 5000000
843942 0
844107 5000000
844119 0
850783 3748528
850786 0
850823 3748528
850826 0
850863 4494818
850868 0
850903 4494818
850908 0
850943 3748528
850946 0
850983 3748528
850986 0
851023 4494818
851028 0
851063 4494818
851068 0
851103 3748528
851106 0
851143 3748528
851146 0
851183 4494818
851188 0
851223 4494818
851228 0
857862 5000000
857878 0
859662 5000000
859678 0
861462 5000000
861478 0
864921 5000000
864937 0
865220 3748528
865223 0
865235 5000000
865253 0
866721 5000000
866737 0
867020 3748528
867023 0
867035 5000000
867053 0
868521 5000000
868537 0
868820 3748528
868823 0
868835 5000000
868853 0
870321 5000000
870337 0
870620 3748528
870623 0
870635 5000000
870653 0
872121 5000000
872137 0
872420 3748528
872423 0
872435 5000000
872453 0
873921 5000000
873937 0
874220 3748528
874223 0
874235 5000000
874253 0
875721 5000000
875737 0
876020 3748528
876023 0
876035 5000000
876053 0
877521 5000000
877537 0
877820 3748528
877823 0
877835 5000000
877853 0
879321 5000000
879337 0
879620 3748528
879623 0
879635 5000000
879653 0
884809 5000000
884825 0
886609 5000000
886625 0
888409 5000000
888425 0
890209 5000000
890225 0
892009 5000000
892025 0
893809 5000000
893825 0
895609 5000000
895625 0
897409 5000000
897425 0
900497 5000000
900513 0
902297 5000000
902313 0
904097 5000000
904113 0
905897 5000000
905913 0
907697 5000000
907713 0
909497 5000000
909513 0
911297 5000000
911313 0
913097 5000000
913113 0
914897 5000000
914913 0
920386 5000000
920402 0
971281 3748528
971284 0
971301 3748528
971304 0
971321 3748528
971324 0
973981 3748528
973984 0
974001 3748528
974004 0
974021 3748528
974024 0
976381 3748528
976384 0
976401 3748528
976404 0
976421 3748528
976424 0
979081 3748528
979084 0
979101 3748528
979104 0
979121 3748528
979124 0
981181 3748528
981184 0
981201 3748528
981204 0
981221 3748528
981224 0
983881 3748528
983884 0
983901 3748528
983904 0
983921 3748528
983924 0
985981 3748528
985984 0
986001 3748528
986004 0
986021 3748528
986024 0
992157 3748528
992160 0
992177 3748528
992180 0
992197 3748528
992200 0
998457 3748528
998460 0
998477 3748528
998480 0
998497 3748528
998500 0
1087755 3748528
1087758 0
1087765 3748528
1087768 0
1088355 3748528
1088358 0
1088365 3748528
1088368 0
1092555 3748528
1092558 0
1092565 3748528
1092568 0
1093155 3748528
1093158 0
1093165 3748528
1093168 0
1098661 3748528
1098664 0
1098671 3748528
1098674 0
1099261 3748528
1099264 0
1099271 3748528
1099274 0
1103161 3748528
1103164 0
1103171 3748528
1103174 0
1103761 3748528
1103764 0
1103771 3748528
1103774 0
1107961 3748528
1107964 0
1107971 3748528
1107974 0
1108561 3748528
1108564 0
1108571 3748528
1108574 0
1114349 3748528
1114352 0
1114359 3748528
1114362 0
1114949 3748528
1114952 0
1114959 3748528
1114962 0
1118849 3748528
1118852 0
1118859 3748528
1118862 0
1119449 3748528
1119452 0
1119459 3748528
1119462 0
1120556 3748528
1120560 0
1120567 4992344
1120576 0
1120587 4992344
1120596 0
1120916 3748528
1120920 0
1120927 4992344
1120936 0
1120947 4992344
1120956 0
1121276 3748528
1121280 0
1121287 4992344
1121296 0
1121307 4992344
1121316 0
1121636 3748528
1121640 0
1121647 4992344
1121656 0
1121667 4992344
1121676 0
1121996 3748528
1122000 0
1122007 4992344
1122016 0
1122027 4992344
1122036 0
1122356 3748528
1122360 0
1122367 4992344
1122376 0
1122387 4992344
1122396 0
1122716 3748528
1122720 0
1122727 4992344
1122736 0
1122747 4992344
1122756 0
1123076 3748528
1123080 0
1123087 4992344
1123096 0
1123107 4992344
1123116 0
1123436 3748528
1123440 0
1123447 4992344
1123456 0
1123467 4992344
1123476 0
1123796 3748528
1123800 0
1123807 4992344
1123816 0
1123827 4992344
1123836 0
1124156 3748528
1124160 0
1124167 4992344
1124176 0
1124187 4992344
1124196 0
1124516 3748528
1124520 0
1124527 4992344
1124536 0
1124547 4992344
1124556 0
1124876 3748528
1124880 0
1124887 4992344
1124896 0
1124907 4992344
1124916 0
1125449 3748528
1125452 0
1125459 3748528
1125462 0
1126049 3748528
1126052 0
1126059 3748528
1126062 0
1128237 3748528
1128240 0
1128247 3748528
1128250 0
1128837 3748528
1128840 0
1128847 3748528
1128850 0
1145846 3748528
1145849 0
1145856 3748528
1145859 0
1146536 3748528
1146539 0
1146546 3748528
1146549 0
1203216 2824208
1203217 0
1203307 3748528
1203310 0
1203516 2824208
1203517 0
1203586 2824208
1203587 0
1203797 3765611
1203800 0
1206816 2824208
1206817 0
1206907 3748528
1206910 0
1207116 2824208
1207117 0
1207186 2824208
1207187 0
1207397 3765611
1207400 0
1210416 2824208
1210417 0
1210507 3748528
1210510 0
1210716 2824208
1210717 0
1210786 2824208
1210787 0
1210997 3765611
1211000 0
1214016 2824208
1214017 0
1214107 3748528
1214110 0
1214316 2824208
1214317 0
1214386 2824208
1214387 0
1214597 3765611
1214600 0
1217316 2824208
1217317 0
1217407 3748528
1217410 0
1217616 2824208
1217617 0
1217686 2824208
1217687 0
1217897 3765611
1217900 0
1390441 718864
1390442 0
1391051 718864
1391052 0
1391682 3748528
1391685 0
1391941 718864
1391942 0
1392551 718864
1392552 0
1393182 3748528
1393185 0
1393441 718864
1393442 0
1394051 718864
1394052 0
1394682 3748528
1394685 0
1402201 718864
1402202 0
1402811 718864
1402812 0
1403442 3748528
1403445 0
1403701 718864
1403702 0
1404311 718864
1404312 0
1404942 3748528
1404945 0
1405201 718864
1405202 0
1405811 718864
1405812 0
1406442 3748528
1406445 0
1436862 4313184
1436863 2310336
1436864 0
1436993 4313184
1436995 0
1437138 192528
1437139 0
1437443 2156592
1437444 0
1437762 3594320
1437763 962640
1437764 0
1437810 3594320
1437811 962640
1437812 0
1438081 718864
1438082 0
1438091 718864
1438092 0
1438101 718864
1438102 0
1438111 718864
1438112 0
1438121 718864
1438122 0
1438131 718864
1438132 0
1438141 718864
1438142 0
1438151 718864
1438152 0
1438161 718864
1438162 0
1438171 718864
1438172 0
1438181 718864
1438182 0
1438191 718864
1438192 0
1438201 718864
1438202 0
1438211 718864
1438212 0
1438221 718864
1438222 0
1438231 718864
1438232 0
1438241 718864
1438242 0
1438261 192528
1438262 0
1438271 192528
1438272 0
1438281 192528
1438282 0
1438291 192528
1438292 0
1438301 192528
1438302 0
1438311 192528
1438312 0
1438321 192528
1438322 0
1438331 192528
1438332 0
1438341 192528
1438342 0
1438351 192528
1438352 0
1438361 192528
1438362 0
1438371 192528
1438372 0
1438381 192528
1438382 0
1543962 4494818
1543963 3748528
1543966 0
1543972 4494818
1543977 0
1544022 4494818
1544027 0
1544082 4494818
1544083 3748528
1544086 0
1544092 4494818
1544097 0
1544142 4494818
1544147 0
1544202 4494818
1544207 0
1544212 4494818
1544217 0
1544262 4494818
1544263 3748528
1544266 0
1548162 4494818
1548163 3748528
1548166 0
1548172 4494818
1548177 0
1548222 4494818
1548227 0
1548282 4494818
1548283 3748528
1548286 0
1548292 4494818
1548297 0
1548342 4494818
1548347 0
1548402 4494818
1548407 0
1548412 4494818
1548417 0
1548462 4494818
1548463 3748528
1548466 0
1585386 82880
1585387 0
1585396 82880
1585397 0
1585406 82880
1585407 0
1585437 82880
1585438 0
1585447 82880
1585448 0
1585457 82880
1585458 0
1634838 3748528
1634841 0
1638438 3748528
1638441 0
1642038 3748528
1642041 0
1645638 3748528
1645641 0
1649058 3748528
1649061 0
1651252 3748528
1651255 0
1654852 3748528
1654855 0
1658452 3748528
1658455 0
1662052 3748528
1662055 0
1665652 3748528
1665655 0
1671867 3748528
1671870 0
1675467 3748528
1675470 0
1679067 3748528
1679070 0
1682667 3748528
1682670 0
1686087 3748528
1686090 0
1688281 3748528
1688284 0
1691881 3748528
1691884 0
1693455 3748528
1693458 0
1693465 3748528
1693468 0
1694055 3748528
1694058 0
1694065 3748528
1694068 0
1696369 3748528
1696372 0
1696379 3748528
1696382 0
1696969 3748528
1696972 0
1696979 3748528
1696982 0
1703269 3748528
1703272 0
1703279 3748528
1703282 0
1703869 3748528
1703872 0
1703879 3748528
1703882 0
1721869 3748528
1721872 0
1721879 3748528
1721882 0
1722469 3748528
1722472 0
1722479 3748528
1722482 0
1785352 2824208
1785353 0
1785472 2824208
1785473 0
1785592 2824208
1785593 0
1786072 2824208
1786073 0
1786192 2824208
1786193 0
1786312 2824208
1786313 0
1786792 2824208
1786793 0
1786912 2824208
1786913 0
1787032 2824208
1787033 0
1787512 2824208
1787513 0
1787632 2824208
1787633 0
1787752 2824208
1787753 0
1788232 2824208
1788233 0
1788352 2824208
1788353 0
1788472 2824208
1788473 0
1788952 2824208
1788953 0
1789072 2824208
1789073 0
1789192 2824208
1789193 0
1789672 2824208
1789673 0
1789792 2824208
1789793 0
1789912 2824208
1789913 0
1790392 2824208
1790393 0
1790512 2824208
1790513 0
1790632 2824208
1790633 0
1791112 2824208
1791113 0
1791232 2824208
1791233 0
1791352 2824208
1791353 0
1791772 2824208
1791773 0
1791892 2824208
1791893 0
1792012 2824208
1792013 0
1792552 2824208
1792553 0
1792672 2824208
1792673 0
1792792 2824208
1792793 0
1795467 2824208
1795468 0
1795558 3748528
1795561 0
1795767 2824208
1795768 0
1795837 2824208
1795838 0
1796048 3765611
1796051 0
1799367 2824208
1799368 0
1799458 3748528
1799461 0
1799667 2824208
1799668 0
1799737 2824208
1799738 0
1799948 3765611
1799951 0
1801467 2824208
1801468 0
1801558 3748528
1801561 0
1801767 2824208
1801768 0
1801837 2824208
1801838 0
1802048 3765611
1802051 0
1802967 2824208
1802968 0
1803058 3748528
1803061 0
1803267 2824208
1803268 0
1803337 2824208
1803338 0
1803548 3765611
1803551 0
1813081 2824208
1813082 0
1813172 3748528
1813175 0
1813381 2824208
1813382 0
1813451 2824208
1813452 0
1813662 3765611
1813665 0
1872429 3748528
1872432 0
1872444 5000000
1872462 0
1874229 3748528
1874232 0
1874244 5000000
1874262 0
1876029 3748528
1876032 0
1876044 5000000
1876062 0
1877829 3748528
1877832 0
1877844 5000000
1877862 0
1879629 3748528
1879632 0
1879644 5000000
1879662 0
1881429 3748528
1881432 0
1881444 5000000
1881462 0
1883229 3748528
1883232 0
1883244 5000000
1883262 0
1885029 3748528
1885032 0
1885044 5000000
1885062 0
1886829 3748528
1886832 0
1886844 5000000
1886862 0
1892719 3748528
1892722 0
1892734 5000000
1892752 0
1894519 3748528
1894522 0
1894534 5000000
1894552 0
1896319 3748528
1896322 0
1896334 5000000
1896352 0
1898119 3748528
1898122 0
1898134 5000000
1898152 0
1899919 3748528
1899922 0
1899934 5000000
1899952 0
1901719 3748528
1901722 0
1901734 5000000
1901752 0
1903519 3748528
1903522 0
1903534 5000000
1903552 0
1905319 3748528
1905322 0
1905334 5000000
1905352 0
1951381 3748528
1951384 0
1951401 3748528
1951404 0
1951421 3748528
1951424 0
1957681 3748528
1957684 0
1957701 3748528
1957704 0
1957721 3748528
1957724 0
1965497 3748528
1965500 0
1965517 3748528
1965520 0
1965537 3748528
1965540 0
1971797 3748528
1971800 0
1971817 3748528
1971820 0
1971837 3748528
1971840 0
1978097 3748528
1978100 0
1978117 3748528
1978120 0
1978137 3748528
1978140 0
1983497 3748528
1983500 0
1983517 3748528
1983520 0
1983537 3748528
1983540 0
1988297 3748528
1988300 0
1988317 3748528
1988320 0
1988337 3748528
1988340 0
1993097 3748528
1993100 0
1993117 3748528
1993120 0
1993137 3748528
1993140 0
1997076 3748528
1997079 0
1997096 3748528
1997099 0
1997116 3748528
1997119 0
2356122 226158674
2356127 0
2377722 20242052
2377727 0
2399322 20242052
2399327 0
2464122 178452312
2464124 8996469
2464129 0
2593722 18598775
2593727 0
2615322 22542416
2615327 0
2636922 57946826
2636927 0
2658522 112491168
2658527 0
2680122 89992935
2680127 0
2740785 90225847
2740786 99456
2740787 17992937
2740792 0
2809723 36047367
2809728 0
2831323 39436416
2831328 0
2939323 79610631
2939328 0
2960923 77494701
2960928 0
3068923 73767533
3068928 0
3090523 221441780
3090528 0
3349723 47723996
3349728 0
3366673 12683312
3366678 0
3 events for Q
3082 74
2163081 0
2163082 74
513 events for R
26888 117965
26977 328745
27089 117965
27158 125479
27659 7514
28568 125479
29339 7414
29344 7514
30428 125479
31199 7514
32168 125479
32939 7514
34028 125479
34799 7514
35828 125479
36599 7514
37499 0
41667 117965
41757 125479
42498 7514
45327 125479
46098 7514
48927 125479
49698 7514
50118 0
94268 58982
94358 66496
95639 7514
95879 0
96008 58982
96098 66496
97379 7514
97619 0
98168 58982
98258 66496
99539 7514
99779 0
99908 58982
99998 66496
101279 7514
101519 0
102068 58982
102158 66496
103439 7514
103679 0
103808 58982
103898 66496
105179 7514
105419 0
106268 58982
106358 66496
107639 7514
107879 0
108008 58982
108098 66496
109379 7514
109619 0
114548 58982
114638 66496
115919 7514
116159 0
116528 58982
116618 66496
117899 7514
118139 0
118928 58982
119018 66496
120299 7514
120539 0
120908 58982
120998 66496
122279 7514
122519 0
123308 58982
123398 66496
124679 7514
124919 0
125288 58982
125378 66496
126659 7514
126899 0
132728 58982
132818 66496
134099 7514
134219 0
134408 58982
134498 66496
135779 7514
136019 0
372038 125479
372384 0
372428 117965
373139 7514
373448 125479
374219 7414
374224 7514
375308 125479
376079 7514
377048 125479
377819 7514
378908 125479
379679 7514
380708 125479
381479 7514
381839 0
386464 117965
386554 125479
387295 7514
390124 125479
390895 7514
393724 125479
394495 7514
394915 0
395888 117965
395978 125479
396719 7514
397748 125479
398519 7514
399539 0
402153 117965
402243 125479
402984 7514
404013 125479
404784 7514
405813 125479
406584 7514
407613 125479
408384 7514
409413 125479
410184 7514
417804 0
674648 117965
674738 125479
675419 7514
675848 125479
676619 7514
677648 125479
678419 7514
679448 125479
680219 7514
681248 125479
682019 7514
684239 0
688864 117965
688954 125479
689695 7514
690724 125479
691495 7514
692524 125479
693295 7514
694324 125479
695095 7514
697915 0
763178 6744
770339 0
775796 6744
791357 0
795684 6744
806039 0
1279658 6744
1289039 0
1293754 6744
1296144 0
1303388 117965
1303478 125479
1304219 7514
1305248 125479
1306019 7514
1307039 0
1311453 117965
1311543 119538
1312284 1573
1313313 119538
1314084 1573
1315113 119538
1315884 1573
1316913 119538
1317684 1573
1318713 119538
1319484 1573
1324704 0
1329241 117965
1329331 119538
1330072 1573
1331101 119538
1331872 1573
1332901 119538
1333672 1573
1334701 119538
1335472 7514
1336501 119538
1337272 1573
1342492 0
1344929 117965
1345019 125479
1345760 7514
1346180 0
1584128 117965
1584278 125479
1584899 7514
1585328 125479
1586099 7514
1586528 125479
1587299 7514
1587908 125479
1588679 7514
1592939 0
1597517 117965
1597607 125479
1598348 7514
1598777 125479
1599548 7514
1599977 125479
1600748 7514
1601177 125479
1601948 7514
1604768 0
1605788 117965
1605878 124709
1606619 6744
1607048 124709
1607819 6744
1608248 124709
1609019 6744
1609448 124709
1610219 6744
1611239 0
1613931 117965
1614021 124709
1614762 6744
1615191 124709
1615962 6744
1616391 124709
1617162 6744
1617591 124709
1618362 6744
1619391 124709
1620162 6744
1621191 124709
1621962 6744
1622991 124709
1623762 6744
1630182 0
1634545 117965
1634635 124709
1635376 6744
1635805 124709
1636576 6744
1637005 124709
1637776 6744
1638205 124709
1638976 6744
1640005 124709
1640776 6744
1648396 0
1650959 117965
1651049 124709
1651790 7514
1651795 6744
1652219 124709
1652990 6744
1653419 124709
1654190 6744
1654619 124709
1655390 6744
1656419 124709
1657190 6744
1658219 124709
1658990 6744
1667210 0
1671574 117965
1671664 124709
1672405 6744
1672834 124709
1673605 6744
1674034 124709
1674805 6744
1675234 124709
1676005 6744
1676434 124709
1677205 6744
1678834 124709
1679605 6744
1685425 0
1687988 117965
1688078 124709
1688819 6744
1689248 124709
1690019 6744
1690448 124709
1691219 6744
1691639 0
1841228 117965
1841378 119538
1841399 1573
1842428 119538
1843199 1573
1843628 119538
1844399 1573
1845008 119538
1845779 1573
1846208 119538
1846979 1573
1847468 119538
1848239 1573
1848668 119538
1849439 1573
1850639 0
1856067 117965
1856157 119538
1856898 1573
1857327 119538
1858098 1573
1858527 119538
1859298 1573
1859727 119538
1860498 1573
1860927 119538
1861698 1573
1864518 0
2187038 14189
2187719 58982
2187818 7514
2188104 0
2188148 73171
2189519 7514
2194868 66496
2196239 7514
2197139 0
2202317 58982
2202407 66496
2203748 7514
2205977 66496
2207348 7514
2207777 66496
2209148 7514
2209568 0
2210288 58982
2210378 66496
2211719 7514
2212104 0
2212148 58982
2213519 7514
2216639 0
2218731 58982
2218821 66496
2220162 7514
2220547 0
2220591 58982
2221962 7514
2225382 0
2225665 58982
2225755 66496
2227096 7514
2227481 0
2227525 58982
2228896 7514
2235196 0
2239345 58982
2239435 66496
2240776 7514
2245096 0
2245388 58982
2245478 66496
2246819 7514
2251139 0
2447078 7514
2456699 0
2460957 7514
2464098 0
2464478 7514
2469539 0
2577578 7514
2584019 0
2586182 179338
2586284 0
2587873 7514
2602224 0
2606473 7514
2620414 0
2791088 19661
2791178 27175
2791859 7514
2792528 27175
2793299 7514
2793548 27175
2794319 7514
2794988 27175
2795759 7514
2796008 27175
2796779 7514
2797448 27175
2798219 7514
2798468 27175
2799239 7514
2799908 27175
2800679 7514
2800928 27175
2801699 7514
2801939 0
2807228 19661
2807318 27175
2807879 7514
2808008 27175
2808659 7514
2809208 27175
2809799 7514
2809988 27175
2810639 7514
2811188 27175
2811839 7514
2811968 27175
2812619 7514
2813168 27175
2813819 7514
2813948 27175
2814599 7514
2815148 27175
2815799 7514
2815928 27175
2816579 7514
2817128 27175
2817779 7514
2817908 27175
2818559 7514
2818679 0
3050378 7514
3052448 66496
3053819 7514
3057008 66496
3058379 7514
3061499 0
3065667 58982
3065757 66496
3067038 7514
3070287 66496
3071658 7514
3071898 0
3072188 58982
3072278 66496
3073559 7514
3076808 66496
3078179 7514
3079679 0
3081756 58982
3081846 66496
3083127 7514
3086376 66496
3087747 7514
3091707 0
3091988 58982
3092078 66496
3093359 7514
3096308 66496
3097679 7514
3097859 0
3102046 58982
3102136 66496
3103417 7514
3104806 66496
3106177 7514
3106717 0
3106988 58982
3107078 66496
3108359 7514
3113348 66496
3114719 7514
3116039 0
3118135 117965
3118225 124709
3119086 6744
3119995 124709
3120886 6744
3121795 124709
3122686 6744
3123595 124709
3124486 6744
3125395 124709
3126286 6744
3127195 124709
3128086 6744
3128995 124709
3129886 6744
3134266 0
3138425 117965
3138515 124709
3139376 6744
3140285 124709
3141176 6744
3142085 124709
3142976 6744
3143885 124709
3144776 6744
3145685 124709
3146576 6744
3147485 124709
3148376 6744
3149285 124709
3150176 6744
3151085 124709
3151976 6744
3152456 0
3156614 117965
3156704 124709
3157565 6744
3158474 124709
3159365 6744
3160265 0
3175139 169032
3176459 45609
3177784 0
3354089 7514
3361250 0
