18 instruments
A 10 100 0 296462475.07613176
B 10 100 6553.6061313363007 2560002395.0532427
C 10 100 154000 595557000
D 10 100 7196.0339286610251 2810950753.383213
E 10 100 22018.298358889329 159480658.09969637
F 10 100 22528 960000000
G 10 100 47192398.279190399 1501427445.7644184
H 10 100 23264.147255000564 168504461.78361657
I 10 100 7152.7561699728749 2794045378.8956542
J 10 100 40786.332763907049 54547276.407707497
K 10 100 352362.70723718189 299636114.68177354
L 10 100 2665037.1650940888 921958803.05957663
M 10 100 1538660356.7547786 4054547831.9712734
N 10 100 8192 3200000000
O 10 100 4367744.2331614867 2240000119.5770016
P 10 100 0.00018444817663405244 950598422.35720563
Q 10 100 0 888000000
R 10 100 815344000 7516190000
100 downlinks
0 230 26089 8910.3347130000002
1 69275 89272 9263.3037550000008
2 92381 98613 8194.1372179999998
3 110326 122989 8812.3468479999992
4 141822 143653 28513.272391999999
5 170497 174658 29797.943813000002
6 178689 213521 9287.2106050000002
7 213522 224274 9493.8769009999996
8 227678 263758 29841.66733
9 264997 269675 9031.5484039999992
10 328475 340105 27058.173078
11 342214 345771 27764.822221999999
12 349714 366316 8866.3210920000001
13 378201 390361 30200.423556999998
14 393473 398317 9259.4321029999992
15 402509 426580 9457.3783449999992
16 428309 432137 29542.407908000001
17 437615 452458 8564.5545529999999
18 461609 484278 9335.3412189999999
19 486805 515531 27874.981927000001
20 523925 566080 30587.746092000001
21 566081 610233 9231.3874039999992
22 610234 626452 8609.2624169999999
23 627801 644033 8689.6108280000008
24 652386 654433 26609.79682
25 674075 693680 8915.2263710000007
26 696545 726495 9094.9622560000007
27 726496 744210 8333.9255690000009
28 744792 751133 27500.430241999999
29 765210 781563 8601.7316499999997
30 782856 817769 9100.8958739999998
31 831487 844776 9427.4328960000003
32 847747 858159 27243.904355999999
33 860587 882307 8431.3051790000009
34 911303 913625 27636.251289
35 933275 952563 8831.2619180000002
36 953671 970270 8966.6639699999996
37 977882 983633 54396.705881000002
38 987425 1001453 58970.262822999997
39 1004038 1033077 57826.355975999999
40 1033078 1043822 17374.699861000001
41 1059178 1085969 57611.601310999999
42 1086178 1118258 59023.283414999998
43 1119000 1124750 55193.106121999997
44 1128106 1170223 25530.421285
45 1170224 1214419 29269.697155999998
46 1214420 1218510 16830.732371999999
47 1231668 1246335 28226.256141999998
48 1248665 1251216 60093.408818999997
49 1291663 1321362 58272.632834999997
50 1321363 1328637 61499.660580999996
51 1342840 1364137 28538.149495000001
52 1377685 1383507 18090.695755000001
53 1387050 1402262 23661.293665000001
54 1404159 1432113 28757.617953000001
55 1432114 1474410 56137.919716999997
56 1475554 1492448 23437.772314999998
57 1507654 1520294 55980.942202999999
58 1533509 1547361 60635.164006999999
59 1550249 1581176 23619.145155999999
60 1601769 1610035 53049.165158000003
61 1612644 1635803 23042.764167000001
62 1635804 1640256 53421.323553000002
63 1643692 1648372 23396.302264000002
64 1651944 1664848 22759.633384000001
65 1688080 1692679 53785.922146999997
66 1703839 1720293 23595.771228000001
67 1722600 1729257 17076.713232999999
68 1732315 1767438 24932.393585000002
69 1767439 1777662 29494.590024000001
70 1780694 1786566 55821.075068999999
71 1789934 1807223 22968.383259999999
72 1808294 1812475 57490.653299999998
73 1830667 1835727 25500.801521000001
74 1877675 1901061 24904.219582000002
75 1904951 1909019 26817.789122999999
76 1921329 1951392 30236.225505999999
77 1954623 1975014 64968.303881
78 1981285 1987614 18980.648960999999
79 1991269 2032235 26276.326033000001
80 2033328 2075612 30209.873796
81 2077589 2081851 26595.764298999999
82 2112418 2119398 25812.000550000001
83 2138813 2150072 26242.243616
84 2153573 2157292 60521.572561000001
85 2165213 2182006 25759.527445
86 2196713 2208971 62910.21802
87 2212368 2246154 62402.514213000002
88 2250231 2262896 26087.487331
89 2278908 2296389 30312.554313000001
90 2303803 2315435 61079.659066
91 2326303 2338193 18673.221132999999
92 2341063 2343968 64240.288658999998
93 2348705 2358281 31143.729536999999
94 2362745 2373172 31955.262932000001
95 2378585 2417619 32548.652656999999
96 2422874 2433113 26591.031461999999
97 2438797 2448637 31032.775088999999
98 2482475 2503414 26518.557602000001
99 2509196 2513748 27135.491309000001
0 opportunities for A
0 opportunities for B
0 opportunities for C
0 opportunities for D
0 opportunities for E
0 opportunities for F
0 opportunities for G
0 opportunities for H
0 opportunities for I
0 opportunities for J
0 opportunities for K
0 opportunities for L
0 opportunities for M
0 opportunities for N
0 opportunities for O
0 opportunities for P
0 opportunities for Q
0 opportunities for R
0 events for A

1079 events for B
16191 12910592
16192 0
16451 12910592
16452 0
17031 12910592
17032 0
17291 12910592
17292 0
33781 12910592
33782 0
34041 12910592
34042 0
34621 12910592
34622 0
34881 12910592
34882 0
51070 12910592
51071 0
51330 12910592
51331 0
51910 12910592
51911 0
52170 12910592
52171 0
69970 12910592
69971 0
70200 12910592
70201 0
70740 12910592
70741 0
70970 12910592
70971 0
89599 12910592
89600 0
89859 12910592
89860 0
90439 12910592
90440 0
90699 12910592
90700 0
108113 12910592
108114 0
108373 12910592
108374 0
108953 12910592
108954 0
109213 12910592
109214 0
126627 12910592
126628 0
126887 12910592
126888 0
127467 12910592
127468 0
127727 12910592
127728 0
145141 12910592
145142 0
145401 12910592
145402 0
145981 12910592
145982 0
146241 12910592
146242 0
163656 12910592
163657 0
163916 12910592
163917 0
164496 12910592
164497 0
164756 12910592
164757 0
182170 12910592
182171 0
182430 12910592
182431 0
183010 12910592
183011 0
183270 12910592
183271 0
200684 12910592
200685 0
200944 12910592
200945 0
201524 12910592
201525 0
201784 12910592
201785 0
219199 12910592
219200 0
219459 12910592
219460 0
220039 12910592
220040 0
220299 12910592
220300 0
237713 12910592
237714 0
237973 12910592
237974 0
238553 12910592
238554 0
238813 12910592
238814 0
256227 12910592
256228 0
256487 12910592
256488 0
257067 12910592
257068 0
257327 12910592
257328 0
274741 12910592
274742 0
275001 12910592
275002 0
275581 12910592
275582 0
275841 12910592
275842 0
292656 12910592
292657 0
292916 12910592
292917 0
293496 12910592
293497 0
293756 12910592
293757 0
310270 12910592
310271 0
310530 12910592
310531 0
311110 12910592
311111 0
311370 12910592
311371 0
329170 12910592
329171 0
329430 12910592
329431 0
330010 12910592
330011 0
330270 12910592
330271 0
348149 12910592
348150 0
348409 12910592
348410 0
348989 12910592
348990 0
349249 12910592
349250 0
366338 12910592
366339 0
366598 12910592
366599 0
367178 12910592
367179 0
367438 12910592
367439 0
384528 12910592
384529 0
384788 12910592
384789 0
385368 12910592
385369 0
385628 12910592
385629 0
402717 12910592
402718 0
402977 12910592
402978 0
403557 12910592
403558 0
403817 12910592
403818 0
420907 12910592
420908 0
421167 12910592
421168 0
421747 12910592
421748 0
422007 12910592
422008 0
439096 12910592
439097 0
439326 12910592
439327 0
439866 12910592
439867 0
440096 12910592
440097 0
526270 12910592
526271 0
526530 12910592
526531 0
527110 12910592
527111 0
527370 12910592
527371 0
548233 12910592
548234 0
548493 12910592
548494 0
549073 12910592
549074 0
549333 12910592
549334 0
566423 12910592
566424 0
566683 12910592
566684 0
567263 12910592
567264 0
567523 12910592
567524 0
584612 12910592
584613 0
584872 12910592
584873 0
585452 12910592
585453 0
585712 12910592
585713 0
602802 12910592
602803 0
603062 12910592
603063 0
603642 12910592
603643 0
603902 12910592
603903 0
620991 12910592
620992 0
621251 12910592
621252 0
621831 12910592
621832 0
622091 12910592
622092 0
638581 12910592
638582 0
638841 12910592
638842 0
639421 12910592
639422 0
639681 12910592
639682 0
655870 12910592
655871 0
656130 12910592
656131 0
656710 12910592
656711 0
656970 12910592
656971 0
674770 12910592
674771 0
675000 12910592
675001 0
675540 12910592
675541 0
675770 12910592
675771 0
694399 12910592
694400 0
694659 12910592
694660 0
695239 12910592
695240 0
695499 12910592
695500 0
712913 12910592
712914 0
713173 12910592
713174 0
713753 12910592
713754 0
714013 12910592
714014 0
731427 12910592
731428 0
731687 12910592
731688 0
732267 12910592
732268 0
732527 12910592
732528 0
749941 12910592
749942 0
750201 12910592
750202 0
750781 12910592
750782 0
751041 12910592
751042 0
768456 12910592
768457 0
768716 12910592
768717 0
769296 12910592
769297 0
769556 12910592
769557 0
786970 12910592
786971 0
787230 12910592
787231 0
787810 12910592
787811 0
788070 12910592
788071 0
805484 12910592
805485 0
805744 12910592
805745 0
806324 12910592
806325 0
806584 12910592
806585 0
823999 12910592
824000 0
824259 12910592
824260 0
824839 12910592
824840 0
825099 12910592
825100 0
842513 12910592
842514 0
842773 12910592
842774 0
843353 12910592
843354 0
843613 12910592
843614 0
861027 12910592
861028 0
861287 12910592
861288 0
861867 12910592
861868 0
862127 12910592
862128 0
879541 12910592
879542 0
879801 12910592
879802 0
880381 12910592
880382 0
880641 12910592
880642 0
897456 12910592
897457 0
897716 12910592
897717 0
898296 12910592
898297 0
898556 12910592
898557 0
915070 12910592
915071 0
915330 12910592
915331 0
915910 12910592
915911 0
916170 12910592
916171 0
933970 12910592
933971 0
934230 12910592
934231 0
934810 12910592
934811 0
935070 12910592
935071 0
952949 12910592
952950 0
953209 12910592
953210 0
953789 12910592
953790 0
954049 12910592
954050 0
971138 12910592
971139 0
971398 12910592
971399 0
971978 12910592
971979 0
972238 12910592
972239 0
989328 12910592
989329 0
989588 12910592
989589 0
990168 12910592
990169 0
990428 12910592
990429 0
1007517 12910592
1007518 0
1007777 12910592
1007778 0
1008357 12910592
1008358 0
1008617 12910592
1008618 0
1025707 12910592
1025708 0
1025967 12910592
1025968 0
1026547 12910592
1026548 0
1026807 12910592
1026808 0
1043896 12910592
1043897 0
1044126 12910592
1044127 0
1044666 12910592
1044667 0
1044896 12910592
1044897 0
1062086 12910592
1062087 0
1062346 12910592
1062347 0
1062926 12910592
1062927 0
1063186 12910592
1063187 0
1080275 12910592
1080276 0
1080535 12910592
1080536 0
1081115 12910592
1081116 0
1081375 12910592
1081376 0
1098465 12910592
1098466 0
1098725 12910592
1098726 0
1099305 12910592
1099306 0
1099565 12910592
1099566 0
1116654 12910592
1116655 0
1116914 12910592
1116915 0
1117494 12910592
1117495 0
1117754 12910592
1117755 0
1134844 12910592
1134845 0
1135104 12910592
1135105 0
1135684 12910592
1135685 0
1135944 12910592
1135945 0
1153033 12910592
1153034 0
1153293 12910592
1153294 0
1153873 12910592
1153874 0
1154133 12910592
1154134 0
1171223 12910592
1171224 0
1171483 12910592
1171484 0
1172063 12910592
1172064 0
1172323 12910592
1172324 0
1189412 12910592
1189413 0
1189672 12910592
1189673 0
1190252 12910592
1190253 0
1190512 12910592
1190513 0
1207602 12910592
1207603 0
1207862 12910592
1207863 0
1208442 12910592
1208443 0
1208702 12910592
1208703 0
1225791 12910592
1225792 0
1226051 12910592
1226052 0
1226631 12910592
1226632 0
1226891 12910592
1226892 0
1243381 12910592
1243382 0
1243641 12910592
1243642 0
1244221 12910592
1244222 0
1244481 12910592
1244482 0
1260670 12910592
1260671 0
1260930 12910592
1260931 0
1261510 12910592
1261511 0
1261770 12910592
1261771 0
1280684 12910592
1280685 0
1280914 12910592
1280915 0
1281454 12910592
1281455 0
1281684 12910592
1281685 0
1299199 12910592
1299200 0
1299459 12910592
1299460 0
1300039 12910592
1300040 0
1300299 12910592
1300300 0
1317713 12910592
1317714 0
1317973 12910592
1317974 0
1318553 12910592
1318554 0
1318813 12910592
1318814 0
1336227 12910592
1336228 0
1336487 12910592
1336488 0
1337067 12910592
1337068 0
1337327 12910592
1337328 0
1354741 12910592
1354742 0
1355001 12910592
1355002 0
1355581 12910592
1355582 0
1355841 12910592
1355842 0
1373256 12910592
1373257 0
1373516 12910592
1373517 0
1374096 12910592
1374097 0
1374356 12910592
1374357 0
1391770 12910592
1391771 0
1392030 12910592
1392031 0
1392610 12910592
1392611 0
1392870 12910592
1392871 0
1410284 12910592
1410285 0
1410544 12910592
1410545 0
1411124 12910592
1411125 0
1411384 12910592
1411385 0
1428799 12910592
1428800 0
1429059 12910592
1429060 0
1429639 12910592
1429640 0
1429899 12910592
1429900 0
1447313 12910592
1447314 0
1447573 12910592
1447574 0
1448153 12910592
1448154 0
1448413 12910592
1448414 0
1465827 12910592
1465828 0
1466087 12910592
1466088 0
1466667 12910592
1466668 0
1466927 12910592
1466928 0
1484341 12910592
1484342 0
1484601 12910592
1484602 0
1485181 12910592
1485182 0
1485441 12910592
1485442 0
1502256 12910592
1502257 0
1502516 12910592
1502517 0
1503096 12910592
1503097 0
1503356 12910592
1503357 0
1519870 12910592
1519871 0
1520130 12910592
1520131 0
1520710 12910592
1520711 0
1520970 12910592
1520971 0
1539559 12910592
1539560 0
1539819 12910592
1539820 0
1540399 12910592
1540400 0
1540659 12910592
1540660 0
1557749 12910592
1557750 0
1558009 12910592
1558010 0
1558589 12910592
1558590 0
1558849 12910592
1558850 0
1575938 12910592
1575939 0
1576198 12910592
1576199 0
1576778 12910592
1576779 0
1577038 12910592
1577039 0
1594128 12910592
1594129 0
1594388 12910592
1594389 0
1594968 12910592
1594969 0
1595228 12910592
1595229 0
1612317 12910592
1612318 0
1612577 12910592
1612578 0
1613157 12910592
1613158 0
1613417 12910592
1613418 0
1630507 12910592
1630508 0
1630767 12910592
1630768 0
1631347 12910592
1631348 0
1631607 12910592
1631608 0
1648696 12910592
1648697 0
1648926 12910592
1648927 0
1649466 12910592
1649467 0
1649696 12910592
1649697 0
1666886 12910592
1666887 0
1667146 12910592
1667147 0
1667726 12910592
1667727 0
1667986 12910592
1667987 0
1685075 12910592
1685076 0
1685335 12910592
1685336 0
1685915 12910592
1685916 0
1686175 12910592
1686176 0
1703265 12910592
1703266 0
1703525 12910592
1703526 0
1704105 12910592
1704106 0
1704365 12910592
1704366 0
1721454 12910592
1721455 0
1721714 12910592
1721715 0
1722294 12910592
1722295 0
1722554 12910592
1722555 0
1739644 12910592
1739645 0
1739904 12910592
1739905 0
1740484 12910592
1740485 0
1740744 12910592
1740745 0
1757833 12910592
1757834 0
1758093 12910592
1758094 0
1758673 12910592
1758674 0
1758933 12910592
1758934 0
1776023 12910592
1776024 0
1776283 12910592
1776284 0
1776863 12910592
1776864 0
1777123 12910592
1777124 0
1794212 12910592
1794213 0
1794472 12910592
1794473 0
1795052 12910592
1795053 0
1795312 12910592
1795313 0
1812402 12910592
1812403 0
1812662 12910592
1812663 0
1813242 12910592
1813243 0
1813502 12910592
1813503 0
1830591 12910592
1830592 0
1830851 12910592
1830852 0
1831431 12910592
1831432 0
1831691 12910592
1831692 0
1848181 12910592
1848182 0
1848441 12910592
1848442 0
1849021 12910592
1849022 0
1849281 12910592
1849282 0
1865470 12910592
1865471 0
1865730 12910592
1865731 0
1866310 12910592
1866311 0
1866570 12910592
1866571 0
1885318 215177
1885378 0
1885548 215177
1885608 0
1886088 215177
1886148 0
1886318 215177
1886378 0
1903725 215177
1903785 0
1903985 215177
1904045 0
1904565 215177
1904625 0
1904825 215177
1904885 0
1922132 215177
1922192 0
1922392 215177
1922452 0
1922972 215177
1923032 0
1923232 215177
1923292 0
1940540 215177
1940600 0
1940800 215177
1940860 0
1941380 215177
1941440 0
1941640 215177
1941700 0
1958947 215177
1959007 0
1959207 215177
1959267 0
1959787 215177
1959847 0
1960047 215177
1960107 0
1977354 215177
1977414 0
1977614 215177
1977674 0
1978194 215177
1978254 0
1978454 215177
1978514 0
1995761 215177
1995821 0
1996021 215177
1996081 0
1996601 215177
1996661 0
1996861 215177
1996921 0
2014168 215177
2014228 0
2014428 215177
2014488 0
2015008 215177
2015068 0
2015268 215177
2015328 0
2032575 215177
2032635 0
2032835 215177
2032895 0
2033415 215177
2033475 0
2033675 215177
2033735 0
2050982 215177
2051042 0
2051242 215177
2051302 0
2051822 215177
2051882 0
2052082 215177
2052142 0
2069390 215177
2069450 0
2069650 215177
2069710 0
2070230 215177
2070290 0
2070490 215177
2070550 0
2087797 215177
2087857 0
2088057 215177
2088117 0
2088637 215177
2088697 0
2088897 215177
2088957 0
2106204 215177
2106264 0
2106464 215177
2106524 0
2107044 215177
2107104 0
2107304 215177
2107364 0
2124611 215177
2124671 0
2124871 215177
2124931 0
2125451 215177
2125511 0
2125711 215177
2125771 0
2144222 215177
2144282 0
2144482 215177
2144542 0
2145062 215177
2145122 0
2145322 215177
2145382 0
2162332 215177
2162392 0
2162592 215177
2162652 0
2163172 215177
2163232 0
2163432 215177
2163492 0
2180443 215177
2180503 0
2180703 215177
2180763 0
2181283 215177
2181343 0
2181543 215177
2181603 0
2198553 215177
2198613 0
2198813 215177
2198873 0
2199393 215177
2199453 0
2199653 215177
2199713 0
2216664 215177
2216724 0
2216924 215177
2216984 0
2217504 215177
2217564 0
2217764 215177
2217824 0
2234774 215177
2234834 0
2235034 215177
2235094 0
2235614 215177
2235674 0
2235874 215177
2235934 0
2252885 215177
2252945 0
2253115 215177
2253175 0
2253655 215177
2253715 0
2253885 215177
2253945 0
2270995 215177
2271055 0
2271255 215177
2271315 0
2271835 215177
2271895 0
2272095 215177
2272155 0
2289106 215177
2289166 0
2289366 215177
2289426 0
2289946 215177
2290006 0
2290206 215177
2290266 0
2307216 215177
2307276 0
2307476 215177
2307536 0
2308056 215177
2308116 0
2308316 215177
2308376 0
2325327 215177
2325387 0
2325587 215177
2325647 0
2326167 215177
2326227 0
2326427 215177
2326487 0
2343437 215177
2343497 0
2343697 215177
2343757 0
2344277 215177
2344337 0
2344537 215177
2344597 0
2361548 215177
2361608 0
2361808 215177
2361868 0
2362388 215177
2362448 0
2362648 215177
2362708 0
2379658 215177
2379718 0
2379918 215177
2379978 0
2380498 215177
2380558 0
2380758 215177
2380818 0
2397769 215177
2397829 0
2398029 215177
2398089 0
2398609 215177
2398669 0
2398869 215177
2398929 0
2415879 215177
2415939 0
2416139 215177
2416199 0
2416719 215177
2416779 0
2416979 215177
2417039 0
2433990 215177
2434050 0
2434250 215177
2434310 0
2434830 215177
2434890 0
2435090 215177
2435150 0
2452100 215177
2452160 0
2452360 215177
2452420 0
2452940 215177
2453000 0
2453200 215177
2453260 0
2470211 215177
2470271 0
2470471 215177
2470531 0
2471051 215177
2471111 0
2471311 215177
2471371 0
2490118 215177
2490178 0
2490348 215177
2490408 0
2490888 215177
2490948 0
2491118 215177
2491178 0
2508525 215177
2508585 0
2508785 215177
2508845 0
2509365 215177
2509425 0
2509625 215177
2509685 0
2526932 215177
2526992 0
2527192 215177
2527252 0
2527772 215177
2527832 0
2528032 215177
2528092 0
2545340 215177
2545400 0
2545600 215177
2545660 0
2546180 215177
2546240 0
2546440 215177
2 events for C
1863875 0
1863876 74
1076 events for D
16592 12910592
16593 0
16852 12910592
16853 0
17432 12910592
17433 0
17692 12910592
17693 0
34182 12910592
34183 0
34442 12910592
34443 0
35022 12910592
35023 0
35282 12910592
35283 0
51471 12910592
51472 0
51731 12910592
51732 0
52311 12910592
52312 0
52571 12910592
52572 0
70371 12910592
70372 0
70601 12910592
70602 0
71141 12910592
71142 0
71371 12910592
71372 0
90000 12910592
90001 0
90260 12910592
90261 0
90840 12910592
90841 0
91100 12910592
91101 0
108514 12910592
108515 0
108774 12910592
108775 0
109354 12910592
109355 0
109614 12910592
109615 0
127028 12910592
127029 0
127288 12910592
127289 0
127868 12910592
127869 0
128128 12910592
128129 0
145542 12910592
145543 0
145802 12910592
145803 0
146382 12910592
146383 0
146642 12910592
146643 0
164057 12910592
164058 0
164317 12910592
164318 0
164897 12910592
164898 0
165157 12910592
165158 0
182571 12910592
182572 0
182831 12910592
182832 0
183411 12910592
183412 0
183671 12910592
183672 0
201085 12910592
201086 0
201345 12910592
201346 0
201925 12910592
201926 0
202185 12910592
202186 0
219600 12910592
219601 0
219860 12910592
219861 0
220440 12910592
220441 0
220700 12910592
220701 0
238114 12910592
238115 0
238374 12910592
238375 0
238954 12910592
238955 0
239214 12910592
239215 0
256628 12910592
256629 0
256888 12910592
256889 0
257468 12910592
257469 0
257728 12910592
257729 0
275142 12910592
275143 0
275402 12910592
275403 0
275982 12910592
275983 0
276242 12910592
276243 0
293057 12910592
293058 0
293317 12910592
293318 0
293897 12910592
293898 0
294157 12910592
294158 0
310671 12910592
310672 0
310931 12910592
310932 0
311511 12910592
311512 0
311771 12910592
311772 0
329571 12910592
329572 0
329831 12910592
329832 0
330411 12910592
330412 0
330671 12910592
330672 0
348550 12910592
348551 0
348810 12910592
348811 0
349390 12910592
349391 0
349650 12910592
349651 0
366739 12910592
366740 0
366999 12910592
367000 0
367579 12910592
367580 0
367839 12910592
367840 0
384929 12910592
384930 0
385189 12910592
385190 0
385769 12910592
385770 0
386029 12910592
386030 0
403118 12910592
403119 0
403378 12910592
403379 0
403958 12910592
403959 0
404218 12910592
404219 0
421308 12910592
421309 0
421568 12910592
421569 0
422148 12910592
422149 0
422408 12910592
422409 0
439497 12910592
439498 0
439727 12910592
439728 0
440267 12910592
440268 0
440497 12910592
440498 0
526671 12910592
526672 0
526931 12910592
526932 0
527511 12910592
527512 0
527771 12910592
527772 0
548634 12910592
548635 0
548894 12910592
548895 0
549474 12910592
549475 0
549734 12910592
549735 0
566824 12910592
566825 0
567084 12910592
567085 0
567664 12910592
567665 0
567924 12910592
567925 0
585013 12910592
585014 0
585273 12910592
585274 0
585853 12910592
585854 0
586113 12910592
586114 0
603203 12910592
603204 0
603463 12910592
603464 0
604043 12910592
604044 0
604303 12910592
604304 0
621392 12910592
621393 0
621652 12910592
621653 0
622232 12910592
622233 0
622492 12910592
622493 0
638982 12910592
638983 0
639242 12910592
639243 0
639822 12910592
639823 0
640082 12910592
640083 0
656271 12910592
656272 0
656531 12910592
656532 0
657111 12910592
657112 0
657371 12910592
657372 0
675171 12910592
675172 0
675401 12910592
675402 0
675941 12910592
675942 0
676171 12910592
676172 0
694800 12910592
694801 0
695060 12910592
695061 0
695640 12910592
695641 0
695900 12910592
695901 0
713314 12910592
713315 0
713574 12910592
713575 0
714154 12910592
714155 0
714414 12910592
714415 0
731828 12910592
731829 0
732088 12910592
732089 0
732668 12910592
732669 0
732928 12910592
732929 0
750342 12910592
750343 0
750602 12910592
750603 0
751182 12910592
751183 0
751442 12910592
751443 0
768857 12910592
768858 0
769117 12910592
769118 0
769697 12910592
769698 0
769957 12910592
769958 0
787371 12910592
787372 0
787631 12910592
787632 0
788211 12910592
788212 0
788471 12910592
788472 0
805885 12910592
805886 0
806145 12910592
806146 0
806725 12910592
806726 0
806985 12910592
806986 0
824400 12910592
824401 0
824660 12910592
824661 0
825240 12910592
825241 0
825500 12910592
825501 0
842914 12910592
842915 0
843174 12910592
843175 0
843754 12910592
843755 0
844014 12910592
844015 0
861428 12910592
861429 0
861688 12910592
861689 0
862268 12910592
862269 0
862528 12910592
862529 0
879942 12910592
879943 0
880202 12910592
880203 0
880782 12910592
880783 0
881042 12910592
881043 0
897857 12910592
897858 0
898117 12910592
898118 0
898697 12910592
898698 0
898957 12910592
898958 0
915471 12910592
915472 0
915731 12910592
915732 0
916311 12910592
916312 0
916571 12910592
916572 0
934371 12910592
934372 0
934631 12910592
934632 0
935211 12910592
935212 0
935471 12910592
935472 0
953350 12910592
953351 0
953610 12910592
953611 0
954190 12910592
954191 0
954450 12910592
954451 0
971539 12910592
971540 0
971799 12910592
971800 0
972379 12910592
972380 0
972639 12910592
972640 0
989729 12910592
989730 0
989989 12910592
989990 0
990569 12910592
990570 0
990829 12910592
990830 0
1007918 12910592
1007919 0
1008178 12910592
1008179 0
1008758 12910592
1008759 0
1009018 12910592
1009019 0
1026108 12910592
1026109 0
1026368 12910592
1026369 0
1026948 12910592
1026949 0
1027208 12910592
1027209 0
1044297 12910592
1044298 0
1044527 12910592
1044528 0
1045067 12910592
1045068 0
1045297 12910592
1045298 0
1062487 12910592
1062488 0
1062747 12910592
1062748 0
1063327 12910592
1063328 0
1063587 12910592
1063588 0
1080676 12910592
1080677 0
1080936 12910592
1080937 0
1081516 12910592
1081517 0
1081776 12910592
1081777 0
1098866 12910592
1098867 0
1099126 12910592
1099127 0
1099706 12910592
1099707 0
1099966 12910592
1099967 0
1117055 12910592
1117056 0
1117315 12910592
1117316 0
1117895 12910592
1117896 0
1118155 12910592
1118156 0
1135245 12910592
1135246 0
1135505 12910592
1135506 0
1136085 12910592
1136086 0
1136345 12910592
1136346 0
1153434 12910592
1153435 0
1153694 12910592
1153695 0
1154274 12910592
1154275 0
1154534 12910592
1154535 0
1171624 12910592
1171625 0
1171884 12910592
1171885 0
1172464 12910592
1172465 0
1172724 12910592
1172725 0
1189813 12910592
1189814 0
1190073 12910592
1190074 0
1190653 12910592
1190654 0
1190913 12910592
1190914 0
1208003 12910592
1208004 0
1208263 12910592
1208264 0
1208843 12910592
1208844 0
1209103 12910592
1209104 0
1226192 12910592
1226193 0
1226452 12910592
1226453 0
1227032 12910592
1227033 0
1227292 12910592
1227293 0
1243782 12910592
1243783 0
1244042 12910592
1244043 0
1244622 12910592
1244623 0
1244882 12910592
1244883 0
1261071 12910592
1261072 0
1261331 12910592
1261332 0
1261911 12910592
1261912 0
1262171 12910592
1262172 0
1281085 12910592
1281086 0
1281315 12910592
1281316 0
1281855 12910592
1281856 0
1282085 12910592
1282086 0
1299600 12910592
1299601 0
1299860 12910592
1299861 0
1300440 12910592
1300441 0
1300700 12910592
1300701 0
1318114 12910592
1318115 0
1318374 12910592
1318375 0
1318954 12910592
1318955 0
1319214 12910592
1319215 0
1336628 12910592
1336629 0
1336888 12910592
1336889 0
1337468 12910592
1337469 0
1337728 12910592
1337729 0
1355142 12910592
1355143 0
1355402 12910592
1355403 0
1355982 12910592
1355983 0
1356242 12910592
1356243 0
1373657 12910592
1373658 0
1373917 12910592
1373918 0
1374497 12910592
1374498 0
1374757 12910592
1374758 0
1392171 12910592
1392172 0
1392431 12910592
1392432 0
1393011 12910592
1393012 0
1393271 12910592
1393272 0
1410685 12910592
1410686 0
1410945 12910592
1410946 0
1411525 12910592
1411526 0
1411785 12910592
1411786 0
1429200 12910592
1429201 0
1429460 12910592
1429461 0
1430040 12910592
1430041 0
1430300 12910592
1430301 0
1447714 12910592
1447715 0
1447974 12910592
1447975 0
1448554 12910592
1448555 0
1448814 12910592
1448815 0
1466228 12910592
1466229 0
1466488 12910592
1466489 0
1467068 12910592
1467069 0
1467328 12910592
1467329 0
1484742 12910592
1484743 0
1485002 12910592
1485003 0
1485582 12910592
1485583 0
1485842 12910592
1485843 0
1502657 12910592
1502658 0
1502917 12910592
1502918 0
1503497 12910592
1503498 0
1503757 12910592
1503758 0
1520271 12910592
1520272 0
1520531 12910592
1520532 0
1521111 12910592
1521112 0
1521371 12910592
1521372 0
1539960 12910592
1539961 0
1540220 12910592
1540221 0
1540800 12910592
1540801 0
1541060 12910592
1541061 0
1558150 12910592
1558151 0
1558410 12910592
1558411 0
1558990 12910592
1558991 0
1559250 12910592
1559251 0
1576339 12910592
1576340 0
1576599 12910592
1576600 0
1577179 12910592
1577180 0
1577439 12910592
1577440 0
1594529 12910592
1594530 0
1594789 12910592
1594790 0
1595369 12910592
1595370 0
1595629 12910592
1595630 0
1612718 12910592
1612719 0
1612978 12910592
1612979 0
1613558 12910592
1613559 0
1613818 12910592
1613819 0
1630908 12910592
1630909 0
1631168 12910592
1631169 0
1631748 12910592
1631749 0
1632008 12910592
1632009 0
1649097 12910592
1649098 0
1649327 12910592
1649328 0
1649867 12910592
1649868 0
1650097 12910592
1650098 0
1667287 12910592
1667288 0
1667547 12910592
1667548 0
1668127 12910592
1668128 0
1668387 12910592
1668388 0
1685476 12910592
1685477 0
1685736 12910592
1685737 0
1686316 12910592
1686317 0
1686576 12910592
1686577 0
1703666 12910592
1703667 0
1703926 12910592
1703927 0
1704506 12910592
1704507 0
1704766 12910592
1704767 0
1721855 12910592
1721856 0
1722115 12910592
1722116 0
1722695 12910592
1722696 0
1722955 12910592
1722956 0
1740045 12910592
1740046 0
1740305 12910592
1740306 0
1740885 12910592
1740886 0
1741145 12910592
1741146 0
1758234 12910592
1758235 0
1758494 12910592
1758495 0
1759074 12910592
1759075 0
1759334 12910592
1759335 0
1776424 12910592
1776425 0
1776684 12910592
1776685 0
1777264 12910592
1777265 0
1777524 12910592
1777525 0
1794613 12910592
1794614 0
1794873 12910592
1794874 0
1795453 12910592
1795454 0
1795713 12910592
1795714 0
1812803 12910592
1812804 0
1813063 12910592
1813064 0
1813643 12910592
1813644 0
1813903 12910592
1813904 0
1830992 12910592
1830993 0
1831252 12910592
1831253 0
1831832 12910592
1831833 0
1832092 12910592
1832093 0
1848582 12910592
1848583 0
1848842 12910592
1848843 0
1849422 12910592
1849423 0
1849682 12910592
1849683 0
1865871 12910592
1865872 0
1866131 12910592
1866132 0
1866711 12910592
1866712 0
1866971 12910592
1866972 0
1885719 215177
1885779 0
1885949 215177
1886009 0
1886489 215177
1886549 0
1886719 215177
1886779 0
1904126 215177
1904186 0
1904386 215177
1904446 0
1904966 215177
1905026 0
1905226 215177
1905286 0
1922533 215177
1922593 0
1922793 215177
1922853 0
1923373 215177
1923433 0
1923633 215177
1923693 0
1940941 215177
1941001 0
1941201 215177
1941261 0
1941781 215177
1941841 0
1942041 215177
1942101 0
1959348 215177
1959408 0
1959608 215177
1959668 0
1960188 215177
1960248 0
1960448 215177
1960508 0
1977755 215177
1977815 0
1978015 215177
1978075 0
1978595 215177
1978655 0
1978855 215177
1978915 0
1996162 215177
1996222 0
1996422 215177
1996482 0
1997002 215177
1997062 0
1997262 215177
1997322 0
2014569 215177
2014629 0
2014829 215177
2014889 0
2015409 215177
2015469 0
2015669 215177
2015729 0
2032976 215177
2033036 0
2033236 215177
2033296 0
2033816 215177
2033876 0
2034076 215177
2034136 0
2051383 215177
2051443 0
2051643 215177
2051703 0
2052223 215177
2052283 0
2052483 215177
2052543 0
2069791 215177
2069851 0
2070051 215177
2070111 0
2070631 215177
2070691 0
2070891 215177
2070951 0
2088198 215177
2088258 0
2088458 215177
2088518 0
2089038 215177
2089098 0
2089298 215177
2089358 0
2106605 215177
2106665 0
2106865 215177
2106925 0
2107445 215177
2107505 0
2107705 215177
2107765 0
2125012 215177
2125072 0
2125272 215177
2125332 0
2125852 215177
2125912 0
2126112 215177
2126172 0
2144623 215177
2144683 0
2144883 215177
2144943 0
2145463 215177
2145523 0
2145723 215177
2145783 0
2162733 215177
2162793 0
2162993 215177
2163053 0
2163573 215177
2163633 0
2163833 215177
2163893 0
2180844 215177
2180904 0
2181104 215177
2181164 0
2181684 215177
2181744 0
2181944 215177
2182004 0
2198954 215177
2199014 0
2199214 215177
2199274 0
2199794 215177
2199854 0
2200054 215177
2200114 0
2217065 215177
2217125 0
2217325 215177
2217385 0
2217905 215177
2217965 0
2218165 215177
2218225 0
2235175 215177
2235235 0
2235435 215177
2235495 0
2236015 215177
2236075 0
2236275 215177
2236335 0
2253286 215177
2253346 0
2253516 215177
2253576 0
2254056 215177
2254116 0
2254286 215177
2254346 0
2271396 215177
2271456 0
2271656 215177
2271716 0
2272236 215177
2272296 0
2272496 215177
2272556 0
2289507 215177
2289567 0
2289767 215177
2289827 0
2290347 215177
2290407 0
2290607 215177
2290667 0
2307617 215177
2307677 0
2307877 215177
2307937 0
2308457 215177
2308517 0
2308717 215177
2308777 0
2325728 215177
2325788 0
2325988 215177
2326048 0
2326568 215177
2326628 0
2326828 215177
2326888 0
2343838 215177
2343898 0
2344098 215177
2344158 0
2344678 215177
2344738 0
2344938 215177
2344998 0
2361949 215177
2362009 0
2362209 215177
2362269 0
2362789 215177
2362849 0
2363049 215177
2363109 0
2380059 215177
2380119 0
2380319 215177
2380379 0
2380899 215177
2380959 0
2381159 215177
2381219 0
2398170 215177
2398230 0
2398430 215177
2398490 0
2399010 215177
2399070 0
2399270 215177
2399330 0
2416280 215177
2416340 0
2416540 215177
2416600 0
2417120 215177
2417180 0
2417380 215177
2417440 0
2434391 215177
2434451 0
2434651 215177
2434711 0
2435231 215177
2435291 0
2435491 215177
2435551 0
2452501 215177
2452561 0
2452761 215177
2452821 0
2453341 215177
2453401 0
2453601 215177
2453661 0
2470612 215177
2470672 0
2470872 215177
2470932 0
2471452 215177
2471512 0
2471712 215177
2471772 0
2490519 215177
2490579 0
2490749 215177
2490809 0
2491289 215177
2491349 0
2491519 215177
2491579 0
2508926 215177
2508986 0
2509186 215177
2509246 0
2509766 215177
2509826 0
2510026 215177
2510086 0
2527333 215177
2527393 0
2527593 215177
2527653 0
2528173 215177
2528233 0
2528433 215177
2528493 0
2545741 215177
2545801 0
2546001 215177
2546061 0
287 events for E
10622 906
11362 0
20743 906
32153 0
34433 906
49442 0
72749 906
87971 0
95108 906
106485 0
108025 906
124785 0
131779 906
143299 0
146467 906
161467 0
168208 906
180542 0
182082 906
199056 0
205236 906
208142 0
208622 906
217571 0
219851 906
235785 0
242265 906
251342 0
251522 1087
254232 0
257179 906
273113 0
279267 593
284934 0
286953 906
289913 0
294388 593
307949 0
330122 906
336842 0
337922 906
346504 0
352701 906
364682 0
366278 906
380942 0
381422 906
382882 0
389080 906
401024 0
403433 906
419185 0
425459 1714
437327 0
441507 906
442247 1714
478142 0
490922 1714
521342 0
530822 1714
546484 0
548260 906
549000 1714
564714 0
567452 1714
582928 0
589164 1714
596942 0
597422 906
601162 0
602731 906
619363 0
625543 906
636953 0
639233 906
645542 0
646322 906
654242 0
677653 906
692766 0
698951 906
711285 0
712825 906
729799 0
735979 906
748313 0
752093 906
765328 0
773008 906
785342 0
786882 906
791042 0
833008 906
840885 0
847065 906
854906 0
860982 906
877142 0
884093 1600
894234 0
899332 1500
905590 0
906652 1500
908994 0
934922 906
951321 0
957501 906
962721 0
963201 906
965942 0
973300 906
974057 1500
979332 0
980657 1500
985942 0
993880 906
1005889 0
1008169 906
1024079 0
1030259 906
1042268 0
1046028 906
1060338 0
1066638 906
1078645 0
1080927 906
1093742 0
1094222 906
1096837 0
1103017 906
1115026 0
1117306 906
1133216 0
1134756 906
1151344 0
1157585 906
1169535 0
1171875 906
1187784 0
1193964 906
1205974 0
1207514 906
1224163 0
1230343 906
1241753 0
1246429 1500
1250444 0
1252129 1500
1256154 0
1274522 906
1277642 0
1284722 215
1296242 0
1318665 906
1334385 0
1340779 906
1353113 0
1355393 906
1371628 0
1377808 906
1390142 0
1391682 906
1408656 0
1414836 906
1427171 0
1429451 906
1445685 0
1451865 906
1464199 0
1465739 906
1482713 0
1488893 906
1500628 0
1502908 906
1518242 0
1533722 906
1537922 0
1540211 906
1556121 0
1562301 906
1574310 0
1575850 906
1592500 0
1598680 906
1610689 0
1612969 906
1628879 0
1635059 906
1647068 0
1650851 906
1665116 0
1671438 906
1683423 0
1685749 906
1701637 0
1707817 906
1719826 0
1722106 906
1738016 0
1739556 906
1756205 0
1762385 906
1774395 0
1776675 906
1790342 0
1798764 906
1809084 0
1812614 906
1828774 0
1835143 906
1846553 0
1848833 906
1863842 0
1879022 1087
1881732 0
1888252 906
1902156 0
1908336 215
1919756 0
1959658 906
1975785 0
1981965 906
1994372 0
1996472 906
2012293 0
2018779 906
2030641 0
2032549 906
2043362 0
2044322 906
2049410 0
2055593 906
2067820 0
2070101 906
2086228 0
2092408 906
2104087 0
2106644 906
2122497 0
2138522 906
2142242 0
2144933 906
2160763 0
2166943 906
2173742 0
2174222 906
2178542 0
2180655 906
2187080 0
2188082 906
2196736 0
2203164 906
2214904 0
2217722 1714
2233022 0
2239565 1714
2251265 0
2255868 1714
2259362 0
2259527 906
2269382 0
2275606 906
2287533 0
2289820 906
2303342 0
2303822 1714
2304858 0
2311827 1714
2313207 0
2314322 1714
2315321 0
2316122 1714
2316602 0
2316992 1714
2317592 0
2318962 1714
2321489 0
2325522 906
2326262 1714
2341442 0
2434861 906
2435781 593
2449702 0
2456771 593
2467812 0
2526942 906
2543642 0
28 events for F
438337 67463256
438342 0
1043137 47210957
1043142 0
1884092 4214960
1884096 0
1884522 4214960
1884526 0
1885262 4214960
1885266 0
1885692 4214960
1885696 0
2251659 4214960
2251663 0
2252089 4214960
2252093 0
2252829 4214960
2252833 0
2253259 4214960
2253263 0
2488892 4214960
2488896 0
2489322 4214960
2489326 0
2490062 4214960
2490066 0
2490492 4214960
2490496 0
60 events for G
14741 487
70420 2414
88149 487
92349 2414
100320 487
145860 2414
161645 487
350899 2414
358320 487
387323 2414
419363 487
439546 2414
441386 487
597420 2414
619541 487
623744 2414
645720 487
675220 2414
692944 487
697151 2414
704820 487
791520 2414
803974 487
808234 2414
841063 487
1008167 2414
1024257 487
1028457 2414
1060516 487
1064896 2414
1093920 487
1135494 2414
1151522 487
1155783 2414
1180320 1285
1281134 2414
1282974 1285
1288027 2414
1297749 1285
1301949 2414
1309749 1285
1417920 2414
1445863 1285
1450063 2414
1461120 1285
1487091 2414
1518420 1285
1531620 2414
1542009 1285
1649146 2414
1650986 1285
1655520 2414
1665294 1285
1669657 2414
1698720 2057
1865820 0
1865821 2414
2470620 1772
2490627 2414
2492467 1772
287 events for H
11568 906
12308 0
21689 906
33099 0
35379 906
50388 0
73695 906
88917 0
96054 906
107431 0
108971 906
125731 0
132725 906
144245 0
147413 906
162413 0
169154 906
181488 0
183028 906
200002 0
206182 906
209088 0
209568 906
218517 0
220797 906
236731 0
243211 906
252288 0
252468 1087
255178 0
258125 906
274059 0
280213 593
285880 0
287899 906
290859 0
295334 593
308895 0
331068 906
337788 0
338868 906
347450 0
353647 906
365628 0
367224 906
381888 0
382368 906
383828 0
390026 906
401970 0
404379 906
420131 0
426405 1714
438273 0
442453 906
443193 1714
479088 0
491868 1714
522288 0
531768 1714
547430 0
549206 906
549946 1714
565660 0
568398 1714
583874 0
590110 1714
597888 0
598368 906
602108 0
603677 906
620309 0
626489 906
637899 0
640179 906
646488 0
647268 906
655188 0
678599 906
693712 0
699897 906
712231 0
713771 906
730745 0
736925 906
749259 0
753039 906
766274 0
773954 906
786288 0
787828 906
791988 0
833954 906
841831 0
848011 906
855852 0
861928 906
878088 0
885039 1600
895180 0
900278 1500
906536 0
907598 1500
909940 0
935868 906
952267 0
958447 906
963667 0
964147 906
966888 0
974246 906
975003 1500
980278 0
981603 1500
986888 0
994826 906
1006835 0
1009115 906
1025025 0
1031205 906
1043214 0
1046974 906
1061284 0
1067584 906
1079591 0
1081873 906
1094688 0
1095168 906
1097783 0
1103963 906
1115972 0
1118252 906
1134162 0
1135702 906
1152290 0
1158531 906
1170481 0
1172821 906
1188730 0
1194910 906
1206920 0
1208460 906
1225109 0
1231289 906
1242699 0
1247375 1500
1251390 0
1253075 1500
1257100 0
1275468 906
1278588 0
1285668 215
1297188 0
1319611 906
1335331 0
1341725 906
1354059 0
1356339 906
1372574 0
1378754 906
1391088 0
1392628 906
1409602 0
1415782 906
1428117 0
1430397 906
1446631 0
1452811 906
1465145 0
1466685 906
1483659 0
1489839 906
1501574 0
1503854 906
1519188 0
1534668 906
1538868 0
1541157 906
1557067 0
1563247 906
1575256 0
1576796 906
1593446 0
1599626 906
1611635 0
1613915 906
1629825 0
1636005 906
1648014 0
1651797 906
1666062 0
1672384 906
1684369 0
1686695 906
1702583 0
1708763 906
1720772 0
1723052 906
1738962 0
1740502 906
1757151 0
1763331 906
1775341 0
1777621 906
1791288 0
1799710 906
1810030 0
1813560 906
1829720 0
1836089 906
1847499 0
1849779 906
1864788 0
1879968 1087
1882678 0
1889198 906
1903102 0
1909282 215
1920702 0
1960604 906
1976731 0
1982911 906
1995318 0
1997418 906
2013239 0
2019725 906
2031587 0
2033495 906
2044308 0
2045268 906
2050356 0
2056539 906
2068766 0
2071047 906
2087174 0
2093354 906
2105033 0
2107590 906
2123443 0
2139468 906
2143188 0
2145879 906
2161709 0
2167889 906
2174688 0
2175168 906
2179488 0
2181601 906
2188026 0
2189028 906
2197682 0
2204110 906
2215850 0
2218668 1714
2233968 0
2240511 1714
2252211 0
2256814 1714
2260308 0
2260473 906
2270328 0
2276552 906
2288479 0
2290766 906
2304288 0
2304768 1714
2305804 0
2312773 1714
2314153 0
2315268 1714
2316267 0
2317068 1714
2317548 0
2317938 1714
2318538 0
2319908 1714
2322435 0
2326468 906
2327208 1714
2342388 0
2435807 906
2436727 593
2450648 0
2457717 593
2468758 0
2527888 906
2544588 0
1080 events for I
15181 12910592
15182 0
15441 12910592
15442 0
16021 12910592
16022 0
16281 12910592
16282 0
32771 12910592
32772 0
33031 12910592
33032 0
33611 12910592
33612 0
33871 12910592
33872 0
50060 12910592
50061 0
50320 12910592
50321 0
50900 12910592
50901 0
51160 12910592
51161 0
68960 12910592
68961 0
69190 12910592
69191 0
69730 12910592
69731 0
69960 12910592
69961 0
88589 12910592
88590 0
88849 12910592
88850 0
89429 12910592
89430 0
89689 12910592
89690 0
107103 12910592
107104 0
107363 12910592
107364 0
107943 12910592
107944 0
108203 12910592
108204 0
125617 12910592
125618 0
125877 12910592
125878 0
126457 12910592
126458 0
126717 12910592
126718 0
144131 12910592
144132 0
144391 12910592
144392 0
144971 12910592
144972 0
145231 12910592
145232 0
162646 12910592
162647 0
162906 12910592
162907 0
163486 12910592
163487 0
163746 12910592
163747 0
181160 12910592
181161 0
181420 12910592
181421 0
182000 12910592
182001 0
182260 12910592
182261 0
199674 12910592
199675 0
199934 12910592
199935 0
200514 12910592
200515 0
200774 12910592
200775 0
218189 12910592
218190 0
218449 12910592
218450 0
219029 12910592
219030 0
219289 12910592
219290 0
236703 12910592
236704 0
236963 12910592
236964 0
237543 12910592
237544 0
237803 12910592
237804 0
255217 12910592
255218 0
255477 12910592
255478 0
256057 12910592
256058 0
256317 12910592
256318 0
273731 12910592
273732 0
273991 12910592
273992 0
274571 12910592
274572 0
274831 12910592
274832 0
291646 12910592
291647 0
291906 12910592
291907 0
292486 12910592
292487 0
292746 12910592
292747 0
309260 12910592
309261 0
309520 12910592
309521 0
310100 12910592
310101 0
310360 12910592
310361 0
328160 12910592
328161 0
328420 12910592
328421 0
329000 12910592
329001 0
329260 12910592
329261 0
347139 12910592
347140 0
347399 12910592
347400 0
347979 12910592
347980 0
348239 12910592
348240 0
365328 12910592
365329 0
365588 12910592
365589 0
366168 12910592
366169 0
366428 12910592
366429 0
383518 12910592
383519 0
383778 12910592
383779 0
384358 12910592
384359 0
384618 12910592
384619 0
401707 12910592
401708 0
401967 12910592
401968 0
402547 12910592
402548 0
402807 12910592
402808 0
419897 12910592
419898 0
420157 12910592
420158 0
420737 12910592
420738 0
420997 12910592
420998 0
438086 12910592
438087 0
438316 12910592
438317 0
438856 12910592
438857 0
439086 12910592
439087 0
525260 12910592
525261 0
525520 12910592
525521 0
526100 12910592
526101 0
526360 12910592
526361 0
547223 12910592
547224 0
547483 12910592
547484 0
548063 12910592
548064 0
548323 12910592
548324 0
565413 12910592
565414 0
565673 12910592
565674 0
566253 12910592
566254 0
566513 12910592
566514 0
583602 12910592
583603 0
583862 12910592
583863 0
584442 12910592
584443 0
584702 12910592
584703 0
601792 12910592
601793 0
602052 12910592
602053 0
602632 12910592
602633 0
602892 12910592
602893 0
619981 12910592
619982 0
620241 12910592
620242 0
620821 12910592
620822 0
621081 12910592
621082 0
637571 12910592
637572 0
637831 12910592
637832 0
638411 12910592
638412 0
638671 12910592
638672 0
654860 12910592
654861 0
655120 12910592
655121 0
655700 12910592
655701 0
655960 12910592
655961 0
673760 12910592
673761 0
673990 12910592
673991 0
674530 12910592
674531 0
674760 12910592
674761 0
693389 12910592
693390 0
693649 12910592
693650 0
694229 12910592
694230 0
694489 12910592
694490 0
711903 12910592
711904 0
712163 12910592
712164 0
712743 12910592
712744 0
713003 12910592
713004 0
730417 12910592
730418 0
730677 12910592
730678 0
731257 12910592
731258 0
731517 12910592
731518 0
748931 12910592
748932 0
749191 12910592
749192 0
749771 12910592
749772 0
750031 12910592
750032 0
767446 12910592
767447 0
767706 12910592
767707 0
768286 12910592
768287 0
768546 12910592
768547 0
785960 12910592
785961 0
786220 12910592
786221 0
786800 12910592
786801 0
787060 12910592
787061 0
804474 12910592
804475 0
804734 12910592
804735 0
805314 12910592
805315 0
805574 12910592
805575 0
822989 12910592
822990 0
823249 12910592
823250 0
823829 12910592
823830 0
824089 12910592
824090 0
841503 12910592
841504 0
841763 12910592
841764 0
842343 12910592
842344 0
842603 12910592
842604 0
860017 12910592
860018 0
860277 12910592
860278 0
860857 12910592
860858 0
861117 12910592
861118 0
878531 12910592
878532 0
878791 12910592
878792 0
879371 12910592
879372 0
879631 12910592
879632 0
896446 12910592
896447 0
896706 12910592
896707 0
897286 12910592
897287 0
897546 12910592
897547 0
914060 12910592
914061 0
914320 12910592
914321 0
914900 12910592
914901 0
915160 12910592
915161 0
932960 12910592
932961 0
933220 12910592
933221 0
933800 12910592
933801 0
934060 12910592
934061 0
951939 12910592
951940 0
952199 12910592
952200 0
952779 12910592
952780 0
953039 12910592
953040 0
970128 12910592
970129 0
970388 12910592
970389 0
970968 12910592
970969 0
971228 12910592
971229 0
988318 12910592
988319 0
988578 12910592
988579 0
989158 12910592
989159 0
989418 12910592
989419 0
1006507 12910592
1006508 0
1006767 12910592
1006768 0
1007347 12910592
1007348 0
1007607 12910592
1007608 0
1024697 12910592
1024698 0
1024957 12910592
1024958 0
1025537 12910592
1025538 0
1025797 12910592
1025798 0
1042886 12910592
1042887 0
1043116 12910592
1043117 0
1043656 12910592
1043657 0
1043886 12910592
1043887 0
1061076 12910592
1061077 0
1061336 12910592
1061337 0
1061916 12910592
1061917 0
1062176 12910592
1062177 0
1079265 12910592
1079266 0
1079525 12910592
1079526 0
1080105 12910592
1080106 0
1080365 12910592
1080366 0
1097455 12910592
1097456 0
1097715 12910592
1097716 0
1098295 12910592
1098296 0
1098555 12910592
1098556 0
1115644 12910592
1115645 0
1115904 12910592
1115905 0
1116484 12910592
1116485 0
1116744 12910592
1116745 0
1133834 12910592
1133835 0
1134094 12910592
1134095 0
1134674 12910592
1134675 0
1134934 12910592
1134935 0
1152023 12910592
1152024 0
1152283 12910592
1152284 0
1152863 12910592
1152864 0
1153123 12910592
1153124 0
1170213 12910592
1170214 0
1170473 12910592
1170474 0
1171053 12910592
1171054 0
1171313 12910592
1171314 0
1188402 12910592
1188403 0
1188662 12910592
1188663 0
1189242 12910592
1189243 0
1189502 12910592
1189503 0
1206592 12910592
1206593 0
1206852 12910592
1206853 0
1207432 12910592
1207433 0
1207692 12910592
1207693 0
1224781 12910592
1224782 0
1225041 12910592
1225042 0
1225621 12910592
1225622 0
1225881 12910592
1225882 0
1242371 12910592
1242372 0
1242631 12910592
1242632 0
1243211 12910592
1243212 0
1243471 12910592
1243472 0
1259660 12910592
1259661 0
1259920 12910592
1259921 0
1260500 12910592
1260501 0
1260760 12910592
1260761 0
1279674 12910592
1279675 0
1279904 12910592
1279905 0
1280444 12910592
1280445 0
1280674 12910592
1280675 0
1298189 12910592
1298190 0
1298449 12910592
1298450 0
1299029 12910592
1299030 0
1299289 12910592
1299290 0
1316703 12910592
1316704 0
1316963 12910592
1316964 0
1317543 12910592
1317544 0
1317803 12910592
1317804 0
1335217 12910592
1335218 0
1335477 12910592
1335478 0
1336057 12910592
1336058 0
1336317 12910592
1336318 0
1353731 12910592
1353732 0
1353991 12910592
1353992 0
1354571 12910592
1354572 0
1354831 12910592
1354832 0
1372246 12910592
1372247 0
1372506 12910592
1372507 0
1373086 12910592
1373087 0
1373346 12910592
1373347 0
1390760 12910592
1390761 0
1391020 12910592
1391021 0
1391600 12910592
1391601 0
1391860 12910592
1391861 0
1409274 12910592
1409275 0
1409534 12910592
1409535 0
1410114 12910592
1410115 0
1410374 12910592
1410375 0
1427789 12910592
1427790 0
1428049 12910592
1428050 0
1428629 12910592
1428630 0
1428889 12910592
1428890 0
1446303 12910592
1446304 0
1446563 12910592
1446564 0
1447143 12910592
1447144 0
1447403 12910592
1447404 0
1464817 12910592
1464818 0
1465077 12910592
1465078 0
1465657 12910592
1465658 0
1465917 12910592
1465918 0
1483331 12910592
1483332 0
1483591 12910592
1483592 0
1484171 12910592
1484172 0
1484431 12910592
1484432 0
1501246 12910592
1501247 0
1501506 12910592
1501507 0
1502086 12910592
1502087 0
1502346 12910592
1502347 0
1518860 12910592
1518861 0
1519120 12910592
1519121 0
1519700 12910592
1519701 0
1519960 12910592
1519961 0
1538549 12910592
1538550 0
1538809 12910592
1538810 0
1539389 12910592
1539390 0
1539649 12910592
1539650 0
1556739 12910592
1556740 0
1556999 12910592
1557000 0
1557579 12910592
1557580 0
1557839 12910592
1557840 0
1574928 12910592
1574929 0
1575188 12910592
1575189 0
1575768 12910592
1575769 0
1576028 12910592
1576029 0
1593118 12910592
1593119 0
1593378 12910592
1593379 0
1593958 12910592
1593959 0
1594218 12910592
1594219 0
1611307 12910592
1611308 0
1611567 12910592
1611568 0
1612147 12910592
1612148 0
1612407 12910592
1612408 0
1629497 12910592
1629498 0
1629757 12910592
1629758 0
1630337 12910592
1630338 0
1630597 12910592
1630598 0
1647686 12910592
1647687 0
1647916 12910592
1647917 0
1648456 12910592
1648457 0
1648686 12910592
1648687 0
1665876 12910592
1665877 0
1666136 12910592
1666137 0
1666716 12910592
1666717 0
1666976 12910592
1666977 0
1684065 12910592
1684066 0
1684325 12910592
1684326 0
1684905 12910592
1684906 0
1685165 12910592
1685166 0
1702255 12910592
1702256 0
1702515 12910592
1702516 0
1703095 12910592
1703096 0
1703355 12910592
1703356 0
1720444 12910592
1720445 0
1720704 12910592
1720705 0
1721284 12910592
1721285 0
1721544 12910592
1721545 0
1738634 12910592
1738635 0
1738894 12910592
1738895 0
1739474 12910592
1739475 0
1739734 12910592
1739735 0
1756823 12910592
1756824 0
1757083 12910592
1757084 0
1757663 12910592
1757664 0
1757923 12910592
1757924 0
1775013 12910592
1775014 0
1775273 12910592
1775274 0
1775853 12910592
1775854 0
1776113 12910592
1776114 0
1793202 12910592
1793203 0
1793462 12910592
1793463 0
1794042 12910592
1794043 0
1794302 12910592
1794303 0
1811392 12910592
1811393 0
1811652 12910592
1811653 0
1812232 12910592
1812233 0
1812492 12910592
1812493 0
1829581 12910592
1829582 0
1829841 12910592
1829842 0
1830421 12910592
1830422 0
1830681 12910592
1830682 0
1847171 12910592
1847172 0
1847431 12910592
1847432 0
1848011 12910592
1848012 0
1848271 12910592
1848272 0
1864460 12910592
1864461 0
1864720 12910592
1864721 0
1865300 12910592
1865301 0
1865560 12910592
1865561 0
1884308 215177
1884368 0
1884538 215177
1884598 0
1885078 215177
1885138 0
1885308 215177
1885368 0
1902715 215177
1902775 0
1902975 215177
1903035 0
1903555 215177
1903615 0
1903815 215177
1903875 0
1921122 215177
1921182 0
1921382 215177
1921442 0
1921962 215177
1922022 0
1922222 215177
1922282 0
1939530 215177
1939590 0
1939790 215177
1939850 0
1940370 215177
1940430 0
1940630 215177
1940690 0
1957937 215177
1957997 0
1958197 215177
1958257 0
1958777 215177
1958837 0
1959037 215177
1959097 0
1976344 215177
1976404 0
1976604 215177
1976664 0
1977184 215177
1977244 0
1977444 215177
1977504 0
1994751 215177
1994811 0
1995011 215177
1995071 0
1995591 215177
1995651 0
1995851 215177
1995911 0
2013158 215177
2013218 0
2013418 215177
2013478 0
2013998 215177
2014058 0
2014258 215177
2014318 0
2031565 215177
2031625 0
2031825 215177
2031885 0
2032405 215177
2032465 0
2032665 215177
2032725 0
2049972 215177
2050032 0
2050232 215177
2050292 0
2050812 215177
2050872 0
2051072 215177
2051132 0
2068380 215177
2068440 0
2068640 215177
2068700 0
2069220 215177
2069280 0
2069480 215177
2069540 0
2086787 215177
2086847 0
2087047 215177
2087107 0
2087627 215177
2087687 0
2087887 215177
2087947 0
2105194 215177
2105254 0
2105454 215177
2105514 0
2106034 215177
2106094 0
2106294 215177
2106354 0
2123601 215177
2123661 0
2123861 215177
2123921 0
2124441 215177
2124501 0
2124701 215177
2124761 0
2143212 215177
2143272 0
2143472 215177
2143532 0
2144052 215177
2144112 0
2144312 215177
2144372 0
2161322 215177
2161382 0
2161582 215177
2161642 0
2162162 215177
2162222 0
2162422 215177
2162482 0
2179433 215177
2179493 0
2179693 215177
2179753 0
2180273 215177
2180333 0
2180533 215177
2180593 0
2197543 215177
2197603 0
2197803 215177
2197863 0
2198383 215177
2198443 0
2198643 215177
2198703 0
2215654 215177
2215714 0
2215914 215177
2215974 0
2216494 215177
2216554 0
2216754 215177
2216814 0
2233764 215177
2233824 0
2234024 215177
2234084 0
2234604 215177
2234664 0
2234864 215177
2234924 0
2251875 215177
2251935 0
2252105 215177
2252165 0
2252645 215177
2252705 0
2252875 215177
2252935 0
2269985 215177
2270045 0
2270245 215177
2270305 0
2270825 215177
2270885 0
2271085 215177
2271145 0
2288096 215177
2288156 0
2288356 215177
2288416 0
2288936 215177
2288996 0
2289196 215177
2289256 0
2306206 215177
2306266 0
2306466 215177
2306526 0
2307046 215177
2307106 0
2307306 215177
2307366 0
2324317 215177
2324377 0
2324577 215177
2324637 0
2325157 215177
2325217 0
2325417 215177
2325477 0
2342427 215177
2342487 0
2342687 215177
2342747 0
2343267 215177
2343327 0
2343527 215177
2343587 0
2360538 215177
2360598 0
2360798 215177
2360858 0
2361378 215177
2361438 0
2361638 215177
2361698 0
2378648 215177
2378708 0
2378908 215177
2378968 0
2379488 215177
2379548 0
2379748 215177
2379808 0
2396759 215177
2396819 0
2397019 215177
2397079 0
2397599 215177
2397659 0
2397859 215177
2397919 0
2414869 215177
2414929 0
2415129 215177
2415189 0
2415709 215177
2415769 0
2415969 215177
2416029 0
2432980 215177
2433040 0
2433240 215177
2433300 0
2433820 215177
2433880 0
2434080 215177
2434140 0
2451090 215177
2451150 0
2451350 215177
2451410 0
2451930 215177
2451990 0
2452190 215177
2452250 0
2469201 215177
2469261 0
2469461 215177
2469521 0
2470041 215177
2470101 0
2470301 215177
2470361 0
2489108 215177
2489168 0
2489338 215177
2489398 0
2489878 215177
2489938 0
2490108 215177
2490168 0
2507515 215177
2507575 0
2507775 215177
2507835 0
2508355 215177
2508415 0
2508615 215177
2508675 0
2525922 215177
2525982 0
2526182 215177
2526242 0
2526762 215177
2526822 0
2527022 215177
2527082 0
2544330 215177
2544390 0
2544590 215177
2544650 0
2545170 215177
2545230 0
2545430 215177
2545490 0
2 events for J
1865175 0
1865176 18
61 events for K
50357 0
50597 305
654797 0
655397 305
1259597 0
1260197 330
1864397 0
1879277 20
1879457 0
1881617 20
1881797 0
1881857 126
1907777 0
1908437 20
1908617 0
1910777 20
1910957 0
1911017 218
1926077 0
1926737 20
1926917 0
1929077 20
1929257 0
1929317 32
2066837 28
2067137 0
2067797 20
2067977 0
2070137 20
2070317 0
2070377 201
2097317 28
2097617 0
2097677 20
2097857 203
2123897 0
2136257 20
2136437 0
2138597 20
2138777 0
2138837 36
2157917 0
2158577 20
2158757 0
2160917 20
2161097 0
2161157 36
2180237 0
2180897 20
2181077 0
2183237 20
2183417 0
2183477 36
2212697 0
2408657 20
2408837 0
2410997 20
2411177 0
2411237 12
2469497 0
2469797 330
20 events for L
52033 700
52078 0
70193 600
70373 1300
310453 700
310498 0
329393 600
329513 1300
657013 700
657058 0
674813 1300
916612 0
934013 1300
1262212 0
1273613 1950
1521412 0
1532813 1950
1867012 0
1867014 1944
2483213 1300
310 events for M
335217 117965
335307 125479
336588 7514
336948 0
472887 3372
478068 0
498087 3372
506448 0
515487 3372
520848 0
543087 3372
546048 0
548965 3372
564766 0
704997 117965
705087 121337
706608 3372
706857 121337
708408 3372
708648 0
713440 117965
713530 121337
714871 3372
720700 121337
722071 3372
724291 0
734054 117965
734144 121337
735665 3372
739514 121337
741065 3372
741305 0
940887 3372
941757 121337
944508 3372
945357 121337
948048 3372
948948 0
955576 117965
955666 121337
957127 3372
957436 121337
958987 3372
962827 0
1310037 19661
1310127 25951
1311888 6290
1312677 25951
1314528 6290
1315068 0
1318377 19661
1318467 25951
1320228 6290
1321017 25951
1322868 6290
1323837 25951
1325688 6290
1326417 25951
1328268 6290
1329237 25951
1331088 6290
1331817 25951
1333668 6290
1334208 0
1338957 19661
1339047 25951
1340808 6290
1340937 25951
1342788 6290
1343157 25951
1345008 6290
1345137 25951
1346988 6290
1347357 25951
1349208 6290
1349337 25951
1351183 6290
1351188 0
1355268 117965
1355358 124709
1356819 6744
1371519 0
1375883 117965
1375973 124709
1377434 6744
1390214 0
1392297 117965
1392387 124709
1393848 6744
1406628 0
1542297 19661
1542387 25951
1544148 6290
1544277 25951
1546128 6290
1546497 25951
1548348 6290
1548477 25951
1550328 6290
1550697 25951
1552548 6290
1552677 25951
1554523 6290
1554528 0
1560477 19661
1560567 25951
1561428 6290
1561557 25951
1562508 6290
1562877 25951
1563828 6290
1564077 25951
1565028 6290
1565277 25951
1566228 6290
1566357 25951
1567308 6290
1567313 0
1568997 117965
1569087 124709
1570608 6744
1572613 0
1572657 117965
1574268 6744
1574328 0
1576465 117965
1576555 124709
1578076 6744
1581881 0
1581925 117965
1583536 6744
1588996 0
1596755 117965
1596845 124709
1598366 6744
1600371 0
1600415 117965
1602026 6744
1607186 0
1612934 6290
1623695 0
1633224 6290
1643985 0
1651556 6290
1655117 0
1892997 58982
1895748 7514
1899262 0
1906411 58982
1906501 66496
1907842 7514
1908151 66496
1909582 7514
1909831 66496
1911262 7514
1911511 66496
1912942 7514
1913191 66496
1914622 7514
1914632 0
1959533 58982
1959623 66496
1960964 7514
1961393 66496
1962824 7514
1963193 66496
1964624 7514
1964993 66496
1966424 7514
1966793 66496
1968224 7514
1968593 66496
1970024 7514
1970393 66496
1971824 7514
1972193 66496
1973624 7514
1973993 66496
1975424 7514
1975854 0
1980040 58982
1980130 66496
1981471 7514
1981900 66496
1983331 7514
1983700 66496
1985131 7514
1985500 66496
1986931 7514
1987300 66496
1988731 7514
1989100 66496
1990531 7514
1990900 66496
1992331 7514
1992700 66496
1994131 7514
1994261 0
1996347 58982
1996437 66496
1997898 7514
1997967 66496
1999518 7514
1999587 66496
2001018 7514
2001023 0
2044287 7514
2049468 0
2055258 7514
2067879 0
2070066 7514
2086287 0
2165037 58982
2165127 66496
2166468 7514
2166897 66496
2168328 7514
2168688 0
2168997 58982
2169087 66496
2170428 7514
2170677 66496
2172108 7514
2172417 66496
2173848 7514
2173853 0
2260197 58982
2260287 66496
2261628 7514
2261697 66496
2263128 7514
2263197 66496
2264628 7514
2264697 66496
2266128 7514
2266197 66496
2267628 7514
2267697 66496
2269128 7514
2269488 0
2273682 58982
2273772 66496
2275113 7514
2275542 66496
2276973 7514
2277342 66496
2278773 7514
2279142 58982
2280573 7514
2280942 66496
2282373 7514
2282742 58982
2284173 7514
2284542 66496
2285973 7514
2286162 66496
2287593 7514
2287598 0
2289695 58982
2289785 66496
2291126 7514
2291375 66496
2292806 7514
2293055 66496
2294486 7514
2294735 66496
2296166 7514
2296415 66496
2297846 7514
2298095 66496
2299526 7514
2299775 66496
2301206 7514
2301455 66496
2302886 7514
2303431 0
2493147 7514
2504113 0
2511357 58982
2511447 66496
2512168 7514
2512257 66496
2513068 7514
2513397 66496
2514208 7514
2514297 66496
2515108 7514
2515437 66496
2516248 7514
2516337 66496
2517148 7514
2517657 66496
2518468 7514
2518557 66496
2519368 7514
2519697 66496
2520508 7514
2520597 66496
2521408 7514
2521737 66496
2522548 7514
2522637 66496
2523448 7514
2523453 0
2527557 58982
2527647 65726
2532768 6744
2538417 65726
2543628 6744
2543748 0
1080 events for N
13395 12910592
13396 0
13655 12910592
13656 0
14235 12910592
14236 0
14495 12910592
14496 0
30985 12910592
30986 0
31245 12910592
31246 0
31825 12910592
31826 0
32085 12910592
32086 0
48274 12910592
48275 0
48534 12910592
48535 0
49114 12910592
49115 0
49374 12910592
49375 0
67174 12910592
67175 0
67404 12910592
67405 0
67944 12910592
67945 0
68174 12910592
68175 0
86803 12910592
86804 0
87063 12910592
87064 0
87643 12910592
87644 0
87903 12910592
87904 0
105317 12910592
105318 0
105577 12910592
105578 0
106157 12910592
106158 0
106417 12910592
106418 0
123831 12910592
123832 0
124091 12910592
124092 0
124671 12910592
124672 0
124931 12910592
124932 0
142345 12910592
142346 0
142605 12910592
142606 0
143185 12910592
143186 0
143445 12910592
143446 0
160860 12910592
160861 0
161120 12910592
161121 0
161700 12910592
161701 0
161960 12910592
161961 0
179374 12910592
179375 0
179634 12910592
179635 0
180214 12910592
180215 0
180474 12910592
180475 0
197888 12910592
197889 0
198148 12910592
198149 0
198728 12910592
198729 0
198988 12910592
198989 0
216403 12910592
216404 0
216663 12910592
216664 0
217243 12910592
217244 0
217503 12910592
217504 0
234917 12910592
234918 0
235177 12910592
235178 0
235757 12910592
235758 0
236017 12910592
236018 0
253431 12910592
253432 0
253691 12910592
253692 0
254271 12910592
254272 0
254531 12910592
254532 0
271945 12910592
271946 0
272205 12910592
272206 0
272785 12910592
272786 0
273045 12910592
273046 0
289860 12910592
289861 0
290120 12910592
290121 0
290700 12910592
290701 0
290960 12910592
290961 0
307474 12910592
307475 0
307734 12910592
307735 0
308314 12910592
308315 0
308574 12910592
308575 0
326374 12910592
326375 0
326634 12910592
326635 0
327214 12910592
327215 0
327474 12910592
327475 0
345353 12910592
345354 0
345613 12910592
345614 0
346193 12910592
346194 0
346453 12910592
346454 0
363542 12910592
363543 0
363802 12910592
363803 0
364382 12910592
364383 0
364642 12910592
364643 0
381732 12910592
381733 0
381992 12910592
381993 0
382572 12910592
382573 0
382832 12910592
382833 0
399921 12910592
399922 0
400181 12910592
400182 0
400761 12910592
400762 0
401021 12910592
401022 0
418111 12910592
418112 0
418371 12910592
418372 0
418951 12910592
418952 0
419211 12910592
419212 0
436300 12910592
436301 0
436530 12910592
436531 0
437070 12910592
437071 0
437300 12910592
437301 0
523474 12910592
523475 0
523734 12910592
523735 0
524314 12910592
524315 0
524574 12910592
524575 0
545437 12910592
545438 0
545697 12910592
545698 0
546277 12910592
546278 0
546537 12910592
546538 0
563627 12910592
563628 0
563887 12910592
563888 0
564467 12910592
564468 0
564727 12910592
564728 0
581816 12910592
581817 0
582076 12910592
582077 0
582656 12910592
582657 0
582916 12910592
582917 0
600006 12910592
600007 0
600266 12910592
600267 0
600846 12910592
600847 0
601106 12910592
601107 0
618195 12910592
618196 0
618455 12910592
618456 0
619035 12910592
619036 0
619295 12910592
619296 0
635785 12910592
635786 0
636045 12910592
636046 0
636625 12910592
636626 0
636885 12910592
636886 0
653074 12910592
653075 0
653334 12910592
653335 0
653914 12910592
653915 0
654174 12910592
654175 0
671974 12910592
671975 0
672204 12910592
672205 0
672744 12910592
672745 0
672974 12910592
672975 0
691603 12910592
691604 0
691863 12910592
691864 0
692443 12910592
692444 0
692703 12910592
692704 0
710117 12910592
710118 0
710377 12910592
710378 0
710957 12910592
710958 0
711217 12910592
711218 0
728631 12910592
728632 0
728891 12910592
728892 0
729471 12910592
729472 0
729731 12910592
729732 0
747145 12910592
747146 0
747405 12910592
747406 0
747985 12910592
747986 0
748245 12910592
748246 0
765660 12910592
765661 0
765920 12910592
765921 0
766500 12910592
766501 0
766760 12910592
766761 0
784174 12910592
784175 0
784434 12910592
784435 0
785014 12910592
785015 0
785274 12910592
785275 0
802688 12910592
802689 0
802948 12910592
802949 0
803528 12910592
803529 0
803788 12910592
803789 0
821203 12910592
821204 0
821463 12910592
821464 0
822043 12910592
822044 0
822303 12910592
822304 0
839717 12910592
839718 0
839977 12910592
839978 0
840557 12910592
840558 0
840817 12910592
840818 0
858231 12910592
858232 0
858491 12910592
858492 0
859071 12910592
859072 0
859331 12910592
859332 0
876745 12910592
876746 0
877005 12910592
877006 0
877585 12910592
877586 0
877845 12910592
877846 0
894660 12910592
894661 0
894920 12910592
894921 0
895500 12910592
895501 0
895760 12910592
895761 0
912274 12910592
912275 0
912534 12910592
912535 0
913114 12910592
913115 0
913374 12910592
913375 0
931174 12910592
931175 0
931434 12910592
931435 0
932014 12910592
932015 0
932274 12910592
932275 0
950153 12910592
950154 0
950413 12910592
950414 0
950993 12910592
950994 0
951253 12910592
951254 0
968342 12910592
968343 0
968602 12910592
968603 0
969182 12910592
969183 0
969442 12910592
969443 0
986532 12910592
986533 0
986792 12910592
986793 0
987372 12910592
987373 0
987632 12910592
987633 0
1004721 12910592
1004722 0
1004981 12910592
1004982 0
1005561 12910592
1005562 0
1005821 12910592
1005822 0
1022911 12910592
1022912 0
1023171 12910592
1023172 0
1023751 12910592
1023752 0
1024011 12910592
1024012 0
1041100 12910592
1041101 0
1041330 12910592
1041331 0
1041870 12910592
1041871 0
1042100 12910592
1042101 0
1059290 12910592
1059291 0
1059550 12910592
1059551 0
1060130 12910592
1060131 0
1060390 12910592
1060391 0
1077479 12910592
1077480 0
1077739 12910592
1077740 0
1078319 12910592
1078320 0
1078579 12910592
1078580 0
1095669 12910592
1095670 0
1095929 12910592
1095930 0
1096509 12910592
1096510 0
1096769 12910592
1096770 0
1113858 12910592
1113859 0
1114118 12910592
1114119 0
1114698 12910592
1114699 0
1114958 12910592
1114959 0
1132048 12910592
1132049 0
1132308 12910592
1132309 0
1132888 12910592
1132889 0
1133148 12910592
1133149 0
1150237 12910592
1150238 0
1150497 12910592
1150498 0
1151077 12910592
1151078 0
1151337 12910592
1151338 0
1168427 12910592
1168428 0
1168687 12910592
1168688 0
1169267 12910592
1169268 0
1169527 12910592
1169528 0
1186616 12910592
1186617 0
1186876 12910592
1186877 0
1187456 12910592
1187457 0
1187716 12910592
1187717 0
1204806 12910592
1204807 0
1205066 12910592
1205067 0
1205646 12910592
1205647 0
1205906 12910592
1205907 0
1222995 12910592
1222996 0
1223255 12910592
1223256 0
1223835 12910592
1223836 0
1224095 12910592
1224096 0
1240585 12910592
1240586 0
1240845 12910592
1240846 0
1241425 12910592
1241426 0
1241685 12910592
1241686 0
1257874 12910592
1257875 0
1258134 12910592
1258135 0
1258714 12910592
1258715 0
1258974 12910592
1258975 0
1277888 12910592
1277889 0
1278118 12910592
1278119 0
1278658 12910592
1278659 0
1278888 12910592
1278889 0
1296403 12910592
1296404 0
1296663 12910592
1296664 0
1297243 12910592
1297244 0
1297503 12910592
1297504 0
1314917 12910592
1314918 0
1315177 12910592
1315178 0
1315757 12910592
1315758 0
1316017 12910592
1316018 0
1333431 12910592
1333432 0
1333691 12910592
1333692 0
1334271 12910592
1334272 0
1334531 12910592
1334532 0
1351945 12910592
1351946 0
1352205 12910592
1352206 0
1352785 12910592
1352786 0
1353045 12910592
1353046 0
1370460 12910592
1370461 0
1370720 12910592
1370721 0
1371300 12910592
1371301 0
1371560 12910592
1371561 0
1388974 12910592
1388975 0
1389234 12910592
1389235 0
1389814 12910592
1389815 0
1390074 12910592
1390075 0
1407488 12910592
1407489 0
1407748 12910592
1407749 0
1408328 12910592
1408329 0
1408588 12910592
1408589 0
1426003 12910592
1426004 0
1426263 12910592
1426264 0
1426843 12910592
1426844 0
1427103 12910592
1427104 0
1444517 12910592
1444518 0
1444777 12910592
1444778 0
1445357 12910592
1445358 0
1445617 12910592
1445618 0
1463031 12910592
1463032 0
1463291 12910592
1463292 0
1463871 12910592
1463872 0
1464131 12910592
1464132 0
1481545 12910592
1481546 0
1481805 12910592
1481806 0
1482385 12910592
1482386 0
1482645 12910592
1482646 0
1499460 12910592
1499461 0
1499720 12910592
1499721 0
1500300 12910592
1500301 0
1500560 12910592
1500561 0
1517074 12910592
1517075 0
1517334 12910592
1517335 0
1517914 12910592
1517915 0
1518174 12910592
1518175 0
1536763 12910592
1536764 0
1537023 12910592
1537024 0
1537603 12910592
1537604 0
1537863 12910592
1537864 0
1554953 12910592
1554954 0
1555213 12910592
1555214 0
1555793 12910592
1555794 0
1556053 12910592
1556054 0
1573142 12910592
1573143 0
1573402 12910592
1573403 0
1573982 12910592
1573983 0
1574242 12910592
1574243 0
1591332 12910592
1591333 0
1591592 12910592
1591593 0
1592172 12910592
1592173 0
1592432 12910592
1592433 0
1609521 12910592
1609522 0
1609781 12910592
1609782 0
1610361 12910592
1610362 0
1610621 12910592
1610622 0
1627711 12910592
1627712 0
1627971 12910592
1627972 0
1628551 12910592
1628552 0
1628811 12910592
1628812 0
1645900 12910592
1645901 0
1646130 12910592
1646131 0
1646670 12910592
1646671 0
1646900 12910592
1646901 0
1664090 12910592
1664091 0
1664350 12910592
1664351 0
1664930 12910592
1664931 0
1665190 12910592
1665191 0
1682279 12910592
1682280 0
1682539 12910592
1682540 0
1683119 12910592
1683120 0
1683379 12910592
1683380 0
1700469 12910592
1700470 0
1700729 12910592
1700730 0
1701309 12910592
1701310 0
1701569 12910592
1701570 0
1718658 12910592
1718659 0
1718918 12910592
1718919 0
1719498 12910592
1719499 0
1719758 12910592
1719759 0
1736848 12910592
1736849 0
1737108 12910592
1737109 0
1737688 12910592
1737689 0
1737948 12910592
1737949 0
1755037 12910592
1755038 0
1755297 12910592
1755298 0
1755877 12910592
1755878 0
1756137 12910592
1756138 0
1773227 12910592
1773228 0
1773487 12910592
1773488 0
1774067 12910592
1774068 0
1774327 12910592
1774328 0
1791416 12910592
1791417 0
1791676 12910592
1791677 0
1792256 12910592
1792257 0
1792516 12910592
1792517 0
1809606 12910592
1809607 0
1809866 12910592
1809867 0
1810446 12910592
1810447 0
1810706 12910592
1810707 0
1827795 12910592
1827796 0
1828055 12910592
1828056 0
1828635 12910592
1828636 0
1828895 12910592
1828896 0
1845385 12910592
1845386 0
1845645 12910592
1845646 0
1846225 12910592
1846226 0
1846485 12910592
1846486 0
1862674 12910592
1862675 0
1862934 12910592
1862935 0
1863514 12910592
1863515 0
1863774 12910592
1863775 0
1882522 215177
1882582 0
1882752 215177
1882812 0
1883292 215177
1883352 0
1883522 215177
1883582 0
1900929 215177
1900989 0
1901189 215177
1901249 0
1901769 215177
1901829 0
1902029 215177
1902089 0
1919336 215177
1919396 0
1919596 215177
1919656 0
1920176 215177
1920236 0
1920436 215177
1920496 0
1937744 215177
1937804 0
1938004 215177
1938064 0
1938584 215177
1938644 0
1938844 215177
1938904 0
1956151 215177
1956211 0
1956411 215177
1956471 0
1956991 215177
1957051 0
1957251 215177
1957311 0
1974558 215177
1974618 0
1974818 215177
1974878 0
1975398 215177
1975458 0
1975658 215177
1975718 0
1992965 215177
1993025 0
1993225 215177
1993285 0
1993805 215177
1993865 0
1994065 215177
1994125 0
2011372 215177
2011432 0
2011632 215177
2011692 0
2012212 215177
2012272 0
2012472 215177
2012532 0
2029779 215177
2029839 0
2030039 215177
2030099 0
2030619 215177
2030679 0
2030879 215177
2030939 0
2048186 215177
2048246 0
2048446 215177
2048506 0
2049026 215177
2049086 0
2049286 215177
2049346 0
2066594 215177
2066654 0
2066854 215177
2066914 0
2067434 215177
2067494 0
2067694 215177
2067754 0
2085001 215177
2085061 0
2085261 215177
2085321 0
2085841 215177
2085901 0
2086101 215177
2086161 0
2103408 215177
2103468 0
2103668 215177
2103728 0
2104248 215177
2104308 0
2104508 215177
2104568 0
2121815 215177
2121875 0
2122075 215177
2122135 0
2122655 215177
2122715 0
2122915 215177
2122975 0
2141426 215177
2141486 0
2141686 215177
2141746 0
2142266 215177
2142326 0
2142526 215177
2142586 0
2159536 215177
2159596 0
2159796 215177
2159856 0
2160376 215177
2160436 0
2160636 215177
2160696 0
2177647 215177
2177707 0
2177907 215177
2177967 0
2178487 215177
2178547 0
2178747 215177
2178807 0
2195757 215177
2195817 0
2196017 215177
2196077 0
2196597 215177
2196657 0
2196857 215177
2196917 0
2213868 215177
2213928 0
2214128 215177
2214188 0
2214708 215177
2214768 0
2214968 215177
2215028 0
2231978 215177
2232038 0
2232238 215177
2232298 0
2232818 215177
2232878 0
2233078 215177
2233138 0
2250089 215177
2250149 0
2250319 215177
2250379 0
2250859 215177
2250919 0
2251089 215177
2251149 0
2268199 215177
2268259 0
2268459 215177
2268519 0
2269039 215177
2269099 0
2269299 215177
2269359 0
2286310 215177
2286370 0
2286570 215177
2286630 0
2287150 215177
2287210 0
2287410 215177
2287470 0
2304420 215177
2304480 0
2304680 215177
2304740 0
2305260 215177
2305320 0
2305520 215177
2305580 0
2322531 215177
2322591 0
2322791 215177
2322851 0
2323371 215177
2323431 0
2323631 215177
2323691 0
2340641 215177
2340701 0
2340901 215177
2340961 0
2341481 215177
2341541 0
2341741 215177
2341801 0
2358752 215177
2358812 0
2359012 215177
2359072 0
2359592 215177
2359652 0
2359852 215177
2359912 0
2376862 215177
2376922 0
2377122 215177
2377182 0
2377702 215177
2377762 0
2377962 215177
2378022 0
2394973 215177
2395033 0
2395233 215177
2395293 0
2395813 215177
2395873 0
2396073 215177
2396133 0
2413083 215177
2413143 0
2413343 215177
2413403 0
2413923 215177
2413983 0
2414183 215177
2414243 0
2431194 215177
2431254 0
2431454 215177
2431514 0
2432034 215177
2432094 0
2432294 215177
2432354 0
2449304 215177
2449364 0
2449564 215177
2449624 0
2450144 215177
2450204 0
2450404 215177
2450464 0
2467415 215177
2467475 0
2467675 215177
2467735 0
2468255 215177
2468315 0
2468515 215177
2468575 0
2487322 215177
2487382 0
2487552 215177
2487612 0
2488092 215177
2488152 0
2488322 215177
2488382 0
2505729 215177
2505789 0
2505989 215177
2506049 0
2506569 215177
2506629 0
2506829 215177
2506889 0
2524136 215177
2524196 0
2524396 215177
2524456 0
2524976 215177
2525036 0
2525236 215177
2525296 0
2542544 215177
2542604 0
2542804 215177
2542864 0
2543384 215177
2543444 0
2543644 215177
2543704 0
2 events for O
1866698 0
1866699 2650
466 events for P
19791 12910592
19792 0
22791 12910592
22792 0
25139 12910592
25140 0
27481 12910592
27482 0
30481 12910592
30482 0
33781 12910592
33782 0
36781 12910592
36782 0
40775 12910592
40776 0
44770 12910592
44771 0
47773 12910592
47774 0
72105 12910592
72106 0
78970 12910592
78971 0
86130 12910592
86131 0
95470 12910592
95471 0
104813 12910592
104814 0
108116 12910592
108117 0
115613 12910592
115614 0
123113 12910592
123114 0
130993 12910592
130994 0
138069 12910592
138070 0
145815 12910592
145816 0
152805 12910592
152806 0
159550 12910592
159551 0
167470 12910592
167471 0
178270 12910592
178271 0
182473 12910592
182474 0
196270 12910592
196271 0
205380 12910592
205381 0
211934 12910592
211935 0
221834 12910592
221835 0
228670 12910592
228671 0
232270 12910592
232271 0
241313 12910592
241314 0
245470 12910592
245471 0
249553 12910592
249554 0
257470 12910592
257471 0
260950 12910592
260951 0
265870 12910592
265871 0
270972 12910592
270973 0
287830 12910592
287831 0
332170 12910592
332171 0
337270 12910592
337271 0
344470 12910592
344471 0
352271 12910592
352272 0
362590 12910592
362591 0
366310 12910592
366311 0
372819 12910592
372820 0
380990 12910592
380991 0
390670 12910592
390671 0
397210 12910592
397211 0
403270 12910592
403271 0
410148 12910592
410149 0
416470 12910592
416471 0
424807 12910592
424808 0
430232 12910592
430233 0
441850 12910592
441851 0
448232 12910592
448233 0
454870 12910592
454871 0
470620 12910592
470621 0
476470 12910592
476471 0
491470 12910592
491471 0
504070 12910592
504071 0
519370 12910592
519371 0
530170 12910592
530171 0
537492 12910592
537493 0
544812 12910592
544813 0
548348 12910592
548349 0
555696 12910592
555697 0
563042 12910592
563043 0
570069 12910592
570070 0
576071 12910592
576072 0
580870 12910592
580871 0
592270 12910592
592271 0
598271 12910592
598272 0
606310 12910592
606311 0
617170 12910592
617171 0
629936 12910592
629937 0
641225 12910592
641226 0
647470 12910592
647471 0
652570 12910592
652571 0
679870 12910592
679871 0
687670 12910592
687671 0
698472 12910592
698473 0
704470 12910592
704471 0
709613 12910592
709614 0
712913 12910592
712914 0
720522 12910592
720523 0
728127 12910592
728128 0
735670 12910592
735671 0
739870 12910592
739871 0
744071 12910592
744072 0
746470 12910592
746471 0
751443 12910592
751444 0
755470 12910592
755471 0
759670 12910592
759671 0
763656 12910592
763657 0
772058 12910592
772059 0
777863 12910592
777864 0
783670 12910592
783671 0
788170 12910592
788171 0
832450 12910592
832451 0
835390 12910592
835391 0
839170 12910592
839171 0
846115 12910592
846116 0
849673 12910592
849674 0
853234 12910592
853235 0
861070 12910592
861071 0
865872 12910592
865873 0
870670 12910592
870671 0
875470 12910592
875471 0
933970 12910592
933971 0
939672 12910592
939673 0
945070 12910592
945071 0
949270 12910592
949271 0
956549 12910592
956550 0
961051 12910592
961052 0
964690 12910592
964691 0
993070 12910592
993071 0
997498 12910592
997499 0
1002069 12910592
1002070 0
1007652 12910592
1007653 0
1014850 12910592
1014851 0
1022050 12910592
1022051 0
1030332 12910592
1030333 0
1039990 12910592
1039991 0
1049470 12910592
1049471 0
1056670 12910592
1056671 0
1069270 12910592
1069271 0
1074670 12910592
1074671 0
1083070 12910592
1083071 0
1090870 12910592
1090871 0
1094470 12910592
1094471 0
1105270 12910592
1105271 0
1110670 12910592
1110671 0
1121470 12910592
1121471 0
1128670 12910592
1128671 0
1137852 12910592
1137853 0
1146610 12910592
1146611 0
1158582 12910592
1158583 0
1164970 12910592
1164971 0
1177270 12910592
1177271 0
1182670 12910592
1182671 0
1193014 12910592
1193015 0
1198657 12910592
1198658 0
1204302 12910592
1204303 0
1207870 12910592
1207871 0
1215048 12910592
1215049 0
1222491 12910592
1222492 0
1232470 12910592
1232471 0
1237870 12910592
1237871 0
1274770 12910592
1274771 0
1317670 12910592
1317671 0
1325215 12910592
1325216 0
1332713 12910592
1332714 0
1342870 12910592
1342871 0
1347671 12910592
1347672 0
1354741 12910592
1354742 0
1362348 12910592
1362349 0
1369872 12910592
1369873 0
1378870 12910592
1378871 0
1387270 12910592
1387271 0
1393272 12910592
1393273 0
1402270 12910592
1402271 0
1413670 12910592
1413671 0
1421470 12910592
1421471 0
1431370 12910592
1431371 0
1440550 12910592
1440551 0
1453810 12910592
1453811 0
1461670 12910592
1461671 0
1467072 12910592
1467073 0
1474270 12910592
1474271 0
1490232 12910592
1490233 0
1496170 12910592
1496171 0
1503550 12910592
1503551 0
1509250 12910592
1509251 0
1516090 12910592
1516091 0
1534510 12910592
1534511 0
1539559 12910592
1539560 0
1544470 12910592
1544471 0
1549992 12910592
1549993 0
1562470 12910592
1562471 0
1570872 12910592
1570873 0
1582270 12910592
1582271 0
1589470 12910592
1589471 0
1600270 12910592
1600271 0
1606570 12910592
1606571 0
1612317 12910592
1612318 0
1619762 12910592
1619763 0
1626670 12910592
1626671 0
1636271 12910592
1636272 0
1643470 12910592
1643471 0
1657871 12910592
1657872 0
1672270 12910592
1672271 0
1679470 12910592
1679471 0
1686670 12910592
1686671 0
1693270 12910592
1693271 0
1699270 12910592
1699271 0
1706865 12910592
1706866 0
1712509 12910592
1712510 0
1724471 12910592
1724472 0
1733470 12910592
1733471 0
1744271 12910592
1744272 0
1751470 12910592
1751471 0
1764070 12910592
1764071 0
1769470 12910592
1769471 0
1777870 12910592
1777871 0
1781772 12910592
1781773 0
1785370 12910592
1785371 0
1800430 12910592
1800431 0
1804152 12910592
1804153 0
1816630 12910592
1816631 0
1820230 12910592
1820231 0
1836070 12910592
1836071 0
1843270 12910592
1843271 0
1852270 12910592
1852271 0
1859470 12910592
1859471 0
1888272 26897
1888752 0
1899072 26897
1899552 0
1996271 26897
1996751 0
2007072 26897
2007552 0
2028672 26897
2029152 0
2045706 26897
2046186 0
2055071 26897
2055551 0
2066150 26897
2066630 0
2083871 26897
2084351 0
2140271 26897
2140751 0
2152272 26897
2152752 0
2175120 26897
2175600 0
2217072 26897
2217552 0
2238672 26897
2239152 0
2319372 26897
2319852 0
2339472 26897
2339952 0
2529072 26897
2529552 0
82 events for Q
5138 1000
6138 0
49470 1000
50470 0
111323 1000
112323 0
173333 1000
174333 0
225001 1000
226001 0
268833 1000
269833 0
312382 1000
313382 0
355725 1000
356725 0
398835 1000
399835 0
441595 1000
442595 0
484144 1000
485144 0
526756 1000
527756 0
569688 1000
570688 0
613058 1000
614058 0
656705 1000
657705 0
700381 1000
701381 0
744112 1000
745112 0
787840 1000
788840 0
831992 1000
832992 0
871031 1000
872031 0
924525 1000
925525 0
964897 1000
965897 0
1011098 1000
1012098 0
1058889 1000
1059889 0
1108397 1000
1109397 0
1156728 1000
1157728 0
1203415 1000
1204415 0
1249578 1000
1250578 0
1294576 1000
1295576 0
1339281 1000
1340281 0
1384198 1000
1385198 0
1429382 1000
1430382 0
1475136 1000
1476136 0
1520471 1000
1521471 0
1564583 1000
1565583 0
1608442 1000
1609442 0
1652020 1000
1653020 0
1695256 1000
1696256 0
1738179 1000
1739179 0
1781007 1000
1782007 0
1824304 1000
1825304 0
52 events for R
114337 42873674
114342 0
135937 60808152
135942 0
222337 123650191
222342 0
243937 112353360
243942 0
265537 191051956
265542 0
287137 148359728
287142 0
947977 92231261
947982 0
978337 67412016
978342 0
1287024 67429102
1287029 0
1632624 42866846
1632629 0
1654224 36098616
1654229 0
1783824 15230225
1783829 0
1805424 42774218
1805429 0
1827024 51729687
1827029 0
1846930 67442760
1846935 0
1907077 51185344
1907082 0
1971877 36088368
1971882 0
2015077 46317017
2015082 0
2079877 62132584
2079882 0
2166277 55765577
2166282 0
2231077 60879901
2231082 0
2317477 79077832
2317482 0
2339077 48576383
2339082 0
2403877 294648376
2403882 0
2425477 296678458
2425482 0
2447077 98892820
2447082 0
