18 instruments
A 10 100 157159.98672976866 607777468.940395
B 10 100 5910082.7758317869 3030989320.3134623
C 10 100 0.000155227 800000000
D 10 100 45126217.813212499 1435691857.5629289
E 10 100 22528 960000000
F 10 100 177168740.44080633 781629408.46013641
G 10 100 8192 3200000000
H 10 100 2312500 800000000
I 10 100 20412.132877845776 869835207.86274612
J 10 100 728287279.5071317 6713663885.8674479
K 10 100 0 895660078.44187188
L 10 100 6499613.0472409306 3333330256.035996
M 10 100 7196.0339286610251 2810950753.383213
N 10 100 0.00017956089109901502 925410610.77784157
O 10 100 154000 595557000
P 10 100 0 296462475.07613176
Q 10 100 22018.298358889329 159480658.09969637
R 10 100 5459680 2800000000
60 downlinks
0 862 44901 9462.077765
1 44902 60235 8739.387213
2 100749 115653 27177.101999999999
3 131202 155311 28867.988366000001
4 156252 178780 8757.0573490000006
5 217503 259751 30482.278361000001
6 259752 296645 9337.789702
7 296646 325107 8515.7706749999998
8 365949 380832 8900.7025030000004
9 383042 408831 8778.3355150000007
10 408842 437214 29886.497736000001
11 439739 466980 29243.536622
12 467699 471912 26517.245249
13 476408 490680 8834.4018649999998
14 509939 521314 9457.9623840000004
15 533335 553231 28164.872808
16 562710 604939 30503.298975000002
17 604940 627355 8691.2845450000004
18 627831 637826 8525.9525360000007
19 640491 644244 28086.786929000002
20 705549 733493 9305.8530659999997
21 735317 739831 9003.7058219999999
22 765228 780989 29720.859928999998
23 813982 817639 28196.056719
24 821621 838334 8724.7512220000008
25 839924 867259 9238.0711549999996
26 868180 907924 29465.914934
27 907925 915901 8736.7051790000005
28 938920 952934 8623.2506759999997
29 964749 986998 8421.9856619999991
30 991239 1011098 27549.328343000001
31 1022916 1040175 29572.320551000001
32 1042472 1072611 29086.290951999999
33 1072712 1101387 8813.8421070000004
34 1109612 1126578 29493.047434
35 1134508 1157999 27435.630709000001
36 1158890 1170418 29792.428981000001
37 1173508 1183391 8997.6095590000004
38 1186408 1209595 26654.011493000002
39 1223949 1247074 8664.3956859999998
40 1247304 1273163 8910.3347130000002
41 1316349 1336346 9263.3037550000008
42 1339455 1345687 8194.1372179999998
43 1357400 1370063 8812.3468479999992
44 1388896 1390727 28513.272391999999
45 1417571 1421732 29797.943813000002
46 1425763 1460595 9287.2106050000002
47 1460596 1471348 9493.8769009999996
48 1474752 1510832 29841.66733
49 1512071 1516749 9031.5484039999992
50 1575549 1587179 27058.173078
51 1589288 1592845 27764.822221999999
52 1596788 1613390 8866.3210920000001
53 1625275 1637435 30200.423556999998
54 1640547 1645391 9259.4321029999992
55 1649583 1673654 9457.3783449999992
56 1675383 1679211 29542.407908000001
57 1684689 1699532 8564.5545529999999
58 1708683 1731352 9335.3412189999999
59 1733879 1762605 27874.981927000001
0 opportunities for A
0 opportunities for B
0 opportunities for C
0 opportunities for D
0 opportunities for E
0 opportunities for F
0 opportunities for G
0 opportunities for H
0 opportunities for I
0 opportunities for J
0 opportunities for K
0 opportunities for L
0 opportunities for M
0 opportunities for N
0 opportunities for O
0 opportunities for P
0 opportunities for Q
0 opportunities for R
2 events for A
694830 0
694831 74
2 events for B
693386 0
693387 2650
318 events for C
3249 12910592
3250 0
5709 12910592
5710 0
56649 12910592
56650 0
61920 12910592
61921 0
67260 12910592
67261 0
70560 12910592
70561 0
77554 12910592
77555 0
84554 12910592
84555 0
102854 12910592
102855 0
104649 12910592
104650 0
120849 12910592
120850 0
123134 12910592
123135 0
315125 12910592
315126 0
318120 12910592
318121 0
320627 12910592
320628 0
323135 12910592
323136 0
326135 12910592
326136 0
329435 12910592
329436 0
332435 12910592
332436 0
336597 12910592
336598 0
340749 12910592
340750 0
343749 12910592
343750 0
366254 12910592
366255 0
368049 12910592
368050 0
369849 12910592
369850 0
373449 12910592
373450 0
377049 12910592
377050 0
381249 12910592
381250 0
388454 12910592
388455 0
390849 12910592
390850 0
393849 12910592
393850 0
439616 12910592
439617 0
441314 12910592
441315 0
446851 12910592
446852 0
451086 12910592
451087 0
454086 12910592
454087 0
462549 12910592
462550 0
465854 12910592
465855 0
557049 12910592
557050 0
563349 12910592
563350 0
566949 12910592
566950 0
570549 12910592
570550 0
574149 12910592
574150 0
577808 12910592
577809 0
581703 12910592
581704 0
588849 12910592
588850 0
599594 12910592
599595 0
639586 12910592
639587 0
643449 12910592
643450 0
647049 12910592
647050 0
650649 12910592
650650 0
654470 12910592
654471 0
661375 12910592
661376 0
666849 12910592
666850 0
671649 12910592
671650 0
714784 12910592
714785 0
717787 12910592
717788 0
721331 12910592
721332 0
724878 12910592
724879 0
727878 12910592
727879 0
734778 12910592
734779 0
737778 12910592
737779 0
740588 12910592
740589 0
743392 12910592
743393 0
746392 12910592
746393 0
823992 12910592
823993 0
828849 12910592
828850 0
833649 12910592
833650 0
838569 12910592
838570 0
845892 12910592
845893 0
849429 12910592
849430 0
852969 12910592
852970 0
857349 12910592
857350 0
860829 12910592
860830 0
864849 12910592
864850 0
867312 12910592
867313 0
966193 12910592
966194 0
972129 12910592
972130 0
980169 12910592
980170 0
988212 12910592
988213 0
1011371 12910592
1011372 0
1016678 12910592
1016679 0
1022207 12910592
1022208 0
1029549 12910592
1029550 0
1034049 12910592
1034050 0
1038849 12910592
1038850 0
1044296 12910592
1044297 0
1051741 12910592
1051742 0
1059069 12910592
1059070 0
1066086 12910592
1066087 0
1071730 12910592
1071731 0
1077375 12910592
1077376 0
1083121 12910592
1083122 0
1089341 12910592
1089342 0
1095565 12910592
1095566 0
1104860 12910592
1104861 0
1266170 12910592
1266171 0
1269170 12910592
1269171 0
1271518 12910592
1271519 0
1273860 12910592
1273861 0
1276860 12910592
1276861 0
1280160 12910592
1280161 0
1283160 12910592
1283161 0
1287154 12910592
1287155 0
1291149 12910592
1291150 0
1294152 12910592
1294153 0
1318484 12910592
1318485 0
1325349 12910592
1325350 0
1332509 12910592
1332510 0
1341849 12910592
1341850 0
1351192 12910592
1351193 0
1354495 12910592
1354496 0
1361992 12910592
1361993 0
1369492 12910592
1369493 0
1377372 12910592
1377373 0
1384448 12910592
1384449 0
1392194 12910592
1392195 0
1399184 12910592
1399185 0
1405929 12910592
1405930 0
1413849 12910592
1413850 0
1424649 12910592
1424650 0
1428852 12910592
1428853 0
1442649 12910592
1442650 0
1451759 12910592
1451760 0
1458313 12910592
1458314 0
1468213 12910592
1468214 0
1475049 12910592
1475050 0
1478649 12910592
1478650 0
1487692 12910592
1487693 0
1491849 12910592
1491850 0
1495932 12910592
1495933 0
1503849 12910592
1503850 0
1507329 12910592
1507330 0
1512249 12910592
1512250 0
1517351 12910592
1517352 0
1534209 12910592
1534210 0
1578549 12910592
1578550 0
1583649 12910592
1583650 0
1590849 12910592
1590850 0
1598650 12910592
1598651 0
1608969 12910592
1608970 0
1612689 12910592
1612690 0
1619198 12910592
1619199 0
1627369 12910592
1627370 0
1637049 12910592
1637050 0
1643589 12910592
1643590 0
1649649 12910592
1649650 0
1656527 12910592
1656528 0
1662849 12910592
1662850 0
1671186 12910592
1671187 0
1676611 12910592
1676612 0
1688229 12910592
1688230 0
1694611 12910592
1694612 0
1701249 12910592
1701250 0
1716999 12910592
1717000 0
1722849 12910592
1722850 0
1737849 12910592
1737850 0
1750449 12910592
1750450 0
1765749 12910592
1765750 0
61 events for D
14295 706
18495 1285
50674 706
107467 2414
109307 706
136073 1285
141653 706
155784 1285
157764 706
395453 1285
419011 706
423211 1285
437200 706
439420 1772
455090 706
459710 1772
475479 2414
477839 1772
491469 706
546453 2414
556213 706
588296 1285
619073 706
623295 1285
632753 706
692153 0
692154 487
712267 2414
714107 487
786524 2414
802724 487
807139 2414
839967 487
844167 2414
876996 487
1080279 2414
1082119 487
1108553 2414
1132947 487
1137148 2414
1169326 487
1173527 2414
1177127 487
1195127 2414
1198727 487
1208406 2414
1210553 487
1221953 2414
1260274 487
1315953 2414
1333682 487
1337882 2414
1345853 487
1391393 2414
1407178 487
1596432 2414
1603853 487
1632856 2414
1664896 487
1685079 2414
1686919 487
42 events for E
107273 4214960
107277 0
107703 4214960
107707 0
108443 4214960
108447 0
108873 4214960
108877 0
475285 4214960
475289 0
475715 4214960
475719 0
476455 4214960
476459 0
476885 4214960
476889 0
546259 4214960
546263 0
546689 4214960
546693 0
547429 4214960
547433 0
547859 4214960
547863 0
712073 4214960
712077 0
712503 4214960
712507 0
713243 4214960
713247 0
713673 4214960
713677 0
1080085 4214960
1080089 0
1080515 4214960
1080519 0
1081255 4214960
1081259 0
1081685 4214960
1081689 0
1685411 67463256
1685416 0
133 events for F
2752 2738
11742 2635
20741 2738
22552 548
49542 444
56741 548
86742 444
89131 240
99941 344
103552 2534
121542 2431
121552 240
128741 344
159342 240
168341 344
197142 240
204341 344
233142 240
243941 344
269142 240
278141 344
306942 240
314141 344
345942 240
366341 344
380742 240
387941 344
416742 240
423941 344
452742 240
463541 344
490542 240
495941 344
526542 240
531941 344
580542 240
589541 344
607852 281
608152 344
618342 240
625541 344
654342 240
661541 344
691542 240
691819 0
691820 240
694852 178
695152 240
708341 344
728142 240
737141 344
764142 240
773141 344
801942 240
809141 344
837942 240
845141 344
867652 281
867952 344
873942 240
881141 344
911742 240
920741 344
949542 240
963941 344
967612 281
967912 344
1021542 240
1032341 344
1057542 240
1064741 344
1083652 281
1083952 344
1095342 240
1100741 344
1133142 240
1140341 344
1167342 240
1176341 344
1206942 240
1213252 178
1213552 240
1223141 344
1259142 240
1266341 344
1295142 240
1298731 444
1316741 548
1331142 444
1338341 548
1345541 1471
1367174 2754
1368942 1727
1374341 1830
1379431 1626
1385992 1564
1386292 3817
1388774 2534
1406742 2431
1413941 2534
1442742 2431
1449941 2534
1451092 344
1471531 548
1478742 444
1485941 548
1518342 444
1525541 548
1554342 444
1557931 240
1560232 178
1560532 240
1575941 344
1590342 240
1597541 344
1604741 1267
1626342 240
1637141 344
1664142 240
1669541 344
1669563 594
1669574 1877
1691131 2081
1691141 3004
1712731 2800
1712741 1877
1712774 594
1725342 491
1730763 240
1731712 178
1732012 240
1734341 344
1768542 240
740 events for G
14490 12910592
14491 0
14750 12910592
14751 0
15330 12910592
15331 0
15590 12910592
15591 0
32680 12910592
32681 0
32940 12910592
32941 0
33520 12910592
33521 0
33780 12910592
33781 0
50869 12910592
50870 0
51129 12910592
51130 0
51709 12910592
51710 0
51969 12910592
51970 0
68459 12910592
68460 0
68719 12910592
68720 0
69299 12910592
69300 0
69559 12910592
69560 0
85748 12910592
85749 0
86008 12910592
86009 0
86588 12910592
86589 0
86848 12910592
86849 0
105762 12910592
105763 0
105992 12910592
105993 0
106532 12910592
106533 0
106762 12910592
106763 0
124277 12910592
124278 0
124537 12910592
124538 0
125117 12910592
125118 0
125377 12910592
125378 0
142791 12910592
142792 0
143051 12910592
143052 0
143631 12910592
143632 0
143891 12910592
143892 0
161305 12910592
161306 0
161565 12910592
161566 0
162145 12910592
162146 0
162405 12910592
162406 0
179819 12910592
179820 0
180079 12910592
180080 0
180659 12910592
180660 0
180919 12910592
180920 0
198334 12910592
198335 0
198594 12910592
198595 0
199174 12910592
199175 0
199434 12910592
199435 0
216848 12910592
216849 0
217108 12910592
217109 0
217688 12910592
217689 0
217948 12910592
217949 0
235362 12910592
235363 0
235622 12910592
235623 0
236202 12910592
236203 0
236462 12910592
236463 0
253877 12910592
253878 0
254137 12910592
254138 0
254717 12910592
254718 0
254977 12910592
254978 0
272391 12910592
272392 0
272651 12910592
272652 0
273231 12910592
273232 0
273491 12910592
273492 0
290905 12910592
290906 0
291165 12910592
291166 0
291745 12910592
291746 0
292005 12910592
292006 0
309419 12910592
309420 0
309679 12910592
309680 0
310259 12910592
310260 0
310519 12910592
310520 0
327334 12910592
327335 0
327594 12910592
327595 0
328174 12910592
328175 0
328434 12910592
328435 0
344948 12910592
344949 0
345208 12910592
345209 0
345788 12910592
345789 0
346048 12910592
346049 0
363848 12910592
363849 0
364108 12910592
364109 0
364688 12910592
364689 0
364948 12910592
364949 0
382827 12910592
382828 0
383087 12910592
383088 0
383667 12910592
383668 0
383927 12910592
383928 0
401016 12910592
401017 0
401276 12910592
401277 0
401856 12910592
401857 0
402116 12910592
402117 0
419206 12910592
419207 0
419466 12910592
419467 0
420046 12910592
420047 0
420306 12910592
420307 0
437395 12910592
437396 0
437655 12910592
437656 0
438235 12910592
438236 0
438495 12910592
438496 0
455585 12910592
455586 0
455845 12910592
455846 0
456425 12910592
456426 0
456685 12910592
456686 0
473774 12910592
473775 0
474004 12910592
474005 0
474544 12910592
474545 0
474774 12910592
474775 0
491964 12910592
491965 0
492224 12910592
492225 0
492804 12910592
492805 0
493064 12910592
493065 0
510153 12910592
510154 0
510413 12910592
510414 0
510993 12910592
510994 0
511253 12910592
511254 0
528343 12910592
528344 0
528603 12910592
528604 0
529183 12910592
529184 0
529443 12910592
529444 0
544748 12910592
544749 0
544978 12910592
544979 0
545518 12910592
545519 0
545748 12910592
545749 0
564722 12910592
564723 0
564982 12910592
564983 0
565562 12910592
565563 0
565822 12910592
565823 0
582911 12910592
582912 0
583171 12910592
583172 0
583751 12910592
583752 0
584011 12910592
584012 0
601101 12910592
601102 0
601361 12910592
601362 0
601941 12910592
601942 0
602201 12910592
602202 0
619290 12910592
619291 0
619550 12910592
619551 0
620130 12910592
620131 0
620390 12910592
620391 0
637480 12910592
637481 0
637740 12910592
637741 0
638320 12910592
638321 0
638580 12910592
638581 0
655669 12910592
655670 0
655929 12910592
655930 0
656509 12910592
656510 0
656769 12910592
656770 0
673259 12910592
673260 0
673519 12910592
673520 0
674099 12910592
674100 0
674359 12910592
674360 0
690548 12910592
690549 0
690808 12910592
690809 0
691388 12910592
691389 0
691648 12910592
691649 0
710562 12910592
710563 0
710792 12910592
710793 0
711332 12910592
711333 0
711562 12910592
711563 0
729077 12910592
729078 0
729337 12910592
729338 0
729917 12910592
729918 0
730177 12910592
730178 0
747591 12910592
747592 0
747851 12910592
747852 0
748431 12910592
748432 0
748691 12910592
748692 0
766105 12910592
766106 0
766365 12910592
766366 0
766945 12910592
766946 0
767205 12910592
767206 0
784619 12910592
784620 0
784879 12910592
784880 0
785459 12910592
785460 0
785719 12910592
785720 0
803134 12910592
803135 0
803394 12910592
803395 0
803974 12910592
803975 0
804234 12910592
804235 0
821648 12910592
821649 0
821908 12910592
821909 0
822488 12910592
822489 0
822748 12910592
822749 0
840162 12910592
840163 0
840422 12910592
840423 0
841002 12910592
841003 0
841262 12910592
841263 0
858677 12910592
858678 0
858937 12910592
858938 0
859517 12910592
859518 0
859777 12910592
859778 0
877191 12910592
877192 0
877451 12910592
877452 0
878031 12910592
878032 0
878291 12910592
878292 0
895705 12910592
895706 0
895965 12910592
895966 0
896545 12910592
896546 0
896805 12910592
896806 0
914219 12910592
914220 0
914479 12910592
914480 0
915059 12910592
915060 0
915319 12910592
915320 0
932134 12910592
932135 0
932394 12910592
932395 0
932974 12910592
932975 0
933234 12910592
933235 0
949748 12910592
949749 0
950008 12910592
950009 0
950588 12910592
950589 0
950848 12910592
950849 0
969437 12910592
969438 0
969697 12910592
969698 0
970277 12910592
970278 0
970537 12910592
970538 0
989998 12910592
989999 0
990258 12910592
990259 0
990838 12910592
990839 0
991098 12910592
991099 0
1004398 12910592
1004399 0
1004658 12910592
1004659 0
1005238 12910592
1005239 0
1005498 12910592
1005499 0
1024006 12910592
1024007 0
1024266 12910592
1024267 0
1024846 12910592
1024847 0
1025106 12910592
1025107 0
1042195 12910592
1042196 0
1042455 12910592
1042456 0
1043035 12910592
1043036 0
1043295 12910592
1043296 0
1060385 12910592
1060386 0
1060645 12910592
1060646 0
1061225 12910592
1061226 0
1061485 12910592
1061486 0
1078574 12910592
1078575 0
1078804 12910592
1078805 0
1079344 12910592
1079345 0
1079574 12910592
1079575 0
1096764 12910592
1096765 0
1097024 12910592
1097025 0
1097604 12910592
1097605 0
1097864 12910592
1097865 0
1114953 12910592
1114954 0
1115213 12910592
1115214 0
1115793 12910592
1115794 0
1116053 12910592
1116054 0
1133143 12910592
1133144 0
1133403 12910592
1133404 0
1133983 12910592
1133984 0
1134243 12910592
1134244 0
1151332 12910592
1151333 0
1151592 12910592
1151593 0
1152172 12910592
1152173 0
1152432 12910592
1152433 0
1169522 12910592
1169523 0
1169782 12910592
1169783 0
1170362 12910592
1170363 0
1170622 12910592
1170623 0
1187711 12910592
1187712 0
1187971 12910592
1187972 0
1188551 12910592
1188552 0
1188811 12910592
1188812 0
1205901 12910592
1205902 0
1206161 12910592
1206162 0
1206741 12910592
1206742 0
1207001 12910592
1207002 0
1224090 12910592
1224091 0
1224350 12910592
1224351 0
1224930 12910592
1224931 0
1225190 12910592
1225191 0
1242280 12910592
1242281 0
1242540 12910592
1242541 0
1243120 12910592
1243121 0
1243380 12910592
1243381 0
1260469 12910592
1260470 0
1260729 12910592
1260730 0
1261309 12910592
1261310 0
1261569 12910592
1261570 0
1278059 12910592
1278060 0
1278319 12910592
1278320 0
1278899 12910592
1278900 0
1279159 12910592
1279160 0
1295348 12910592
1295349 0
1295608 12910592
1295609 0
1296188 12910592
1296189 0
1296448 12910592
1296449 0
1314248 12910592
1314249 0
1314478 12910592
1314479 0
1315018 12910592
1315019 0
1315248 12910592
1315249 0
1333877 12910592
1333878 0
1334137 12910592
1334138 0
1334717 12910592
1334718 0
1334977 12910592
1334978 0
1352391 12910592
1352392 0
1352651 12910592
1352652 0
1353231 12910592
1353232 0
1353491 12910592
1353492 0
1370905 12910592
1370906 0
1371165 12910592
1371166 0
1371745 12910592
1371746 0
1372005 12910592
1372006 0
1389419 12910592
1389420 0
1389679 12910592
1389680 0
1390259 12910592
1390260 0
1390519 12910592
1390520 0
1407934 12910592
1407935 0
1408194 12910592
1408195 0
1408774 12910592
1408775 0
1409034 12910592
1409035 0
1426448 12910592
1426449 0
1426708 12910592
1426709 0
1427288 12910592
1427289 0
1427548 12910592
1427549 0
1444962 12910592
1444963 0
1445222 12910592
1445223 0
1445802 12910592
1445803 0
1446062 12910592
1446063 0
1463477 12910592
1463478 0
1463737 12910592
1463738 0
1464317 12910592
1464318 0
1464577 12910592
1464578 0
1481991 12910592
1481992 0
1482251 12910592
1482252 0
1482831 12910592
1482832 0
1483091 12910592
1483092 0
1500505 12910592
1500506 0
1500765 12910592
1500766 0
1501345 12910592
1501346 0
1501605 12910592
1501606 0
1519019 12910592
1519020 0
1519279 12910592
1519280 0
1519859 12910592
1519860 0
1520119 12910592
1520120 0
1536934 12910592
1536935 0
1537194 12910592
1537195 0
1537774 12910592
1537775 0
1538034 12910592
1538035 0
1554548 12910592
1554549 0
1554808 12910592
1554809 0
1555388 12910592
1555389 0
1555648 12910592
1555649 0
1573448 12910592
1573449 0
1573708 12910592
1573709 0
1574288 12910592
1574289 0
1574548 12910592
1574549 0
1592427 12910592
1592428 0
1592687 12910592
1592688 0
1593267 12910592
1593268 0
1593527 12910592
1593528 0
1610616 12910592
1610617 0
1610876 12910592
1610877 0
1611456 12910592
1611457 0
1611716 12910592
1611717 0
1628806 12910592
1628807 0
1629066 12910592
1629067 0
1629646 12910592
1629647 0
1629906 12910592
1629907 0
1646995 12910592
1646996 0
1647255 12910592
1647256 0
1647835 12910592
1647836 0
1648095 12910592
1648096 0
1665185 12910592
1665186 0
1665445 12910592
1665446 0
1666025 12910592
1666026 0
1666285 12910592
1666286 0
1683374 12910592
1683375 0
1683604 12910592
1683605 0
1684144 12910592
1684145 0
1684374 12910592
1684375 0
1770548 12910592
1770549 0
1770808 12910592
1770809 0
23 events for H
86948 0
98349 1300
346148 0
363549 1300
691748 0
703629 600
703809 1300
950429 700
950474 0
962649 600
962829 1300
1209569 700
1209614 0
1221729 600
1221909 1300
1295969 700
1296014 0
1314129 600
1314309 1300
1554389 700
1554434 0
1573329 600
1573449 1300
42 events for I
110357 4214960
110361 0
110787 4214960
110791 0
111527 4214960
111531 0
111957 4214960
111961 0
478369 4214960
478373 0
478799 4214960
478803 0
479539 4214960
479543 0
479969 4214960
479973 0
549343 4214960
549347 0
549773 4214960
549777 0
550513 4214960
550517 0
550943 4214960
550947 0
715157 4214960
715161 0
715587 4214960
715591 0
716327 4214960
716331 0
716757 4214960
716761 0
1083169 4214960
1083173 0
1083599 4214960
1083603 0
1084339 4214960
1084343 0
1084769 4214960
1084773 0
1688495 67463256
1688500 0
30 events for J
563871 26968906
563876 0
585471 134824032
585476 0
588397 20221556
588402 0
779811 83191028
779816 0
974211 38234987
974216 0
995811 107957608
995816 0
1017411 350862225
1017416 0
1017417 4498234
1017422 0
1039011 38234987
1039016 0
1363071 42873674
1363076 0
1384671 60808152
1384676 0
1471071 123650191
1471076 0
1492671 112353360
1492676 0
1514271 191051956
1514276 0
1535871 148359728
1535876 0
46 events for K
732179 1000
733179 0
777887 1000
778887 0
823786 1000
824786 0
869909 1000
870909 0
916357 1000
917357 0
963164 1000
964164 0
1027972 1000
1028972 0
1073591 1000
1074591 0
1118466 1000
1119466 0
1158838 1000
1158902 0
1171449 1000
1172449 0
1208056 1000
1209056 0
1252457 1000
1253457 0
1296789 1000
1297789 0
1358642 1000
1359642 0
1420652 1000
1421652 0
1472320 1000
1473320 0
1516152 1000
1517152 0
1559701 1000
1560701 0
1603044 1000
1604044 0
1646154 1000
1647154 0
1688914 1000
1689914 0
1731463 1000
1732463 0
2 events for L
693609 0
693610 2650
740 events for M
338 12910592
339 0
598 12910592
599 0
17687 12910592
17688 0
17947 12910592
17948 0
18527 12910592
18528 0
18787 12910592
18788 0
35877 12910592
35878 0
36137 12910592
36138 0
36717 12910592
36718 0
36977 12910592
36978 0
54066 12910592
54067 0
54326 12910592
54327 0
54906 12910592
54907 0
55166 12910592
55167 0
71656 12910592
71657 0
71916 12910592
71917 0
72496 12910592
72497 0
72756 12910592
72757 0
88945 12910592
88946 0
89205 12910592
89206 0
89785 12910592
89786 0
90045 12910592
90046 0
108959 12910592
108960 0
109189 12910592
109190 0
109729 12910592
109730 0
109959 12910592
109960 0
127474 12910592
127475 0
127734 12910592
127735 0
128314 12910592
128315 0
128574 12910592
128575 0
145988 12910592
145989 0
146248 12910592
146249 0
146828 12910592
146829 0
147088 12910592
147089 0
164502 12910592
164503 0
164762 12910592
164763 0
165342 12910592
165343 0
165602 12910592
165603 0
183016 12910592
183017 0
183276 12910592
183277 0
183856 12910592
183857 0
184116 12910592
184117 0
201531 12910592
201532 0
201791 12910592
201792 0
202371 12910592
202372 0
202631 12910592
202632 0
220045 12910592
220046 0
220305 12910592
220306 0
220885 12910592
220886 0
221145 12910592
221146 0
238559 12910592
238560 0
238819 12910592
238820 0
239399 12910592
239400 0
239659 12910592
239660 0
257074 12910592
257075 0
257334 12910592
257335 0
257914 12910592
257915 0
258174 12910592
258175 0
275588 12910592
275589 0
275848 12910592
275849 0
276428 12910592
276429 0
276688 12910592
276689 0
294102 12910592
294103 0
294362 12910592
294363 0
294942 12910592
294943 0
295202 12910592
295203 0
312616 12910592
312617 0
312876 12910592
312877 0
313456 12910592
313457 0
313716 12910592
313717 0
330531 12910592
330532 0
330791 12910592
330792 0
331371 12910592
331372 0
331631 12910592
331632 0
348145 12910592
348146 0
348405 12910592
348406 0
348985 12910592
348986 0
349245 12910592
349246 0
367045 12910592
367046 0
367305 12910592
367306 0
367885 12910592
367886 0
368145 12910592
368146 0
386024 12910592
386025 0
386284 12910592
386285 0
386864 12910592
386865 0
387124 12910592
387125 0
404213 12910592
404214 0
404473 12910592
404474 0
405053 12910592
405054 0
405313 12910592
405314 0
422403 12910592
422404 0
422663 12910592
422664 0
423243 12910592
423244 0
423503 12910592
423504 0
440592 12910592
440593 0
440852 12910592
440853 0
441432 12910592
441433 0
441692 12910592
441693 0
458782 12910592
458783 0
459042 12910592
459043 0
459622 12910592
459623 0
459882 12910592
459883 0
476971 12910592
476972 0
477201 12910592
477202 0
477741 12910592
477742 0
477971 12910592
477972 0
495161 12910592
495162 0
495421 12910592
495422 0
496001 12910592
496002 0
496261 12910592
496262 0
513350 12910592
513351 0
513610 12910592
513611 0
514190 12910592
514191 0
514450 12910592
514451 0
531540 12910592
531541 0
531800 12910592
531801 0
532380 12910592
532381 0
532640 12910592
532641 0
547945 12910592
547946 0
548175 12910592
548176 0
548715 12910592
548716 0
548945 12910592
548946 0
567919 12910592
567920 0
568179 12910592
568180 0
568759 12910592
568760 0
569019 12910592
569020 0
586108 12910592
586109 0
586368 12910592
586369 0
586948 12910592
586949 0
587208 12910592
587209 0
604298 12910592
604299 0
604558 12910592
604559 0
605138 12910592
605139 0
605398 12910592
605399 0
622487 12910592
622488 0
622747 12910592
622748 0
623327 12910592
623328 0
623587 12910592
623588 0
640677 12910592
640678 0
640937 12910592
640938 0
641517 12910592
641518 0
641777 12910592
641778 0
658866 12910592
658867 0
659126 12910592
659127 0
659706 12910592
659707 0
659966 12910592
659967 0
676456 12910592
676457 0
676716 12910592
676717 0
677296 12910592
677297 0
677556 12910592
677557 0
693745 12910592
693746 0
694005 12910592
694006 0
694585 12910592
694586 0
694845 12910592
694846 0
713759 12910592
713760 0
713989 12910592
713990 0
714529 12910592
714530 0
714759 12910592
714760 0
732274 12910592
732275 0
732534 12910592
732535 0
733114 12910592
733115 0
733374 12910592
733375 0
750788 12910592
750789 0
751048 12910592
751049 0
751628 12910592
751629 0
751888 12910592
751889 0
769302 12910592
769303 0
769562 12910592
769563 0
770142 12910592
770143 0
770402 12910592
770403 0
787816 12910592
787817 0
788076 12910592
788077 0
788656 12910592
788657 0
788916 12910592
788917 0
806331 12910592
806332 0
806591 12910592
806592 0
807171 12910592
807172 0
807431 12910592
807432 0
824845 12910592
824846 0
825105 12910592
825106 0
825685 12910592
825686 0
825945 12910592
825946 0
843359 12910592
843360 0
843619 12910592
843620 0
844199 12910592
844200 0
844459 12910592
844460 0
861874 12910592
861875 0
862134 12910592
862135 0
862714 12910592
862715 0
862974 12910592
862975 0
880388 12910592
880389 0
880648 12910592
880649 0
881228 12910592
881229 0
881488 12910592
881489 0
898902 12910592
898903 0
899162 12910592
899163 0
899742 12910592
899743 0
900002 12910592
900003 0
917416 12910592
917417 0
917676 12910592
917677 0
918256 12910592
918257 0
918516 12910592
918517 0
935331 12910592
935332 0
935591 12910592
935592 0
936171 12910592
936172 0
936431 12910592
936432 0
952945 12910592
952946 0
953205 12910592
953206 0
953785 12910592
953786 0
954045 12910592
954046 0
972634 12910592
972635 0
972894 12910592
972895 0
973474 12910592
973475 0
973734 12910592
973735 0
993195 12910592
993196 0
993455 12910592
993456 0
994035 12910592
994036 0
994295 12910592
994296 0
1007595 12910592
1007596 0
1007855 12910592
1007856 0
1008435 12910592
1008436 0
1008695 12910592
1008696 0
1027203 12910592
1027204 0
1027463 12910592
1027464 0
1028043 12910592
1028044 0
1028303 12910592
1028304 0
1045392 12910592
1045393 0
1045652 12910592
1045653 0
1046232 12910592
1046233 0
1046492 12910592
1046493 0
1063582 12910592
1063583 0
1063842 12910592
1063843 0
1064422 12910592
1064423 0
1064682 12910592
1064683 0
1081771 12910592
1081772 0
1082001 12910592
1082002 0
1082541 12910592
1082542 0
1082771 12910592
1082772 0
1099961 12910592
1099962 0
1100221 12910592
1100222 0
1100801 12910592
1100802 0
1101061 12910592
1101062 0
1118150 12910592
1118151 0
1118410 12910592
1118411 0
1118990 12910592
1118991 0
1119250 12910592
1119251 0
1136340 12910592
1136341 0
1136600 12910592
1136601 0
1137180 12910592
1137181 0
1137440 12910592
1137441 0
1154529 12910592
1154530 0
1154789 12910592
1154790 0
1155369 12910592
1155370 0
1155629 12910592
1155630 0
1172719 12910592
1172720 0
1172979 12910592
1172980 0
1173559 12910592
1173560 0
1173819 12910592
1173820 0
1190908 12910592
1190909 0
1191168 12910592
1191169 0
1191748 12910592
1191749 0
1192008 12910592
1192009 0
1209098 12910592
1209099 0
1209358 12910592
1209359 0
1209938 12910592
1209939 0
1210198 12910592
1210199 0
1227287 12910592
1227288 0
1227547 12910592
1227548 0
1228127 12910592
1228128 0
1228387 12910592
1228388 0
1245477 12910592
1245478 0
1245737 12910592
1245738 0
1246317 12910592
1246318 0
1246577 12910592
1246578 0
1263666 12910592
1263667 0
1263926 12910592
1263927 0
1264506 12910592
1264507 0
1264766 12910592
1264767 0
1281256 12910592
1281257 0
1281516 12910592
1281517 0
1282096 12910592
1282097 0
1282356 12910592
1282357 0
1298545 12910592
1298546 0
1298805 12910592
1298806 0
1299385 12910592
1299386 0
1299645 12910592
1299646 0
1317445 12910592
1317446 0
1317675 12910592
1317676 0
1318215 12910592
1318216 0
1318445 12910592
1318446 0
1337074 12910592
1337075 0
1337334 12910592
1337335 0
1337914 12910592
1337915 0
1338174 12910592
1338175 0
1355588 12910592
1355589 0
1355848 12910592
1355849 0
1356428 12910592
1356429 0
1356688 12910592
1356689 0
1374102 12910592
1374103 0
1374362 12910592
1374363 0
1374942 12910592
1374943 0
1375202 12910592
1375203 0
1392616 12910592
1392617 0
1392876 12910592
1392877 0
1393456 12910592
1393457 0
1393716 12910592
1393717 0
1411131 12910592
1411132 0
1411391 12910592
1411392 0
1411971 12910592
1411972 0
1412231 12910592
1412232 0
1429645 12910592
1429646 0
1429905 12910592
1429906 0
1430485 12910592
1430486 0
1430745 12910592
1430746 0
1448159 12910592
1448160 0
1448419 12910592
1448420 0
1448999 12910592
1449000 0
1449259 12910592
1449260 0
1466674 12910592
1466675 0
1466934 12910592
1466935 0
1467514 12910592
1467515 0
1467774 12910592
1467775 0
1485188 12910592
1485189 0
1485448 12910592
1485449 0
1486028 12910592
1486029 0
1486288 12910592
1486289 0
1503702 12910592
1503703 0
1503962 12910592
1503963 0
1504542 12910592
1504543 0
1504802 12910592
1504803 0
1522216 12910592
1522217 0
1522476 12910592
1522477 0
1523056 12910592
1523057 0
1523316 12910592
1523317 0
1540131 12910592
1540132 0
1540391 12910592
1540392 0
1540971 12910592
1540972 0
1541231 12910592
1541232 0
1557745 12910592
1557746 0
1558005 12910592
1558006 0
1558585 12910592
1558586 0
1558845 12910592
1558846 0
1576645 12910592
1576646 0
1576905 12910592
1576906 0
1577485 12910592
1577486 0
1577745 12910592
1577746 0
1595624 12910592
1595625 0
1595884 12910592
1595885 0
1596464 12910592
1596465 0
1596724 12910592
1596725 0
1613813 12910592
1613814 0
1614073 12910592
1614074 0
1614653 12910592
1614654 0
1614913 12910592
1614914 0
1632003 12910592
1632004 0
1632263 12910592
1632264 0
1632843 12910592
1632844 0
1633103 12910592
1633104 0
1650192 12910592
1650193 0
1650452 12910592
1650453 0
1651032 12910592
1651033 0
1651292 12910592
1651293 0
1668382 12910592
1668383 0
1668642 12910592
1668643 0
1669222 12910592
1669223 0
1669482 12910592
1669483 0
1686571 12910592
1686572 0
1686801 12910592
1686802 0
1687341 12910592
1687342 0
1687571 12910592
1687572 0
320 events for N
2335 12910592
2336 0
6415 12910592
6416 0
8875 12910592
8876 0
59815 12910592
59816 0
65086 12910592
65087 0
70426 12910592
70427 0
73726 12910592
73727 0
80720 12910592
80721 0
87720 12910592
87721 0
106020 12910592
106021 0
107815 12910592
107816 0
124015 12910592
124016 0
126300 12910592
126301 0
318291 12910592
318292 0
321286 12910592
321287 0
323793 12910592
323794 0
326301 12910592
326302 0
329301 12910592
329302 0
332601 12910592
332602 0
335601 12910592
335602 0
339763 12910592
339764 0
343915 12910592
343916 0
346915 12910592
346916 0
369420 12910592
369421 0
371215 12910592
371216 0
373015 12910592
373016 0
376615 12910592
376616 0
380215 12910592
380216 0
384415 12910592
384416 0
391620 12910592
391621 0
394015 12910592
394016 0
397015 12910592
397016 0
442782 12910592
442783 0
444480 12910592
444481 0
450017 12910592
450018 0
454252 12910592
454253 0
457252 12910592
457253 0
465715 12910592
465716 0
469020 12910592
469021 0
560215 12910592
560216 0
566515 12910592
566516 0
570115 12910592
570116 0
573715 12910592
573716 0
577315 12910592
577316 0
580974 12910592
580975 0
584869 12910592
584870 0
592015 12910592
592016 0
602760 12910592
602761 0
642752 12910592
642753 0
646615 12910592
646616 0
650215 12910592
650216 0
653815 12910592
653816 0
657636 12910592
657637 0
664541 12910592
664542 0
670015 12910592
670016 0
674815 12910592
674816 0
717950 12910592
717951 0
720953 12910592
720954 0
724497 12910592
724498 0
728044 12910592
728045 0
731044 12910592
731045 0
737944 12910592
737945 0
740944 12910592
740945 0
743754 12910592
743755 0
746558 12910592
746559 0
749558 12910592
749559 0
827158 12910592
827159 0
832015 12910592
832016 0
836815 12910592
836816 0
841735 12910592
841736 0
849058 12910592
849059 0
852595 12910592
852596 0
856135 12910592
856136 0
860515 12910592
860516 0
863995 12910592
863996 0
868015 12910592
868016 0
870478 12910592
870479 0
969359 12910592
969360 0
975295 12910592
975296 0
983335 12910592
983336 0
991378 12910592
991379 0
1014537 12910592
1014538 0
1019844 12910592
1019845 0
1025373 12910592
1025374 0
1032715 12910592
1032716 0
1037215 12910592
1037216 0
1042015 12910592
1042016 0
1047462 12910592
1047463 0
1054907 12910592
1054908 0
1062235 12910592
1062236 0
1069252 12910592
1069253 0
1074896 12910592
1074897 0
1080541 12910592
1080542 0
1086287 12910592
1086288 0
1092507 12910592
1092508 0
1098731 12910592
1098732 0
1108026 12910592
1108027 0
1269336 12910592
1269337 0
1272336 12910592
1272337 0
1274684 12910592
1274685 0
1277026 12910592
1277027 0
1280026 12910592
1280027 0
1283326 12910592
1283327 0
1286326 12910592
1286327 0
1290320 12910592
1290321 0
1294315 12910592
1294316 0
1297318 12910592
1297319 0
1321650 12910592
1321651 0
1328515 12910592
1328516 0
1335675 12910592
1335676 0
1345015 12910592
1345016 0
1354358 12910592
1354359 0
1357661 12910592
1357662 0
1365158 12910592
1365159 0
1372658 12910592
1372659 0
1380538 12910592
1380539 0
1387614 12910592
1387615 0
1395360 12910592
1395361 0
1402350 12910592
1402351 0
1409095 12910592
1409096 0
1417015 12910592
1417016 0
1427815 12910592
1427816 0
1432018 12910592
1432019 0
1445815 12910592
1445816 0
1454925 12910592
1454926 0
1461479 12910592
1461480 0
1471379 12910592
1471380 0
1478215 12910592
1478216 0
1481815 12910592
1481816 0
1490858 12910592
1490859 0
1495015 12910592
1495016 0
1499098 12910592
1499099 0
1507015 12910592
1507016 0
1510495 12910592
1510496 0
1515415 12910592
1515416 0
1520517 12910592
1520518 0
1537375 12910592
1537376 0
1581715 12910592
1581716 0
1586815 12910592
1586816 0
1594015 12910592
1594016 0
1601816 12910592
1601817 0
1612135 12910592
1612136 0
1615855 12910592
1615856 0
1622364 12910592
1622365 0
1630535 12910592
1630536 0
1640215 12910592
1640216 0
1646755 12910592
1646756 0
1652815 12910592
1652816 0
1659693 12910592
1659694 0
1666015 12910592
1666016 0
1674352 12910592
1674353 0
1679777 12910592
1679778 0
1691395 12910592
1691396 0
1697777 12910592
1697778 0
1704415 12910592
1704416 0
1720165 12910592
1720166 0
1726015 12910592
1726016 0
1741015 12910592
1741016 0
1753615 12910592
1753616 0
1768915 12910592
1768916 0
2 events for O
691749 0
691750 74
0 events for P

137 events for Q
7716 0
58217 1714
69627 0
71167 906
71907 1714
86916 0
104196 1714
106930 0
107110 215
118586 0
122410 1714
125445 0
148616 1500
154631 0
168806 1500
174816 0
206856 906
207606 0
316767 906
328502 0
330042 906
346116 0
367596 906
383995 0
390175 906
397136 0
440963 906
456453 0
463716 906
470036 0
558435 906
565890 0
567430 906
584079 0
590319 906
602269 0
640188 906
656837 0
663017 906
674427 0
715391 906
730245 0
736425 906
748759 0
759439 1500
765551 0
773513 1500
779625 0
824356 906
841330 0
847510 906
859785 0
862125 906
870002 0
912096 906
912862 0
966396 1714
970005 0
973476 1714
990770 0
997346 1714
1005846 0
1011756 906
1012496 1714
1024574 0
1031354 1714
1043363 0
1045643 1714
1061553 0
1067733 1714
1079742 0
1083725 906
1084465 1714
1097932 0
1104112 1714
1109616 0
1140491 215
1151911 0
1257696 906
1258436 0
1267817 906
1279227 0
1281507 906
1296516 0
1319823 906
1335045 0
1342182 906
1353559 0
1355099 906
1371859 0
1378853 906
1390373 0
1393541 906
1408541 0
1415282 906
1427616 0
1429156 906
1446130 0
1452310 906
1455216 0
1455696 906
1464645 0
1466925 906
1482859 0
1489339 906
1498416 0
1498596 1087
1501306 0
1504253 906
1520187 0
1526341 593
1532008 0
1534027 906
1536987 0
1541462 593
1555023 0
1577196 906
1583916 0
1584996 906
1593578 0
1599775 906
1611756 0
1613352 906
1628016 0
1628496 906
1629956 0
1636154 906
1648098 0
1650507 906
1666259 0
1672533 1714
1684401 0
1688581 906
1689321 1714
1725216 0
1737996 1714
1768416 0
2 events for R
691749 0
691750 2650
