18 instruments
A 10 100 128045.25187067324 495183416.02819836
B 10 100 0.00017956089109901502 925410610.77784157
C 10 100 804865230.11019051 7419592213.7182751
D 10 100 728287279.5071317 6713663885.8674479
E 10 100 177168740.44080633 781629408.46013641
F 10 100 22018.298358889329 159480658.09969637
G 10 100 40530.039409419333 54204511.969197564
H 10 100 45126217.813212499 1435691857.5629289
I 10 100 4367744.2331614867 2240000119.5770016
J 10 100 23264.147255000564 168504461.78361657
K 10 100 0.00018444817663405244 950598422.35720563
L 10 100 1538660356.7547786 4054547831.9712734
M 10 100 157159.98672976866 607777468.940395
N 10 100 376310 320000000
O 10 100 0 938631764.34521866
P 10 100 1991925.5289842244 689098561.3783263
Q 10 100 7152.7561699728749 2794045378.8956542
R 10 100 24955.266722182481 180753403.14844713
140 downlinks
0 862 44901 9462.077765
1 44902 60235 8739.387213
2 100749 115653 27177.101999999999
3 131202 155311 28867.988366000001
4 156252 178780 8757.0573490000006
5 217503 259751 30482.278361000001
6 259752 296645 9337.789702
7 296646 325107 8515.7706749999998
8 365949 380832 8900.7025030000004
9 383042 408831 8778.3355150000007
10 408842 437214 29886.497736000001
11 439739 466980 29243.536622
12 467699 471912 26517.245249
13 476408 490680 8834.4018649999998
14 509939 521314 9457.9623840000004
15 533335 553231 28164.872808
16 562710 604939 30503.298975000002
17 604940 627355 8691.2845450000004
18 627831 637826 8525.9525360000007
19 640491 644244 28086.786929000002
20 705549 733493 9305.8530659999997
21 735317 739831 9003.7058219999999
22 765228 780989 29720.859928999998
23 813982 817639 28196.056719
24 821621 838334 8724.7512220000008
25 839924 867259 9238.0711549999996
26 868180 907924 29465.914934
27 907925 915901 8736.7051790000005
28 938920 952934 8623.2506759999997
29 964749 986998 8421.9856619999991
30 991239 1011098 27549.328343000001
31 1022916 1040175 29572.320551000001
32 1042472 1072611 29086.290951999999
33 1072712 1101387 8813.8421070000004
34 1109612 1126578 29493.047434
35 1134508 1157999 27435.630709000001
36 1158890 1170418 29792.428981000001
37 1173508 1183391 8997.6095590000004
38 1186408 1209595 26654.011493000002
39 1223949 1247074 8664.3956859999998
40 1247304 1273163 8910.3347130000002
41 1316349 1336346 9263.3037550000008
42 1339455 1345687 8194.1372179999998
43 1357400 1370063 8812.3468479999992
44 1388896 1390727 28513.272391999999
45 1417571 1421732 29797.943813000002
46 1425763 1460595 9287.2106050000002
47 1460596 1471348 9493.8769009999996
48 1474752 1510832 29841.66733
49 1512071 1516749 9031.5484039999992
50 1575549 1587179 27058.173078
51 1589288 1592845 27764.822221999999
52 1596788 1613390 8866.3210920000001
53 1625275 1637435 30200.423556999998
54 1640547 1645391 9259.4321029999992
55 1649583 1673654 9457.3783449999992
56 1675383 1679211 29542.407908000001
57 1684689 1699532 8564.5545529999999
58 1708683 1731352 9335.3412189999999
59 1733879 1762605 27874.981927000001
60 1770999 1813154 30587.746092000001
61 1813155 1857307 9231.3874039999992
62 1857308 1873526 8609.2624169999999
63 1874875 1891107 8689.6108280000008
64 1899460 1901507 26609.79682
65 1921149 1940754 8915.2263710000007
66 1943619 1973569 9094.9622560000007
67 1973570 1991284 8333.9255690000009
68 1991866 1998207 27500.430241999999
69 2012284 2028637 8601.7316499999997
70 2029930 2064843 9100.8958739999998
71 2078561 2091850 9427.4328960000003
72 2094821 2105233 27243.904355999999
73 2107661 2129381 8431.3051790000009
74 2158377 2160699 27636.251289
75 2180349 2199637 8831.2619180000002
76 2200745 2217344 8966.6639699999996
77 2224956 2230707 54396.705881000002
78 2234499 2248527 58970.262822999997
79 2251112 2280151 57826.355975999999
80 2280152 2290896 17374.699861000001
81 2306252 2333043 57611.601310999999
82 2333252 2365332 59023.283414999998
83 2366074 2371824 55193.106121999997
84 2375180 2417297 25530.421285
85 2417298 2461493 29269.697155999998
86 2461494 2465584 16830.732371999999
87 2478742 2493409 28226.256141999998
88 2495739 2498290 60093.408818999997
89 2538737 2568436 58272.632834999997
90 2568437 2575711 61499.660580999996
91 2589914 2611211 28538.149495000001
92 2624759 2630581 18090.695755000001
93 2634124 2649336 23661.293665000001
94 2651233 2679187 28757.617953000001
95 2679188 2721484 56137.919716999997
96 2722628 2739522 23437.772314999998
97 2754728 2767368 55980.942202999999
98 2780583 2794435 60635.164006999999
99 2797323 2828250 23619.145155999999
100 2848843 2857109 53049.165158000003
101 2859718 2882877 23042.764167000001
102 2882878 2887330 53421.323553000002
103 2890766 2895446 23396.302264000002
104 2899018 2911922 22759.633384000001
105 2935154 2939753 53785.922146999997
106 2950913 2967367 23595.771228000001
107 2969674 2976331 17076.713232999999
108 2979389 3014512 24932.393585000002
109 3014513 3024736 29494.590024000001
110 3027768 3033640 55821.075068999999
111 3037008 3054297 22968.383259999999
112 3055368 3059549 57490.653299999998
113 3077741 3082801 25500.801521000001
114 3124749 3148135 24904.219582000002
115 3152025 3156093 26817.789122999999
116 3168403 3198466 30236.225505999999
117 3201697 3222088 64968.303881
118 3228359 3234688 18980.648960999999
119 3238343 3279309 26276.326033000001
120 3280402 3322686 30209.873796
121 3324663 3328925 26595.764298999999
122 3359492 3366472 25812.000550000001
123 3385887 3397146 26242.243616
124 3400647 3404366 60521.572561000001
125 3412287 3429080 25759.527445
126 3443787 3456045 62910.21802
127 3459442 3493228 62402.514213000002
128 3497305 3509970 26087.487331
129 3525982 3543463 30312.554313000001
130 3550877 3562509 61079.659066
131 3573377 3585267 18673.221132999999
132 3588137 3591042 64240.288658999998
133 3595779 3605355 31143.729536999999
134 3609819 3620246 31955.262932000001
135 3625659 3664693 32548.652656999999
136 3669948 3680187 26591.031461999999
137 3685871 3695711 31032.775088999999
138 3729549 3750488 26518.557602000001
139 3756270 3760822 27135.491309000001
0 opportunities for A
0 opportunities for B
0 opportunities for C
0 opportunities for D
0 opportunities for E
0 opportunities for F
0 opportunities for G
0 opportunities for H
0 opportunities for I
0 opportunities for J
0 opportunities for K
0 opportunities for L
0 opportunities for M
0 opportunities for N
0 opportunities for O
0 opportunities for P
0 opportunities for Q
0 opportunities for R
4 events for A
693992 0
693993 74
3113192 0
3113193 74
660 events for B
2335 12910592
2336 0
6415 12910592
6416 0
8875 12910592
8876 0
59815 12910592
59816 0
65086 12910592
65087 0
70426 12910592
70427 0
73726 12910592
73727 0
80720 12910592
80721 0
87720 12910592
87721 0
106020 12910592
106021 0
107815 12910592
107816 0
124015 12910592
124016 0
126300 12910592
126301 0
318291 12910592
318292 0
321286 12910592
321287 0
323793 12910592
323794 0
326301 12910592
326302 0
329301 12910592
329302 0
332601 12910592
332602 0
335601 12910592
335602 0
339763 12910592
339764 0
343915 12910592
343916 0
346915 12910592
346916 0
369420 12910592
369421 0
371215 12910592
371216 0
373015 12910592
373016 0
376615 12910592
376616 0
380215 12910592
380216 0
384415 12910592
384416 0
391620 12910592
391621 0
394015 12910592
394016 0
397015 12910592
397016 0
442782 12910592
442783 0
444480 12910592
444481 0
450017 12910592
450018 0
454252 12910592
454253 0
457252 12910592
457253 0
465715 12910592
465716 0
469020 12910592
469021 0
560215 12910592
560216 0
566515 12910592
566516 0
570115 12910592
570116 0
573715 12910592
573716 0
577315 12910592
577316 0
580974 12910592
580975 0
584869 12910592
584870 0
592015 12910592
592016 0
602760 12910592
602761 0
642752 12910592
642753 0
646615 12910592
646616 0
650215 12910592
650216 0
653815 12910592
653816 0
657636 12910592
657637 0
664541 12910592
664542 0
670015 12910592
670016 0
674815 12910592
674816 0
717950 12910592
717951 0
720953 12910592
720954 0
724497 12910592
724498 0
728044 12910592
728045 0
731044 12910592
731045 0
737944 12910592
737945 0
740944 12910592
740945 0
743754 12910592
743755 0
746558 12910592
746559 0
749558 12910592
749559 0
827158 12910592
827159 0
832015 12910592
832016 0
836815 12910592
836816 0
841735 12910592
841736 0
849058 12910592
849059 0
852595 12910592
852596 0
856135 12910592
856136 0
860515 12910592
860516 0
863995 12910592
863996 0
868015 12910592
868016 0
870478 12910592
870479 0
969359 12910592
969360 0
975295 12910592
975296 0
983335 12910592
983336 0
991378 12910592
991379 0
1014537 12910592
1014538 0
1019844 12910592
1019845 0
1025373 12910592
1025374 0
1032715 12910592
1032716 0
1037215 12910592
1037216 0
1042015 12910592
1042016 0
1047462 12910592
1047463 0
1054907 12910592
1054908 0
1062235 12910592
1062236 0
1069252 12910592
1069253 0
1074896 12910592
1074897 0
1080541 12910592
1080542 0
1086287 12910592
1086288 0
1092507 12910592
1092508 0
1098731 12910592
1098732 0
1108026 12910592
1108027 0
1269336 12910592
1269337 0
1272336 12910592
1272337 0
1274684 12910592
1274685 0
1277026 12910592
1277027 0
1280026 12910592
1280027 0
1283326 12910592
1283327 0
1286326 12910592
1286327 0
1290320 12910592
1290321 0
1294315 12910592
1294316 0
1297318 12910592
1297319 0
1321650 12910592
1321651 0
1328515 12910592
1328516 0
1335675 12910592
1335676 0
1345015 12910592
1345016 0
1354358 12910592
1354359 0
1357661 12910592
1357662 0
1365158 12910592
1365159 0
1372658 12910592
1372659 0
1380538 12910592
1380539 0
1387614 12910592
1387615 0
1395360 12910592
1395361 0
1402350 12910592
1402351 0
1409095 12910592
1409096 0
1417015 12910592
1417016 0
1427815 12910592
1427816 0
1432018 12910592
1432019 0
1445815 12910592
1445816 0
1454925 12910592
1454926 0
1461479 12910592
1461480 0
1471379 12910592
1471380 0
1478215 12910592
1478216 0
1481815 12910592
1481816 0
1490858 12910592
1490859 0
1495015 12910592
1495016 0
1499098 12910592
1499099 0
1507015 12910592
1507016 0
1510495 12910592
1510496 0
1515415 12910592
1515416 0
1520517 12910592
1520518 0
1537375 12910592
1537376 0
1581715 12910592
1581716 0
1586815 12910592
1586816 0
1594015 12910592
1594016 0
1601816 12910592
1601817 0
1612135 12910592
1612136 0
1615855 12910592
1615856 0
1622364 12910592
1622365 0
1630535 12910592
1630536 0
1640215 12910592
1640216 0
1646755 12910592
1646756 0
1652815 12910592
1652816 0
1659693 12910592
1659694 0
1666015 12910592
1666016 0
1674352 12910592
1674353 0
1679777 12910592
1679778 0
1691395 12910592
1691396 0
1697777 12910592
1697778 0
1704415 12910592
1704416 0
1720165 12910592
1720166 0
1726015 12910592
1726016 0
1741015 12910592
1741016 0
1753615 12910592
1753616 0
1768915 12910592
1768916 0
1779715 12910592
1779716 0
1787037 12910592
1787038 0
1794357 12910592
1794358 0
1797893 12910592
1797894 0
1805241 12910592
1805242 0
1812587 12910592
1812588 0
1819614 12910592
1819615 0
1825616 12910592
1825617 0
1830415 12910592
1830416 0
1841815 12910592
1841816 0
1847816 12910592
1847817 0
1855855 12910592
1855856 0
1866715 12910592
1866716 0
1879481 12910592
1879482 0
1890770 12910592
1890771 0
1897015 12910592
1897016 0
1902115 12910592
1902116 0
1929415 12910592
1929416 0
1937215 12910592
1937216 0
1948017 12910592
1948018 0
1954015 12910592
1954016 0
1959158 12910592
1959159 0
1962458 12910592
1962459 0
1970067 12910592
1970068 0
1977672 12910592
1977673 0
1985215 12910592
1985216 0
1989415 12910592
1989416 0
1993616 12910592
1993617 0
1996015 12910592
1996016 0
2000988 12910592
2000989 0
2005015 12910592
2005016 0
2009215 12910592
2009216 0
2013201 12910592
2013202 0
2021603 12910592
2021604 0
2027408 12910592
2027409 0
2033215 12910592
2033216 0
2037715 12910592
2037716 0
2081995 12910592
2081996 0
2084935 12910592
2084936 0
2088715 12910592
2088716 0
2095660 12910592
2095661 0
2099218 12910592
2099219 0
2102779 12910592
2102780 0
2110615 12910592
2110616 0
2115417 12910592
2115418 0
2120215 12910592
2120216 0
2125015 12910592
2125016 0
2183515 12910592
2183516 0
2189217 12910592
2189218 0
2194615 12910592
2194616 0
2198815 12910592
2198816 0
2206094 12910592
2206095 0
2210596 12910592
2210597 0
2214235 12910592
2214236 0
2242615 12910592
2242616 0
2247043 12910592
2247044 0
2251614 12910592
2251615 0
2257197 12910592
2257198 0
2264395 12910592
2264396 0
2271595 12910592
2271596 0
2279877 12910592
2279878 0
2289535 12910592
2289536 0
2299015 12910592
2299016 0
2306215 12910592
2306216 0
2318815 12910592
2318816 0
2324215 12910592
2324216 0
2332615 12910592
2332616 0
2340415 12910592
2340416 0
2344015 12910592
2344016 0
2354815 12910592
2354816 0
2360215 12910592
2360216 0
2371015 12910592
2371016 0
2378215 12910592
2378216 0
2387397 12910592
2387398 0
2396155 12910592
2396156 0
2408127 12910592
2408128 0
2414515 12910592
2414516 0
2426815 12910592
2426816 0
2432215 12910592
2432216 0
2442559 12910592
2442560 0
2448202 12910592
2448203 0
2453847 12910592
2453848 0
2457415 12910592
2457416 0
2464593 12910592
2464594 0
2472036 12910592
2472037 0
2482015 12910592
2482016 0
2487415 12910592
2487416 0
2524315 12910592
2524316 0
2567215 12910592
2567216 0
2574760 12910592
2574761 0
2582258 12910592
2582259 0
2592415 12910592
2592416 0
2597216 12910592
2597217 0
2604286 12910592
2604287 0
2611893 12910592
2611894 0
2619417 12910592
2619418 0
2628415 12910592
2628416 0
2636815 12910592
2636816 0
2642817 12910592
2642818 0
2651815 12910592
2651816 0
2663215 12910592
2663216 0
2671015 12910592
2671016 0
2680915 12910592
2680916 0
2690095 12910592
2690096 0
2703355 12910592
2703356 0
2711215 12910592
2711216 0
2716617 12910592
2716618 0
2723815 12910592
2723816 0
2739777 12910592
2739778 0
2745715 12910592
2745716 0
2753095 12910592
2753096 0
2758795 12910592
2758796 0
2765635 12910592
2765636 0
2784055 12910592
2784056 0
2789104 12910592
2789105 0
2794015 12910592
2794016 0
2799537 12910592
2799538 0
2812015 12910592
2812016 0
2820417 12910592
2820418 0
2831815 12910592
2831816 0
2839015 12910592
2839016 0
2849815 12910592
2849816 0
2856115 12910592
2856116 0
2861862 12910592
2861863 0
2869307 12910592
2869308 0
2876215 12910592
2876216 0
2885816 12910592
2885817 0
2893015 12910592
2893016 0
2907416 12910592
2907417 0
2921815 12910592
2921816 0
2929015 12910592
2929016 0
2936215 12910592
2936216 0
2942815 12910592
2942816 0
2948815 12910592
2948816 0
2956410 12910592
2956411 0
2962054 12910592
2962055 0
2974016 12910592
2974017 0
2983015 12910592
2983016 0
2993816 12910592
2993817 0
3001015 12910592
3001016 0
3013615 12910592
3013616 0
3019015 12910592
3019016 0
3027415 12910592
3027416 0
3031317 12910592
3031318 0
3034915 12910592
3034916 0
3049975 12910592
3049976 0
3053697 12910592
3053698 0
3066175 12910592
3066176 0
3069775 12910592
3069776 0
3085615 12910592
3085616 0
3092815 12910592
3092816 0
3101815 12910592
3101816 0
3109015 12910592
3109016 0
3137817 26897
3138297 0
3148617 26897
3149097 0
3245816 26897
3246296 0
3256617 26897
3257097 0
3278217 26897
3278697 0
3295251 26897
3295731 0
3304616 26897
3305096 0
3315695 26897
3316175 0
3333416 26897
3333896 0
3389816 26897
3390296 0
3401817 26897
3402297 0
3424665 26897
3425145 0
3466617 26897
3467097 0
3488217 26897
3488697 0
3568917 26897
3569397 0
3589017 26897
3589497 0
3778617 26897
3779097 0
70 events for C
563583 26968906
563588 0
585183 134824032
585188 0
588109 20221556
588114 0
779523 83191028
779528 0
973923 38234987
973928 0
995523 107957608
995528 0
1017123 350862225
1017128 0
1017129 4498234
1017134 0
1038723 38234987
1038728 0
1362783 42873674
1362788 0
1384383 60808152
1384388 0
1470783 123650191
1470788 0
1492383 112353360
1492388 0
1513983 191051956
1513988 0
1535583 148359728
1535588 0
2196423 92231261
2196428 0
2226783 67412016
2226788 0
2535470 67429102
2535475 0
2881070 42866846
2881075 0
2902670 36098616
2902675 0
3032270 15230225
3032275 0
3053870 42774218
3053875 0
3075470 51729687
3075475 0
3095376 67442760
3095381 0
3155523 51185344
3155528 0
3220323 36088368
3220328 0
3263523 46317017
3263528 0
3328323 62132584
3328328 0
3414723 55765577
3414728 0
3479523 60879901
3479528 0
3565923 79077832
3565928 0
3587523 48576383
3587528 0
3652323 294648376
3652328 0
3673923 296678458
3673928 0
3695523 98892820
3695528 0
70 events for D
563871 26968906
563876 0
585471 134824032
585476 0
588397 20221556
588402 0
779811 83191028
779816 0
974211 38234987
974216 0
995811 107957608
995816 0
1017411 350862225
1017416 0
1017417 4498234
1017422 0
1039011 38234987
1039016 0
1363071 42873674
1363076 0
1384671 60808152
1384676 0
1471071 123650191
1471076 0
1492671 112353360
1492676 0
1514271 191051956
1514276 0
1535871 148359728
1535876 0
2196711 92231261
2196716 0
2227071 67412016
2227076 0
2535758 67429102
2535763 0
2881358 42866846
2881363 0
2902958 36098616
2902963 0
3032558 15230225
3032563 0
3054158 42774218
3054163 0
3075758 51729687
3075763 0
3095664 67442760
3095669 0
3155811 51185344
3155816 0
3220611 36088368
3220616 0
3263811 46317017
3263816 0
3328611 62132584
3328616 0
3415011 55765577
3415016 0
3479811 60879901
3479816 0
3566211 79077832
3566216 0
3587811 48576383
3587816 0
3652611 294648376
3652616 0
3674211 296678458
3674216 0
3695811 98892820
3695816 0
282 events for E
2752 2738
11742 2635
20741 2738
22552 548
49542 444
56741 548
86742 444
89131 240
99941 344
103552 2534
121542 2431
121552 240
128741 344
159342 240
168341 344
197142 240
204341 344
233142 240
243941 344
269142 240
278141 344
306942 240
314141 344
345942 240
366341 344
380742 240
387941 344
416742 240
423941 344
452742 240
463541 344
490542 240
495941 344
526542 240
531941 344
580542 240
589541 344
607852 281
608152 344
618342 240
625541 344
654342 240
661541 344
691542 240
691819 0
691820 240
694852 178
695152 240
708341 344
728142 240
737141 344
764142 240
773141 344
801942 240
809141 344
837942 240
845141 344
867652 281
867952 344
873942 240
881141 344
911742 240
920741 344
949542 240
963941 344
967612 281
967912 344
1021542 240
1032341 344
1057542 240
1064741 344
1083652 281
1083952 344
1095342 240
1100741 344
1133142 240
1140341 344
1167342 240
1176341 344
1206942 240
1213252 178
1213552 240
1223141 344
1259142 240
1266341 344
1295142 240
1298731 444
1316741 548
1331142 444
1338341 548
1345541 1471
1367174 2754
1368942 1727
1374341 1830
1379431 1626
1385992 1564
1386292 3817
1388774 2534
1406742 2431
1413941 2534
1442742 2431
1449941 2534
1451092 344
1471531 548
1478742 444
1485941 548
1518342 444
1525541 548
1554342 444
1557931 240
1560232 178
1560532 240
1575941 344
1590342 240
1597541 344
1604741 1267
1626342 240
1637141 344
1664142 240
1669541 344
1669563 594
1669574 1877
1691131 2081
1691141 3004
1712731 2800
1712741 1877
1712774 594
1725342 491
1730763 240
1731712 178
1732012 240
1734341 344
1768542 240
1777541 344
1826142 240
1833341 344
1848641 1267
1863042 240
1871141 1267
1899942 240
1903552 2431
1921541 2534
1937742 2431
1943141 2534
1971974 3817
1973742 3713
1979141 3817
1986352 1626
2011542 1523
2015174 240
2018741 1267
2040341 344
2047542 240
2054741 344
2058331 548
2076331 344
2083542 240
2090741 344
2121342 240
2130341 344
2159142 240
2180741 344
2231142 240
2238341 344
2267142 240
2274341 344
2303142 240
2312141 344
2340942 240
2346341 344
2371541 1267
2378731 1471
2393142 444
2403941 548
2411141 1471
2421952 1409
2422252 1471
2425552 3662
2425574 4944
2432742 3917
2439941 4944
2468742 3917
2468752 1727
2475941 2754
2490374 1471
2505942 444
2508352 2635
2519141 3662
2540742 2635
2547941 3662
2555131 3458
2576742 2431
2585741 2534
2616342 2431
2623541 2534
2652342 2431
2659541 3458
2681131 3662
2688342 2635
2695541 3662
2726142 2635
2735141 3662
2765142 2635
2767531 2431
2778341 2534
2801742 2431
2807141 2534
2835942 2431
2843141 2534
2871942 2431
2879141 2534
2909742 2431
2916941 2534
2918752 344
2947542 240
2954741 344
2997942 240
3008741 344
3035742 240
3044741 344
3071742 240
3080741 344
3110742 240
3111019 0
3111020 240
3113131 444
3114112 382
3114412 444
3123941 548
3145542 444
3152741 548
3183342 444
3190541 548
3199563 798
3219342 695
3226541 1722
3246374 3004
3257142 1977
3262541 3004
3285963 2754
3293142 1727
3300341 2754
3330942 1727
3335992 1664
3336292 3917
3336341 4944
3369642 3917
3372292 1727
3386741 2754
3405642 1727
3411941 2754
3419174 1471
3440742 444
3447941 548
3478542 444
3483941 1471
3494392 1409
3494692 3662
3505574 4944
3512742 3917
3519941 4944
3545092 2754
3548742 1727
3555941 2754
3584742 1727
3591941 2754
3620742 1727
3627941 2754
3633112 2691
3633412 2754
3635174 1471
3642341 548
3658542 444
3665741 548
3694542 444
3699941 548
3715242 444
3728741 548
3750342 444
3757541 548
3788142 444
3793541 1471
365 events for F
7716 0
58217 1714
69627 0
71167 906
71907 1714
86916 0
104196 1714
106930 0
107110 215
118586 0
122410 1714
125445 0
148616 1500
154631 0
168806 1500
174816 0
206856 906
207606 0
316767 906
328502 0
330042 906
346116 0
367596 906
383995 0
390175 906
397136 0
440963 906
456453 0
463716 906
470036 0
558435 906
565890 0
567430 906
584079 0
590319 906
602269 0
640188 906
656837 0
663017 906
674427 0
715391 906
730245 0
736425 906
748759 0
759439 1500
765551 0
773513 1500
779625 0
824356 906
841330 0
847510 906
859785 0
862125 906
870002 0
912096 906
912862 0
966396 1714
970005 0
973476 1714
990770 0
997346 1714
1005846 0
1011756 906
1012496 1714
1024574 0
1031354 1714
1043363 0
1045643 1714
1061553 0
1067733 1714
1079742 0
1083725 906
1084465 1714
1097932 0
1104112 1714
1109616 0
1140491 215
1151911 0
1257696 906
1258436 0
1267817 906
1279227 0
1281507 906
1296516 0
1319823 906
1335045 0
1342182 906
1353559 0
1355099 906
1371859 0
1378853 906
1390373 0
1393541 906
1408541 0
1415282 906
1427616 0
1429156 906
1446130 0
1452310 906
1455216 0
1455696 906
1464645 0
1466925 906
1482859 0
1489339 906
1498416 0
1498596 1087
1501306 0
1504253 906
1520187 0
1526341 593
1532008 0
1534027 906
1536987 0
1541462 593
1555023 0
1577196 906
1583916 0
1584996 906
1593578 0
1599775 906
1611756 0
1613352 906
1628016 0
1628496 906
1629956 0
1636154 906
1648098 0
1650507 906
1666259 0
1672533 1714
1684401 0
1688581 906
1689321 1714
1725216 0
1737996 1714
1768416 0
1777896 1714
1793558 0
1795334 906
1796074 1714
1811788 0
1814526 1714
1830002 0
1836238 1714
1844016 0
1844496 906
1848236 0
1849805 906
1866437 0
1872617 906
1884027 0
1886307 906
1892616 0
1893396 906
1901316 0
1924727 906
1939840 0
1946025 906
1958359 0
1959899 906
1976873 0
1983053 906
1995387 0
1999167 906
2012402 0
2020082 906
2032416 0
2033956 906
2038116 0
2080082 906
2087959 0
2094139 906
2101980 0
2108056 906
2124216 0
2131167 1600
2141308 0
2146406 1500
2152664 0
2153726 1500
2156068 0
2181996 906
2198395 0
2204575 906
2209795 0
2210275 906
2213016 0
2220374 906
2221131 1500
2226406 0
2227731 1500
2233016 0
2240954 906
2252963 0
2255243 906
2271153 0
2277333 906
2289342 0
2293102 906
2307412 0
2313712 906
2325719 0
2328001 906
2340816 0
2341296 906
2343911 0
2350091 906
2362100 0
2364380 906
2380290 0
2381830 906
2398418 0
2404659 906
2416609 0
2418949 906
2434858 0
2441038 906
2453048 0
2454588 906
2471237 0
2477417 906
2488827 0
2493503 1500
2497518 0
2499203 1500
2503228 0
2521596 906
2524716 0
2531796 215
2543316 0
2565739 906
2581459 0
2587853 906
2600187 0
2602467 906
2618702 0
2624882 906
2637216 0
2638756 906
2655730 0
2661910 906
2674245 0
2676525 906
2692759 0
2698939 906
2711273 0
2712813 906
2729787 0
2735967 906
2747702 0
2749982 906
2765316 0
2780796 906
2784996 0
2787285 906
2803195 0
2809375 906
2821384 0
2822924 906
2839574 0
2845754 906
2857763 0
2860043 906
2875953 0
2882133 906
2894142 0
2897925 906
2912190 0
2918512 906
2930497 0
2932823 906
2948711 0
2954891 906
2966900 0
2969180 906
2985090 0
2986630 906
3003279 0
3009459 906
3021469 0
3023749 906
3037416 0
3045838 906
3056158 0
3059688 906
3075848 0
3082217 906
3093627 0
3095907 906
3110916 0
3126096 1087
3128806 0
3135326 906
3149230 0
3155410 215
3166830 0
3206732 906
3222859 0
3229039 906
3241446 0
3243546 906
3259367 0
3265853 906
3277715 0
3279623 906
3290436 0
3291396 906
3296484 0
3302667 906
3314894 0
3317175 906
3333302 0
3339482 906
3351161 0
3353718 906
3369571 0
3385596 906
3389316 0
3392007 906
3407837 0
3414017 906
3420816 0
3421296 906
3425616 0
3427729 906
3434154 0
3435156 906
3443810 0
3450238 906
3461978 0
3464796 1714
3480096 0
3486639 1714
3498339 0
3502942 1714
3506436 0
3506601 906
3516456 0
3522680 906
3534607 0
3536894 906
3550416 0
3550896 1714
3551932 0
3558901 1714
3560281 0
3561396 1714
3562395 0
3563196 1714
3563676 0
3564066 1714
3564666 0
3566036 1714
3568563 0
3572596 906
3573336 1714
3588516 0
3681935 906
3682855 593
3696776 0
3703845 593
3714886 0
3774016 906
3790716 0
4 events for G
694117 0
694118 18
3113317 0
3113318 18
108 events for H
14295 706
18495 1285
50674 706
107467 2414
109307 706
136073 1285
141653 706
155784 1285
157764 706
395453 1285
419011 706
423211 1285
437200 706
439420 1772
455090 706
459710 1772
475479 2414
477839 1772
491469 706
546453 2414
556213 706
588296 1285
619073 706
623295 1285
632753 706
692153 0
692154 487
712267 2414
714107 487
786524 2414
802724 487
807139 2414
839967 487
844167 2414
876996 487
1080279 2414
1082119 487
1108553 2414
1132947 487
1137148 2414
1169326 487
1173527 2414
1177127 487
1195127 2414
1198727 487
1208406 2414
1210553 487
1221953 2414
1260274 487
1315953 2414
1333682 487
1337882 2414
1345853 487
1391393 2414
1407178 487
1596432 2414
1603853 487
1632856 2414
1664896 487
1685079 2414
1686919 487
1842953 2414
1865074 487
1869277 2414
1891253 487
1920753 2414
1938477 487
1942684 2414
1950353 487
2037053 2414
2049507 487
2053767 2414
2086596 487
2253700 2414
2269790 487
2273990 2414
2306049 487
2310429 2414
2339453 487
2381027 2414
2397055 487
2401316 2414
2425853 1285
2526667 2414
2528507 1285
2533560 2414
2543282 1285
2547482 2414
2555282 1285
2663453 2414
2691396 1285
2695596 2414
2706653 1285
2732624 2414
2763953 1285
2777153 2414
2787542 1285
2894679 2414
2896519 1285
2901053 2414
2910827 1285
2915190 2414
2944253 2057
3111353 0
3111354 2414
3716153 1772
3736160 2414
3738000 1772
4 events for I
694572 0
694573 2650
3113772 0
3113773 2650
366 events for J
815 906
8662 0
59163 1714
70573 0
72113 906
72853 1714
87862 0
105142 1714
107876 0
108056 215
119532 0
123356 1714
126391 0
149562 1500
155577 0
169752 1500
175762 0
207802 906
208552 0
317713 906
329448 0
330988 906
347062 0
368542 906
384941 0
391121 906
398082 0
441909 906
457399 0
464662 906
470982 0
559381 906
566836 0
568376 906
585025 0
591265 906
603215 0
641134 906
657783 0
663963 906
675373 0
716337 906
731191 0
737371 906
749705 0
760385 1500
766497 0
774459 1500
780571 0
825302 906
842276 0
848456 906
860731 0
863071 906
870948 0
913042 906
913808 0
967342 1714
970951 0
974422 1714
991716 0
998292 1714
1006792 0
1012702 906
1013442 1714
1025520 0
1032300 1714
1044309 0
1046589 1714
1062499 0
1068679 1714
1080688 0
1084671 906
1085411 1714
1098878 0
1105058 1714
1110562 0
1141437 215
1152857 0
1258642 906
1259382 0
1268763 906
1280173 0
1282453 906
1297462 0
1320769 906
1335991 0
1343128 906
1354505 0
1356045 906
1372805 0
1379799 906
1391319 0
1394487 906
1409487 0
1416228 906
1428562 0
1430102 906
1447076 0
1453256 906
1456162 0
1456642 906
1465591 0
1467871 906
1483805 0
1490285 906
1499362 0
1499542 1087
1502252 0
1505199 906
1521133 0
1527287 593
1532954 0
1534973 906
1537933 0
1542408 593
1555969 0
1578142 906
1584862 0
1585942 906
1594524 0
1600721 906
1612702 0
1614298 906
1628962 0
1629442 906
1630902 0
1637100 906
1649044 0
1651453 906
1667205 0
1673479 1714
1685347 0
1689527 906
1690267 1714
1726162 0
1738942 1714
1769362 0
1778842 1714
1794504 0
1796280 906
1797020 1714
1812734 0
1815472 1714
1830948 0
1837184 1714
1844962 0
1845442 906
1849182 0
1850751 906
1867383 0
1873563 906
1884973 0
1887253 906
1893562 0
1894342 906
1902262 0
1925673 906
1940786 0
1946971 906
1959305 0
1960845 906
1977819 0
1983999 906
1996333 0
2000113 906
2013348 0
2021028 906
2033362 0
2034902 906
2039062 0
2081028 906
2088905 0
2095085 906
2102926 0
2109002 906
2125162 0
2132113 1600
2142254 0
2147352 1500
2153610 0
2154672 1500
2157014 0
2182942 906
2199341 0
2205521 906
2210741 0
2211221 906
2213962 0
2221320 906
2222077 1500
2227352 0
2228677 1500
2233962 0
2241900 906
2253909 0
2256189 906
2272099 0
2278279 906
2290288 0
2294048 906
2308358 0
2314658 906
2326665 0
2328947 906
2341762 0
2342242 906
2344857 0
2351037 906
2363046 0
2365326 906
2381236 0
2382776 906
2399364 0
2405605 906
2417555 0
2419895 906
2435804 0
2441984 906
2453994 0
2455534 906
2472183 0
2478363 906
2489773 0
2494449 1500
2498464 0
2500149 1500
2504174 0
2522542 906
2525662 0
2532742 215
2544262 0
2566685 906
2582405 0
2588799 906
2601133 0
2603413 906
2619648 0
2625828 906
2638162 0
2639702 906
2656676 0
2662856 906
2675191 0
2677471 906
2693705 0
2699885 906
2712219 0
2713759 906
2730733 0
2736913 906
2748648 0
2750928 906
2766262 0
2781742 906
2785942 0
2788231 906
2804141 0
2810321 906
2822330 0
2823870 906
2840520 0
2846700 906
2858709 0
2860989 906
2876899 0
2883079 906
2895088 0
2898871 906
2913136 0
2919458 906
2931443 0
2933769 906
2949657 0
2955837 906
2967846 0
2970126 906
2986036 0
2987576 906
3004225 0
3010405 906
3022415 0
3024695 906
3038362 0
3046784 906
3057104 0
3060634 906
3076794 0
3083163 906
3094573 0
3096853 906
3111862 0
3127042 1087
3129752 0
3136272 906
3150176 0
3156356 215
3167776 0
3207678 906
3223805 0
3229985 906
3242392 0
3244492 906
3260313 0
3266799 906
3278661 0
3280569 906
3291382 0
3292342 906
3297430 0
3303613 906
3315840 0
3318121 906
3334248 0
3340428 906
3352107 0
3354664 906
3370517 0
3386542 906
3390262 0
3392953 906
3408783 0
3414963 906
3421762 0
3422242 906
3426562 0
3428675 906
3435100 0
3436102 906
3444756 0
3451184 906
3462924 0
3465742 1714
3481042 0
3487585 1714
3499285 0
3503888 1714
3507382 0
3507547 906
3517402 0
3523626 906
3535553 0
3537840 906
3551362 0
3551842 1714
3552878 0
3559847 1714
3561227 0
3562342 1714
3563341 0
3564142 1714
3564622 0
3565012 1714
3565612 0
3566982 1714
3569509 0
3573542 906
3574282 1714
3589462 0
3682881 906
3683801 593
3697722 0
3704791 593
3715832 0
3774962 906
3791662 0
658 events for K
3944 12910592
3945 0
6404 12910592
6405 0
57344 12910592
57345 0
62615 12910592
62616 0
67955 12910592
67956 0
71255 12910592
71256 0
78249 12910592
78250 0
85249 12910592
85250 0
103549 12910592
103550 0
105344 12910592
105345 0
121544 12910592
121545 0
123829 12910592
123830 0
315820 12910592
315821 0
318815 12910592
318816 0
321322 12910592
321323 0
323830 12910592
323831 0
326830 12910592
326831 0
330130 12910592
330131 0
333130 12910592
333131 0
337292 12910592
337293 0
341444 12910592
341445 0
344444 12910592
344445 0
366949 12910592
366950 0
368744 12910592
368745 0
370544 12910592
370545 0
374144 12910592
374145 0
377744 12910592
377745 0
381944 12910592
381945 0
389149 12910592
389150 0
391544 12910592
391545 0
394544 12910592
394545 0
440311 12910592
440312 0
442009 12910592
442010 0
447546 12910592
447547 0
451781 12910592
451782 0
454781 12910592
454782 0
463244 12910592
463245 0
466549 12910592
466550 0
557744 12910592
557745 0
564044 12910592
564045 0
567644 12910592
567645 0
571244 12910592
571245 0
574844 12910592
574845 0
578503 12910592
578504 0
582398 12910592
582399 0
589544 12910592
589545 0
600289 12910592
600290 0
640281 12910592
640282 0
644144 12910592
644145 0
647744 12910592
647745 0
651344 12910592
651345 0
655165 12910592
655166 0
662070 12910592
662071 0
667544 12910592
667545 0
672344 12910592
672345 0
715479 12910592
715480 0
718482 12910592
718483 0
722026 12910592
722027 0
725573 12910592
725574 0
728573 12910592
728574 0
735473 12910592
735474 0
738473 12910592
738474 0
741283 12910592
741284 0
744087 12910592
744088 0
747087 12910592
747088 0
824687 12910592
824688 0
829544 12910592
829545 0
834344 12910592
834345 0
839264 12910592
839265 0
846587 12910592
846588 0
850124 12910592
850125 0
853664 12910592
853665 0
858044 12910592
858045 0
861524 12910592
861525 0
865544 12910592
865545 0
868007 12910592
868008 0
966888 12910592
966889 0
972824 12910592
972825 0
980864 12910592
980865 0
988907 12910592
988908 0
1012066 12910592
1012067 0
1017373 12910592
1017374 0
1022902 12910592
1022903 0
1030244 12910592
1030245 0
1034744 12910592
1034745 0
1039544 12910592
1039545 0
1044991 12910592
1044992 0
1052436 12910592
1052437 0
1059764 12910592
1059765 0
1066781 12910592
1066782 0
1072425 12910592
1072426 0
1078070 12910592
1078071 0
1083816 12910592
1083817 0
1090036 12910592
1090037 0
1096260 12910592
1096261 0
1105555 12910592
1105556 0
1266865 12910592
1266866 0
1269865 12910592
1269866 0
1272213 12910592
1272214 0
1274555 12910592
1274556 0
1277555 12910592
1277556 0
1280855 12910592
1280856 0
1283855 12910592
1283856 0
1287849 12910592
1287850 0
1291844 12910592
1291845 0
1294847 12910592
1294848 0
1319179 12910592
1319180 0
1326044 12910592
1326045 0
1333204 12910592
1333205 0
1342544 12910592
1342545 0
1351887 12910592
1351888 0
1355190 12910592
1355191 0
1362687 12910592
1362688 0
1370187 12910592
1370188 0
1378067 12910592
1378068 0
1385143 12910592
1385144 0
1392889 12910592
1392890 0
1399879 12910592
1399880 0
1406624 12910592
1406625 0
1414544 12910592
1414545 0
1425344 12910592
1425345 0
1429547 12910592
1429548 0
1443344 12910592
1443345 0
1452454 12910592
1452455 0
1459008 12910592
1459009 0
1468908 12910592
1468909 0
1475744 12910592
1475745 0
1479344 12910592
1479345 0
1488387 12910592
1488388 0
1492544 12910592
1492545 0
1496627 12910592
1496628 0
1504544 12910592
1504545 0
1508024 12910592
1508025 0
1512944 12910592
1512945 0
1518046 12910592
1518047 0
1534904 12910592
1534905 0
1579244 12910592
1579245 0
1584344 12910592
1584345 0
1591544 12910592
1591545 0
1599345 12910592
1599346 0
1609664 12910592
1609665 0
1613384 12910592
1613385 0
1619893 12910592
1619894 0
1628064 12910592
1628065 0
1637744 12910592
1637745 0
1644284 12910592
1644285 0
1650344 12910592
1650345 0
1657222 12910592
1657223 0
1663544 12910592
1663545 0
1671881 12910592
1671882 0
1677306 12910592
1677307 0
1688924 12910592
1688925 0
1695306 12910592
1695307 0
1701944 12910592
1701945 0
1717694 12910592
1717695 0
1723544 12910592
1723545 0
1738544 12910592
1738545 0
1751144 12910592
1751145 0
1766444 12910592
1766445 0
1777244 12910592
1777245 0
1784566 12910592
1784567 0
1791886 12910592
1791887 0
1795422 12910592
1795423 0
1802770 12910592
1802771 0
1810116 12910592
1810117 0
1817143 12910592
1817144 0
1823145 12910592
1823146 0
1827944 12910592
1827945 0
1839344 12910592
1839345 0
1845345 12910592
1845346 0
1853384 12910592
1853385 0
1864244 12910592
1864245 0
1877010 12910592
1877011 0
1888299 12910592
1888300 0
1894544 12910592
1894545 0
1899644 12910592
1899645 0
1926944 12910592
1926945 0
1934744 12910592
1934745 0
1945546 12910592
1945547 0
1951544 12910592
1951545 0
1956687 12910592
1956688 0
1959987 12910592
1959988 0
1967596 12910592
1967597 0
1975201 12910592
1975202 0
1982744 12910592
1982745 0
1986944 12910592
1986945 0
1991145 12910592
1991146 0
1993544 12910592
1993545 0
1998517 12910592
1998518 0
2002544 12910592
2002545 0
2006744 12910592
2006745 0
2010730 12910592
2010731 0
2019132 12910592
2019133 0
2024937 12910592
2024938 0
2030744 12910592
2030745 0
2035244 12910592
2035245 0
2079524 12910592
2079525 0
2082464 12910592
2082465 0
2086244 12910592
2086245 0
2093189 12910592
2093190 0
2096747 12910592
2096748 0
2100308 12910592
2100309 0
2108144 12910592
2108145 0
2112946 12910592
2112947 0
2117744 12910592
2117745 0
2122544 12910592
2122545 0
2181044 12910592
2181045 0
2186746 12910592
2186747 0
2192144 12910592
2192145 0
2196344 12910592
2196345 0
2203623 12910592
2203624 0
2208125 12910592
2208126 0
2211764 12910592
2211765 0
2240144 12910592
2240145 0
2244572 12910592
2244573 0
2249143 12910592
2249144 0
2254726 12910592
2254727 0
2261924 12910592
2261925 0
2269124 12910592
2269125 0
2277406 12910592
2277407 0
2287064 12910592
2287065 0
2296544 12910592
2296545 0
2303744 12910592
2303745 0
2316344 12910592
2316345 0
2321744 12910592
2321745 0
2330144 12910592
2330145 0
2337944 12910592
2337945 0
2341544 12910592
2341545 0
2352344 12910592
2352345 0
2357744 12910592
2357745 0
2368544 12910592
2368545 0
2375744 12910592
2375745 0
2384926 12910592
2384927 0
2393684 12910592
2393685 0
2405656 12910592
2405657 0
2412044 12910592
2412045 0
2424344 12910592
2424345 0
2429744 12910592
2429745 0
2440088 12910592
2440089 0
2445731 12910592
2445732 0
2451376 12910592
2451377 0
2454944 12910592
2454945 0
2462122 12910592
2462123 0
2469565 12910592
2469566 0
2479544 12910592
2479545 0
2484944 12910592
2484945 0
2521844 12910592
2521845 0
2564744 12910592
2564745 0
2572289 12910592
2572290 0
2579787 12910592
2579788 0
2589944 12910592
2589945 0
2594745 12910592
2594746 0
2601815 12910592
2601816 0
2609422 12910592
2609423 0
2616946 12910592
2616947 0
2625944 12910592
2625945 0
2634344 12910592
2634345 0
2640346 12910592
2640347 0
2649344 12910592
2649345 0
2660744 12910592
2660745 0
2668544 12910592
2668545 0
2678444 12910592
2678445 0
2687624 12910592
2687625 0
2700884 12910592
2700885 0
2708744 12910592
2708745 0
2714146 12910592
2714147 0
2721344 12910592
2721345 0
2737306 12910592
2737307 0
2743244 12910592
2743245 0
2750624 12910592
2750625 0
2756324 12910592
2756325 0
2763164 12910592
2763165 0
2781584 12910592
2781585 0
2786633 12910592
2786634 0
2791544 12910592
2791545 0
2797066 12910592
2797067 0
2809544 12910592
2809545 0
2817946 12910592
2817947 0
2829344 12910592
2829345 0
2836544 12910592
2836545 0
2847344 12910592
2847345 0
2853644 12910592
2853645 0
2859391 12910592
2859392 0
2866836 12910592
2866837 0
2873744 12910592
2873745 0
2883345 12910592
2883346 0
2890544 12910592
2890545 0
2904945 12910592
2904946 0
2919344 12910592
2919345 0
2926544 12910592
2926545 0
2933744 12910592
2933745 0
2940344 12910592
2940345 0
2946344 12910592
2946345 0
2953939 12910592
2953940 0
2959583 12910592
2959584 0
2971545 12910592
2971546 0
2980544 12910592
2980545 0
2991345 12910592
2991346 0
2998544 12910592
2998545 0
3011144 12910592
3011145 0
3016544 12910592
3016545 0
3024944 12910592
3024945 0
3028846 12910592
3028847 0
3032444 12910592
3032445 0
3047504 12910592
3047505 0
3051226 12910592
3051227 0
3063704 12910592
3063705 0
3067304 12910592
3067305 0
3083144 12910592
3083145 0
3090344 12910592
3090345 0
3099344 12910592
3099345 0
3106544 12910592
3106545 0
3135346 26897
3135826 0
3146146 26897
3146626 0
3243345 26897
3243825 0
3254146 26897
3254626 0
3275746 26897
3276226 0
3292780 26897
3293260 0
3302145 26897
3302625 0
3313224 26897
3313704 0
3330945 26897
3331425 0
3387345 26897
3387825 0
3399346 26897
3399826 0
3422194 26897
3422674 0
3464146 26897
3464626 0
3485746 26897
3486226 0
3566446 26897
3566926 0
3586546 26897
3587026 0
3776146 26897
3776626 0
377 events for L
111185 117965
111275 124709
112136 6744
113045 124709
113936 6744
114845 124709
115736 6744
116645 124709
117536 6744
118445 124709
119336 6744
120245 124709
121136 6744
122036 0
129700 117965
129790 124709
130651 6744
131560 124709
132451 6744
133360 124709
134251 6744
135160 124709
136051 6744
136951 0
314932 7514
328573 0
330747 7514
346188 0
634471 58982
634561 66496
635842 6744
636331 66496
637702 6744
638122 0
640803 58982
640893 66496
642174 6744
642663 66496
644034 6744
644463 66496
645834 6744
655254 0
661092 58982
661182 66496
662463 6744
662952 66496
664323 6744
664752 66496
666123 6744
671943 0
1012371 235930
1012461 242674
1014222 6744
1014411 242674
1016262 6744
1016451 242674
1018302 6744
1018551 242674
1020402 6744
1021422 0
1029429 235930
1029519 242674
1030135 6744
1030140 0
1044922 169032
1046722 45609
1048527 0
1582291 117965
1582381 125479
1583662 7514
1584022 0
1719961 3372
1725142 0
1745161 3372
1753522 0
1762561 3372
1767922 0
1790161 3372
1793122 0
1796039 3372
1811840 0
1952071 117965
1952161 121337
1953682 3372
1953931 121337
1955482 3372
1955722 0
1960514 117965
1960604 121337
1961945 3372
1967774 121337
1969145 3372
1971365 0
1981128 117965
1981218 121337
1982739 3372
1986588 121337
1988139 3372
1988379 0
2187961 3372
2188831 121337
2191582 3372
2192431 121337
2195122 3372
2196022 0
2202650 117965
2202740 121337
2204201 3372
2204510 121337
2206061 3372
2209901 0
2557111 19661
2557201 25951
2558962 6290
2559751 25951
2561602 6290
2562142 0
2565451 19661
2565541 25951
2567302 6290
2568091 25951
2569942 6290
2570911 25951
2572762 6290
2573491 25951
2575342 6290
2576311 25951
2578162 6290
2578891 25951
2580742 6290
2581282 0
2586031 19661
2586121 25951
2587882 6290
2588011 25951
2589862 6290
2590231 25951
2592082 6290
2592211 25951
2594062 6290
2594431 25951
2596282 6290
2596411 25951
2598257 6290
2598262 0
2602342 117965
2602432 124709
2603893 6744
2618593 0
2622957 117965
2623047 124709
2624508 6744
2637288 0
2639371 117965
2639461 124709
2640922 6744
2653702 0
2789371 19661
2789461 25951
2791222 6290
2791351 25951
2793202 6290
2793571 25951
2795422 6290
2795551 25951
2797402 6290
2797771 25951
2799622 6290
2799751 25951
2801597 6290
2801602 0
2807551 19661
2807641 25951
2808502 6290
2808631 25951
2809582 6290
2809951 25951
2810902 6290
2811151 25951
2812102 6290
2812351 25951
2813302 6290
2813431 25951
2814382 6290
2814387 0
2816071 117965
2816161 124709
2817682 6744
2819687 0
2819731 117965
2821342 6744
2821402 0
2823539 117965
2823629 124709
2825150 6744
2828955 0
2828999 117965
2830610 6744
2836070 0
2843829 117965
2843919 124709
2845440 6744
2847445 0
2847489 117965
2849100 6744
2854260 0
2860008 6290
2870769 0
2880298 6290
2891059 0
2898630 6290
2902191 0
3140071 58982
3142822 7514
3146336 0
3153485 58982
3153575 66496
3154916 7514
3155225 66496
3156656 7514
3156905 66496
3158336 7514
3158585 66496
3160016 7514
3160265 66496
3161696 7514
3161706 0
3206607 58982
3206697 66496
3208038 7514
3208467 66496
3209898 7514
3210267 66496
3211698 7514
3212067 66496
3213498 7514
3213867 66496
3215298 7514
3215667 66496
3217098 7514
3217467 66496
3218898 7514
3219267 66496
3220698 7514
3221067 66496
3222498 7514
3222928 0
3227114 58982
3227204 66496
3228545 7514
3228974 66496
3230405 7514
3230774 66496
3232205 7514
3232574 66496
3234005 7514
3234374 66496
3235805 7514
3236174 66496
3237605 7514
3237974 66496
3239405 7514
3239774 66496
3241205 7514
3241335 0
3243421 58982
3243511 66496
3244972 7514
3245041 66496
3246592 7514
3246661 66496
3248092 7514
3248097 0
3291361 7514
3296542 0
3302332 7514
3314953 0
3317140 7514
3333361 0
3412111 58982
3412201 66496
3413542 7514
3413971 66496
3415402 7514
3415762 0
3416071 58982
3416161 66496
3417502 7514
3417751 66496
3419182 7514
3419491 66496
3420922 7514
3420927 0
3507271 58982
3507361 66496
3508702 7514
3508771 66496
3510202 7514
3510271 66496
3511702 7514
3511771 66496
3513202 7514
3513271 66496
3514702 7514
3514771 66496
3516202 7514
3516562 0
3520756 58982
3520846 66496
3522187 7514
3522616 66496
3524047 7514
3524416 66496
3525847 7514
3526216 58982
3527647 7514
3528016 66496
3529447 7514
3529816 58982
3531247 7514
3531616 66496
3533047 7514
3533236 66496
3534667 7514
3534672 0
3536769 58982
3536859 66496
3538200 7514
3538449 66496
3539880 7514
3540129 66496
3541560 7514
3541809 66496
3543240 7514
3543489 66496
3544920 7514
3545169 66496
3546600 7514
3546849 66496
3548280 7514
3548529 66496
3549960 7514
3550505 0
3740221 7514
3751187 0
3758431 58982
3758521 66496
3759242 7514
3759331 66496
3760142 7514
3760471 66496
3761282 7514
3761371 66496
3762182 7514
3762511 66496
3763322 7514
3763411 66496
3764222 7514
3764731 66496
3765542 7514
3765631 66496
3766442 7514
3766771 66496
3767582 7514
3767671 66496
3768482 7514
3768811 66496
3769622 7514
3769711 66496
3770522 7514
3770527 0
3774631 58982
3774721 65726
3779842 6744
3785491 65726
3790702 6744
3790822 0
4 events for M
694830 0
694831 74
3114030 0
3114031 74
75 events for N
86349 0
86949 224
691149 0
1041189 20
1041369 0
1043529 20
1043709 0
1043769 28
1209909 0
1222209 20
1222389 0
1224549 20
1224729 0
1224789 126
1296309 0
1296549 305
1900749 0
1901349 305
2505549 0
2506149 330
3110349 0
3125229 20
3125409 0
3127569 20
3127749 0
3127809 126
3153729 0
3154389 20
3154569 0
3156729 20
3156909 0
3156969 218
3172029 0
3172689 20
3172869 0
3175029 20
3175209 0
3175269 32
3312789 28
3313089 0
3313749 20
3313929 0
3316089 20
3316269 0
3316329 201
3343269 28
3343569 0
3343629 20
3343809 203
3369849 0
3382209 20
3382389 0
3384549 20
3384729 0
3384789 36
3403869 0
3404529 20
3404709 0
3406869 20
3407049 0
3407109 36
3426189 0
3426849 20
3427029 0
3429189 20
3429369 0
3429429 36
3458649 0
3654609 20
3654789 0
3656949 20
3657129 0
3657189 12
3715449 0
3715749 330
106 events for O
733615 1000
734615 0
779323 1000
780323 0
825222 1000
826222 0
871345 1000
872345 0
917793 1000
918793 0
964600 1000
965600 0
1029408 1000
1030408 0
1075027 1000
1076027 0
1119902 1000
1120902 0
1160274 1000
1160338 0
1172885 1000
1173885 0
1209492 1000
1210492 0
1253893 1000
1254893 0
1298225 1000
1299225 0
1360078 1000
1361078 0
1422088 1000
1423088 0
1473756 1000
1474756 0
1517588 1000
1518588 0
1561137 1000
1562137 0
1604480 1000
1605480 0
1647590 1000
1648590 0
1690350 1000
1691350 0
1732899 1000
1733899 0
1775511 1000
1776511 0
1818443 1000
1819443 0
1861813 1000
1862813 0
1905460 1000
1906460 0
1949136 1000
1950136 0
1992867 1000
1993867 0
2036595 1000
2037595 0
2080747 1000
2081747 0
2119786 1000
2120786 0
2173280 1000
2174280 0
2213652 1000
2214652 0
2259853 1000
2260853 0
2307644 1000
2308644 0
2357152 1000
2358152 0
2405483 1000
2406483 0
2452170 1000
2453170 0
2498333 1000
2499333 0
2543331 1000
2544331 0
2588036 1000
2589036 0
2632953 1000
2633953 0
2678137 1000
2679137 0
2723891 1000
2724891 0
2769226 1000
2770226 0
2813338 1000
2814338 0
2857197 1000
2858197 0
2900775 1000
2901775 0
2944011 1000
2945011 0
2986934 1000
2987934 0
3029762 1000
3030762 0
3073059 1000
3074059 0
35 events for P
90472 0
101873 1300
349672 0
367073 1300
695272 0
707153 600
707333 1300
953953 700
953998 0
966173 600
966353 1300
1213093 700
1213138 0
1225253 600
1225433 1300
1299493 700
1299538 0
1317653 600
1317833 1300
1557913 700
1557958 0
1576853 600
1576973 1300
1904473 700
1904518 0
1922273 1300
2164072 0
2181473 1300
2509672 0
2521073 1950
2768872 0
2780273 1950
3114472 0
3114474 1944
3730673 1300
1624 events for Q
16276 12910592
16277 0
16536 12910592
16537 0
17116 12910592
17117 0
17376 12910592
17377 0
34466 12910592
34467 0
34726 12910592
34727 0
35306 12910592
35307 0
35566 12910592
35567 0
52655 12910592
52656 0
52915 12910592
52916 0
53495 12910592
53496 0
53755 12910592
53756 0
70245 12910592
70246 0
70505 12910592
70506 0
71085 12910592
71086 0
71345 12910592
71346 0
87534 12910592
87535 0
87794 12910592
87795 0
88374 12910592
88375 0
88634 12910592
88635 0
107548 12910592
107549 0
107778 12910592
107779 0
108318 12910592
108319 0
108548 12910592
108549 0
126063 12910592
126064 0
126323 12910592
126324 0
126903 12910592
126904 0
127163 12910592
127164 0
144577 12910592
144578 0
144837 12910592
144838 0
145417 12910592
145418 0
145677 12910592
145678 0
163091 12910592
163092 0
163351 12910592
163352 0
163931 12910592
163932 0
164191 12910592
164192 0
181605 12910592
181606 0
181865 12910592
181866 0
182445 12910592
182446 0
182705 12910592
182706 0
200120 12910592
200121 0
200380 12910592
200381 0
200960 12910592
200961 0
201220 12910592
201221 0
218634 12910592
218635 0
218894 12910592
218895 0
219474 12910592
219475 0
219734 12910592
219735 0
237148 12910592
237149 0
237408 12910592
237409 0
237988 12910592
237989 0
238248 12910592
238249 0
255663 12910592
255664 0
255923 12910592
255924 0
256503 12910592
256504 0
256763 12910592
256764 0
274177 12910592
274178 0
274437 12910592
274438 0
275017 12910592
275018 0
275277 12910592
275278 0
292691 12910592
292692 0
292951 12910592
292952 0
293531 12910592
293532 0
293791 12910592
293792 0
311205 12910592
311206 0
311465 12910592
311466 0
312045 12910592
312046 0
312305 12910592
312306 0
329120 12910592
329121 0
329380 12910592
329381 0
329960 12910592
329961 0
330220 12910592
330221 0
346734 12910592
346735 0
346994 12910592
346995 0
347574 12910592
347575 0
347834 12910592
347835 0
365634 12910592
365635 0
365894 12910592
365895 0
366474 12910592
366475 0
366734 12910592
366735 0
384613 12910592
384614 0
384873 12910592
384874 0
385453 12910592
385454 0
385713 12910592
385714 0
402802 12910592
402803 0
403062 12910592
403063 0
403642 12910592
403643 0
403902 12910592
403903 0
420992 12910592
420993 0
421252 12910592
421253 0
421832 12910592
421833 0
422092 12910592
422093 0
439181 12910592
439182 0
439441 12910592
439442 0
440021 12910592
440022 0
440281 12910592
440282 0
457371 12910592
457372 0
457631 12910592
457632 0
458211 12910592
458212 0
458471 12910592
458472 0
475560 12910592
475561 0
475790 12910592
475791 0
476330 12910592
476331 0
476560 12910592
476561 0
493750 12910592
493751 0
494010 12910592
494011 0
494590 12910592
494591 0
494850 12910592
494851 0
511939 12910592
511940 0
512199 12910592
512200 0
512779 12910592
512780 0
513039 12910592
513040 0
530129 12910592
530130 0
530389 12910592
530390 0
530969 12910592
530970 0
531229 12910592
531230 0
546534 12910592
546535 0
546764 12910592
546765 0
547304 12910592
547305 0
547534 12910592
547535 0
566508 12910592
566509 0
566768 12910592
566769 0
567348 12910592
567349 0
567608 12910592
567609 0
584697 12910592
584698 0
584957 12910592
584958 0
585537 12910592
585538 0
585797 12910592
585798 0
602887 12910592
602888 0
603147 12910592
603148 0
603727 12910592
603728 0
603987 12910592
603988 0
621076 12910592
621077 0
621336 12910592
621337 0
621916 12910592
621917 0
622176 12910592
622177 0
639266 12910592
639267 0
639526 12910592
639527 0
640106 12910592
640107 0
640366 12910592
640367 0
657455 12910592
657456 0
657715 12910592
657716 0
658295 12910592
658296 0
658555 12910592
658556 0
675045 12910592
675046 0
675305 12910592
675306 0
675885 12910592
675886 0
676145 12910592
676146 0
692334 12910592
692335 0
692594 12910592
692595 0
693174 12910592
693175 0
693434 12910592
693435 0
712348 12910592
712349 0
712578 12910592
712579 0
713118 12910592
713119 0
713348 12910592
713349 0
730863 12910592
730864 0
731123 12910592
731124 0
731703 12910592
731704 0
731963 12910592
731964 0
749377 12910592
749378 0
749637 12910592
749638 0
750217 12910592
750218 0
750477 12910592
750478 0
767891 12910592
767892 0
768151 12910592
768152 0
768731 12910592
768732 0
768991 12910592
768992 0
786405 12910592
786406 0
786665 12910592
786666 0
787245 12910592
787246 0
787505 12910592
787506 0
804920 12910592
804921 0
805180 12910592
805181 0
805760 12910592
805761 0
806020 12910592
806021 0
823434 12910592
823435 0
823694 12910592
823695 0
824274 12910592
824275 0
824534 12910592
824535 0
841948 12910592
841949 0
842208 12910592
842209 0
842788 12910592
842789 0
843048 12910592
843049 0
860463 12910592
860464 0
860723 12910592
860724 0
861303 12910592
861304 0
861563 12910592
861564 0
878977 12910592
878978 0
879237 12910592
879238 0
879817 12910592
879818 0
880077 12910592
880078 0
897491 12910592
897492 0
897751 12910592
897752 0
898331 12910592
898332 0
898591 12910592
898592 0
916005 12910592
916006 0
916265 12910592
916266 0
916845 12910592
916846 0
917105 12910592
917106 0
933920 12910592
933921 0
934180 12910592
934181 0
934760 12910592
934761 0
935020 12910592
935021 0
951534 12910592
951535 0
951794 12910592
951795 0
952374 12910592
952375 0
952634 12910592
952635 0
971223 12910592
971224 0
971483 12910592
971484 0
972063 12910592
972064 0
972323 12910592
972324 0
991784 12910592
991785 0
992044 12910592
992045 0
992624 12910592
992625 0
992884 12910592
992885 0
1006184 12910592
1006185 0
1006444 12910592
1006445 0
1007024 12910592
1007025 0
1007284 12910592
1007285 0
1025792 12910592
1025793 0
1026052 12910592
1026053 0
1026632 12910592
1026633 0
1026892 12910592
1026893 0
1043981 12910592
1043982 0
1044241 12910592
1044242 0
1044821 12910592
1044822 0
1045081 12910592
1045082 0
1062171 12910592
1062172 0
1062431 12910592
1062432 0
1063011 12910592
1063012 0
1063271 12910592
1063272 0
1080360 12910592
1080361 0
1080590 12910592
1080591 0
1081130 12910592
1081131 0
1081360 12910592
1081361 0
1098550 12910592
1098551 0
1098810 12910592
1098811 0
1099390 12910592
1099391 0
1099650 12910592
1099651 0
1116739 12910592
1116740 0
1116999 12910592
1117000 0
1117579 12910592
1117580 0
1117839 12910592
1117840 0
1134929 12910592
1134930 0
1135189 12910592
1135190 0
1135769 12910592
1135770 0
1136029 12910592
1136030 0
1153118 12910592
1153119 0
1153378 12910592
1153379 0
1153958 12910592
1153959 0
1154218 12910592
1154219 0
1171308 12910592
1171309 0
1171568 12910592
1171569 0
1172148 12910592
1172149 0
1172408 12910592
1172409 0
1189497 12910592
1189498 0
1189757 12910592
1189758 0
1190337 12910592
1190338 0
1190597 12910592
1190598 0
1207687 12910592
1207688 0
1207947 12910592
1207948 0
1208527 12910592
1208528 0
1208787 12910592
1208788 0
1225876 12910592
1225877 0
1226136 12910592
1226137 0
1226716 12910592
1226717 0
1226976 12910592
1226977 0
1244066 12910592
1244067 0
1244326 12910592
1244327 0
1244906 12910592
1244907 0
1245166 12910592
1245167 0
1262255 12910592
1262256 0
1262515 12910592
1262516 0
1263095 12910592
1263096 0
1263355 12910592
1263356 0
1279845 12910592
1279846 0
1280105 12910592
1280106 0
1280685 12910592
1280686 0
1280945 12910592
1280946 0
1297134 12910592
1297135 0
1297394 12910592
1297395 0
1297974 12910592
1297975 0
1298234 12910592
1298235 0
1316034 12910592
1316035 0
1316264 12910592
1316265 0
1316804 12910592
1316805 0
1317034 12910592
1317035 0
1335663 12910592
1335664 0
1335923 12910592
1335924 0
1336503 12910592
1336504 0
1336763 12910592
1336764 0
1354177 12910592
1354178 0
1354437 12910592
1354438 0
1355017 12910592
1355018 0
1355277 12910592
1355278 0
1372691 12910592
1372692 0
1372951 12910592
1372952 0
1373531 12910592
1373532 0
1373791 12910592
1373792 0
1391205 12910592
1391206 0
1391465 12910592
1391466 0
1392045 12910592
1392046 0
1392305 12910592
1392306 0
1409720 12910592
1409721 0
1409980 12910592
1409981 0
1410560 12910592
1410561 0
1410820 12910592
1410821 0
1428234 12910592
1428235 0
1428494 12910592
1428495 0
1429074 12910592
1429075 0
1429334 12910592
1429335 0
1446748 12910592
1446749 0
1447008 12910592
1447009 0
1447588 12910592
1447589 0
1447848 12910592
1447849 0
1465263 12910592
1465264 0
1465523 12910592
1465524 0
1466103 12910592
1466104 0
1466363 12910592
1466364 0
1483777 12910592
1483778 0
1484037 12910592
1484038 0
1484617 12910592
1484618 0
1484877 12910592
1484878 0
1502291 12910592
1502292 0
1502551 12910592
1502552 0
1503131 12910592
1503132 0
1503391 12910592
1503392 0
1520805 12910592
1520806 0
1521065 12910592
1521066 0
1521645 12910592
1521646 0
1521905 12910592
1521906 0
1538720 12910592
1538721 0
1538980 12910592
1538981 0
1539560 12910592
1539561 0
1539820 12910592
1539821 0
1556334 12910592
1556335 0
1556594 12910592
1556595 0
1557174 12910592
1557175 0
1557434 12910592
1557435 0
1575234 12910592
1575235 0
1575494 12910592
1575495 0
1576074 12910592
1576075 0
1576334 12910592
1576335 0
1594213 12910592
1594214 0
1594473 12910592
1594474 0
1595053 12910592
1595054 0
1595313 12910592
1595314 0
1612402 12910592
1612403 0
1612662 12910592
1612663 0
1613242 12910592
1613243 0
1613502 12910592
1613503 0
1630592 12910592
1630593 0
1630852 12910592
1630853 0
1631432 12910592
1631433 0
1631692 12910592
1631693 0
1648781 12910592
1648782 0
1649041 12910592
1649042 0
1649621 12910592
1649622 0
1649881 12910592
1649882 0
1666971 12910592
1666972 0
1667231 12910592
1667232 0
1667811 12910592
1667812 0
1668071 12910592
1668072 0
1685160 12910592
1685161 0
1685390 12910592
1685391 0
1685930 12910592
1685931 0
1686160 12910592
1686161 0
1772334 12910592
1772335 0
1772594 12910592
1772595 0
1773174 12910592
1773175 0
1773434 12910592
1773435 0
1794297 12910592
1794298 0
1794557 12910592
1794558 0
1795137 12910592
1795138 0
1795397 12910592
1795398 0
1812487 12910592
1812488 0
1812747 12910592
1812748 0
1813327 12910592
1813328 0
1813587 12910592
1813588 0
1830676 12910592
1830677 0
1830936 12910592
1830937 0
1831516 12910592
1831517 0
1831776 12910592
1831777 0
1848866 12910592
1848867 0
1849126 12910592
1849127 0
1849706 12910592
1849707 0
1849966 12910592
1849967 0
1867055 12910592
1867056 0
1867315 12910592
1867316 0
1867895 12910592
1867896 0
1868155 12910592
1868156 0
1884645 12910592
1884646 0
1884905 12910592
1884906 0
1885485 12910592
1885486 0
1885745 12910592
1885746 0
1901934 12910592
1901935 0
1902194 12910592
1902195 0
1902774 12910592
1902775 0
1903034 12910592
1903035 0
1920834 12910592
1920835 0
1921064 12910592
1921065 0
1921604 12910592
1921605 0
1921834 12910592
1921835 0
1940463 12910592
1940464 0
1940723 12910592
1940724 0
1941303 12910592
1941304 0
1941563 12910592
1941564 0
1958977 12910592
1958978 0
1959237 12910592
1959238 0
1959817 12910592
1959818 0
1960077 12910592
1960078 0
1977491 12910592
1977492 0
1977751 12910592
1977752 0
1978331 12910592
1978332 0
1978591 12910592
1978592 0
1996005 12910592
1996006 0
1996265 12910592
1996266 0
1996845 12910592
1996846 0
1997105 12910592
1997106 0
2014520 12910592
2014521 0
2014780 12910592
2014781 0
2015360 12910592
2015361 0
2015620 12910592
2015621 0
2033034 12910592
2033035 0
2033294 12910592
2033295 0
2033874 12910592
2033875 0
2034134 12910592
2034135 0
2051548 12910592
2051549 0
2051808 12910592
2051809 0
2052388 12910592
2052389 0
2052648 12910592
2052649 0
2070063 12910592
2070064 0
2070323 12910592
2070324 0
2070903 12910592
2070904 0
2071163 12910592
2071164 0
2088577 12910592
2088578 0
2088837 12910592
2088838 0
2089417 12910592
2089418 0
2089677 12910592
2089678 0
2107091 12910592
2107092 0
2107351 12910592
2107352 0
2107931 12910592
2107932 0
2108191 12910592
2108192 0
2125605 12910592
2125606 0
2125865 12910592
2125866 0
2126445 12910592
2126446 0
2126705 12910592
2126706 0
2143520 12910592
2143521 0
2143780 12910592
2143781 0
2144360 12910592
2144361 0
2144620 12910592
2144621 0
2161134 12910592
2161135 0
2161394 12910592
2161395 0
2161974 12910592
2161975 0
2162234 12910592
2162235 0
2180034 12910592
2180035 0
2180294 12910592
2180295 0
2180874 12910592
2180875 0
2181134 12910592
2181135 0
2199013 12910592
2199014 0
2199273 12910592
2199274 0
2199853 12910592
2199854 0
2200113 12910592
2200114 0
2217202 12910592
2217203 0
2217462 12910592
2217463 0
2218042 12910592
2218043 0
2218302 12910592
2218303 0
2235392 12910592
2235393 0
2235652 12910592
2235653 0
2236232 12910592
2236233 0
2236492 12910592
2236493 0
2253581 12910592
2253582 0
2253841 12910592
2253842 0
2254421 12910592
2254422 0
2254681 12910592
2254682 0
2271771 12910592
2271772 0
2272031 12910592
2272032 0
2272611 12910592
2272612 0
2272871 12910592
2272872 0
2289960 12910592
2289961 0
2290190 12910592
2290191 0
2290730 12910592
2290731 0
2290960 12910592
2290961 0
2308150 12910592
2308151 0
2308410 12910592
2308411 0
2308990 12910592
2308991 0
2309250 12910592
2309251 0
2326339 12910592
2326340 0
2326599 12910592
2326600 0
2327179 12910592
2327180 0
2327439 12910592
2327440 0
2344529 12910592
2344530 0
2344789 12910592
2344790 0
2345369 12910592
2345370 0
2345629 12910592
2345630 0
2362718 12910592
2362719 0
2362978 12910592
2362979 0
2363558 12910592
2363559 0
2363818 12910592
2363819 0
2380908 12910592
2380909 0
2381168 12910592
2381169 0
2381748 12910592
2381749 0
2382008 12910592
2382009 0
2399097 12910592
2399098 0
2399357 12910592
2399358 0
2399937 12910592
2399938 0
2400197 12910592
2400198 0
2417287 12910592
2417288 0
2417547 12910592
2417548 0
2418127 12910592
2418128 0
2418387 12910592
2418388 0
2435476 12910592
2435477 0
2435736 12910592
2435737 0
2436316 12910592
2436317 0
2436576 12910592
2436577 0
2453666 12910592
2453667 0
2453926 12910592
2453927 0
2454506 12910592
2454507 0
2454766 12910592
2454767 0
2471855 12910592
2471856 0
2472115 12910592
2472116 0
2472695 12910592
2472696 0
2472955 12910592
2472956 0
2489445 12910592
2489446 0
2489705 12910592
2489706 0
2490285 12910592
2490286 0
2490545 12910592
2490546 0
2506734 12910592
2506735 0
2506994 12910592
2506995 0
2507574 12910592
2507575 0
2507834 12910592
2507835 0
2526748 12910592
2526749 0
2526978 12910592
2526979 0
2527518 12910592
2527519 0
2527748 12910592
2527749 0
2545263 12910592
2545264 0
2545523 12910592
2545524 0
2546103 12910592
2546104 0
2546363 12910592
2546364 0
2563777 12910592
2563778 0
2564037 12910592
2564038 0
2564617 12910592
2564618 0
2564877 12910592
2564878 0
2582291 12910592
2582292 0
2582551 12910592
2582552 0
2583131 12910592
2583132 0
2583391 12910592
2583392 0
2600805 12910592
2600806 0
2601065 12910592
2601066 0
2601645 12910592
2601646 0
2601905 12910592
2601906 0
2619320 12910592
2619321 0
2619580 12910592
2619581 0
2620160 12910592
2620161 0
2620420 12910592
2620421 0
2637834 12910592
2637835 0
2638094 12910592
2638095 0
2638674 12910592
2638675 0
2638934 12910592
2638935 0
2656348 12910592
2656349 0
2656608 12910592
2656609 0
2657188 12910592
2657189 0
2657448 12910592
2657449 0
2674863 12910592
2674864 0
2675123 12910592
2675124 0
2675703 12910592
2675704 0
2675963 12910592
2675964 0
2693377 12910592
2693378 0
2693637 12910592
2693638 0
2694217 12910592
2694218 0
2694477 12910592
2694478 0
2711891 12910592
2711892 0
2712151 12910592
2712152 0
2712731 12910592
2712732 0
2712991 12910592
2712992 0
2730405 12910592
2730406 0
2730665 12910592
2730666 0
2731245 12910592
2731246 0
2731505 12910592
2731506 0
2748320 12910592
2748321 0
2748580 12910592
2748581 0
2749160 12910592
2749161 0
2749420 12910592
2749421 0
2765934 12910592
2765935 0
2766194 12910592
2766195 0
2766774 12910592
2766775 0
2767034 12910592
2767035 0
2785623 12910592
2785624 0
2785883 12910592
2785884 0
2786463 12910592
2786464 0
2786723 12910592
2786724 0
2803813 12910592
2803814 0
2804073 12910592
2804074 0
2804653 12910592
2804654 0
2804913 12910592
2804914 0
2822002 12910592
2822003 0
2822262 12910592
2822263 0
2822842 12910592
2822843 0
2823102 12910592
2823103 0
2840192 12910592
2840193 0
2840452 12910592
2840453 0
2841032 12910592
2841033 0
2841292 12910592
2841293 0
2858381 12910592
2858382 0
2858641 12910592
2858642 0
2859221 12910592
2859222 0
2859481 12910592
2859482 0
2876571 12910592
2876572 0
2876831 12910592
2876832 0
2877411 12910592
2877412 0
2877671 12910592
2877672 0
2894760 12910592
2894761 0
2894990 12910592
2894991 0
2895530 12910592
2895531 0
2895760 12910592
2895761 0
2912950 12910592
2912951 0
2913210 12910592
2913211 0
2913790 12910592
2913791 0
2914050 12910592
2914051 0
2931139 12910592
2931140 0
2931399 12910592
2931400 0
2931979 12910592
2931980 0
2932239 12910592
2932240 0
2949329 12910592
2949330 0
2949589 12910592
2949590 0
2950169 12910592
2950170 0
2950429 12910592
2950430 0
2967518 12910592
2967519 0
2967778 12910592
2967779 0
2968358 12910592
2968359 0
2968618 12910592
2968619 0
2985708 12910592
2985709 0
2985968 12910592
2985969 0
2986548 12910592
2986549 0
2986808 12910592
2986809 0
3003897 12910592
3003898 0
3004157 12910592
3004158 0
3004737 12910592
3004738 0
3004997 12910592
3004998 0
3022087 12910592
3022088 0
3022347 12910592
3022348 0
3022927 12910592
3022928 0
3023187 12910592
3023188 0
3040276 12910592
3040277 0
3040536 12910592
3040537 0
3041116 12910592
3041117 0
3041376 12910592
3041377 0
3058466 12910592
3058467 0
3058726 12910592
3058727 0
3059306 12910592
3059307 0
3059566 12910592
3059567 0
3076655 12910592
3076656 0
3076915 12910592
3076916 0
3077495 12910592
3077496 0
3077755 12910592
3077756 0
3094245 12910592
3094246 0
3094505 12910592
3094506 0
3095085 12910592
3095086 0
3095345 12910592
3095346 0
3111534 12910592
3111535 0
3111794 12910592
3111795 0
3112374 12910592
3112375 0
3112634 12910592
3112635 0
3131382 215177
3131442 0
3131612 215177
3131672 0
3132152 215177
3132212 0
3132382 215177
3132442 0
3149789 215177
3149849 0
3150049 215177
3150109 0
3150629 215177
3150689 0
3150889 215177
3150949 0
3168196 215177
3168256 0
3168456 215177
3168516 0
3169036 215177
3169096 0
3169296 215177
3169356 0
3186604 215177
3186664 0
3186864 215177
3186924 0
3187444 215177
3187504 0
3187704 215177
3187764 0
3205011 215177
3205071 0
3205271 215177
3205331 0
3205851 215177
3205911 0
3206111 215177
3206171 0
3223418 215177
3223478 0
3223678 215177
3223738 0
3224258 215177
3224318 0
3224518 215177
3224578 0
3241825 215177
3241885 0
3242085 215177
3242145 0
3242665 215177
3242725 0
3242925 215177
3242985 0
3260232 215177
3260292 0
3260492 215177
3260552 0
3261072 215177
3261132 0
3261332 215177
3261392 0
3278639 215177
3278699 0
3278899 215177
3278959 0
3279479 215177
3279539 0
3279739 215177
3279799 0
3297046 215177
3297106 0
3297306 215177
3297366 0
3297886 215177
3297946 0
3298146 215177
3298206 0
3315454 215177
3315514 0
3315714 215177
3315774 0
3316294 215177
3316354 0
3316554 215177
3316614 0
3333861 215177
3333921 0
3334121 215177
3334181 0
3334701 215177
3334761 0
3334961 215177
3335021 0
3352268 215177
3352328 0
3352528 215177
3352588 0
3353108 215177
3353168 0
3353368 215177
3353428 0
3370675 215177
3370735 0
3370935 215177
3370995 0
3371515 215177
3371575 0
3371775 215177
3371835 0
3390286 215177
3390346 0
3390546 215177
3390606 0
3391126 215177
3391186 0
3391386 215177
3391446 0
3408396 215177
3408456 0
3408656 215177
3408716 0
3409236 215177
3409296 0
3409496 215177
3409556 0
3426507 215177
3426567 0
3426767 215177
3426827 0
3427347 215177
3427407 0
3427607 215177
3427667 0
3444617 215177
3444677 0
3444877 215177
3444937 0
3445457 215177
3445517 0
3445717 215177
3445777 0
3462728 215177
3462788 0
3462988 215177
3463048 0
3463568 215177
3463628 0
3463828 215177
3463888 0
3480838 215177
3480898 0
3481098 215177
3481158 0
3481678 215177
3481738 0
3481938 215177
3481998 0
3498949 215177
3499009 0
3499179 215177
3499239 0
3499719 215177
3499779 0
3499949 215177
3500009 0
3517059 215177
3517119 0
3517319 215177
3517379 0
3517899 215177
3517959 0
3518159 215177
3518219 0
3535170 215177
3535230 0
3535430 215177
3535490 0
3536010 215177
3536070 0
3536270 215177
3536330 0
3553280 215177
3553340 0
3553540 215177
3553600 0
3554120 215177
3554180 0
3554380 215177
3554440 0
3571391 215177
3571451 0
3571651 215177
3571711 0
3572231 215177
3572291 0
3572491 215177
3572551 0
3589501 215177
3589561 0
3589761 215177
3589821 0
3590341 215177
3590401 0
3590601 215177
3590661 0
3607612 215177
3607672 0
3607872 215177
3607932 0
3608452 215177
3608512 0
3608712 215177
3608772 0
3625722 215177
3625782 0
3625982 215177
3626042 0
3626562 215177
3626622 0
3626822 215177
3626882 0
3643833 215177
3643893 0
3644093 215177
3644153 0
3644673 215177
3644733 0
3644933 215177
3644993 0
3661943 215177
3662003 0
3662203 215177
3662263 0
3662783 215177
3662843 0
3663043 215177
3663103 0
3680054 215177
3680114 0
3680314 215177
3680374 0
3680894 215177
3680954 0
3681154 215177
3681214 0
3698164 215177
3698224 0
3698424 215177
3698484 0
3699004 215177
3699064 0
3699264 215177
3699324 0
3716275 215177
3716335 0
3716535 215177
3716595 0
3717115 215177
3717175 0
3717375 215177
3717435 0
3736182 215177
3736242 0
3736412 215177
3736472 0
3736952 215177
3737012 0
3737182 215177
3737242 0
3754589 215177
3754649 0
3754849 215177
3754909 0
3755429 215177
3755489 0
3755689 215177
3755749 0
3772996 215177
3773056 0
3773256 215177
3773316 0
3773836 215177
3773896 0
3774096 215177
3774156 0
3791404 215177
3791464 0
3791664 215177
3791724 0
3792244 215177
3792304 0
3792504 215177
3792564 0
365 events for R
6711 0
57212 1714
68622 0
70162 906
70902 1714
85911 0
103191 1714
105925 0
106105 215
117581 0
121405 1714
124440 0
147611 1500
153626 0
167801 1500
173811 0
205851 906
206601 0
315762 906
327497 0
329037 906
345111 0
366591 906
382990 0
389170 906
396131 0
439958 906
455448 0
462711 906
469031 0
557430 906
564885 0
566425 906
583074 0
589314 906
601264 0
639183 906
655832 0
662012 906
673422 0
714386 906
729240 0
735420 906
747754 0
758434 1500
764546 0
772508 1500
778620 0
823351 906
840325 0
846505 906
858780 0
861120 906
868997 0
911091 906
911857 0
965391 1714
969000 0
972471 1714
989765 0
996341 1714
1004841 0
1010751 906
1011491 1714
1023569 0
1030349 1714
1042358 0
1044638 1714
1060548 0
1066728 1714
1078737 0
1082720 906
1083460 1714
1096927 0
1103107 1714
1108611 0
1139486 215
1150906 0
1256691 906
1257431 0
1266812 906
1278222 0
1280502 906
1295511 0
1318818 906
1334040 0
1341177 906
1352554 0
1354094 906
1370854 0
1377848 906
1389368 0
1392536 906
1407536 0
1414277 906
1426611 0
1428151 906
1445125 0
1451305 906
1454211 0
1454691 906
1463640 0
1465920 906
1481854 0
1488334 906
1497411 0
1497591 1087
1500301 0
1503248 906
1519182 0
1525336 593
1531003 0
1533022 906
1535982 0
1540457 593
1554018 0
1576191 906
1582911 0
1583991 906
1592573 0
1598770 906
1610751 0
1612347 906
1627011 0
1627491 906
1628951 0
1635149 906
1647093 0
1649502 906
1665254 0
1671528 1714
1683396 0
1687576 906
1688316 1714
1724211 0
1736991 1714
1767411 0
1776891 1714
1792553 0
1794329 906
1795069 1714
1810783 0
1813521 1714
1828997 0
1835233 1714
1843011 0
1843491 906
1847231 0
1848800 906
1865432 0
1871612 906
1883022 0
1885302 906
1891611 0
1892391 906
1900311 0
1923722 906
1938835 0
1945020 906
1957354 0
1958894 906
1975868 0
1982048 906
1994382 0
1998162 906
2011397 0
2019077 906
2031411 0
2032951 906
2037111 0
2079077 906
2086954 0
2093134 906
2100975 0
2107051 906
2123211 0
2130162 1600
2140303 0
2145401 1500
2151659 0
2152721 1500
2155063 0
2180991 906
2197390 0
2203570 906
2208790 0
2209270 906
2212011 0
2219369 906
2220126 1500
2225401 0
2226726 1500
2232011 0
2239949 906
2251958 0
2254238 906
2270148 0
2276328 906
2288337 0
2292097 906
2306407 0
2312707 906
2324714 0
2326996 906
2339811 0
2340291 906
2342906 0
2349086 906
2361095 0
2363375 906
2379285 0
2380825 906
2397413 0
2403654 906
2415604 0
2417944 906
2433853 0
2440033 906
2452043 0
2453583 906
2470232 0
2476412 906
2487822 0
2492498 1500
2496513 0
2498198 1500
2502223 0
2520591 906
2523711 0
2530791 215
2542311 0
2564734 906
2580454 0
2586848 906
2599182 0
2601462 906
2617697 0
2623877 906
2636211 0
2637751 906
2654725 0
2660905 906
2673240 0
2675520 906
2691754 0
2697934 906
2710268 0
2711808 906
2728782 0
2734962 906
2746697 0
2748977 906
2764311 0
2779791 906
2783991 0
2786280 906
2802190 0
2808370 906
2820379 0
2821919 906
2838569 0
2844749 906
2856758 0
2859038 906
2874948 0
2881128 906
2893137 0
2896920 906
2911185 0
2917507 906
2929492 0
2931818 906
2947706 0
2953886 906
2965895 0
2968175 906
2984085 0
2985625 906
3002274 0
3008454 906
3020464 0
3022744 906
3036411 0
3044833 906
3055153 0
3058683 906
3074843 0
3081212 906
3092622 0
3094902 906
3109911 0
3125091 1087
3127801 0
3134321 906
3148225 0
3154405 215
3165825 0
3205727 906
3221854 0
3228034 906
3240441 0
3242541 906
3258362 0
3264848 906
3276710 0
3278618 906
3289431 0
3290391 906
3295479 0
3301662 906
3313889 0
3316170 906
3332297 0
3338477 906
3350156 0
3352713 906
3368566 0
3384591 906
3388311 0
3391002 906
3406832 0
3413012 906
3419811 0
3420291 906
3424611 0
3426724 906
3433149 0
3434151 906
3442805 0
3449233 906
3460973 0
3463791 1714
3479091 0
3485634 1714
3497334 0
3501937 1714
3505431 0
3505596 906
3515451 0
3521675 906
3533602 0
3535889 906
3549411 0
3549891 1714
3550927 0
3557896 1714
3559276 0
3560391 1714
3561390 0
3562191 1714
3562671 0
3563061 1714
3563661 0
3565031 1714
3567558 0
3571591 906
3572331 1714
3587511 0
3680930 906
3681850 593
3695771 0
3702840 593
3713881 0
3773011 906
3789711 0
