18 instruments
A 10 100 154000 595557000
B 10 100 199466000 880000000
C 10 100 0 296462475.07613176
D 10 100 8192 3200000000
E 10 100 1935.2198577632046 529743673.63920057
F 10 100 22528 960000000
G 10 100 5459680 2800000000
H 10 100 50290700 1600000000
I 10 100 40530.039409419333 54204511.969197564
J 10 100 5910082.7758317869 3030989320.3134623
K 10 100 7196.0339286610251 2810950753.383213
L 10 100 7152.7561699728749 2794045378.8956542
M 10 100 763800535.41096985 7041040280.2382517
N 10 100 1517960000 4000000000
O 10 100 183507440.74517861 809594356.20986629
P 10 100 6553.6061313363007 2560002395.0532427
Q 10 100 20805.899747385713 886615046.05336845
R 10 100 20412.132877845776 869835207.86274612
100 downlinks
0 862 44901 9462.077765
1 44902 60235 8739.387213
2 100749 115653 27177.101999999999
3 131202 155311 28867.988366000001
4 156252 178780 8757.0573490000006
5 217503 259751 30482.278361000001
6 259752 296645 9337.789702
7 296646 325107 8515.7706749999998
8 365949 380832 8900.7025030000004
9 383042 408831 8778.3355150000007
10 408842 437214 29886.497736000001
11 439739 466980 29243.536622
12 467699 471912 26517.245249
13 476408 490680 8834.4018649999998
14 509939 521314 9457.9623840000004
15 533335 553231 28164.872808
16 562710 604939 30503.298975000002
17 604940 627355 8691.2845450000004
18 627831 637826 8525.9525360000007
19 640491 644244 28086.786929000002
20 705549 733493 9305.8530659999997
21 735317 739831 9003.7058219999999
22 765228 780989 29720.859928999998
23 813982 817639 28196.056719
24 821621 838334 8724.7512220000008
25 839924 867259 9238.0711549999996
26 868180 907924 29465.914934
27 907925 915901 8736.7051790000005
28 938920 952934 8623.2506759999997
29 964749 986998 8421.9856619999991
30 991239 1011098 27549.328343000001
31 1022916 1040175 29572.320551000001
32 1042472 1072611 29086.290951999999
33 1072712 1101387 8813.8421070000004
34 1109612 1126578 29493.047434
35 1134508 1157999 27435.630709000001
36 1158890 1170418 29792.428981000001
37 1173508 1183391 8997.6095590000004
38 1186408 1209595 26654.011493000002
39 1223949 1247074 8664.3956859999998
40 1247304 1273163 8910.3347130000002
41 1316349 1336346 9263.3037550000008
42 1339455 1345687 8194.1372179999998
43 1357400 1370063 8812.3468479999992
44 1388896 1390727 28513.272391999999
45 1417571 1421732 29797.943813000002
46 1425763 1460595 9287.2106050000002
47 1460596 1471348 9493.8769009999996
48 1474752 1510832 29841.66733
49 1512071 1516749 9031.5484039999992
50 1575549 1587179 27058.173078
51 1589288 1592845 27764.822221999999
52 1596788 1613390 8866.3210920000001
53 1625275 1637435 30200.423556999998
54 1640547 1645391 9259.4321029999992
55 1649583 1673654 9457.3783449999992
56 1675383 1679211 29542.407908000001
57 1684689 1699532 8564.5545529999999
58 1708683 1731352 9335.3412189999999
59 1733879 1762605 27874.981927000001
60 1770999 1813154 30587.746092000001
61 1813155 1857307 9231.3874039999992
62 1857308 1873526 8609.2624169999999
63 1874875 1891107 8689.6108280000008
64 1899460 1901507 26609.79682
65 1921149 1940754 8915.2263710000007
66 1943619 1973569 9094.9622560000007
67 1973570 1991284 8333.9255690000009
68 1991866 1998207 27500.430241999999
69 2012284 2028637 8601.7316499999997
70 2029930 2064843 9100.8958739999998
71 2078561 2091850 9427.4328960000003
72 2094821 2105233 27243.904355999999
73 2107661 2129381 8431.3051790000009
74 2158377 2160699 27636.251289
75 2180349 2199637 8831.2619180000002
76 2200745 2217344 8966.6639699999996
77 2224956 2230707 54396.705881000002
78 2234499 2248527 58970.262822999997
79 2251112 2280151 57826.355975999999
80 2280152 2290896 17374.699861000001
81 2306252 2333043 57611.601310999999
82 2333252 2365332 59023.283414999998
83 2366074 2371824 55193.106121999997
84 2375180 2417297 25530.421285
85 2417298 2461493 29269.697155999998
86 2461494 2465584 16830.732371999999
87 2478742 2493409 28226.256141999998
88 2495739 2498290 60093.408818999997
89 2538737 2568436 58272.632834999997
90 2568437 2575711 61499.660580999996
91 2589914 2611211 28538.149495000001
92 2624759 2630581 18090.695755000001
93 2634124 2649336 23661.293665000001
94 2651233 2679187 28757.617953000001
95 2679188 2721484 56137.919716999997
96 2722628 2739522 23437.772314999998
97 2754728 2767368 55980.942202999999
98 2780583 2794435 60635.164006999999
99 2797323 2828250 23619.145155999999
0 opportunities for A
0 opportunities for B
0 opportunities for C
0 opportunities for D
0 opportunities for E
0 opportunities for F
0 opportunities for G
0 opportunities for H
0 opportunities for I
0 opportunities for J
0 opportunities for K
0 opportunities for L
0 opportunities for M
0 opportunities for N
0 opportunities for O
0 opportunities for P
0 opportunities for Q
0 opportunities for R
2 events for A
691749 0
691750 74
209 events for B
2682 2738
11672 2635
20671 2738
22482 548
49472 444
56671 548
86672 444
89061 240
99871 344
103482 2534
121472 2431
121482 240
128671 344
159272 240
168271 344
197072 240
204271 344
233072 240
243871 344
269072 240
278071 344
306872 240
314071 344
345872 240
366271 344
380672 240
387871 344
416672 240
423871 344
452672 240
463471 344
490472 240
495871 344
526472 240
531871 344
580472 240
589471 344
607782 281
608082 344
618272 240
625471 344
654272 240
661471 344
691472 240
691749 0
691750 240
694782 178
695082 240
708271 344
728072 240
737071 344
764072 240
773071 344
801872 240
809071 344
837872 240
845071 344
867582 281
867882 344
873872 240
881071 344
911672 240
920671 344
949472 240
963871 344
967542 281
967842 344
1021472 240
1032271 344
1057472 240
1064671 344
1083582 281
1083882 344
1095272 240
1100671 344
1133072 240
1140271 344
1167272 240
1176271 344
1206872 240
1213182 178
1213482 240
1223071 344
1259072 240
1266271 344
1295072 240
1298661 444
1316671 548
1331072 444
1338271 548
1345471 1471
1367104 2754
1368872 1727
1374271 1830
1379361 1626
1385922 1564
1386222 3817
1388704 2534
1406672 2431
1413871 2534
1442672 2431
1449871 2534
1451022 344
1471461 548
1478672 444
1485871 548
1518272 444
1525471 548
1554272 444
1557861 240
1560162 178
1560462 240
1575871 344
1590272 240
1597471 344
1604671 1267
1626272 240
1637071 344
1664072 240
1669471 344
1669493 594
1669504 1877
1691061 2081
1691071 3004
1712661 2800
1712671 1877
1712704 594
1725272 491
1730693 240
1731642 178
1731942 240
1734271 344
1768472 240
1777471 344
1826072 240
1833271 344
1848571 1267
1862972 240
1871071 1267
1899872 240
1903482 2431
1921471 2534
1937672 2431
1943071 2534
1971904 3817
1973672 3713
1979071 3817
1986282 1626
2011472 1523
2015104 240
2018671 1267
2040271 344
2047472 240
2054671 344
2058261 548
2076261 344
2083472 240
2090671 344
2121272 240
2130271 344
2159072 240
2180671 344
2231072 240
2238271 344
2267072 240
2274271 344
2303072 240
2312071 344
2340872 240
2346271 344
2371471 1267
2378661 1471
2393072 444
2403871 548
2411071 1471
2421882 1409
2422182 1471
2425482 3662
2425504 4944
2432672 3917
2439871 4944
2468672 3917
2468682 1727
2475871 2754
2490304 1471
2505872 444
2508282 2635
2519071 3662
2540672 2635
2547871 3662
2555061 3458
2576672 2431
2585671 2534
2616272 2431
2623471 2534
2652272 2431
2659471 3458
2681061 3662
2688272 2635
2695471 3662
2726072 2635
2735071 3662
2765072 2635
2767461 2431
2778271 2534
2801672 2431
2807071 2534
2835872 2431
2843071 2534
0 events for C

1208 events for D
14490 12910592
14491 0
14750 12910592
14751 0
15330 12910592
15331 0
15590 12910592
15591 0
32680 12910592
32681 0
32940 12910592
32941 0
33520 12910592
33521 0
33780 12910592
33781 0
50869 12910592
50870 0
51129 12910592
51130 0
51709 12910592
51710 0
51969 12910592
51970 0
68459 12910592
68460 0
68719 12910592
68720 0
69299 12910592
69300 0
69559 12910592
69560 0
85748 12910592
85749 0
86008 12910592
86009 0
86588 12910592
86589 0
86848 12910592
86849 0
105762 12910592
105763 0
105992 12910592
105993 0
106532 12910592
106533 0
106762 12910592
106763 0
124277 12910592
124278 0
124537 12910592
124538 0
125117 12910592
125118 0
125377 12910592
125378 0
142791 12910592
142792 0
143051 12910592
143052 0
143631 12910592
143632 0
143891 12910592
143892 0
161305 12910592
161306 0
161565 12910592
161566 0
162145 12910592
162146 0
162405 12910592
162406 0
179819 12910592
179820 0
180079 12910592
180080 0
180659 12910592
180660 0
180919 12910592
180920 0
198334 12910592
198335 0
198594 12910592
198595 0
199174 12910592
199175 0
199434 12910592
199435 0
216848 12910592
216849 0
217108 12910592
217109 0
217688 12910592
217689 0
217948 12910592
217949 0
235362 12910592
235363 0
235622 12910592
235623 0
236202 12910592
236203 0
236462 12910592
236463 0
253877 12910592
253878 0
254137 12910592
254138 0
254717 12910592
254718 0
254977 12910592
254978 0
272391 12910592
272392 0
272651 12910592
272652 0
273231 12910592
273232 0
273491 12910592
273492 0
290905 12910592
290906 0
291165 12910592
291166 0
291745 12910592
291746 0
292005 12910592
292006 0
309419 12910592
309420 0
309679 12910592
309680 0
310259 12910592
310260 0
310519 12910592
310520 0
327334 12910592
327335 0
327594 12910592
327595 0
328174 12910592
328175 0
328434 12910592
328435 0
344948 12910592
344949 0
345208 12910592
345209 0
345788 12910592
345789 0
346048 12910592
346049 0
363848 12910592
363849 0
364108 12910592
364109 0
364688 12910592
364689 0
364948 12910592
364949 0
382827 12910592
382828 0
383087 12910592
383088 0
383667 12910592
383668 0
383927 12910592
383928 0
401016 12910592
401017 0
401276 12910592
401277 0
401856 12910592
401857 0
402116 12910592
402117 0
419206 12910592
419207 0
419466 12910592
419467 0
420046 12910592
420047 0
420306 12910592
420307 0
437395 12910592
437396 0
437655 12910592
437656 0
438235 12910592
438236 0
438495 12910592
438496 0
455585 12910592
455586 0
455845 12910592
455846 0
456425 12910592
456426 0
456685 12910592
456686 0
473774 12910592
473775 0
474004 12910592
474005 0
474544 12910592
474545 0
474774 12910592
474775 0
491964 12910592
491965 0
492224 12910592
492225 0
492804 12910592
492805 0
493064 12910592
493065 0
510153 12910592
510154 0
510413 12910592
510414 0
510993 12910592
510994 0
511253 12910592
511254 0
528343 12910592
528344 0
528603 12910592
528604 0
529183 12910592
529184 0
529443 12910592
529444 0
544748 12910592
544749 0
544978 12910592
544979 0
545518 12910592
545519 0
545748 12910592
545749 0
564722 12910592
564723 0
564982 12910592
564983 0
565562 12910592
565563 0
565822 12910592
565823 0
582911 12910592
582912 0
583171 12910592
583172 0
583751 12910592
583752 0
584011 12910592
584012 0
601101 12910592
601102 0
601361 12910592
601362 0
601941 12910592
601942 0
602201 12910592
602202 0
619290 12910592
619291 0
619550 12910592
619551 0
620130 12910592
620131 0
620390 12910592
620391 0
637480 12910592
637481 0
637740 12910592
637741 0
638320 12910592
638321 0
638580 12910592
638581 0
655669 12910592
655670 0
655929 12910592
655930 0
656509 12910592
656510 0
656769 12910592
656770 0
673259 12910592
673260 0
673519 12910592
673520 0
674099 12910592
674100 0
674359 12910592
674360 0
690548 12910592
690549 0
690808 12910592
690809 0
691388 12910592
691389 0
691648 12910592
691649 0
710562 12910592
710563 0
710792 12910592
710793 0
711332 12910592
711333 0
711562 12910592
711563 0
729077 12910592
729078 0
729337 12910592
729338 0
729917 12910592
729918 0
730177 12910592
730178 0
747591 12910592
747592 0
747851 12910592
747852 0
748431 12910592
748432 0
748691 12910592
748692 0
766105 12910592
766106 0
766365 12910592
766366 0
766945 12910592
766946 0
767205 12910592
767206 0
784619 12910592
784620 0
784879 12910592
784880 0
785459 12910592
785460 0
785719 12910592
785720 0
803134 12910592
803135 0
803394 12910592
803395 0
803974 12910592
803975 0
804234 12910592
804235 0
821648 12910592
821649 0
821908 12910592
821909 0
822488 12910592
822489 0
822748 12910592
822749 0
840162 12910592
840163 0
840422 12910592
840423 0
841002 12910592
841003 0
841262 12910592
841263 0
858677 12910592
858678 0
858937 12910592
858938 0
859517 12910592
859518 0
859777 12910592
859778 0
877191 12910592
877192 0
877451 12910592
877452 0
878031 12910592
878032 0
878291 12910592
878292 0
895705 12910592
895706 0
895965 12910592
895966 0
896545 12910592
896546 0
896805 12910592
896806 0
914219 12910592
914220 0
914479 12910592
914480 0
915059 12910592
915060 0
915319 12910592
915320 0
932134 12910592
932135 0
932394 12910592
932395 0
932974 12910592
932975 0
933234 12910592
933235 0
949748 12910592
949749 0
950008 12910592
950009 0
950588 12910592
950589 0
950848 12910592
950849 0
969437 12910592
969438 0
969697 12910592
969698 0
970277 12910592
970278 0
970537 12910592
970538 0
989998 12910592
989999 0
990258 12910592
990259 0
990838 12910592
990839 0
991098 12910592
991099 0
1004398 12910592
1004399 0
1004658 12910592
1004659 0
1005238 12910592
1005239 0
1005498 12910592
1005499 0
1024006 12910592
1024007 0
1024266 12910592
1024267 0
1024846 12910592
1024847 0
1025106 12910592
1025107 0
1042195 12910592
1042196 0
1042455 12910592
1042456 0
1043035 12910592
1043036 0
1043295 12910592
1043296 0
1060385 12910592
1060386 0
1060645 12910592
1060646 0
1061225 12910592
1061226 0
1061485 12910592
1061486 0
1078574 12910592
1078575 0
1078804 12910592
1078805 0
1079344 12910592
1079345 0
1079574 12910592
1079575 0
1096764 12910592
1096765 0
1097024 12910592
1097025 0
1097604 12910592
1097605 0
1097864 12910592
1097865 0
1114953 12910592
1114954 0
1115213 12910592
1115214 0
1115793 12910592
1115794 0
1116053 12910592
1116054 0
1133143 12910592
1133144 0
1133403 12910592
1133404 0
1133983 12910592
1133984 0
1134243 12910592
1134244 0
1151332 12910592
1151333 0
1151592 12910592
1151593 0
1152172 12910592
1152173 0
1152432 12910592
1152433 0
1169522 12910592
1169523 0
1169782 12910592
1169783 0
1170362 12910592
1170363 0
1170622 12910592
1170623 0
1187711 12910592
1187712 0
1187971 12910592
1187972 0
1188551 12910592
1188552 0
1188811 12910592
1188812 0
1205901 12910592
1205902 0
1206161 12910592
1206162 0
1206741 12910592
1206742 0
1207001 12910592
1207002 0
1224090 12910592
1224091 0
1224350 12910592
1224351 0
1224930 12910592
1224931 0
1225190 12910592
1225191 0
1242280 12910592
1242281 0
1242540 12910592
1242541 0
1243120 12910592
1243121 0
1243380 12910592
1243381 0
1260469 12910592
1260470 0
1260729 12910592
1260730 0
1261309 12910592
1261310 0
1261569 12910592
1261570 0
1278059 12910592
1278060 0
1278319 12910592
1278320 0
1278899 12910592
1278900 0
1279159 12910592
1279160 0
1295348 12910592
1295349 0
1295608 12910592
1295609 0
1296188 12910592
1296189 0
1296448 12910592
1296449 0
1314248 12910592
1314249 0
1314478 12910592
1314479 0
1315018 12910592
1315019 0
1315248 12910592
1315249 0
1333877 12910592
1333878 0
1334137 12910592
1334138 0
1334717 12910592
1334718 0
1334977 12910592
1334978 0
1352391 12910592
1352392 0
1352651 12910592
1352652 0
1353231 12910592
1353232 0
1353491 12910592
1353492 0
1370905 12910592
1370906 0
1371165 12910592
1371166 0
1371745 12910592
1371746 0
1372005 12910592
1372006 0
1389419 12910592
1389420 0
1389679 12910592
1389680 0
1390259 12910592
1390260 0
1390519 12910592
1390520 0
1407934 12910592
1407935 0
1408194 12910592
1408195 0
1408774 12910592
1408775 0
1409034 12910592
1409035 0
1426448 12910592
1426449 0
1426708 12910592
1426709 0
1427288 12910592
1427289 0
1427548 12910592
1427549 0
1444962 12910592
1444963 0
1445222 12910592
1445223 0
1445802 12910592
1445803 0
1446062 12910592
1446063 0
1463477 12910592
1463478 0
1463737 12910592
1463738 0
1464317 12910592
1464318 0
1464577 12910592
1464578 0
1481991 12910592
1481992 0
1482251 12910592
1482252 0
1482831 12910592
1482832 0
1483091 12910592
1483092 0
1500505 12910592
1500506 0
1500765 12910592
1500766 0
1501345 12910592
1501346 0
1501605 12910592
1501606 0
1519019 12910592
1519020 0
1519279 12910592
1519280 0
1519859 12910592
1519860 0
1520119 12910592
1520120 0
1536934 12910592
1536935 0
1537194 12910592
1537195 0
1537774 12910592
1537775 0
1538034 12910592
1538035 0
1554548 12910592
1554549 0
1554808 12910592
1554809 0
1555388 12910592
1555389 0
1555648 12910592
1555649 0
1573448 12910592
1573449 0
1573708 12910592
1573709 0
1574288 12910592
1574289 0
1574548 12910592
1574549 0
1592427 12910592
1592428 0
1592687 12910592
1592688 0
1593267 12910592
1593268 0
1593527 12910592
1593528 0
1610616 12910592
1610617 0
1610876 12910592
1610877 0
1611456 12910592
1611457 0
1611716 12910592
1611717 0
1628806 12910592
1628807 0
1629066 12910592
1629067 0
1629646 12910592
1629647 0
1629906 12910592
1629907 0
1646995 12910592
1646996 0
1647255 12910592
1647256 0
1647835 12910592
1647836 0
1648095 12910592
1648096 0
1665185 12910592
1665186 0
1665445 12910592
1665446 0
1666025 12910592
1666026 0
1666285 12910592
1666286 0
1683374 12910592
1683375 0
1683604 12910592
1683605 0
1684144 12910592
1684145 0
1684374 12910592
1684375 0
1770548 12910592
1770549 0
1770808 12910592
1770809 0
1771388 12910592
1771389 0
1771648 12910592
1771649 0
1792511 12910592
1792512 0
1792771 12910592
1792772 0
1793351 12910592
1793352 0
1793611 12910592
1793612 0
1810701 12910592
1810702 0
1810961 12910592
1810962 0
1811541 12910592
1811542 0
1811801 12910592
1811802 0
1828890 12910592
1828891 0
1829150 12910592
1829151 0
1829730 12910592
1829731 0
1829990 12910592
1829991 0
1847080 12910592
1847081 0
1847340 12910592
1847341 0
1847920 12910592
1847921 0
1848180 12910592
1848181 0
1865269 12910592
1865270 0
1865529 12910592
1865530 0
1866109 12910592
1866110 0
1866369 12910592
1866370 0
1882859 12910592
1882860 0
1883119 12910592
1883120 0
1883699 12910592
1883700 0
1883959 12910592
1883960 0
1900148 12910592
1900149 0
1900408 12910592
1900409 0
1900988 12910592
1900989 0
1901248 12910592
1901249 0
1919048 12910592
1919049 0
1919278 12910592
1919279 0
1919818 12910592
1919819 0
1920048 12910592
1920049 0
1938677 12910592
1938678 0
1938937 12910592
1938938 0
1939517 12910592
1939518 0
1939777 12910592
1939778 0
1957191 12910592
1957192 0
1957451 12910592
1957452 0
1958031 12910592
1958032 0
1958291 12910592
1958292 0
1975705 12910592
1975706 0
1975965 12910592
1975966 0
1976545 12910592
1976546 0
1976805 12910592
1976806 0
1994219 12910592
1994220 0
1994479 12910592
1994480 0
1995059 12910592
1995060 0
1995319 12910592
1995320 0
2012734 12910592
2012735 0
2012994 12910592
2012995 0
2013574 12910592
2013575 0
2013834 12910592
2013835 0
2031248 12910592
2031249 0
2031508 12910592
2031509 0
2032088 12910592
2032089 0
2032348 12910592
2032349 0
2049762 12910592
2049763 0
2050022 12910592
2050023 0
2050602 12910592
2050603 0
2050862 12910592
2050863 0
2068277 12910592
2068278 0
2068537 12910592
2068538 0
2069117 12910592
2069118 0
2069377 12910592
2069378 0
2086791 12910592
2086792 0
2087051 12910592
2087052 0
2087631 12910592
2087632 0
2087891 12910592
2087892 0
2105305 12910592
2105306 0
2105565 12910592
2105566 0
2106145 12910592
2106146 0
2106405 12910592
2106406 0
2123819 12910592
2123820 0
2124079 12910592
2124080 0
2124659 12910592
2124660 0
2124919 12910592
2124920 0
2141734 12910592
2141735 0
2141994 12910592
2141995 0
2142574 12910592
2142575 0
2142834 12910592
2142835 0
2159348 12910592
2159349 0
2159608 12910592
2159609 0
2160188 12910592
2160189 0
2160448 12910592
2160449 0
2178248 12910592
2178249 0
2178508 12910592
2178509 0
2179088 12910592
2179089 0
2179348 12910592
2179349 0
2197227 12910592
2197228 0
2197487 12910592
2197488 0
2198067 12910592
2198068 0
2198327 12910592
2198328 0
2215416 12910592
2215417 0
2215676 12910592
2215677 0
2216256 12910592
2216257 0
2216516 12910592
2216517 0
2233606 12910592
2233607 0
2233866 12910592
2233867 0
2234446 12910592
2234447 0
2234706 12910592
2234707 0
2251795 12910592
2251796 0
2252055 12910592
2252056 0
2252635 12910592
2252636 0
2252895 12910592
2252896 0
2269985 12910592
2269986 0
2270245 12910592
2270246 0
2270825 12910592
2270826 0
2271085 12910592
2271086 0
2288174 12910592
2288175 0
2288404 12910592
2288405 0
2288944 12910592
2288945 0
2289174 12910592
2289175 0
2306364 12910592
2306365 0
2306624 12910592
2306625 0
2307204 12910592
2307205 0
2307464 12910592
2307465 0
2324553 12910592
2324554 0
2324813 12910592
2324814 0
2325393 12910592
2325394 0
2325653 12910592
2325654 0
2342743 12910592
2342744 0
2343003 12910592
2343004 0
2343583 12910592
2343584 0
2343843 12910592
2343844 0
2360932 12910592
2360933 0
2361192 12910592
2361193 0
2361772 12910592
2361773 0
2362032 12910592
2362033 0
2379122 12910592
2379123 0
2379382 12910592
2379383 0
2379962 12910592
2379963 0
2380222 12910592
2380223 0
2397311 12910592
2397312 0
2397571 12910592
2397572 0
2398151 12910592
2398152 0
2398411 12910592
2398412 0
2415501 12910592
2415502 0
2415761 12910592
2415762 0
2416341 12910592
2416342 0
2416601 12910592
2416602 0
2433690 12910592
2433691 0
2433950 12910592
2433951 0
2434530 12910592
2434531 0
2434790 12910592
2434791 0
2451880 12910592
2451881 0
2452140 12910592
2452141 0
2452720 12910592
2452721 0
2452980 12910592
2452981 0
2470069 12910592
2470070 0
2470329 12910592
2470330 0
2470909 12910592
2470910 0
2471169 12910592
2471170 0
2487659 12910592
2487660 0
2487919 12910592
2487920 0
2488499 12910592
2488500 0
2488759 12910592
2488760 0
2504948 12910592
2504949 0
2505208 12910592
2505209 0
2505788 12910592
2505789 0
2506048 12910592
2506049 0
2524962 12910592
2524963 0
2525192 12910592
2525193 0
2525732 12910592
2525733 0
2525962 12910592
2525963 0
2543477 12910592
2543478 0
2543737 12910592
2543738 0
2544317 12910592
2544318 0
2544577 12910592
2544578 0
2561991 12910592
2561992 0
2562251 12910592
2562252 0
2562831 12910592
2562832 0
2563091 12910592
2563092 0
2580505 12910592
2580506 0
2580765 12910592
2580766 0
2581345 12910592
2581346 0
2581605 12910592
2581606 0
2599019 12910592
2599020 0
2599279 12910592
2599280 0
2599859 12910592
2599860 0
2600119 12910592
2600120 0
2617534 12910592
2617535 0
2617794 12910592
2617795 0
2618374 12910592
2618375 0
2618634 12910592
2618635 0
2636048 12910592
2636049 0
2636308 12910592
2636309 0
2636888 12910592
2636889 0
2637148 12910592
2637149 0
2654562 12910592
2654563 0
2654822 12910592
2654823 0
2655402 12910592
2655403 0
2655662 12910592
2655663 0
2673077 12910592
2673078 0
2673337 12910592
2673338 0
2673917 12910592
2673918 0
2674177 12910592
2674178 0
2691591 12910592
2691592 0
2691851 12910592
2691852 0
2692431 12910592
2692432 0
2692691 12910592
2692692 0
2710105 12910592
2710106 0
2710365 12910592
2710366 0
2710945 12910592
2710946 0
2711205 12910592
2711206 0
2728619 12910592
2728620 0
2728879 12910592
2728880 0
2729459 12910592
2729460 0
2729719 12910592
2729720 0
2746534 12910592
2746535 0
2746794 12910592
2746795 0
2747374 12910592
2747375 0
2747634 12910592
2747635 0
2764148 12910592
2764149 0
2764408 12910592
2764409 0
2764988 12910592
2764989 0
2765248 12910592
2765249 0
2783837 12910592
2783838 0
2784097 12910592
2784098 0
2784677 12910592
2784678 0
2784937 12910592
2784938 0
2802027 12910592
2802028 0
2802287 12910592
2802288 0
2802867 12910592
2802868 0
2803127 12910592
2803128 0
2820216 12910592
2820217 0
2820476 12910592
2820477 0
2821056 12910592
2821057 0
2821316 12910592
2821317 0
2838406 12910592
2838407 0
2838666 12910592
2838667 0
2839246 12910592
2839247 0
2839506 12910592
2839507 0
123 events for E
19322 873
48122 0
99880 1365
100060 0
101860 1365
102400 3481
121600 0
203166 873
231966 0
277223 873
306023 0
365080 1365
365800 3481
385000 0
445357 3276
460357 0
695380 1979
696580 0
698380 1979
711580 0
880949 8
880950 0
882023 1365
882203 0
884003 1365
884543 1979
898943 1365
899123 1979
913523 1365
914243 1979
928643 1365
928823 1979
943223 1365
943943 1979
958343 1365
958523 1979
972923 0
1011323 3754
1012043 0
1013843 3754
1017443 0
1050880 3754
1051600 0
1053400 3754
1057000 0
1085980 3754
1086700 0
1088500 3754
1092100 0
1127380 3754
1128100 0
1129900 3754
1133500 0
1170580 3754
1171300 0
1173100 3754
1176700 0
1363180 3754
1363900 0
1365700 3754
1369300 0
1391980 3754
1392700 0
1394500 3754
1398100 0
1434280 3754
1435000 0
1436800 3754
1440400 0
1508980 3754
1509700 0
1511500 3754
1515100 0
1595380 1365
1595560 0
1597360 1365
1597900 1979
1612300 1365
1612480 1979
1626880 1365
1627600 1979
1642000 1365
1642180 1979
1656580 1365
1657300 1979
1671700 1365
1671880 1979
1686280 0
1732180 665
1764580 0
2094220 3276
2109220 0
2123680 3754
2124400 0
2126200 3754
2129800 0
2141680 3754
2142400 0
2144200 3754
2147800 0
2211880 3754
2212600 0
2214400 3754
2218000 0
2233480 1365
2233660 0
2235460 1365
2236000 2935
2250400 1365
2250580 2935
2264980 1365
2265700 2935
2280100 1365
2280280 2935
2294680 1365
2295400 2935
2309800 1365
2309980 2935
2324380 0
2681363 3276
2696363 0
2806859 665
2806860 0
44 events for F
107273 4214960
107277 0
107703 4214960
107707 0
108443 4214960
108447 0
108873 4214960
108877 0
475285 4214960
475289 0
475715 4214960
475719 0
476455 4214960
476459 0
476885 4214960
476889 0
546259 4214960
546263 0
546689 4214960
546693 0
547429 4214960
547433 0
547859 4214960
547863 0
712073 4214960
712077 0
712503 4214960
712507 0
713243 4214960
713247 0
713673 4214960
713677 0
1080085 4214960
1080089 0
1080515 4214960
1080519 0
1081255 4214960
1081259 0
1081685 4214960
1081689 0
1685411 67463256
1685416 0
2290211 47210957
2290216 0
2 events for G
691749 0
691750 2650
97 events for H
13891 706
18091 1285
50270 706
107063 2414
108903 706
135669 1285
141249 706
155380 1285
157360 706
395049 1285
418607 706
422807 1285
436796 706
439016 1772
454686 706
459306 1772
475075 2414
477435 1772
491065 706
546049 2414
555809 706
587892 1285
618669 706
622891 1285
632349 706
691749 0
691750 487
711863 2414
713703 487
786120 2414
802320 487
806735 2414
839563 487
843763 2414
876592 487
1079875 2414
1081715 487
1108149 2414
1132543 487
1136744 2414
1168922 487
1173123 2414
1176723 487
1194723 2414
1198323 487
1208002 2414
1210149 487
1221549 2414
1259870 487
1315549 2414
1333278 487
1337478 2414
1345449 487
1390989 2414
1406774 487
1596028 2414
1603449 487
1632452 2414
1664492 487
1684675 2414
1686515 487
1842549 2414
1864670 487
1868873 2414
1890849 487
1920349 2414
1938073 487
1942280 2414
1949949 487
2036649 2414
2049103 487
2053363 2414
2086192 487
2253296 2414
2269386 487
2273586 2414
2305645 487
2310025 2414
2339049 487
2380623 2414
2396651 487
2400912 2414
2425449 1285
2526263 2414
2528103 1285
2533156 2414
2542878 1285
2547078 2414
2554878 1285
2663049 2414
2690992 1285
2695192 2414
2706249 1285
2732220 2414
2763549 1285
2776749 2414
2787138 1285
2 events for I
694117 0
694118 18
2 events for J
693386 0
693387 2650
1212 events for K
338 12910592
339 0
598 12910592
599 0
17687 12910592
17688 0
17947 12910592
17948 0
18527 12910592
18528 0
18787 12910592
18788 0
35877 12910592
35878 0
36137 12910592
36138 0
36717 12910592
36718 0
36977 12910592
36978 0
54066 12910592
54067 0
54326 12910592
54327 0
54906 12910592
54907 0
55166 12910592
55167 0
71656 12910592
71657 0
71916 12910592
71917 0
72496 12910592
72497 0
72756 12910592
72757 0
88945 12910592
88946 0
89205 12910592
89206 0
89785 12910592
89786 0
90045 12910592
90046 0
108959 12910592
108960 0
109189 12910592
109190 0
109729 12910592
109730 0
109959 12910592
109960 0
127474 12910592
127475 0
127734 12910592
127735 0
128314 12910592
128315 0
128574 12910592
128575 0
145988 12910592
145989 0
146248 12910592
146249 0
146828 12910592
146829 0
147088 12910592
147089 0
164502 12910592
164503 0
164762 12910592
164763 0
165342 12910592
165343 0
165602 12910592
165603 0
183016 12910592
183017 0
183276 12910592
183277 0
183856 12910592
183857 0
184116 12910592
184117 0
201531 12910592
201532 0
201791 12910592
201792 0
202371 12910592
202372 0
202631 12910592
202632 0
220045 12910592
220046 0
220305 12910592
220306 0
220885 12910592
220886 0
221145 12910592
221146 0
238559 12910592
238560 0
238819 12910592
238820 0
239399 12910592
239400 0
239659 12910592
239660 0
257074 12910592
257075 0
257334 12910592
257335 0
257914 12910592
257915 0
258174 12910592
258175 0
275588 12910592
275589 0
275848 12910592
275849 0
276428 12910592
276429 0
276688 12910592
276689 0
294102 12910592
294103 0
294362 12910592
294363 0
294942 12910592
294943 0
295202 12910592
295203 0
312616 12910592
312617 0
312876 12910592
312877 0
313456 12910592
313457 0
313716 12910592
313717 0
330531 12910592
330532 0
330791 12910592
330792 0
331371 12910592
331372 0
331631 12910592
331632 0
348145 12910592
348146 0
348405 12910592
348406 0
348985 12910592
348986 0
349245 12910592
349246 0
367045 12910592
367046 0
367305 12910592
367306 0
367885 12910592
367886 0
368145 12910592
368146 0
386024 12910592
386025 0
386284 12910592
386285 0
386864 12910592
386865 0
387124 12910592
387125 0
404213 12910592
404214 0
404473 12910592
404474 0
405053 12910592
405054 0
405313 12910592
405314 0
422403 12910592
422404 0
422663 12910592
422664 0
423243 12910592
423244 0
423503 12910592
423504 0
440592 12910592
440593 0
440852 12910592
440853 0
441432 12910592
441433 0
441692 12910592
441693 0
458782 12910592
458783 0
459042 12910592
459043 0
459622 12910592
459623 0
459882 12910592
459883 0
476971 12910592
476972 0
477201 12910592
477202 0
477741 12910592
477742 0
477971 12910592
477972 0
495161 12910592
495162 0
495421 12910592
495422 0
496001 12910592
496002 0
496261 12910592
496262 0
513350 12910592
513351 0
513610 12910592
513611 0
514190 12910592
514191 0
514450 12910592
514451 0
531540 12910592
531541 0
531800 12910592
531801 0
532380 12910592
532381 0
532640 12910592
532641 0
547945 12910592
547946 0
548175 12910592
548176 0
548715 12910592
548716 0
548945 12910592
548946 0
567919 12910592
567920 0
568179 12910592
568180 0
568759 12910592
568760 0
569019 12910592
569020 0
586108 12910592
586109 0
586368 12910592
586369 0
586948 12910592
586949 0
587208 12910592
587209 0
604298 12910592
604299 0
604558 12910592
604559 0
605138 12910592
605139 0
605398 12910592
605399 0
622487 12910592
622488 0
622747 12910592
622748 0
623327 12910592
623328 0
623587 12910592
623588 0
640677 12910592
640678 0
640937 12910592
640938 0
641517 12910592
641518 0
641777 12910592
641778 0
658866 12910592
658867 0
659126 12910592
659127 0
659706 12910592
659707 0
659966 12910592
659967 0
676456 12910592
676457 0
676716 12910592
676717 0
677296 12910592
677297 0
677556 12910592
677557 0
693745 12910592
693746 0
694005 12910592
694006 0
694585 12910592
694586 0
694845 12910592
694846 0
713759 12910592
713760 0
713989 12910592
713990 0
714529 12910592
714530 0
714759 12910592
714760 0
732274 12910592
732275 0
732534 12910592
732535 0
733114 12910592
733115 0
733374 12910592
733375 0
750788 12910592
750789 0
751048 12910592
751049 0
751628 12910592
751629 0
751888 12910592
751889 0
769302 12910592
769303 0
769562 12910592
769563 0
770142 12910592
770143 0
770402 12910592
770403 0
787816 12910592
787817 0
788076 12910592
788077 0
788656 12910592
788657 0
788916 12910592
788917 0
806331 12910592
806332 0
806591 12910592
806592 0
807171 12910592
807172 0
807431 12910592
807432 0
824845 12910592
824846 0
825105 12910592
825106 0
825685 12910592
825686 0
825945 12910592
825946 0
843359 12910592
843360 0
843619 12910592
843620 0
844199 12910592
844200 0
844459 12910592
844460 0
861874 12910592
861875 0
862134 12910592
862135 0
862714 12910592
862715 0
862974 12910592
862975 0
880388 12910592
880389 0
880648 12910592
880649 0
881228 12910592
881229 0
881488 12910592
881489 0
898902 12910592
898903 0
899162 12910592
899163 0
899742 12910592
899743 0
900002 12910592
900003 0
917416 12910592
917417 0
917676 12910592
917677 0
918256 12910592
918257 0
918516 12910592
918517 0
935331 12910592
935332 0
935591 12910592
935592 0
936171 12910592
936172 0
936431 12910592
936432 0
952945 12910592
952946 0
953205 12910592
953206 0
953785 12910592
953786 0
954045 12910592
954046 0
972634 12910592
972635 0
972894 12910592
972895 0
973474 12910592
973475 0
973734 12910592
973735 0
993195 12910592
993196 0
993455 12910592
993456 0
994035 12910592
994036 0
994295 12910592
994296 0
1007595 12910592
1007596 0
1007855 12910592
1007856 0
1008435 12910592
1008436 0
1008695 12910592
1008696 0
1027203 12910592
1027204 0
1027463 12910592
1027464 0
1028043 12910592
1028044 0
1028303 12910592
1028304 0
1045392 12910592
1045393 0
1045652 12910592
1045653 0
1046232 12910592
1046233 0
1046492 12910592
1046493 0
1063582 12910592
1063583 0
1063842 12910592
1063843 0
1064422 12910592
1064423 0
1064682 12910592
1064683 0
1081771 12910592
1081772 0
1082001 12910592
1082002 0
1082541 12910592
1082542 0
1082771 12910592
1082772 0
1099961 12910592
1099962 0
1100221 12910592
1100222 0
1100801 12910592
1100802 0
1101061 12910592
1101062 0
1118150 12910592
1118151 0
1118410 12910592
1118411 0
1118990 12910592
1118991 0
1119250 12910592
1119251 0
1136340 12910592
1136341 0
1136600 12910592
1136601 0
1137180 12910592
1137181 0
1137440 12910592
1137441 0
1154529 12910592
1154530 0
1154789 12910592
1154790 0
1155369 12910592
1155370 0
1155629 12910592
1155630 0
1172719 12910592
1172720 0
1172979 12910592
1172980 0
1173559 12910592
1173560 0
1173819 12910592
1173820 0
1190908 12910592
1190909 0
1191168 12910592
1191169 0
1191748 12910592
1191749 0
1192008 12910592
1192009 0
1209098 12910592
1209099 0
1209358 12910592
1209359 0
1209938 12910592
1209939 0
1210198 12910592
1210199 0
1227287 12910592
1227288 0
1227547 12910592
1227548 0
1228127 12910592
1228128 0
1228387 12910592
1228388 0
1245477 12910592
1245478 0
1245737 12910592
1245738 0
1246317 12910592
1246318 0
1246577 12910592
1246578 0
1263666 12910592
1263667 0
1263926 12910592
1263927 0
1264506 12910592
1264507 0
1264766 12910592
1264767 0
1281256 12910592
1281257 0
1281516 12910592
1281517 0
1282096 12910592
1282097 0
1282356 12910592
1282357 0
1298545 12910592
1298546 0
1298805 12910592
1298806 0
1299385 12910592
1299386 0
1299645 12910592
1299646 0
1317445 12910592
1317446 0
1317675 12910592
1317676 0
1318215 12910592
1318216 0
1318445 12910592
1318446 0
1337074 12910592
1337075 0
1337334 12910592
1337335 0
1337914 12910592
1337915 0
1338174 12910592
1338175 0
1355588 12910592
1355589 0
1355848 12910592
1355849 0
1356428 12910592
1356429 0
1356688 12910592
1356689 0
1374102 12910592
1374103 0
1374362 12910592
1374363 0
1374942 12910592
1374943 0
1375202 12910592
1375203 0
1392616 12910592
1392617 0
1392876 12910592
1392877 0
1393456 12910592
1393457 0
1393716 12910592
1393717 0
1411131 12910592
1411132 0
1411391 12910592
1411392 0
1411971 12910592
1411972 0
1412231 12910592
1412232 0
1429645 12910592
1429646 0
1429905 12910592
1429906 0
1430485 12910592
1430486 0
1430745 12910592
1430746 0
1448159 12910592
1448160 0
1448419 12910592
1448420 0
1448999 12910592
1449000 0
1449259 12910592
1449260 0
1466674 12910592
1466675 0
1466934 12910592
1466935 0
1467514 12910592
1467515 0
1467774 12910592
1467775 0
1485188 12910592
1485189 0
1485448 12910592
1485449 0
1486028 12910592
1486029 0
1486288 12910592
1486289 0
1503702 12910592
1503703 0
1503962 12910592
1503963 0
1504542 12910592
1504543 0
1504802 12910592
1504803 0
1522216 12910592
1522217 0
1522476 12910592
1522477 0
1523056 12910592
1523057 0
1523316 12910592
1523317 0
1540131 12910592
1540132 0
1540391 12910592
1540392 0
1540971 12910592
1540972 0
1541231 12910592
1541232 0
1557745 12910592
1557746 0
1558005 12910592
1558006 0
1558585 12910592
1558586 0
1558845 12910592
1558846 0
1576645 12910592
1576646 0
1576905 12910592
1576906 0
1577485 12910592
1577486 0
1577745 12910592
1577746 0
1595624 12910592
1595625 0
1595884 12910592
1595885 0
1596464 12910592
1596465 0
1596724 12910592
1596725 0
1613813 12910592
1613814 0
1614073 12910592
1614074 0
1614653 12910592
1614654 0
1614913 12910592
1614914 0
1632003 12910592
1632004 0
1632263 12910592
1632264 0
1632843 12910592
1632844 0
1633103 12910592
1633104 0
1650192 12910592
1650193 0
1650452 12910592
1650453 0
1651032 12910592
1651033 0
1651292 12910592
1651293 0
1668382 12910592
1668383 0
1668642 12910592
1668643 0
1669222 12910592
1669223 0
1669482 12910592
1669483 0
1686571 12910592
1686572 0
1686801 12910592
1686802 0
1687341 12910592
1687342 0
1687571 12910592
1687572 0
1773745 12910592
1773746 0
1774005 12910592
1774006 0
1774585 12910592
1774586 0
1774845 12910592
1774846 0
1795708 12910592
1795709 0
1795968 12910592
1795969 0
1796548 12910592
1796549 0
1796808 12910592
1796809 0
1813898 12910592
1813899 0
1814158 12910592
1814159 0
1814738 12910592
1814739 0
1814998 12910592
1814999 0
1832087 12910592
1832088 0
1832347 12910592
1832348 0
1832927 12910592
1832928 0
1833187 12910592
1833188 0
1850277 12910592
1850278 0
1850537 12910592
1850538 0
1851117 12910592
1851118 0
1851377 12910592
1851378 0
1868466 12910592
1868467 0
1868726 12910592
1868727 0
1869306 12910592
1869307 0
1869566 12910592
1869567 0
1886056 12910592
1886057 0
1886316 12910592
1886317 0
1886896 12910592
1886897 0
1887156 12910592
1887157 0
1903345 12910592
1903346 0
1903605 12910592
1903606 0
1904185 12910592
1904186 0
1904445 12910592
1904446 0
1922245 12910592
1922246 0
1922475 12910592
1922476 0
1923015 12910592
1923016 0
1923245 12910592
1923246 0
1941874 12910592
1941875 0
1942134 12910592
1942135 0
1942714 12910592
1942715 0
1942974 12910592
1942975 0
1960388 12910592
1960389 0
1960648 12910592
1960649 0
1961228 12910592
1961229 0
1961488 12910592
1961489 0
1978902 12910592
1978903 0
1979162 12910592
1979163 0
1979742 12910592
1979743 0
1980002 12910592
1980003 0
1997416 12910592
1997417 0
1997676 12910592
1997677 0
1998256 12910592
1998257 0
1998516 12910592
1998517 0
2015931 12910592
2015932 0
2016191 12910592
2016192 0
2016771 12910592
2016772 0
2017031 12910592
2017032 0
2034445 12910592
2034446 0
2034705 12910592
2034706 0
2035285 12910592
2035286 0
2035545 12910592
2035546 0
2052959 12910592
2052960 0
2053219 12910592
2053220 0
2053799 12910592
2053800 0
2054059 12910592
2054060 0
2071474 12910592
2071475 0
2071734 12910592
2071735 0
2072314 12910592
2072315 0
2072574 12910592
2072575 0
2089988 12910592
2089989 0
2090248 12910592
2090249 0
2090828 12910592
2090829 0
2091088 12910592
2091089 0
2108502 12910592
2108503 0
2108762 12910592
2108763 0
2109342 12910592
2109343 0
2109602 12910592
2109603 0
2127016 12910592
2127017 0
2127276 12910592
2127277 0
2127856 12910592
2127857 0
2128116 12910592
2128117 0
2144931 12910592
2144932 0
2145191 12910592
2145192 0
2145771 12910592
2145772 0
2146031 12910592
2146032 0
2162545 12910592
2162546 0
2162805 12910592
2162806 0
2163385 12910592
2163386 0
2163645 12910592
2163646 0
2181445 12910592
2181446 0
2181705 12910592
2181706 0
2182285 12910592
2182286 0
2182545 12910592
2182546 0
2200424 12910592
2200425 0
2200684 12910592
2200685 0
2201264 12910592
2201265 0
2201524 12910592
2201525 0
2218613 12910592
2218614 0
2218873 12910592
2218874 0
2219453 12910592
2219454 0
2219713 12910592
2219714 0
2236803 12910592
2236804 0
2237063 12910592
2237064 0
2237643 12910592
2237644 0
2237903 12910592
2237904 0
2254992 12910592
2254993 0
2255252 12910592
2255253 0
2255832 12910592
2255833 0
2256092 12910592
2256093 0
2273182 12910592
2273183 0
2273442 12910592
2273443 0
2274022 12910592
2274023 0
2274282 12910592
2274283 0
2291371 12910592
2291372 0
2291601 12910592
2291602 0
2292141 12910592
2292142 0
2292371 12910592
2292372 0
2309561 12910592
2309562 0
2309821 12910592
2309822 0
2310401 12910592
2310402 0
2310661 12910592
2310662 0
2327750 12910592
2327751 0
2328010 12910592
2328011 0
2328590 12910592
2328591 0
2328850 12910592
2328851 0
2345940 12910592
2345941 0
2346200 12910592
2346201 0
2346780 12910592
2346781 0
2347040 12910592
2347041 0
2364129 12910592
2364130 0
2364389 12910592
2364390 0
2364969 12910592
2364970 0
2365229 12910592
2365230 0
2382319 12910592
2382320 0
2382579 12910592
2382580 0
2383159 12910592
2383160 0
2383419 12910592
2383420 0
2400508 12910592
2400509 0
2400768 12910592
2400769 0
2401348 12910592
2401349 0
2401608 12910592
2401609 0
2418698 12910592
2418699 0
2418958 12910592
2418959 0
2419538 12910592
2419539 0
2419798 12910592
2419799 0
2436887 12910592
2436888 0
2437147 12910592
2437148 0
2437727 12910592
2437728 0
2437987 12910592
2437988 0
2455077 12910592
2455078 0
2455337 12910592
2455338 0
2455917 12910592
2455918 0
2456177 12910592
2456178 0
2473266 12910592
2473267 0
2473526 12910592
2473527 0
2474106 12910592
2474107 0
2474366 12910592
2474367 0
2490856 12910592
2490857 0
2491116 12910592
2491117 0
2491696 12910592
2491697 0
2491956 12910592
2491957 0
2508145 12910592
2508146 0
2508405 12910592
2508406 0
2508985 12910592
2508986 0
2509245 12910592
2509246 0
2528159 12910592
2528160 0
2528389 12910592
2528390 0
2528929 12910592
2528930 0
2529159 12910592
2529160 0
2546674 12910592
2546675 0
2546934 12910592
2546935 0
2547514 12910592
2547515 0
2547774 12910592
2547775 0
2565188 12910592
2565189 0
2565448 12910592
2565449 0
2566028 12910592
2566029 0
2566288 12910592
2566289 0
2583702 12910592
2583703 0
2583962 12910592
2583963 0
2584542 12910592
2584543 0
2584802 12910592
2584803 0
2602216 12910592
2602217 0
2602476 12910592
2602477 0
2603056 12910592
2603057 0
2603316 12910592
2603317 0
2620731 12910592
2620732 0
2620991 12910592
2620992 0
2621571 12910592
2621572 0
2621831 12910592
2621832 0
2639245 12910592
2639246 0
2639505 12910592
2639506 0
2640085 12910592
2640086 0
2640345 12910592
2640346 0
2657759 12910592
2657760 0
2658019 12910592
2658020 0
2658599 12910592
2658600 0
2658859 12910592
2658860 0
2676274 12910592
2676275 0
2676534 12910592
2676535 0
2677114 12910592
2677115 0
2677374 12910592
2677375 0
2694788 12910592
2694789 0
2695048 12910592
2695049 0
2695628 12910592
2695629 0
2695888 12910592
2695889 0
2713302 12910592
2713303 0
2713562 12910592
2713563 0
2714142 12910592
2714143 0
2714402 12910592
2714403 0
2731816 12910592
2731817 0
2732076 12910592
2732077 0
2732656 12910592
2732657 0
2732916 12910592
2732917 0
2749731 12910592
2749732 0
2749991 12910592
2749992 0
2750571 12910592
2750572 0
2750831 12910592
2750832 0
2767345 12910592
2767346 0
2767605 12910592
2767606 0
2768185 12910592
2768186 0
2768445 12910592
2768446 0
2787034 12910592
2787035 0
2787294 12910592
2787295 0
2787874 12910592
2787875 0
2788134 12910592
2788135 0
2805224 12910592
2805225 0
2805484 12910592
2805485 0
2806064 12910592
2806065 0
2806324 12910592
2806325 0
2823413 12910592
2823414 0
2823673 12910592
2823674 0
2824253 12910592
2824254 0
2824513 12910592
2824514 0
2841603 12910592
2841604 0
2841863 12910592
2841864 0
2842443 12910592
2842444 0
2842703 12910592
2842704 0
1208 events for L
16276 12910592
16277 0
16536 12910592
16537 0
17116 12910592
17117 0
17376 12910592
17377 0
34466 12910592
34467 0
34726 12910592
34727 0
35306 12910592
35307 0
35566 12910592
35567 0
52655 12910592
52656 0
52915 12910592
52916 0
53495 12910592
53496 0
53755 12910592
53756 0
70245 12910592
70246 0
70505 12910592
70506 0
71085 12910592
71086 0
71345 12910592
71346 0
87534 12910592
87535 0
87794 12910592
87795 0
88374 12910592
88375 0
88634 12910592
88635 0
107548 12910592
107549 0
107778 12910592
107779 0
108318 12910592
108319 0
108548 12910592
108549 0
126063 12910592
126064 0
126323 12910592
126324 0
126903 12910592
126904 0
127163 12910592
127164 0
144577 12910592
144578 0
144837 12910592
144838 0
145417 12910592
145418 0
145677 12910592
145678 0
163091 12910592
163092 0
163351 12910592
163352 0
163931 12910592
163932 0
164191 12910592
164192 0
181605 12910592
181606 0
181865 12910592
181866 0
182445 12910592
182446 0
182705 12910592
182706 0
200120 12910592
200121 0
200380 12910592
200381 0
200960 12910592
200961 0
201220 12910592
201221 0
218634 12910592
218635 0
218894 12910592
218895 0
219474 12910592
219475 0
219734 12910592
219735 0
237148 12910592
237149 0
237408 12910592
237409 0
237988 12910592
237989 0
238248 12910592
238249 0
255663 12910592
255664 0
255923 12910592
255924 0
256503 12910592
256504 0
256763 12910592
256764 0
274177 12910592
274178 0
274437 12910592
274438 0
275017 12910592
275018 0
275277 12910592
275278 0
292691 12910592
292692 0
292951 12910592
292952 0
293531 12910592
293532 0
293791 12910592
293792 0
311205 12910592
311206 0
311465 12910592
311466 0
312045 12910592
312046 0
312305 12910592
312306 0
329120 12910592
329121 0
329380 12910592
329381 0
329960 12910592
329961 0
330220 12910592
330221 0
346734 12910592
346735 0
346994 12910592
346995 0
347574 12910592
347575 0
347834 12910592
347835 0
365634 12910592
365635 0
365894 12910592
365895 0
366474 12910592
366475 0
366734 12910592
366735 0
384613 12910592
384614 0
384873 12910592
384874 0
385453 12910592
385454 0
385713 12910592
385714 0
402802 12910592
402803 0
403062 12910592
403063 0
403642 12910592
403643 0
403902 12910592
403903 0
420992 12910592
420993 0
421252 12910592
421253 0
421832 12910592
421833 0
422092 12910592
422093 0
439181 12910592
439182 0
439441 12910592
439442 0
440021 12910592
440022 0
440281 12910592
440282 0
457371 12910592
457372 0
457631 12910592
457632 0
458211 12910592
458212 0
458471 12910592
458472 0
475560 12910592
475561 0
475790 12910592
475791 0
476330 12910592
476331 0
476560 12910592
476561 0
493750 12910592
493751 0
494010 12910592
494011 0
494590 12910592
494591 0
494850 12910592
494851 0
511939 12910592
511940 0
512199 12910592
512200 0
512779 12910592
512780 0
513039 12910592
513040 0
530129 12910592
530130 0
530389 12910592
530390 0
530969 12910592
530970 0
531229 12910592
531230 0
546534 12910592
546535 0
546764 12910592
546765 0
547304 12910592
547305 0
547534 12910592
547535 0
566508 12910592
566509 0
566768 12910592
566769 0
567348 12910592
567349 0
567608 12910592
567609 0
584697 12910592
584698 0
584957 12910592
584958 0
585537 12910592
585538 0
585797 12910592
585798 0
602887 12910592
602888 0
603147 12910592
603148 0
603727 12910592
603728 0
603987 12910592
603988 0
621076 12910592
621077 0
621336 12910592
621337 0
621916 12910592
621917 0
622176 12910592
622177 0
639266 12910592
639267 0
639526 12910592
639527 0
640106 12910592
640107 0
640366 12910592
640367 0
657455 12910592
657456 0
657715 12910592
657716 0
658295 12910592
658296 0
658555 12910592
658556 0
675045 12910592
675046 0
675305 12910592
675306 0
675885 12910592
675886 0
676145 12910592
676146 0
692334 12910592
692335 0
692594 12910592
692595 0
693174 12910592
693175 0
693434 12910592
693435 0
712348 12910592
712349 0
712578 12910592
712579 0
713118 12910592
713119 0
713348 12910592
713349 0
730863 12910592
730864 0
731123 12910592
731124 0
731703 12910592
731704 0
731963 12910592
731964 0
749377 12910592
749378 0
749637 12910592
749638 0
750217 12910592
750218 0
750477 12910592
750478 0
767891 12910592
767892 0
768151 12910592
768152 0
768731 12910592
768732 0
768991 12910592
768992 0
786405 12910592
786406 0
786665 12910592
786666 0
787245 12910592
787246 0
787505 12910592
787506 0
804920 12910592
804921 0
805180 12910592
805181 0
805760 12910592
805761 0
806020 12910592
806021 0
823434 12910592
823435 0
823694 12910592
823695 0
824274 12910592
824275 0
824534 12910592
824535 0
841948 12910592
841949 0
842208 12910592
842209 0
842788 12910592
842789 0
843048 12910592
843049 0
860463 12910592
860464 0
860723 12910592
860724 0
861303 12910592
861304 0
861563 12910592
861564 0
878977 12910592
878978 0
879237 12910592
879238 0
879817 12910592
879818 0
880077 12910592
880078 0
897491 12910592
897492 0
897751 12910592
897752 0
898331 12910592
898332 0
898591 12910592
898592 0
916005 12910592
916006 0
916265 12910592
916266 0
916845 12910592
916846 0
917105 12910592
917106 0
933920 12910592
933921 0
934180 12910592
934181 0
934760 12910592
934761 0
935020 12910592
935021 0
951534 12910592
951535 0
951794 12910592
951795 0
952374 12910592
952375 0
952634 12910592
952635 0
971223 12910592
971224 0
971483 12910592
971484 0
972063 12910592
972064 0
972323 12910592
972324 0
991784 12910592
991785 0
992044 12910592
992045 0
992624 12910592
992625 0
992884 12910592
992885 0
1006184 12910592
1006185 0
1006444 12910592
1006445 0
1007024 12910592
1007025 0
1007284 12910592
1007285 0
1025792 12910592
1025793 0
1026052 12910592
1026053 0
1026632 12910592
1026633 0
1026892 12910592
1026893 0
1043981 12910592
1043982 0
1044241 12910592
1044242 0
1044821 12910592
1044822 0
1045081 12910592
1045082 0
1062171 12910592
1062172 0
1062431 12910592
1062432 0
1063011 12910592
1063012 0
1063271 12910592
1063272 0
1080360 12910592
1080361 0
1080590 12910592
1080591 0
1081130 12910592
1081131 0
1081360 12910592
1081361 0
1098550 12910592
1098551 0
1098810 12910592
1098811 0
1099390 12910592
1099391 0
1099650 12910592
1099651 0
1116739 12910592
1116740 0
1116999 12910592
1117000 0
1117579 12910592
1117580 0
1117839 12910592
1117840 0
1134929 12910592
1134930 0
1135189 12910592
1135190 0
1135769 12910592
1135770 0
1136029 12910592
1136030 0
1153118 12910592
1153119 0
1153378 12910592
1153379 0
1153958 12910592
1153959 0
1154218 12910592
1154219 0
1171308 12910592
1171309 0
1171568 12910592
1171569 0
1172148 12910592
1172149 0
1172408 12910592
1172409 0
1189497 12910592
1189498 0
1189757 12910592
1189758 0
1190337 12910592
1190338 0
1190597 12910592
1190598 0
1207687 12910592
1207688 0
1207947 12910592
1207948 0
1208527 12910592
1208528 0
1208787 12910592
1208788 0
1225876 12910592
1225877 0
1226136 12910592
1226137 0
1226716 12910592
1226717 0
1226976 12910592
1226977 0
1244066 12910592
1244067 0
1244326 12910592
1244327 0
1244906 12910592
1244907 0
1245166 12910592
1245167 0
1262255 12910592
1262256 0
1262515 12910592
1262516 0
1263095 12910592
1263096 0
1263355 12910592
1263356 0
1279845 12910592
1279846 0
1280105 12910592
1280106 0
1280685 12910592
1280686 0
1280945 12910592
1280946 0
1297134 12910592
1297135 0
1297394 12910592
1297395 0
1297974 12910592
1297975 0
1298234 12910592
1298235 0
1316034 12910592
1316035 0
1316264 12910592
1316265 0
1316804 12910592
1316805 0
1317034 12910592
1317035 0
1335663 12910592
1335664 0
1335923 12910592
1335924 0
1336503 12910592
1336504 0
1336763 12910592
1336764 0
1354177 12910592
1354178 0
1354437 12910592
1354438 0
1355017 12910592
1355018 0
1355277 12910592
1355278 0
1372691 12910592
1372692 0
1372951 12910592
1372952 0
1373531 12910592
1373532 0
1373791 12910592
1373792 0
1391205 12910592
1391206 0
1391465 12910592
1391466 0
1392045 12910592
1392046 0
1392305 12910592
1392306 0
1409720 12910592
1409721 0
1409980 12910592
1409981 0
1410560 12910592
1410561 0
1410820 12910592
1410821 0
1428234 12910592
1428235 0
1428494 12910592
1428495 0
1429074 12910592
1429075 0
1429334 12910592
1429335 0
1446748 12910592
1446749 0
1447008 12910592
1447009 0
1447588 12910592
1447589 0
1447848 12910592
1447849 0
1465263 12910592
1465264 0
1465523 12910592
1465524 0
1466103 12910592
1466104 0
1466363 12910592
1466364 0
1483777 12910592
1483778 0
1484037 12910592
1484038 0
1484617 12910592
1484618 0
1484877 12910592
1484878 0
1502291 12910592
1502292 0
1502551 12910592
1502552 0
1503131 12910592
1503132 0
1503391 12910592
1503392 0
1520805 12910592
1520806 0
1521065 12910592
1521066 0
1521645 12910592
1521646 0
1521905 12910592
1521906 0
1538720 12910592
1538721 0
1538980 12910592
1538981 0
1539560 12910592
1539561 0
1539820 12910592
1539821 0
1556334 12910592
1556335 0
1556594 12910592
1556595 0
1557174 12910592
1557175 0
1557434 12910592
1557435 0
1575234 12910592
1575235 0
1575494 12910592
1575495 0
1576074 12910592
1576075 0
1576334 12910592
1576335 0
1594213 12910592
1594214 0
1594473 12910592
1594474 0
1595053 12910592
1595054 0
1595313 12910592
1595314 0
1612402 12910592
1612403 0
1612662 12910592
1612663 0
1613242 12910592
1613243 0
1613502 12910592
1613503 0
1630592 12910592
1630593 0
1630852 12910592
1630853 0
1631432 12910592
1631433 0
1631692 12910592
1631693 0
1648781 12910592
1648782 0
1649041 12910592
1649042 0
1649621 12910592
1649622 0
1649881 12910592
1649882 0
1666971 12910592
1666972 0
1667231 12910592
1667232 0
1667811 12910592
1667812 0
1668071 12910592
1668072 0
1685160 12910592
1685161 0
1685390 12910592
1685391 0
1685930 12910592
1685931 0
1686160 12910592
1686161 0
1772334 12910592
1772335 0
1772594 12910592
1772595 0
1773174 12910592
1773175 0
1773434 12910592
1773435 0
1794297 12910592
1794298 0
1794557 12910592
1794558 0
1795137 12910592
1795138 0
1795397 12910592
1795398 0
1812487 12910592
1812488 0
1812747 12910592
1812748 0
1813327 12910592
1813328 0
1813587 12910592
1813588 0
1830676 12910592
1830677 0
1830936 12910592
1830937 0
1831516 12910592
1831517 0
1831776 12910592
1831777 0
1848866 12910592
1848867 0
1849126 12910592
1849127 0
1849706 12910592
1849707 0
1849966 12910592
1849967 0
1867055 12910592
1867056 0
1867315 12910592
1867316 0
1867895 12910592
1867896 0
1868155 12910592
1868156 0
1884645 12910592
1884646 0
1884905 12910592
1884906 0
1885485 12910592
1885486 0
1885745 12910592
1885746 0
1901934 12910592
1901935 0
1902194 12910592
1902195 0
1902774 12910592
1902775 0
1903034 12910592
1903035 0
1920834 12910592
1920835 0
1921064 12910592
1921065 0
1921604 12910592
1921605 0
1921834 12910592
1921835 0
1940463 12910592
1940464 0
1940723 12910592
1940724 0
1941303 12910592
1941304 0
1941563 12910592
1941564 0
1958977 12910592
1958978 0
1959237 12910592
1959238 0
1959817 12910592
1959818 0
1960077 12910592
1960078 0
1977491 12910592
1977492 0
1977751 12910592
1977752 0
1978331 12910592
1978332 0
1978591 12910592
1978592 0
1996005 12910592
1996006 0
1996265 12910592
1996266 0
1996845 12910592
1996846 0
1997105 12910592
1997106 0
2014520 12910592
2014521 0
2014780 12910592
2014781 0
2015360 12910592
2015361 0
2015620 12910592
2015621 0
2033034 12910592
2033035 0
2033294 12910592
2033295 0
2033874 12910592
2033875 0
2034134 12910592
2034135 0
2051548 12910592
2051549 0
2051808 12910592
2051809 0
2052388 12910592
2052389 0
2052648 12910592
2052649 0
2070063 12910592
2070064 0
2070323 12910592
2070324 0
2070903 12910592
2070904 0
2071163 12910592
2071164 0
2088577 12910592
2088578 0
2088837 12910592
2088838 0
2089417 12910592
2089418 0
2089677 12910592
2089678 0
2107091 12910592
2107092 0
2107351 12910592
2107352 0
2107931 12910592
2107932 0
2108191 12910592
2108192 0
2125605 12910592
2125606 0
2125865 12910592
2125866 0
2126445 12910592
2126446 0
2126705 12910592
2126706 0
2143520 12910592
2143521 0
2143780 12910592
2143781 0
2144360 12910592
2144361 0
2144620 12910592
2144621 0
2161134 12910592
2161135 0
2161394 12910592
2161395 0
2161974 12910592
2161975 0
2162234 12910592
2162235 0
2180034 12910592
2180035 0
2180294 12910592
2180295 0
2180874 12910592
2180875 0
2181134 12910592
2181135 0
2199013 12910592
2199014 0
2199273 12910592
2199274 0
2199853 12910592
2199854 0
2200113 12910592
2200114 0
2217202 12910592
2217203 0
2217462 12910592
2217463 0
2218042 12910592
2218043 0
2218302 12910592
2218303 0
2235392 12910592
2235393 0
2235652 12910592
2235653 0
2236232 12910592
2236233 0
2236492 12910592
2236493 0
2253581 12910592
2253582 0
2253841 12910592
2253842 0
2254421 12910592
2254422 0
2254681 12910592
2254682 0
2271771 12910592
2271772 0
2272031 12910592
2272032 0
2272611 12910592
2272612 0
2272871 12910592
2272872 0
2289960 12910592
2289961 0
2290190 12910592
2290191 0
2290730 12910592
2290731 0
2290960 12910592
2290961 0
2308150 12910592
2308151 0
2308410 12910592
2308411 0
2308990 12910592
2308991 0
2309250 12910592
2309251 0
2326339 12910592
2326340 0
2326599 12910592
2326600 0
2327179 12910592
2327180 0
2327439 12910592
2327440 0
2344529 12910592
2344530 0
2344789 12910592
2344790 0
2345369 12910592
2345370 0
2345629 12910592
2345630 0
2362718 12910592
2362719 0
2362978 12910592
2362979 0
2363558 12910592
2363559 0
2363818 12910592
2363819 0
2380908 12910592
2380909 0
2381168 12910592
2381169 0
2381748 12910592
2381749 0
2382008 12910592
2382009 0
2399097 12910592
2399098 0
2399357 12910592
2399358 0
2399937 12910592
2399938 0
2400197 12910592
2400198 0
2417287 12910592
2417288 0
2417547 12910592
2417548 0
2418127 12910592
2418128 0
2418387 12910592
2418388 0
2435476 12910592
2435477 0
2435736 12910592
2435737 0
2436316 12910592
2436317 0
2436576 12910592
2436577 0
2453666 12910592
2453667 0
2453926 12910592
2453927 0
2454506 12910592
2454507 0
2454766 12910592
2454767 0
2471855 12910592
2471856 0
2472115 12910592
2472116 0
2472695 12910592
2472696 0
2472955 12910592
2472956 0
2489445 12910592
2489446 0
2489705 12910592
2489706 0
2490285 12910592
2490286 0
2490545 12910592
2490546 0
2506734 12910592
2506735 0
2506994 12910592
2506995 0
2507574 12910592
2507575 0
2507834 12910592
2507835 0
2526748 12910592
2526749 0
2526978 12910592
2526979 0
2527518 12910592
2527519 0
2527748 12910592
2527749 0
2545263 12910592
2545264 0
2545523 12910592
2545524 0
2546103 12910592
2546104 0
2546363 12910592
2546364 0
2563777 12910592
2563778 0
2564037 12910592
2564038 0
2564617 12910592
2564618 0
2564877 12910592
2564878 0
2582291 12910592
2582292 0
2582551 12910592
2582552 0
2583131 12910592
2583132 0
2583391 12910592
2583392 0
2600805 12910592
2600806 0
2601065 12910592
2601066 0
2601645 12910592
2601646 0
2601905 12910592
2601906 0
2619320 12910592
2619321 0
2619580 12910592
2619581 0
2620160 12910592
2620161 0
2620420 12910592
2620421 0
2637834 12910592
2637835 0
2638094 12910592
2638095 0
2638674 12910592
2638675 0
2638934 12910592
2638935 0
2656348 12910592
2656349 0
2656608 12910592
2656609 0
2657188 12910592
2657189 0
2657448 12910592
2657449 0
2674863 12910592
2674864 0
2675123 12910592
2675124 0
2675703 12910592
2675704 0
2675963 12910592
2675964 0
2693377 12910592
2693378 0
2693637 12910592
2693638 0
2694217 12910592
2694218 0
2694477 12910592
2694478 0
2711891 12910592
2711892 0
2712151 12910592
2712152 0
2712731 12910592
2712732 0
2712991 12910592
2712992 0
2730405 12910592
2730406 0
2730665 12910592
2730666 0
2731245 12910592
2731246 0
2731505 12910592
2731506 0
2748320 12910592
2748321 0
2748580 12910592
2748581 0
2749160 12910592
2749161 0
2749420 12910592
2749421 0
2765934 12910592
2765935 0
2766194 12910592
2766195 0
2766774 12910592
2766775 0
2767034 12910592
2767035 0
2785623 12910592
2785624 0
2785883 12910592
2785884 0
2786463 12910592
2786464 0
2786723 12910592
2786724 0
2803813 12910592
2803814 0
2804073 12910592
2804074 0
2804653 12910592
2804654 0
2804913 12910592
2804914 0
2822002 12910592
2822003 0
2822262 12910592
2822263 0
2822842 12910592
2822843 0
2823102 12910592
2823103 0
2840192 12910592
2840193 0
2840452 12910592
2840453 0
2841032 12910592
2841033 0
2841292 12910592
2841293 0
36 events for M
565347 26968906
565352 0
586947 134824032
586952 0
589873 20221556
589878 0
781287 83191028
781292 0
975687 38234987
975692 0
997287 107957608
997292 0
1018887 350862225
1018892 0
1018893 4498234
1018898 0
1040487 38234987
1040492 0
1364547 42873674
1364552 0
1386147 60808152
1386152 0
1472547 123650191
1472552 0
1494147 112353360
1494152 0
1515747 191051956
1515752 0
1537347 148359728
1537352 0
2198187 92231261
2198192 0
2228547 67412016
2228552 0
2537234 67429102
2537239 0
205 events for N
109312 117965
109402 124709
110263 6744
111172 124709
112063 6744
112972 124709
113863 6744
114772 124709
115663 6744
116572 124709
117463 6744
118372 124709
119263 6744
120163 0
127827 117965
127917 124709
128778 6744
129687 124709
130578 6744
131487 124709
132378 6744
133287 124709
134178 6744
135078 0
313059 7514
326700 0
328874 7514
344315 0
632598 58982
632688 66496
633969 6744
634458 66496
635829 6744
636249 0
638930 58982
639020 66496
640301 6744
640790 66496
642161 6744
642590 66496
643961 6744
653381 0
659219 58982
659309 66496
660590 6744
661079 66496
662450 6744
662879 66496
664250 6744
670070 0
1010498 235930
1010588 242674
1012349 6744
1012538 242674
1014389 6744
1014578 242674
1016429 6744
1016678 242674
1018529 6744
1019549 0
1027556 235930
1027646 242674
1028262 6744
1028267 0
1043049 169032
1044849 45609
1046654 0
1580418 117965
1580508 125479
1581789 7514
1582149 0
1718088 3372
1723269 0
1743288 3372
1751649 0
1760688 3372
1766049 0
1788288 3372
1791249 0
1794166 3372
1809967 0
1950198 117965
1950288 121337
1951809 3372
1952058 121337
1953609 3372
1953849 0
1958641 117965
1958731 121337
1960072 3372
1965901 121337
1967272 3372
1969492 0
1979255 117965
1979345 121337
1980866 3372
1984715 121337
1986266 3372
1986506 0
2186088 3372
2186958 121337
2189709 3372
2190558 121337
2193249 3372
2194149 0
2200777 117965
2200867 121337
2202328 3372
2202637 121337
2204188 3372
2208028 0
2555238 19661
2555328 25951
2557089 6290
2557878 25951
2559729 6290
2560269 0
2563578 19661
2563668 25951
2565429 6290
2566218 25951
2568069 6290
2569038 25951
2570889 6290
2571618 25951
2573469 6290
2574438 25951
2576289 6290
2577018 25951
2578869 6290
2579409 0
2584158 19661
2584248 25951
2586009 6290
2586138 25951
2587989 6290
2588358 25951
2590209 6290
2590338 25951
2592189 6290
2592558 25951
2594409 6290
2594538 25951
2596384 6290
2596389 0
2600469 117965
2600559 124709
2602020 6744
2616720 0
2621084 117965
2621174 124709
2622635 6744
2635415 0
2637498 117965
2637588 124709
2639049 6744
2651829 0
2787498 19661
2787588 25951
2789349 6290
2789478 25951
2791329 6290
2791698 25951
2793549 6290
2793678 25951
2795529 6290
2795898 25951
2797749 6290
2797878 25951
2799724 6290
2799729 0
2805678 19661
2805768 25951
2806629 6290
2806758 25951
2807709 6290
2808078 25951
2809029 6290
2809278 25951
2810229 6290
2810478 25951
2811429 6290
2811558 25951
2812509 6290
2812514 0
2814198 117965
2814288 124709
2815809 6744
2817814 0
2817858 117965
2819469 6744
2819529 0
2821666 117965
2821756 124709
2823277 6744
2827082 0
2827126 117965
2828737 6744
2834197 0
2841956 117965
2842046 124709
2843567 6744
2845572 0
2845616 117965
2847227 6744
209 events for O
2932 2738
11922 2635
20921 2738
22732 548
49722 444
56921 548
86922 444
89311 240
100121 344
103732 2534
121722 2431
121732 240
128921 344
159522 240
168521 344
197322 240
204521 344
233322 240
244121 344
269322 240
278321 344
307122 240
314321 344
346122 240
366521 344
380922 240
388121 344
416922 240
424121 344
452922 240
463721 344
490722 240
496121 344
526722 240
532121 344
580722 240
589721 344
608032 281
608332 344
618522 240
625721 344
654522 240
661721 344
691722 240
691999 0
692000 240
695032 178
695332 240
708521 344
728322 240
737321 344
764322 240
773321 344
802122 240
809321 344
838122 240
845321 344
867832 281
868132 344
874122 240
881321 344
911922 240
920921 344
949722 240
964121 344
967792 281
968092 344
1021722 240
1032521 344
1057722 240
1064921 344
1083832 281
1084132 344
1095522 240
1100921 344
1133322 240
1140521 344
1167522 240
1176521 344
1207122 240
1213432 178
1213732 240
1223321 344
1259322 240
1266521 344
1295322 240
1298911 444
1316921 548
1331322 444
1338521 548
1345721 1471
1367354 2754
1369122 1727
1374521 1830
1379611 1626
1386172 1564
1386472 3817
1388954 2534
1406922 2431
1414121 2534
1442922 2431
1450121 2534
1451272 344
1471711 548
1478922 444
1486121 548
1518522 444
1525721 548
1554522 444
1558111 240
1560412 178
1560712 240
1576121 344
1590522 240
1597721 344
1604921 1267
1626522 240
1637321 344
1664322 240
1669721 344
1669743 594
1669754 1877
1691311 2081
1691321 3004
1712911 2800
1712921 1877
1712954 594
1725522 491
1730943 240
1731892 178
1732192 240
1734521 344
1768722 240
1777721 344
1826322 240
1833521 344
1848821 1267
1863222 240
1871321 1267
1900122 240
1903732 2431
1921721 2534
1937922 2431
1943321 2534
1972154 3817
1973922 3713
1979321 3817
1986532 1626
2011722 1523
2015354 240
2018921 1267
2040521 344
2047722 240
2054921 344
2058511 548
2076511 344
2083722 240
2090921 344
2121522 240
2130521 344
2159322 240
2180921 344
2231322 240
2238521 344
2267322 240
2274521 344
2303322 240
2312321 344
2341122 240
2346521 344
2371721 1267
2378911 1471
2393322 444
2404121 548
2411321 1471
2422132 1409
2422432 1471
2425732 3662
2425754 4944
2432922 3917
2440121 4944
2468922 3917
2468932 1727
2476121 2754
2490554 1471
2506122 444
2508532 2635
2519321 3662
2540922 2635
2548121 3662
2555311 3458
2576922 2431
2585921 2534
2616522 2431
2623721 2534
2652522 2431
2659721 3458
2681311 3662
2688522 2635
2695721 3662
2726322 2635
2735321 3662
2765322 2635
2767711 2431
2778521 2534
2801922 2431
2807321 2534
2836122 2431
2843321 2534
1210 events for P
197 12910592
198 0
17286 12910592
17287 0
17546 12910592
17547 0
18126 12910592
18127 0
18386 12910592
18387 0
35476 12910592
35477 0
35736 12910592
35737 0
36316 12910592
36317 0
36576 12910592
36577 0
53665 12910592
53666 0
53925 12910592
53926 0
54505 12910592
54506 0
54765 12910592
54766 0
71255 12910592
71256 0
71515 12910592
71516 0
72095 12910592
72096 0
72355 12910592
72356 0
88544 12910592
88545 0
88804 12910592
88805 0
89384 12910592
89385 0
89644 12910592
89645 0
108558 12910592
108559 0
108788 12910592
108789 0
109328 12910592
109329 0
109558 12910592
109559 0
127073 12910592
127074 0
127333 12910592
127334 0
127913 12910592
127914 0
128173 12910592
128174 0
145587 12910592
145588 0
145847 12910592
145848 0
146427 12910592
146428 0
146687 12910592
146688 0
164101 12910592
164102 0
164361 12910592
164362 0
164941 12910592
164942 0
165201 12910592
165202 0
182615 12910592
182616 0
182875 12910592
182876 0
183455 12910592
183456 0
183715 12910592
183716 0
201130 12910592
201131 0
201390 12910592
201391 0
201970 12910592
201971 0
202230 12910592
202231 0
219644 12910592
219645 0
219904 12910592
219905 0
220484 12910592
220485 0
220744 12910592
220745 0
238158 12910592
238159 0
238418 12910592
238419 0
238998 12910592
238999 0
239258 12910592
239259 0
256673 12910592
256674 0
256933 12910592
256934 0
257513 12910592
257514 0
257773 12910592
257774 0
275187 12910592
275188 0
275447 12910592
275448 0
276027 12910592
276028 0
276287 12910592
276288 0
293701 12910592
293702 0
293961 12910592
293962 0
294541 12910592
294542 0
294801 12910592
294802 0
312215 12910592
312216 0
312475 12910592
312476 0
313055 12910592
313056 0
313315 12910592
313316 0
330130 12910592
330131 0
330390 12910592
330391 0
330970 12910592
330971 0
331230 12910592
331231 0
347744 12910592
347745 0
348004 12910592
348005 0
348584 12910592
348585 0
348844 12910592
348845 0
366644 12910592
366645 0
366904 12910592
366905 0
367484 12910592
367485 0
367744 12910592
367745 0
385623 12910592
385624 0
385883 12910592
385884 0
386463 12910592
386464 0
386723 12910592
386724 0
403812 12910592
403813 0
404072 12910592
404073 0
404652 12910592
404653 0
404912 12910592
404913 0
422002 12910592
422003 0
422262 12910592
422263 0
422842 12910592
422843 0
423102 12910592
423103 0
440191 12910592
440192 0
440451 12910592
440452 0
441031 12910592
441032 0
441291 12910592
441292 0
458381 12910592
458382 0
458641 12910592
458642 0
459221 12910592
459222 0
459481 12910592
459482 0
476570 12910592
476571 0
476800 12910592
476801 0
477340 12910592
477341 0
477570 12910592
477571 0
494760 12910592
494761 0
495020 12910592
495021 0
495600 12910592
495601 0
495860 12910592
495861 0
512949 12910592
512950 0
513209 12910592
513210 0
513789 12910592
513790 0
514049 12910592
514050 0
531139 12910592
531140 0
531399 12910592
531400 0
531979 12910592
531980 0
532239 12910592
532240 0
547544 12910592
547545 0
547774 12910592
547775 0
548314 12910592
548315 0
548544 12910592
548545 0
567518 12910592
567519 0
567778 12910592
567779 0
568358 12910592
568359 0
568618 12910592
568619 0
585707 12910592
585708 0
585967 12910592
585968 0
586547 12910592
586548 0
586807 12910592
586808 0
603897 12910592
603898 0
604157 12910592
604158 0
604737 12910592
604738 0
604997 12910592
604998 0
622086 12910592
622087 0
622346 12910592
622347 0
622926 12910592
622927 0
623186 12910592
623187 0
640276 12910592
640277 0
640536 12910592
640537 0
641116 12910592
641117 0
641376 12910592
641377 0
658465 12910592
658466 0
658725 12910592
658726 0
659305 12910592
659306 0
659565 12910592
659566 0
676055 12910592
676056 0
676315 12910592
676316 0
676895 12910592
676896 0
677155 12910592
677156 0
693344 12910592
693345 0
693604 12910592
693605 0
694184 12910592
694185 0
694444 12910592
694445 0
713358 12910592
713359 0
713588 12910592
713589 0
714128 12910592
714129 0
714358 12910592
714359 0
731873 12910592
731874 0
732133 12910592
732134 0
732713 12910592
732714 0
732973 12910592
732974 0
750387 12910592
750388 0
750647 12910592
750648 0
751227 12910592
751228 0
751487 12910592
751488 0
768901 12910592
768902 0
769161 12910592
769162 0
769741 12910592
769742 0
770001 12910592
770002 0
787415 12910592
787416 0
787675 12910592
787676 0
788255 12910592
788256 0
788515 12910592
788516 0
805930 12910592
805931 0
806190 12910592
806191 0
806770 12910592
806771 0
807030 12910592
807031 0
824444 12910592
824445 0
824704 12910592
824705 0
825284 12910592
825285 0
825544 12910592
825545 0
842958 12910592
842959 0
843218 12910592
843219 0
843798 12910592
843799 0
844058 12910592
844059 0
861473 12910592
861474 0
861733 12910592
861734 0
862313 12910592
862314 0
862573 12910592
862574 0
879987 12910592
879988 0
880247 12910592
880248 0
880827 12910592
880828 0
881087 12910592
881088 0
898501 12910592
898502 0
898761 12910592
898762 0
899341 12910592
899342 0
899601 12910592
899602 0
917015 12910592
917016 0
917275 12910592
917276 0
917855 12910592
917856 0
918115 12910592
918116 0
934930 12910592
934931 0
935190 12910592
935191 0
935770 12910592
935771 0
936030 12910592
936031 0
952544 12910592
952545 0
952804 12910592
952805 0
953384 12910592
953385 0
953644 12910592
953645 0
972233 12910592
972234 0
972493 12910592
972494 0
973073 12910592
973074 0
973333 12910592
973334 0
992794 12910592
992795 0
993054 12910592
993055 0
993634 12910592
993635 0
993894 12910592
993895 0
1007194 12910592
1007195 0
1007454 12910592
1007455 0
1008034 12910592
1008035 0
1008294 12910592
1008295 0
1026802 12910592
1026803 0
1027062 12910592
1027063 0
1027642 12910592
1027643 0
1027902 12910592
1027903 0
1044991 12910592
1044992 0
1045251 12910592
1045252 0
1045831 12910592
1045832 0
1046091 12910592
1046092 0
1063181 12910592
1063182 0
1063441 12910592
1063442 0
1064021 12910592
1064022 0
1064281 12910592
1064282 0
1081370 12910592
1081371 0
1081600 12910592
1081601 0
1082140 12910592
1082141 0
1082370 12910592
1082371 0
1099560 12910592
1099561 0
1099820 12910592
1099821 0
1100400 12910592
1100401 0
1100660 12910592
1100661 0
1117749 12910592
1117750 0
1118009 12910592
1118010 0
1118589 12910592
1118590 0
1118849 12910592
1118850 0
1135939 12910592
1135940 0
1136199 12910592
1136200 0
1136779 12910592
1136780 0
1137039 12910592
1137040 0
1154128 12910592
1154129 0
1154388 12910592
1154389 0
1154968 12910592
1154969 0
1155228 12910592
1155229 0
1172318 12910592
1172319 0
1172578 12910592
1172579 0
1173158 12910592
1173159 0
1173418 12910592
1173419 0
1190507 12910592
1190508 0
1190767 12910592
1190768 0
1191347 12910592
1191348 0
1191607 12910592
1191608 0
1208697 12910592
1208698 0
1208957 12910592
1208958 0
1209537 12910592
1209538 0
1209797 12910592
1209798 0
1226886 12910592
1226887 0
1227146 12910592
1227147 0
1227726 12910592
1227727 0
1227986 12910592
1227987 0
1245076 12910592
1245077 0
1245336 12910592
1245337 0
1245916 12910592
1245917 0
1246176 12910592
1246177 0
1263265 12910592
1263266 0
1263525 12910592
1263526 0
1264105 12910592
1264106 0
1264365 12910592
1264366 0
1280855 12910592
1280856 0
1281115 12910592
1281116 0
1281695 12910592
1281696 0
1281955 12910592
1281956 0
1298144 12910592
1298145 0
1298404 12910592
1298405 0
1298984 12910592
1298985 0
1299244 12910592
1299245 0
1317044 12910592
1317045 0
1317274 12910592
1317275 0
1317814 12910592
1317815 0
1318044 12910592
1318045 0
1336673 12910592
1336674 0
1336933 12910592
1336934 0
1337513 12910592
1337514 0
1337773 12910592
1337774 0
1355187 12910592
1355188 0
1355447 12910592
1355448 0
1356027 12910592
1356028 0
1356287 12910592
1356288 0
1373701 12910592
1373702 0
1373961 12910592
1373962 0
1374541 12910592
1374542 0
1374801 12910592
1374802 0
1392215 12910592
1392216 0
1392475 12910592
1392476 0
1393055 12910592
1393056 0
1393315 12910592
1393316 0
1410730 12910592
1410731 0
1410990 12910592
1410991 0
1411570 12910592
1411571 0
1411830 12910592
1411831 0
1429244 12910592
1429245 0
1429504 12910592
1429505 0
1430084 12910592
1430085 0
1430344 12910592
1430345 0
1447758 12910592
1447759 0
1448018 12910592
1448019 0
1448598 12910592
1448599 0
1448858 12910592
1448859 0
1466273 12910592
1466274 0
1466533 12910592
1466534 0
1467113 12910592
1467114 0
1467373 12910592
1467374 0
1484787 12910592
1484788 0
1485047 12910592
1485048 0
1485627 12910592
1485628 0
1485887 12910592
1485888 0
1503301 12910592
1503302 0
1503561 12910592
1503562 0
1504141 12910592
1504142 0
1504401 12910592
1504402 0
1521815 12910592
1521816 0
1522075 12910592
1522076 0
1522655 12910592
1522656 0
1522915 12910592
1522916 0
1539730 12910592
1539731 0
1539990 12910592
1539991 0
1540570 12910592
1540571 0
1540830 12910592
1540831 0
1557344 12910592
1557345 0
1557604 12910592
1557605 0
1558184 12910592
1558185 0
1558444 12910592
1558445 0
1576244 12910592
1576245 0
1576504 12910592
1576505 0
1577084 12910592
1577085 0
1577344 12910592
1577345 0
1595223 12910592
1595224 0
1595483 12910592
1595484 0
1596063 12910592
1596064 0
1596323 12910592
1596324 0
1613412 12910592
1613413 0
1613672 12910592
1613673 0
1614252 12910592
1614253 0
1614512 12910592
1614513 0
1631602 12910592
1631603 0
1631862 12910592
1631863 0
1632442 12910592
1632443 0
1632702 12910592
1632703 0
1649791 12910592
1649792 0
1650051 12910592
1650052 0
1650631 12910592
1650632 0
1650891 12910592
1650892 0
1667981 12910592
1667982 0
1668241 12910592
1668242 0
1668821 12910592
1668822 0
1669081 12910592
1669082 0
1686170 12910592
1686171 0
1686400 12910592
1686401 0
1686940 12910592
1686941 0
1687170 12910592
1687171 0
1773344 12910592
1773345 0
1773604 12910592
1773605 0
1774184 12910592
1774185 0
1774444 12910592
1774445 0
1795307 12910592
1795308 0
1795567 12910592
1795568 0
1796147 12910592
1796148 0
1796407 12910592
1796408 0
1813497 12910592
1813498 0
1813757 12910592
1813758 0
1814337 12910592
1814338 0
1814597 12910592
1814598 0
1831686 12910592
1831687 0
1831946 12910592
1831947 0
1832526 12910592
1832527 0
1832786 12910592
1832787 0
1849876 12910592
1849877 0
1850136 12910592
1850137 0
1850716 12910592
1850717 0
1850976 12910592
1850977 0
1868065 12910592
1868066 0
1868325 12910592
1868326 0
1868905 12910592
1868906 0
1869165 12910592
1869166 0
1885655 12910592
1885656 0
1885915 12910592
1885916 0
1886495 12910592
1886496 0
1886755 12910592
1886756 0
1902944 12910592
1902945 0
1903204 12910592
1903205 0
1903784 12910592
1903785 0
1904044 12910592
1904045 0
1921844 12910592
1921845 0
1922074 12910592
1922075 0
1922614 12910592
1922615 0
1922844 12910592
1922845 0
1941473 12910592
1941474 0
1941733 12910592
1941734 0
1942313 12910592
1942314 0
1942573 12910592
1942574 0
1959987 12910592
1959988 0
1960247 12910592
1960248 0
1960827 12910592
1960828 0
1961087 12910592
1961088 0
1978501 12910592
1978502 0
1978761 12910592
1978762 0
1979341 12910592
1979342 0
1979601 12910592
1979602 0
1997015 12910592
1997016 0
1997275 12910592
1997276 0
1997855 12910592
1997856 0
1998115 12910592
1998116 0
2015530 12910592
2015531 0
2015790 12910592
2015791 0
2016370 12910592
2016371 0
2016630 12910592
2016631 0
2034044 12910592
2034045 0
2034304 12910592
2034305 0
2034884 12910592
2034885 0
2035144 12910592
2035145 0
2052558 12910592
2052559 0
2052818 12910592
2052819 0
2053398 12910592
2053399 0
2053658 12910592
2053659 0
2071073 12910592
2071074 0
2071333 12910592
2071334 0
2071913 12910592
2071914 0
2072173 12910592
2072174 0
2089587 12910592
2089588 0
2089847 12910592
2089848 0
2090427 12910592
2090428 0
2090687 12910592
2090688 0
2108101 12910592
2108102 0
2108361 12910592
2108362 0
2108941 12910592
2108942 0
2109201 12910592
2109202 0
2126615 12910592
2126616 0
2126875 12910592
2126876 0
2127455 12910592
2127456 0
2127715 12910592
2127716 0
2144530 12910592
2144531 0
2144790 12910592
2144791 0
2145370 12910592
2145371 0
2145630 12910592
2145631 0
2162144 12910592
2162145 0
2162404 12910592
2162405 0
2162984 12910592
2162985 0
2163244 12910592
2163245 0
2181044 12910592
2181045 0
2181304 12910592
2181305 0
2181884 12910592
2181885 0
2182144 12910592
2182145 0
2200023 12910592
2200024 0
2200283 12910592
2200284 0
2200863 12910592
2200864 0
2201123 12910592
2201124 0
2218212 12910592
2218213 0
2218472 12910592
2218473 0
2219052 12910592
2219053 0
2219312 12910592
2219313 0
2236402 12910592
2236403 0
2236662 12910592
2236663 0
2237242 12910592
2237243 0
2237502 12910592
2237503 0
2254591 12910592
2254592 0
2254851 12910592
2254852 0
2255431 12910592
2255432 0
2255691 12910592
2255692 0
2272781 12910592
2272782 0
2273041 12910592
2273042 0
2273621 12910592
2273622 0
2273881 12910592
2273882 0
2290970 12910592
2290971 0
2291200 12910592
2291201 0
2291740 12910592
2291741 0
2291970 12910592
2291971 0
2309160 12910592
2309161 0
2309420 12910592
2309421 0
2310000 12910592
2310001 0
2310260 12910592
2310261 0
2327349 12910592
2327350 0
2327609 12910592
2327610 0
2328189 12910592
2328190 0
2328449 12910592
2328450 0
2345539 12910592
2345540 0
2345799 12910592
2345800 0
2346379 12910592
2346380 0
2346639 12910592
2346640 0
2363728 12910592
2363729 0
2363988 12910592
2363989 0
2364568 12910592
2364569 0
2364828 12910592
2364829 0
2381918 12910592
2381919 0
2382178 12910592
2382179 0
2382758 12910592
2382759 0
2383018 12910592
2383019 0
2400107 12910592
2400108 0
2400367 12910592
2400368 0
2400947 12910592
2400948 0
2401207 12910592
2401208 0
2418297 12910592
2418298 0
2418557 12910592
2418558 0
2419137 12910592
2419138 0
2419397 12910592
2419398 0
2436486 12910592
2436487 0
2436746 12910592
2436747 0
2437326 12910592
2437327 0
2437586 12910592
2437587 0
2454676 12910592
2454677 0
2454936 12910592
2454937 0
2455516 12910592
2455517 0
2455776 12910592
2455777 0
2472865 12910592
2472866 0
2473125 12910592
2473126 0
2473705 12910592
2473706 0
2473965 12910592
2473966 0
2490455 12910592
2490456 0
2490715 12910592
2490716 0
2491295 12910592
2491296 0
2491555 12910592
2491556 0
2507744 12910592
2507745 0
2508004 12910592
2508005 0
2508584 12910592
2508585 0
2508844 12910592
2508845 0
2527758 12910592
2527759 0
2527988 12910592
2527989 0
2528528 12910592
2528529 0
2528758 12910592
2528759 0
2546273 12910592
2546274 0
2546533 12910592
2546534 0
2547113 12910592
2547114 0
2547373 12910592
2547374 0
2564787 12910592
2564788 0
2565047 12910592
2565048 0
2565627 12910592
2565628 0
2565887 12910592
2565888 0
2583301 12910592
2583302 0
2583561 12910592
2583562 0
2584141 12910592
2584142 0
2584401 12910592
2584402 0
2601815 12910592
2601816 0
2602075 12910592
2602076 0
2602655 12910592
2602656 0
2602915 12910592
2602916 0
2620330 12910592
2620331 0
2620590 12910592
2620591 0
2621170 12910592
2621171 0
2621430 12910592
2621431 0
2638844 12910592
2638845 0
2639104 12910592
2639105 0
2639684 12910592
2639685 0
2639944 12910592
2639945 0
2657358 12910592
2657359 0
2657618 12910592
2657619 0
2658198 12910592
2658199 0
2658458 12910592
2658459 0
2675873 12910592
2675874 0
2676133 12910592
2676134 0
2676713 12910592
2676714 0
2676973 12910592
2676974 0
2694387 12910592
2694388 0
2694647 12910592
2694648 0
2695227 12910592
2695228 0
2695487 12910592
2695488 0
2712901 12910592
2712902 0
2713161 12910592
2713162 0
2713741 12910592
2713742 0
2714001 12910592
2714002 0
2731415 12910592
2731416 0
2731675 12910592
2731676 0
2732255 12910592
2732256 0
2732515 12910592
2732516 0
2749330 12910592
2749331 0
2749590 12910592
2749591 0
2750170 12910592
2750171 0
2750430 12910592
2750431 0
2766944 12910592
2766945 0
2767204 12910592
2767205 0
2767784 12910592
2767785 0
2768044 12910592
2768045 0
2786633 12910592
2786634 0
2786893 12910592
2786894 0
2787473 12910592
2787474 0
2787733 12910592
2787734 0
2804823 12910592
2804824 0
2805083 12910592
2805084 0
2805663 12910592
2805664 0
2805923 12910592
2805924 0
2823012 12910592
2823013 0
2823272 12910592
2823273 0
2823852 12910592
2823853 0
2824112 12910592
2824113 0
2841202 12910592
2841203 0
2841462 12910592
2841463 0
2842042 12910592
2842043 0
2842302 12910592
2842303 0
44 events for Q
108546 4214960
108550 0
108976 4214960
108980 0
109716 4214960
109720 0
110146 4214960
110150 0
476558 4214960
476562 0
476988 4214960
476992 0
477728 4214960
477732 0
478158 4214960
478162 0
547532 4214960
547536 0
547962 4214960
547966 0
548702 4214960
548706 0
549132 4214960
549136 0
713346 4214960
713350 0
713776 4214960
713780 0
714516 4214960
714520 0
714946 4214960
714950 0
1081358 4214960
1081362 0
1081788 4214960
1081792 0
1082528 4214960
1082532 0
1082958 4214960
1082962 0
1686684 67463256
1686689 0
2291484 47210957
2291489 0
44 events for R
110357 4214960
110361 0
110787 4214960
110791 0
111527 4214960
111531 0
111957 4214960
111961 0
478369 4214960
478373 0
478799 4214960
478803 0
479539 4214960
479543 0
479969 4214960
479973 0
549343 4214960
549347 0
549773 4214960
549777 0
550513 4214960
550517 0
550943 4214960
550947 0
715157 4214960
715161 0
715587 4214960
715591 0
716327 4214960
716331 0
716757 4214960
716761 0
1083169 4214960
1083173 0
1083599 4214960
1083603 0
1084339 4214960
1084343 0
1084769 4214960
1084773 0
1688495 67463256
1688500 0
2293295 47210957
2293300 0
