18 instruments
A 10 100 4367744.2331614867 2240000119.5770016
B 10 100 37632 50328700
C 10 100 20805.899747385713 886615046.05336845
D 10 100 38499.176269411204 51488453.781630412
E 10 100 177168740.44080633 781629408.46013641
F 10 100 47192398.279190399 1501427445.7644184
G 10 100 22528 960000000
H 10 100 40786.332763907049 54547276.407707497
I 10 100 40530.039409419333 54204511.969197564
J 10 100 22018.298358889329 159480658.09969637
K 10 100 1289849390.9659207 3398902187.0561032
L 10 100 5910082.7758317869 3030989320.3134623
M 10 100 154000 595557000
N 10 100 192158478.34180248 847760826.1096437
O 10 100 6499613.0472409306 3333330256.035996
P 10 100 24955.266722182481 180753403.14844713
Q 10 100 199466000 880000000
R 10 100 128045.25187067324 495183416.02819836
140 downlinks
0 230 26089 8910.3347130000002
1 69275 89272 9263.3037550000008
2 92381 98613 8194.1372179999998
3 110326 122989 8812.3468479999992
4 141822 143653 28513.272391999999
5 170497 174658 29797.943813000002
6 178689 213521 9287.2106050000002
7 213522 224274 9493.8769009999996
8 227678 263758 29841.66733
9 264997 269675 9031.5484039999992
10 328475 340105 27058.173078
11 342214 345771 27764.822221999999
12 349714 366316 8866.3210920000001
13 378201 390361 30200.423556999998
14 393473 398317 9259.4321029999992
15 402509 426580 9457.3783449999992
16 428309 432137 29542.407908000001
17 437615 452458 8564.5545529999999
18 461609 484278 9335.3412189999999
19 486805 515531 27874.981927000001
20 523925 566080 30587.746092000001
21 566081 610233 9231.3874039999992
22 610234 626452 8609.2624169999999
23 627801 644033 8689.6108280000008
24 652386 654433 26609.79682
25 674075 693680 8915.2263710000007
26 696545 726495 9094.9622560000007
27 726496 744210 8333.9255690000009
28 744792 751133 27500.430241999999
29 765210 781563 8601.7316499999997
30 782856 817769 9100.8958739999998
31 831487 844776 9427.4328960000003
32 847747 858159 27243.904355999999
33 860587 882307 8431.3051790000009
34 911303 913625 27636.251289
35 933275 952563 8831.2619180000002
36 953671 970270 8966.6639699999996
37 977882 983633 54396.705881000002
38 987425 1001453 58970.262822999997
39 1004038 1033077 57826.355975999999
40 1033078 1043822 17374.699861000001
41 1059178 1085969 57611.601310999999
42 1086178 1118258 59023.283414999998
43 1119000 1124750 55193.106121999997
44 1128106 1170223 25530.421285
45 1170224 1214419 29269.697155999998
46 1214420 1218510 16830.732371999999
47 1231668 1246335 28226.256141999998
48 1248665 1251216 60093.408818999997
49 1291663 1321362 58272.632834999997
50 1321363 1328637 61499.660580999996
51 1342840 1364137 28538.149495000001
52 1377685 1383507 18090.695755000001
53 1387050 1402262 23661.293665000001
54 1404159 1432113 28757.617953000001
55 1432114 1474410 56137.919716999997
56 1475554 1492448 23437.772314999998
57 1507654 1520294 55980.942202999999
58 1533509 1547361 60635.164006999999
59 1550249 1581176 23619.145155999999
60 1601769 1610035 53049.165158000003
61 1612644 1635803 23042.764167000001
62 1635804 1640256 53421.323553000002
63 1643692 1648372 23396.302264000002
64 1651944 1664848 22759.633384000001
65 1688080 1692679 53785.922146999997
66 1703839 1720293 23595.771228000001
67 1722600 1729257 17076.713232999999
68 1732315 1767438 24932.393585000002
69 1767439 1777662 29494.590024000001
70 1780694 1786566 55821.075068999999
71 1789934 1807223 22968.383259999999
72 1808294 1812475 57490.653299999998
73 1830667 1835727 25500.801521000001
74 1877675 1901061 24904.219582000002
75 1904951 1909019 26817.789122999999
76 1921329 1951392 30236.225505999999
77 1954623 1975014 64968.303881
78 1981285 1987614 18980.648960999999
79 1991269 2032235 26276.326033000001
80 2033328 2075612 30209.873796
81 2077589 2081851 26595.764298999999
82 2112418 2119398 25812.000550000001
83 2138813 2150072 26242.243616
84 2153573 2157292 60521.572561000001
85 2165213 2182006 25759.527445
86 2196713 2208971 62910.21802
87 2212368 2246154 62402.514213000002
88 2250231 2262896 26087.487331
89 2278908 2296389 30312.554313000001
90 2303803 2315435 61079.659066
91 2326303 2338193 18673.221132999999
92 2341063 2343968 64240.288658999998
93 2348705 2358281 31143.729536999999
94 2362745 2373172 31955.262932000001
95 2378585 2417619 32548.652656999999
96 2422874 2433113 26591.031461999999
97 2438797 2448637 31032.775088999999
98 2482475 2503414 26518.557602000001
99 2509196 2513748 27135.491309000001
100 2546492 2554449 30548.763144
101 2584895 2599227 61173.218094999997
102 2601986 2613197 25727.776897
103 2616459 2634963 60685.825332
104 2637534 2669078 31943.127114999999
105 2671281 2688734 26854.269729
106 2693359 2699369 60653.754335999998
107 2741675 2762686 25877.051024
108 2768169 2772987 26858.741764999999
109 2783776 2804097 30730.334417999999
110 2810170 2849164 64710.467042999997
111 2854493 2867280 26821.553663999999
112 2870770 2890002 30352.900559999998
113 2898763 2902619 62069.510897
114 2929865 2950755 24941.171042000002
115 2952425 2979426 64615.886477
116 2982808 3024989 29824.478802000001
117 3027146 3032386 25807.814231
118 3053459 3065205 30500.246913999999
119 3069127 3073478 63784.759174999999
120 3087275 3106929 26887.570243999999
121 3113473 3118589 26801.861517000001
122 3141669 3151371 30816.996993000001
123 3188748 3196245 30054.646581000001
124 3199802 3241768 25083.168038
125 3241769 3272974 31964.981436999999
126 3275142 3299827 26020.402946999999
127 3328091 3332595 65210.357319000002
128 3346475 3357999 26020.533994000001
129 3361237 3371654 25744.512599999998
130 3375545 3390392 62740.845427
131 3414414 3417800 59751.354583
132 3422285 3435015 26793.545150000002
133 3442565 3451727 25803.846627999999
134 3458789 3469977 25578.956714
135 3473731 3501295 37319.959895
136 3533725 3559855 26914.434292999998
137 3562585 3584304 37696.254029999996
138 3587061 3591813 40703.395508000001
139 3605675 3625544 25449.31221
0 opportunities for A
0 opportunities for B
0 opportunities for C
0 opportunities for D
0 opportunities for E
0 opportunities for F
0 opportunities for G
0 opportunities for H
0 opportunities for I
0 opportunities for J
0 opportunities for K
0 opportunities for L
0 opportunities for M
0 opportunities for N
0 opportunities for O
0 opportunities for P
0 opportunities for Q
0 opportunities for R
2 events for A
1866698 0
1866699 2650
2 events for B
1863875 0
1863876 18
52 events for C
439610 67463256
439615 0
1044410 47210957
1044415 0
1885365 4214960
1885369 0
1885795 4214960
1885799 0
1886535 4214960
1886539 0
1886965 4214960
1886969 0
2252932 4214960
2252936 0
2253362 4214960
2253366 0
2254102 4214960
2254106 0
2254532 4214960
2254536 0
2490165 4214960
2490169 0
2490595 4214960
2490599 0
2491335 4214960
2491339 0
2491765 4214960
2491769 0
2857732 4214960
2857736 0
2858162 4214960
2858166 0
2858902 4214960
2858906 0
2859332 4214960
2859336 0
3094965 4214960
3094969 0
3095395 4214960
3095399 0
3096135 4214960
3096139 0
3096565 4214960
3096569 0
3462532 4214960
3462536 0
3462962 4214960
3462966 0
3463702 4214960
3463706 0
3464132 4214960
3464136 0
2 events for D
1865493 0
1865494 18
291 events for E
12068 240
19267 344
48068 240
51657 444
69667 548
84068 444
91267 548
98467 1471
120100 2754
121868 1727
127267 1830
132357 1626
138918 1564
139218 3817
141700 2534
159668 2431
166867 2534
195668 2431
202867 2534
204018 344
224457 548
231668 444
238867 548
271268 444
278467 548
307268 444
310857 240
313158 178
313458 240
328867 344
343268 240
350467 344
357667 1267
379268 240
390067 344
417068 240
422467 344
422489 594
422500 1877
444057 2081
444067 3004
465657 2800
465667 1877
465700 594
478268 491
483689 240
484638 178
484938 240
487267 344
521468 240
530467 344
579068 240
586267 344
601567 1267
615968 240
624067 1267
652868 240
656478 2431
674467 2534
690668 2431
696067 2534
724900 3817
726668 3713
732067 3817
739278 1626
764468 1523
768100 240
771667 1267
793267 344
800468 240
807667 344
811257 548
829257 344
836468 240
843667 344
874268 240
883267 344
912068 240
933667 344
984068 240
991267 344
1020068 240
1027267 344
1056068 240
1065067 344
1093868 240
1099267 344
1124467 1267
1131657 1471
1146068 444
1156867 548
1164067 1471
1174878 1409
1175178 1471
1178478 3662
1178500 4944
1185668 3917
1192867 4944
1221668 3917
1221678 1727
1228867 2754
1243300 1471
1258868 444
1261278 2635
1272067 3662
1293668 2635
1300867 3662
1308057 3458
1329668 2431
1338667 2534
1369268 2431
1376467 2534
1405268 2431
1412467 3458
1434057 3662
1441268 2635
1448467 3662
1479068 2635
1488067 3662
1518068 2635
1520457 2431
1531267 2534
1554668 2431
1560067 2534
1588868 2431
1596067 2534
1624868 2431
1632067 2534
1662668 2431
1669867 2534
1671678 344
1700468 240
1707667 344
1750868 240
1761667 344
1788668 240
1797667 344
1824668 240
1833667 344
1863668 240
1863945 0
1863946 240
1866057 444
1867038 382
1867338 444
1876867 548
1898468 444
1905667 548
1936268 444
1943467 548
1952489 798
1972268 695
1979467 1722
1999300 3004
2010068 1977
2015467 3004
2038889 2754
2046068 1727
2053267 2754
2083868 1727
2088918 1664
2089218 3917
2089267 4944
2122568 3917
2125218 1727
2139667 2754
2158568 1727
2164867 2754
2172100 1471
2193668 444
2200867 548
2231468 444
2236867 1471
2247318 1409
2247618 3662
2258500 4944
2265668 3917
2272867 4944
2298018 2754
2301668 1727
2308867 2754
2337668 1727
2344867 2754
2373668 1727
2380867 2754
2386038 2691
2386338 2754
2388100 1471
2395267 548
2411468 444
2418667 548
2447468 444
2452867 548
2468168 444
2481667 548
2503268 444
2510467 548
2541068 444
2546467 1471
2557257 1267
2557278 1205
2557578 3458
2560900 4740
2578868 3713
2584267 3817
2614868 3713
2616678 1523
2623867 1626
2643657 1830
2652668 1727
2658067 1830
2665289 2081
2668900 798
2686868 695
2690500 1977
2694067 3004
2712067 2081
2712100 798
2727368 695
2730078 632
2730089 382
2730378 444
2742667 548
2762468 444
2769667 548
2798468 444
2805667 548
2834468 444
2841667 548
2870468 444
2877667 548
2902878 485
2903178 548
2908268 444
2913667 548
2942468 444
2951467 548
2980268 444
2987467 548
3016268 444
3021667 548
3052268 444
3057700 1727
3059467 2754
3072068 1727
3075678 1664
3075978 1727
3079300 444
3086467 1471
3108068 444
3115267 1471
3145868 444
3151267 1471
3181868 444
3189067 1471
3219668 444
3225067 1471
3257468 444
3262867 1471
3291668 444
3298867 548
3332168 444
3334518 382
3334818 2635
3334889 2885
3338500 4168
3345667 5195
3367268 4168
3374467 5195
3403268 4168
3410467 5195
3421289 4944
3441068 3917
3446467 4944
3477068 3917
3482467 4944
3486138 2754
3513068 1727
3518467 2754
3529289 3004
3549068 1977
3554467 3004
3590468 1977
3594018 1915
3594089 1664
3594318 3917
3600018 1727
3604867 2754
3619300 1471
3621968 444
3626467 1471
65 events for F
14741 487
70420 2414
88149 487
92349 2414
100320 487
145860 2414
161645 487
350899 2414
358320 487
387323 2414
419363 487
439546 2414
441386 487
597420 2414
619541 487
623744 2414
645720 487
675220 2414
692944 487
697151 2414
704820 487
791520 2414
803974 487
808234 2414
841063 487
1008167 2414
1024257 487
1028457 2414
1060516 487
1064896 2414
1093920 487
1135494 2414
1151522 487
1155783 2414
1180320 1285
1281134 2414
1282974 1285
1288027 2414
1297749 1285
1301949 2414
1309749 1285
1417920 2414
1445863 1285
1450063 2414
1461120 1285
1487091 2414
1518420 1285
1531620 2414
1542009 1285
1649146 2414
1650986 1285
1655520 2414
1665294 1285
1669657 2414
1698720 2057
1865820 0
1865821 2414
2470620 1772
2490627 2414
2492467 1772
2584963 2414
2648021 1772
2822173 2414
2886704 1772
3075420 2414
52 events for G
438337 67463256
438342 0
1043137 47210957
1043142 0
1884092 4214960
1884096 0
1884522 4214960
1884526 0
1885262 4214960
1885266 0
1885692 4214960
1885696 0
2251659 4214960
2251663 0
2252089 4214960
2252093 0
2252829 4214960
2252833 0
2253259 4214960
2253263 0
2488892 4214960
2488896 0
2489322 4214960
2489326 0
2490062 4214960
2490066 0
2490492 4214960
2490496 0
2856459 4214960
2856463 0
2856889 4214960
2856893 0
2857629 4214960
2857633 0
2858059 4214960
2858063 0
3093692 4214960
3093696 0
3094122 4214960
3094126 0
3094862 4214960
3094866 0
3095292 4214960
3095296 0
3461259 4214960
3461263 0
3461689 4214960
3461693 0
3462429 4214960
3462433 0
3462859 4214960
3462863 0
2 events for H
1865175 0
1865176 18
2 events for I
1866243 0
1866244 18
362 events for J
10622 906
11362 0
20743 906
32153 0
34433 906
49442 0
72749 906
87971 0
95108 906
106485 0
108025 906
124785 0
131779 906
143299 0
146467 906
161467 0
168208 906
180542 0
182082 906
199056 0
205236 906
208142 0
208622 906
217571 0
219851 906
235785 0
242265 906
251342 0
251522 1087
254232 0
257179 906
273113 0
279267 593
284934 0
286953 906
289913 0
294388 593
307949 0
330122 906
336842 0
337922 906
346504 0
352701 906
364682 0
366278 906
380942 0
381422 906
382882 0
389080 906
401024 0
403433 906
419185 0
425459 1714
437327 0
441507 906
442247 1714
478142 0
490922 1714
521342 0
530822 1714
546484 0
548260 906
549000 1714
564714 0
567452 1714
582928 0
589164 1714
596942 0
597422 906
601162 0
602731 906
619363 0
625543 906
636953 0
639233 906
645542 0
646322 906
654242 0
677653 906
692766 0
698951 906
711285 0
712825 906
729799 0
735979 906
748313 0
752093 906
765328 0
773008 906
785342 0
786882 906
791042 0
833008 906
840885 0
847065 906
854906 0
860982 906
877142 0
884093 1600
894234 0
899332 1500
905590 0
906652 1500
908994 0
934922 906
951321 0
957501 906
962721 0
963201 906
965942 0
973300 906
974057 1500
979332 0
980657 1500
985942 0
993880 906
1005889 0
1008169 906
1024079 0
1030259 906
1042268 0
1046028 906
1060338 0
1066638 906
1078645 0
1080927 906
1093742 0
1094222 906
1096837 0
1103017 906
1115026 0
1117306 906
1133216 0
1134756 906
1151344 0
1157585 906
1169535 0
1171875 906
1187784 0
1193964 906
1205974 0
1207514 906
1224163 0
1230343 906
1241753 0
1246429 1500
1250444 0
1252129 1500
1256154 0
1274522 906
1277642 0
1284722 215
1296242 0
1318665 906
1334385 0
1340779 906
1353113 0
1355393 906
1371628 0
1377808 906
1390142 0
1391682 906
1408656 0
1414836 906
1427171 0
1429451 906
1445685 0
1451865 906
1464199 0
1465739 906
1482713 0
1488893 906
1500628 0
1502908 906
1518242 0
1533722 906
1537922 0
1540211 906
1556121 0
1562301 906
1574310 0
1575850 906
1592500 0
1598680 906
1610689 0
1612969 906
1628879 0
1635059 906
1647068 0
1650851 906
1665116 0
1671438 906
1683423 0
1685749 906
1701637 0
1707817 906
1719826 0
1722106 906
1738016 0
1739556 906
1756205 0
1762385 906
1774395 0
1776675 906
1790342 0
1798764 906
1809084 0
1812614 906
1828774 0
1835143 906
1846553 0
1848833 906
1863842 0
1879022 1087
1881732 0
1888252 906
1902156 0
1908336 215
1919756 0
1959658 906
1975785 0
1981965 906
1994372 0
1996472 906
2012293 0
2018779 906
2030641 0
2032549 906
2043362 0
2044322 906
2049410 0
2055593 906
2067820 0
2070101 906
2086228 0
2092408 906
2104087 0
2106644 906
2122497 0
2138522 906
2142242 0
2144933 906
2160763 0
2166943 906
2173742 0
2174222 906
2178542 0
2180655 906
2187080 0
2188082 906
2196736 0
2203164 906
2214904 0
2217722 1714
2233022 0
2239565 1714
2251265 0
2255868 1714
2259362 0
2259527 906
2269382 0
2275606 906
2287533 0
2289820 906
2303342 0
2303822 1714
2304858 0
2311827 1714
2313207 0
2314322 1714
2315321 0
2316122 1714
2316602 0
2316992 1714
2317592 0
2318962 1714
2321489 0
2325522 906
2326262 1714
2341442 0
2434861 906
2435781 593
2449702 0
2456771 593
2467812 0
2526942 906
2543642 0
2549951 906
2562178 0
2586765 906
2587515 0
2660393 906
2670713 0
2674161 906
2690621 0
2712869 1500
2718684 0
2720332 1500
2725977 0
2785214 906
2801784 0
2807964 906
2819895 0
2886962 906
2892226 0
2893877 906
2908837 0
2916627 906
2928618 0
2931182 906
2946542 0
2952848 906
2964542 0
2966382 906
2982889 0
2989069 906
3000782 0
3003422 906
3019082 0
3025290 906
3037526 0
3131703 906
3146942 0
3154751 906
3166978 0
3171422 215
3182842 0
3210722 906
3221942 0
3228379 906
3240302 0
3243122 906
3253742 0
3302008 906
3314235 0
3315775 906
3332642 0
3361922 906
3370493 0
3377143 906
3383222 0
3390282 906
3395226 0
3398272 906
3406442 0
3412764 906
3424455 0
3426975 906
3439505 0
3448985 906
3460916 0
3464604 906
3479026 0
3485206 906
3497137 0
3499417 906
3515247 0
3537482 906
3538222 1500
3544227 0
3557835 1500
3563840 0
448 events for K
336775 117965
336865 125479
338146 7514
338506 0
474445 3372
479626 0
499645 3372
508006 0
517045 3372
522406 0
544645 3372
547606 0
550523 3372
566324 0
706555 117965
706645 121337
708166 3372
708415 121337
709966 3372
710206 0
714998 117965
715088 121337
716429 3372
722258 121337
723629 3372
725849 0
735612 117965
735702 121337
737223 3372
741072 121337
742623 3372
742863 0
942445 3372
943315 121337
946066 3372
946915 121337
949606 3372
950506 0
957134 117965
957224 121337
958685 3372
958994 121337
960545 3372
964385 0
1311595 19661
1311685 25951
1313446 6290
1314235 25951
1316086 6290
1316626 0
1319935 19661
1320025 25951
1321786 6290
1322575 25951
1324426 6290
1325395 25951
1327246 6290
1327975 25951
1329826 6290
1330795 25951
1332646 6290
1333375 25951
1335226 6290
1335766 0
1340515 19661
1340605 25951
1342366 6290
1342495 25951
1344346 6290
1344715 25951
1346566 6290
1346695 25951
1348546 6290
1348915 25951
1350766 6290
1350895 25951
1352741 6290
1352746 0
1356826 117965
1356916 124709
1358377 6744
1373077 0
1377441 117965
1377531 124709
1378992 6744
1391772 0
1393855 117965
1393945 124709
1395406 6744
1408186 0
1543855 19661
1543945 25951
1545706 6290
1545835 25951
1547686 6290
1548055 25951
1549906 6290
1550035 25951
1551886 6290
1552255 25951
1554106 6290
1554235 25951
1556081 6290
1556086 0
1562035 19661
1562125 25951
1562986 6290
1563115 25951
1564066 6290
1564435 25951
1565386 6290
1565635 25951
1566586 6290
1566835 25951
1567786 6290
1567915 25951
1568866 6290
1568871 0
1570555 117965
1570645 124709
1572166 6744
1574171 0
1574215 117965
1575826 6744
1575886 0
1578023 117965
1578113 124709
1579634 6744
1583439 0
1583483 117965
1585094 6744
1590554 0
1598313 117965
1598403 124709
1599924 6744
1601929 0
1601973 117965
1603584 6744
1608744 0
1614492 6290
1625253 0
1634782 6290
1645543 0
1653114 6290
1656675 0
1894555 58982
1897306 7514
1900820 0
1907969 58982
1908059 66496
1909400 7514
1909709 66496
1911140 7514
1911389 66496
1912820 7514
1913069 66496
1914500 7514
1914749 66496
1916180 7514
1916190 0
1961091 58982
1961181 66496
1962522 7514
1962951 66496
1964382 7514
1964751 66496
1966182 7514
1966551 66496
1967982 7514
1968351 66496
1969782 7514
1970151 66496
1971582 7514
1971951 66496
1973382 7514
1973751 66496
1975182 7514
1975551 66496
1976982 7514
1977412 0
1981598 58982
1981688 66496
1983029 7514
1983458 66496
1984889 7514
1985258 66496
1986689 7514
1987058 66496
1988489 7514
1988858 66496
1990289 7514
1990658 66496
1992089 7514
1992458 66496
1993889 7514
1994258 66496
1995689 7514
1995819 0
1997905 58982
1997995 66496
1999456 7514
1999525 66496
2001076 7514
2001145 66496
2002576 7514
2002581 0
2045845 7514
2051026 0
2056816 7514
2069437 0
2071624 7514
2087845 0
2166595 58982
2166685 66496
2168026 7514
2168455 66496
2169886 7514
2170246 0
2170555 58982
2170645 66496
2171986 7514
2172235 66496
2173666 7514
2173975 66496
2175406 7514
2175411 0
2261755 58982
2261845 66496
2263186 7514
2263255 66496
2264686 7514
2264755 66496
2266186 7514
2266255 66496
2267686 7514
2267755 66496
2269186 7514
2269255 66496
2270686 7514
2271046 0
2275240 58982
2275330 66496
2276671 7514
2277100 66496
2278531 7514
2278900 66496
2280331 7514
2280700 58982
2282131 7514
2282500 66496
2283931 7514
2284300 58982
2285731 7514
2286100 66496
2287531 7514
2287720 66496
2289151 7514
2289156 0
2291253 58982
2291343 66496
2292684 7514
2292933 66496
2294364 7514
2294613 66496
2296044 7514
2296293 66496
2297724 7514
2297973 66496
2299404 7514
2299653 66496
2301084 7514
2301333 66496
2302764 7514
2303013 66496
2304444 7514
2304989 0
2494705 7514
2505671 0
2512915 58982
2513005 66496
2513726 7514
2513815 66496
2514626 7514
2514955 66496
2515766 7514
2515855 66496
2516666 7514
2516995 66496
2517806 7514
2517895 66496
2518706 7514
2519215 66496
2520026 7514
2520115 66496
2520926 7514
2521255 66496
2522066 7514
2522155 66496
2522966 7514
2523295 66496
2524106 7514
2524195 66496
2525006 7514
2525011 0
2529115 58982
2529205 65726
2534326 6744
2539975 65726
2545186 6744
2545306 0
2549584 58982
2549674 65726
2554795 6744
2556844 65726
2562055 6744
2562226 0
2564206 169032
2565526 45609
2566191 0
2751166 58982
2751256 66496
2752597 7514
2754826 66496
2756257 7514
2758426 66496
2759857 7514
2762026 66496
2763457 7514
2763826 66496
2765257 7514
2765617 0
2771376 58982
2771466 66496
2772807 7514
2773236 66496
2774667 7514
2775036 66496
2776467 7514
2776836 66496
2778267 7514
2778627 0
2780155 58982
2780245 65726
2782786 6744
2782855 65726
2785306 6744
2785311 0
2787387 58982
2787477 62354
2790018 3372
2791047 62354
2793678 3372
2794647 62354
2797278 3372
2798247 62354
2800878 3372
2803398 0
2807597 58982
2807687 62354
2810228 3372
2811257 62354
2813888 3372
2814857 62354
2817488 3372
2818457 62354
2821088 3372
2821508 0
2888439 58982
2888529 66496
2889870 7514
2890255 0
2890299 58982
2891730 7514
2892099 66496
2893530 7514
2893890 0
2896050 58982
2896140 66496
2897481 7514
2899710 66496
2901141 7514
2901510 66496
2902941 7514
2903310 66496
2904741 7514
2905110 66496
2906541 7514
2908710 66496
2910141 7514
2910501 0
2916260 58982
2916350 66496
2917691 7514
2919920 66496
2921351 7514
2921720 66496
2923151 7514
2923520 66496
2924951 7514
2927120 66496
2928551 7514
2928911 0
3099234 58982
3099324 65726
3100665 6744
3102894 65726
3104325 6744
3104694 65726
3106125 6744
3108294 65726
3109725 6744
3111894 65726
3113325 6744
3113420 0
3117569 58982
3117659 65726
3118940 6744
3119129 65726
3120500 6744
3120689 65726
3122060 6744
3122249 65726
3123620 6744
3123809 65726
3125180 6744
3125506 0
3154384 58982
3154473 248143
3154675 58982
3154834 65726
3155755 6744
3159124 65726
3160495 6744
3163804 65726
3165175 6744
3168235 0
3363355 235930
3363445 7514
3370486 6744
3372027 0
3376176 235930
3376266 242674
3383307 6744
3384848 0
3428498 7514
3428755 243444
3432406 7514
3444469 0
2 events for L
1865512 0
1865513 2650
2 events for M
1863875 0
1863876 74
291 events for N
13009 240
20208 344
49009 240
52598 444
70608 548
85009 444
92208 548
99408 1471
121041 2754
122809 1727
128208 1830
133298 1626
139859 1564
140159 3817
142641 2534
160609 2431
167808 2534
196609 2431
203808 2534
204959 344
225398 548
232609 444
239808 548
272209 444
279408 548
308209 444
311798 240
314099 178
314399 240
329808 344
344209 240
351408 344
358608 1267
380209 240
391008 344
418009 240
423408 344
423430 594
423441 1877
444998 2081
445008 3004
466598 2800
466608 1877
466641 594
479209 491
484630 240
485579 178
485879 240
488208 344
522409 240
531408 344
580009 240
587208 344
602508 1267
616909 240
625008 1267
653809 240
657419 2431
675408 2534
691609 2431
697008 2534
725841 3817
727609 3713
733008 3817
740219 1626
765409 1523
769041 240
772608 1267
794208 344
801409 240
808608 344
812198 548
830198 344
837409 240
844608 344
875209 240
884208 344
913009 240
934608 344
985009 240
992208 344
1021009 240
1028208 344
1057009 240
1066008 344
1094809 240
1100208 344
1125408 1267
1132598 1471
1147009 444
1157808 548
1165008 1471
1175819 1409
1176119 1471
1179419 3662
1179441 4944
1186609 3917
1193808 4944
1222609 3917
1222619 1727
1229808 2754
1244241 1471
1259809 444
1262219 2635
1273008 3662
1294609 2635
1301808 3662
1308998 3458
1330609 2431
1339608 2534
1370209 2431
1377408 2534
1406209 2431
1413408 3458
1434998 3662
1442209 2635
1449408 3662
1480009 2635
1489008 3662
1519009 2635
1521398 2431
1532208 2534
1555609 2431
1561008 2534
1589809 2431
1597008 2534
1625809 2431
1633008 2534
1663609 2431
1670808 2534
1672619 344
1701409 240
1708608 344
1751809 240
1762608 344
1789609 240
1798608 344
1825609 240
1834608 344
1864609 240
1864886 0
1864887 240
1866998 444
1867979 382
1868279 444
1877808 548
1899409 444
1906608 548
1937209 444
1944408 548
1953430 798
1973209 695
1980408 1722
2000241 3004
2011009 1977
2016408 3004
2039830 2754
2047009 1727
2054208 2754
2084809 1727
2089859 1664
2090159 3917
2090208 4944
2123509 3917
2126159 1727
2140608 2754
2159509 1727
2165808 2754
2173041 1471
2194609 444
2201808 548
2232409 444
2237808 1471
2248259 1409
2248559 3662
2259441 4944
2266609 3917
2273808 4944
2298959 2754
2302609 1727
2309808 2754
2338609 1727
2345808 2754
2374609 1727
2381808 2754
2386979 2691
2387279 2754
2389041 1471
2396208 548
2412409 444
2419608 548
2448409 444
2453808 548
2469109 444
2482608 548
2504209 444
2511408 548
2542009 444
2547408 1471
2558198 1267
2558219 1205
2558519 3458
2561841 4740
2579809 3713
2585208 3817
2615809 3713
2617619 1523
2624808 1626
2644598 1830
2653609 1727
2659008 1830
2666230 2081
2669841 798
2687809 695
2691441 1977
2695008 3004
2713008 2081
2713041 798
2728309 695
2731019 632
2731030 382
2731319 444
2743608 548
2763409 444
2770608 548
2799409 444
2806608 548
2835409 444
2842608 548
2871409 444
2878608 548
2903819 485
2904119 548
2909209 444
2914608 548
2943409 444
2952408 548
2981209 444
2988408 548
3017209 444
3022608 548
3053209 444
3058641 1727
3060408 2754
3073009 1727
3076619 1664
3076919 1727
3080241 444
3087408 1471
3109009 444
3116208 1471
3146809 444
3152208 1471
3182809 444
3190008 1471
3220609 444
3226008 1471
3258409 444
3263808 1471
3292609 444
3299808 548
3333109 444
3335459 382
3335759 2635
3335830 2885
3339441 4168
3346608 5195
3368209 4168
3375408 5195
3404209 4168
3411408 5195
3422230 4944
3442009 3917
3447408 4944
3478009 3917
3483408 4944
3487079 2754
3514009 1727
3519408 2754
3530230 3004
3550009 1977
3555408 3004
3591409 1977
3594959 1915
3595030 1664
3595259 3917
3600959 1727
3605808 2754
3620241 1471
3622909 444
3627408 1471
2 events for O
1865735 0
1865736 2650
362 events for P
9617 906
10357 0
19738 906
31148 0
33428 906
48437 0
71744 906
86966 0
94103 906
105480 0
107020 906
123780 0
130774 906
142294 0
145462 906
160462 0
167203 906
179537 0
181077 906
198051 0
204231 906
207137 0
207617 906
216566 0
218846 906
234780 0
241260 906
250337 0
250517 1087
253227 0
256174 906
272108 0
278262 593
283929 0
285948 906
288908 0
293383 593
306944 0
329117 906
335837 0
336917 906
345499 0
351696 906
363677 0
365273 906
379937 0
380417 906
381877 0
388075 906
400019 0
402428 906
418180 0
424454 1714
436322 0
440502 906
441242 1714
477137 0
489917 1714
520337 0
529817 1714
545479 0
547255 906
547995 1714
563709 0
566447 1714
581923 0
588159 1714
595937 0
596417 906
600157 0
601726 906
618358 0
624538 906
635948 0
638228 906
644537 0
645317 906
653237 0
676648 906
691761 0
697946 906
710280 0
711820 906
728794 0
734974 906
747308 0
751088 906
764323 0
772003 906
784337 0
785877 906
790037 0
832003 906
839880 0
846060 906
853901 0
859977 906
876137 0
883088 1600
893229 0
898327 1500
904585 0
905647 1500
907989 0
933917 906
950316 0
956496 906
961716 0
962196 906
964937 0
972295 906
973052 1500
978327 0
979652 1500
984937 0
992875 906
1004884 0
1007164 906
1023074 0
1029254 906
1041263 0
1045023 906
1059333 0
1065633 906
1077640 0
1079922 906
1092737 0
1093217 906
1095832 0
1102012 906
1114021 0
1116301 906
1132211 0
1133751 906
1150339 0
1156580 906
1168530 0
1170870 906
1186779 0
1192959 906
1204969 0
1206509 906
1223158 0
1229338 906
1240748 0
1245424 1500
1249439 0
1251124 1500
1255149 0
1273517 906
1276637 0
1283717 215
1295237 0
1317660 906
1333380 0
1339774 906
1352108 0
1354388 906
1370623 0
1376803 906
1389137 0
1390677 906
1407651 0
1413831 906
1426166 0
1428446 906
1444680 0
1450860 906
1463194 0
1464734 906
1481708 0
1487888 906
1499623 0
1501903 906
1517237 0
1532717 906
1536917 0
1539206 906
1555116 0
1561296 906
1573305 0
1574845 906
1591495 0
1597675 906
1609684 0
1611964 906
1627874 0
1634054 906
1646063 0
1649846 906
1664111 0
1670433 906
1682418 0
1684744 906
1700632 0
1706812 906
1718821 0
1721101 906
1737011 0
1738551 906
1755200 0
1761380 906
1773390 0
1775670 906
1789337 0
1797759 906
1808079 0
1811609 906
1827769 0
1834138 906
1845548 0
1847828 906
1862837 0
1878017 1087
1880727 0
1887247 906
1901151 0
1907331 215
1918751 0
1958653 906
1974780 0
1980960 906
1993367 0
1995467 906
2011288 0
2017774 906
2029636 0
2031544 906
2042357 0
2043317 906
2048405 0
2054588 906
2066815 0
2069096 906
2085223 0
2091403 906
2103082 0
2105639 906
2121492 0
2137517 906
2141237 0
2143928 906
2159758 0
2165938 906
2172737 0
2173217 906
2177537 0
2179650 906
2186075 0
2187077 906
2195731 0
2202159 906
2213899 0
2216717 1714
2232017 0
2238560 1714
2250260 0
2254863 1714
2258357 0
2258522 906
2268377 0
2274601 906
2286528 0
2288815 906
2302337 0
2302817 1714
2303853 0
2310822 1714
2312202 0
2313317 1714
2314316 0
2315117 1714
2315597 0
2315987 1714
2316587 0
2317957 1714
2320484 0
2324517 906
2325257 1714
2340437 0
2433856 906
2434776 593
2448697 0
2455766 593
2466807 0
2525937 906
2542637 0
2548946 906
2561173 0
2585760 906
2586510 0
2659388 906
2669708 0
2673156 906
2689616 0
2711864 1500
2717679 0
2719327 1500
2724972 0
2784209 906
2800779 0
2806959 906
2818890 0
2885957 906
2891221 0
2892872 906
2907832 0
2915622 906
2927613 0
2930177 906
2945537 0
2951843 906
2963537 0
2965377 906
2981884 0
2988064 906
2999777 0
3002417 906
3018077 0
3024285 906
3036521 0
3130698 906
3145937 0
3153746 906
3165973 0
3170417 215
3181837 0
3209717 906
3220937 0
3227374 906
3239297 0
3242117 906
3252737 0
3301003 906
3313230 0
3314770 906
3331637 0
3360917 906
3369488 0
3376138 906
3382217 0
3389277 906
3394221 0
3397267 906
3405437 0
3411759 906
3423450 0
3425970 906
3438500 0
3447980 906
3459911 0
3463599 906
3478021 0
3484201 906
3496132 0
3498412 906
3514242 0
3536477 906
3537217 1500
3543222 0
3556830 1500
3562835 0
291 events for Q
11998 240
19197 344
47998 240
51587 444
69597 548
83998 444
91197 548
98397 1471
120030 2754
121798 1727
127197 1830
132287 1626
138848 1564
139148 3817
141630 2534
159598 2431
166797 2534
195598 2431
202797 2534
203948 344
224387 548
231598 444
238797 548
271198 444
278397 548
307198 444
310787 240
313088 178
313388 240
328797 344
343198 240
350397 344
357597 1267
379198 240
389997 344
416998 240
422397 344
422419 594
422430 1877
443987 2081
443997 3004
465587 2800
465597 1877
465630 594
478198 491
483619 240
484568 178
484868 240
487197 344
521398 240
530397 344
578998 240
586197 344
601497 1267
615898 240
623997 1267
652798 240
656408 2431
674397 2534
690598 2431
695997 2534
724830 3817
726598 3713
731997 3817
739208 1626
764398 1523
768030 240
771597 1267
793197 344
800398 240
807597 344
811187 548
829187 344
836398 240
843597 344
874198 240
883197 344
911998 240
933597 344
983998 240
991197 344
1019998 240
1027197 344
1055998 240
1064997 344
1093798 240
1099197 344
1124397 1267
1131587 1471
1145998 444
1156797 548
1163997 1471
1174808 1409
1175108 1471
1178408 3662
1178430 4944
1185598 3917
1192797 4944
1221598 3917
1221608 1727
1228797 2754
1243230 1471
1258798 444
1261208 2635
1271997 3662
1293598 2635
1300797 3662
1307987 3458
1329598 2431
1338597 2534
1369198 2431
1376397 2534
1405198 2431
1412397 3458
1433987 3662
1441198 2635
1448397 3662
1478998 2635
1487997 3662
1517998 2635
1520387 2431
1531197 2534
1554598 2431
1559997 2534
1588798 2431
1595997 2534
1624798 2431
1631997 2534
1662598 2431
1669797 2534
1671608 344
1700398 240
1707597 344
1750798 240
1761597 344
1788598 240
1797597 344
1824598 240
1833597 344
1863598 240
1863875 0
1863876 240
1865987 444
1866968 382
1867268 444
1876797 548
1898398 444
1905597 548
1936198 444
1943397 548
1952419 798
1972198 695
1979397 1722
1999230 3004
2009998 1977
2015397 3004
2038819 2754
2045998 1727
2053197 2754
2083798 1727
2088848 1664
2089148 3917
2089197 4944
2122498 3917
2125148 1727
2139597 2754
2158498 1727
2164797 2754
2172030 1471
2193598 444
2200797 548
2231398 444
2236797 1471
2247248 1409
2247548 3662
2258430 4944
2265598 3917
2272797 4944
2297948 2754
2301598 1727
2308797 2754
2337598 1727
2344797 2754
2373598 1727
2380797 2754
2385968 2691
2386268 2754
2388030 1471
2395197 548
2411398 444
2418597 548
2447398 444
2452797 548
2468098 444
2481597 548
2503198 444
2510397 548
2540998 444
2546397 1471
2557187 1267
2557208 1205
2557508 3458
2560830 4740
2578798 3713
2584197 3817
2614798 3713
2616608 1523
2623797 1626
2643587 1830
2652598 1727
2657997 1830
2665219 2081
2668830 798
2686798 695
2690430 1977
2693997 3004
2711997 2081
2712030 798
2727298 695
2730008 632
2730019 382
2730308 444
2742597 548
2762398 444
2769597 548
2798398 444
2805597 548
2834398 444
2841597 548
2870398 444
2877597 548
2902808 485
2903108 548
2908198 444
2913597 548
2942398 444
2951397 548
2980198 444
2987397 548
3016198 444
3021597 548
3052198 444
3057630 1727
3059397 2754
3071998 1727
3075608 1664
3075908 1727
3079230 444
3086397 1471
3107998 444
3115197 1471
3145798 444
3151197 1471
3181798 444
3188997 1471
3219598 444
3224997 1471
3257398 444
3262797 1471
3291598 444
3298797 548
3332098 444
3334448 382
3334748 2635
3334819 2885
3338430 4168
3345597 5195
3367198 4168
3374397 5195
3403198 4168
3410397 5195
3421219 4944
3440998 3917
3446397 4944
3476998 3917
3482397 4944
3486068 2754
3512998 1727
3518397 2754
3529219 3004
3548998 1977
3554397 3004
3590398 1977
3593948 1915
3594019 1664
3594248 3917
3599948 1727
3604797 2754
3619230 1471
3621898 444
3626397 1471
2 events for R
1866118 0
1866119 74
