18 instruments
A 10 100 0 276873309.16802311
B 10 100 47192398.279190399 1501427445.7644184
C 10 100 192158478.34180248 847760826.1096437
D 10 100 1935.2198577632046 529743673.63920057
E 10 100 54084010.43300014 1720684275.4783733
F 10 100 177168740.44080633 781629408.46013641
G 10 100 1289849390.9659207 3398902187.0561032
H 10 100 376310 320000000
I 10 100 0 938631764.34521866
J 10 100 0 974485132.8010211
K 10 100 183507440.74517861 809594356.20986629
L 10 100 1538660356.7547786 4054547831.9712734
M 10 100 0 320000000
N 10 100 431759.25152321503 367151977.05994737
O 10 100 6499613.0472409306 3333330256.035996
P 10 100 2312500 800000000
Q 10 100 2238.0782914523293 612647607.58318675
R 10 100 40786.332763907049 54547276.407707497
60 downlinks
0 230 26089 8910.3347130000002
1 69275 89272 9263.3037550000008
2 92381 98613 8194.1372179999998
3 110326 122989 8812.3468479999992
4 141822 143653 28513.272391999999
5 170497 174658 29797.943813000002
6 178689 213521 9287.2106050000002
7 213522 224274 9493.8769009999996
8 227678 263758 29841.66733
9 264997 269675 9031.5484039999992
10 328475 340105 27058.173078
11 342214 345771 27764.822221999999
12 349714 366316 8866.3210920000001
13 378201 390361 30200.423556999998
14 393473 398317 9259.4321029999992
15 402509 426580 9457.3783449999992
16 428309 432137 29542.407908000001
17 437615 452458 8564.5545529999999
18 461609 484278 9335.3412189999999
19 486805 515531 27874.981927000001
20 523925 566080 30587.746092000001
21 566081 610233 9231.3874039999992
22 610234 626452 8609.2624169999999
23 627801 644033 8689.6108280000008
24 652386 654433 26609.79682
25 674075 693680 8915.2263710000007
26 696545 726495 9094.9622560000007
27 726496 744210 8333.9255690000009
28 744792 751133 27500.430241999999
29 765210 781563 8601.7316499999997
30 782856 817769 9100.8958739999998
31 831487 844776 9427.4328960000003
32 847747 858159 27243.904355999999
33 860587 882307 8431.3051790000009
34 911303 913625 27636.251289
35 933275 952563 8831.2619180000002
36 953671 970270 8966.6639699999996
37 977882 983633 54396.705881000002
38 987425 1001453 58970.262822999997
39 1004038 1033077 57826.355975999999
40 1033078 1043822 17374.699861000001
41 1059178 1085969 57611.601310999999
42 1086178 1118258 59023.283414999998
43 1119000 1124750 55193.106121999997
44 1128106 1170223 25530.421285
45 1170224 1214419 29269.697155999998
46 1214420 1218510 16830.732371999999
47 1231668 1246335 28226.256141999998
48 1248665 1251216 60093.408818999997
49 1291663 1321362 58272.632834999997
50 1321363 1328637 61499.660580999996
51 1342840 1364137 28538.149495000001
52 1377685 1383507 18090.695755000001
53 1387050 1402262 23661.293665000001
54 1404159 1432113 28757.617953000001
55 1432114 1474410 56137.919716999997
56 1475554 1492448 23437.772314999998
57 1507654 1520294 55980.942202999999
58 1533509 1547361 60635.164006999999
59 1550249 1581176 23619.145155999999
0 opportunities for A
0 opportunities for B
0 opportunities for C
0 opportunities for D
0 opportunities for E
0 opportunities for F
0 opportunities for G
0 opportunities for H
0 opportunities for I
0 opportunities for J
0 opportunities for K
0 opportunities for L
0 opportunities for M
0 opportunities for N
0 opportunities for O
0 opportunities for P
0 opportunities for Q
0 opportunities for R
0 events for A

49 events for B
14741 487
70420 2414
88149 487
92349 2414
100320 487
145860 2414
161645 487
350899 2414
358320 487
387323 2414
419363 487
439546 2414
441386 487
597420 2414
619541 487
623744 2414
645720 487
675220 2414
692944 487
697151 2414
704820 487
791520 2414
803974 487
808234 2414
841063 487
1008167 2414
1024257 487
1028457 2414
1060516 487
1064896 2414
1093920 487
1135494 2414
1151522 487
1155783 2414
1180320 1285
1281134 2414
1282974 1285
1288027 2414
1297749 1285
1301949 2414
1309749 1285
1417920 2414
1445863 1285
1450063 2414
1461120 1285
1487091 2414
1518420 1285
1531620 2414
1542009 1285
126 events for C
13009 240
20208 344
49009 240
52598 444
70608 548
85009 444
92208 548
99408 1471
121041 2754
122809 1727
128208 1830
133298 1626
139859 1564
140159 3817
142641 2534
160609 2431
167808 2534
196609 2431
203808 2534
204959 344
225398 548
232609 444
239808 548
272209 444
279408 548
308209 444
311798 240
314099 178
314399 240
329808 344
344209 240
351408 344
358608 1267
380209 240
391008 344
418009 240
423408 344
423430 594
423441 1877
444998 2081
445008 3004
466598 2800
466608 1877
466641 594
479209 491
484630 240
485579 178
485879 240
488208 344
522409 240
531408 344
580009 240
587208 344
602508 1267
616909 240
625008 1267
653809 240
657419 2431
675408 2534
691609 2431
697008 2534
725841 3817
727609 3713
733008 3817
740219 1626
765409 1523
769041 240
772608 1267
794208 344
801409 240
808608 344
812198 548
830198 344
837409 240
844608 344
875209 240
884208 344
913009 240
934608 344
985009 240
992208 344
1021009 240
1028208 344
1057009 240
1066008 344
1094809 240
1100208 344
1125408 1267
1132598 1471
1147009 444
1157808 548
1165008 1471
1175819 1409
1176119 1471
1179419 3662
1179441 4944
1186609 3917
1193808 4944
1222609 3917
1222619 1727
1229808 2754
1244241 1471
1259809 444
1262219 2635
1273008 3662
1294609 2635
1301808 3662
1308998 3458
1330609 2431
1339608 2534
1370209 2431
1377408 2534
1406209 2431
1413408 3458
1434998 3662
1442209 2635
1449408 3662
1480009 2635
1489008 3662
1519009 2635
1521398 2431
1532208 2534
1555609 2431
1561008 2534
1589809 2431
1597008 2534
66 events for D
116106 3754
116826 0
118626 3754
122226 0
144906 3754
145626 0
147426 3754
151026 0
187206 3754
187926 0
189726 3754
193326 0
261906 3754
262626 0
264426 3754
268026 0
348306 1365
348486 0
350286 1365
350826 1979
365226 1365
365406 1979
379806 1365
380526 1979
394926 1365
395106 1979
409506 1365
410226 1979
424626 1365
424806 1979
439206 0
485106 665
517506 0
847146 3276
862146 0
876606 3754
877326 0
879126 3754
882726 0
894606 3754
895326 0
897126 3754
900726 0
964806 3754
965526 0
967326 3754
970926 0
986406 1365
986586 0
988386 1365
988926 2935
1003326 1365
1003506 2935
1017906 1365
1018626 2935
1033026 1365
1033206 2935
1047606 1365
1048326 2935
1062726 1365
1062906 2935
1077306 0
1434289 3276
1449289 0
1559785 665
1559786 0
49 events for E
12941 487
68620 2414
86349 487
90549 2414
98520 487
144060 2414
159845 487
349099 2414
356520 487
385523 2414
417563 487
437746 2414
439586 487
595620 2414
617741 487
621944 2414
643920 487
673420 2414
691144 487
695351 2414
703020 487
789720 2414
802174 487
806434 2414
839263 487
1006367 2414
1022457 487
1026657 2414
1058716 487
1063096 2414
1092120 487
1133694 2414
1149722 487
1153983 2414
1178520 1285
1279334 2414
1281174 1285
1286227 2414
1295949 1285
1300149 2414
1307949 1285
1416120 2414
1444063 1285
1448263 2414
1459320 1285
1485291 2414
1516620 1285
1529820 2414
1540209 1285
126 events for F
12068 240
19267 344
48068 240
51657 444
69667 548
84068 444
91267 548
98467 1471
120100 2754
121868 1727
127267 1830
132357 1626
138918 1564
139218 3817
141700 2534
159668 2431
166867 2534
195668 2431
202867 2534
204018 344
224457 548
231668 444
238867 548
271268 444
278467 548
307268 444
310857 240
313158 178
313458 240
328867 344
343268 240
350467 344
357667 1267
379268 240
390067 344
417068 240
422467 344
422489 594
422500 1877
444057 2081
444067 3004
465657 2800
465667 1877
465700 594
478268 491
483689 240
484638 178
484938 240
487267 344
521468 240
530467 344
579068 240
586267 344
601567 1267
615968 240
624067 1267
652868 240
656478 2431
674467 2534
690668 2431
696067 2534
724900 3817
726668 3713
732067 3817
739278 1626
764468 1523
768100 240
771667 1267
793267 344
800468 240
807667 344
811257 548
829257 344
836468 240
843667 344
874268 240
883267 344
912068 240
933667 344
984068 240
991267 344
1020068 240
1027267 344
1056068 240
1065067 344
1093868 240
1099267 344
1124467 1267
1131657 1471
1146068 444
1156867 548
1164067 1471
1174878 1409
1175178 1471
1178478 3662
1178500 4944
1185668 3917
1192867 4944
1221668 3917
1221678 1727
1228867 2754
1243300 1471
1258868 444
1261278 2635
1272067 3662
1293668 2635
1300867 3662
1308057 3458
1329668 2431
1338667 2534
1369268 2431
1376467 2534
1405268 2431
1412467 3458
1434057 3662
1441268 2635
1448467 3662
1479068 2635
1488067 3662
1518068 2635
1520457 2431
1531267 2534
1554668 2431
1560067 2534
1588868 2431
1596067 2534
135 events for G
336775 117965
336865 125479
338146 7514
338506 0
474445 3372
479626 0
499645 3372
508006 0
517045 3372
522406 0
544645 3372
547606 0
550523 3372
566324 0
706555 117965
706645 121337
708166 3372
708415 121337
709966 3372
710206 0
714998 117965
715088 121337
716429 3372
722258 121337
723629 3372
725849 0
735612 117965
735702 121337
737223 3372
741072 121337
742623 3372
742863 0
942445 3372
943315 121337
946066 3372
946915 121337
949606 3372
950506 0
957134 117965
957224 121337
958685 3372
958994 121337
960545 3372
964385 0
1311595 19661
1311685 25951
1313446 6290
1314235 25951
1316086 6290
1316626 0
1319935 19661
1320025 25951
1321786 6290
1322575 25951
1324426 6290
1325395 25951
1327246 6290
1327975 25951
1329826 6290
1330795 25951
1332646 6290
1333375 25951
1335226 6290
1335766 0
1340515 19661
1340605 25951
1342366 6290
1342495 25951
1344346 6290
1344715 25951
1346566 6290
1346695 25951
1348546 6290
1348915 25951
1350766 6290
1350895 25951
1352741 6290
1352746 0
1356826 117965
1356916 124709
1358377 6744
1373077 0
1377441 117965
1377531 124709
1378992 6744
1391772 0
1393855 117965
1393945 124709
1395406 6744
1408186 0
1543855 19661
1543945 25951
1545706 6290
1545835 25951
1547686 6290
1548055 25951
1549906 6290
1550035 25951
1551886 6290
1552255 25951
1554106 6290
1554235 25951
1556081 6290
1556086 0
1562035 19661
1562125 25951
1562986 6290
1563115 25951
1564066 6290
1564435 25951
1565386 6290
1565635 25951
1566586 6290
1566835 25951
1567786 6290
1567915 25951
1568866 6290
1568871 0
1570555 117965
1570645 124709
1572166 6744
1574171 0
1574215 117965
1575826 6744
1575886 0
1578023 117965
1578113 124709
1579634 6744
1583439 0
1583483 117965
1585094 6744
1590554 0
1598313 117965
1598403 124709
1599924 6744
6 events for H
49235 0
49475 305
653675 0
654275 305
1258475 0
1259075 330
70 events for I
6819 1000
7819 0
51151 1000
52151 0
113004 1000
114004 0
175014 1000
176014 0
226682 1000
227682 0
270514 1000
271514 0
314063 1000
315063 0
357406 1000
358406 0
400516 1000
401516 0
443276 1000
444276 0
485825 1000
486825 0
528437 1000
529437 0
571369 1000
572369 0
614739 1000
615739 0
658386 1000
659386 0
702062 1000
703062 0
745793 1000
746793 0
789521 1000
790521 0
833673 1000
834673 0
872712 1000
873712 0
926206 1000
927206 0
966578 1000
967578 0
1012779 1000
1013779 0
1060570 1000
1061570 0
1110078 1000
1111078 0
1158409 1000
1159409 0
1205096 1000
1206096 0
1251259 1000
1252259 0
1296257 1000
1297257 0
1340962 1000
1341962 0
1385879 1000
1386879 0
1431063 1000
1432063 0
1476817 1000
1477817 0
1522152 1000
1523152 0
1566264 1000
1567264 0
70 events for J
5708 1000
6708 0
50040 1000
51040 0
111893 1000
112893 0
173903 1000
174903 0
225571 1000
226571 0
269403 1000
270403 0
312952 1000
313952 0
356295 1000
357295 0
399405 1000
400405 0
442165 1000
443165 0
484714 1000
485714 0
527326 1000
528326 0
570258 1000
571258 0
613628 1000
614628 0
657275 1000
658275 0
700951 1000
701951 0
744682 1000
745682 0
788410 1000
789410 0
832562 1000
833562 0
871601 1000
872601 0
925095 1000
926095 0
965467 1000
966467 0
1011668 1000
1012668 0
1059459 1000
1060459 0
1108967 1000
1109967 0
1157298 1000
1158298 0
1203985 1000
1204985 0
1250148 1000
1251148 0
1295146 1000
1296146 0
1339851 1000
1340851 0
1384768 1000
1385768 0
1429952 1000
1430952 0
1475706 1000
1476706 0
1521041 1000
1522041 0
1565153 1000
1566153 0
126 events for K
12248 240
19447 344
48248 240
51837 444
69847 548
84248 444
91447 548
98647 1471
120280 2754
122048 1727
127447 1830
132537 1626
139098 1564
139398 3817
141880 2534
159848 2431
167047 2534
195848 2431
203047 2534
204198 344
224637 548
231848 444
239047 548
271448 444
278647 548
307448 444
311037 240
313338 178
313638 240
329047 344
343448 240
350647 344
357847 1267
379448 240
390247 344
417248 240
422647 344
422669 594
422680 1877
444237 2081
444247 3004
465837 2800
465847 1877
465880 594
478448 491
483869 240
484818 178
485118 240
487447 344
521648 240
530647 344
579248 240
586447 344
601747 1267
616148 240
624247 1267
653048 240
656658 2431
674647 2534
690848 2431
696247 2534
725080 3817
726848 3713
732247 3817
739458 1626
764648 1523
768280 240
771847 1267
793447 344
800648 240
807847 344
811437 548
829437 344
836648 240
843847 344
874448 240
883447 344
912248 240
933847 344
984248 240
991447 344
1020248 240
1027447 344
1056248 240
1065247 344
1094048 240
1099447 344
1124647 1267
1131837 1471
1146248 444
1157047 548
1164247 1471
1175058 1409
1175358 1471
1178658 3662
1178680 4944
1185848 3917
1193047 4944
1221848 3917
1221858 1727
1229047 2754
1243480 1471
1259048 444
1261458 2635
1272247 3662
1293848 2635
1301047 3662
1308237 3458
1329848 2431
1338847 2534
1369448 2431
1376647 2534
1405448 2431
1412647 3458
1434237 3662
1441448 2635
1448647 3662
1479248 2635
1488247 3662
1518248 2635
1520637 2431
1531447 2534
1554848 2431
1560247 2534
1589048 2431
1596247 2534
137 events for L
335217 117965
335307 125479
336588 7514
336948 0
472887 3372
478068 0
498087 3372
506448 0
515487 3372
520848 0
543087 3372
546048 0
548965 3372
564766 0
704997 117965
705087 121337
706608 3372
706857 121337
708408 3372
708648 0
713440 117965
713530 121337
714871 3372
720700 121337
722071 3372
724291 0
734054 117965
734144 121337
735665 3372
739514 121337
741065 3372
741305 0
940887 3372
941757 121337
944508 3372
945357 121337
948048 3372
948948 0
955576 117965
955666 121337
957127 3372
957436 121337
958987 3372
962827 0
1310037 19661
1310127 25951
1311888 6290
1312677 25951
1314528 6290
1315068 0
1318377 19661
1318467 25951
1320228 6290
1321017 25951
1322868 6290
1323837 25951
1325688 6290
1326417 25951
1328268 6290
1329237 25951
1331088 6290
1331817 25951
1333668 6290
1334208 0
1338957 19661
1339047 25951
1340808 6290
1340937 25951
1342788 6290
1343157 25951
1345008 6290
1345137 25951
1346988 6290
1347357 25951
1349208 6290
1349337 25951
1351183 6290
1351188 0
1355268 117965
1355358 124709
1356819 6744
1371519 0
1375883 117965
1375973 124709
1377434 6744
1390214 0
1392297 117965
1392387 124709
1393848 6744
1406628 0
1542297 19661
1542387 25951
1544148 6290
1544277 25951
1546128 6290
1546497 25951
1548348 6290
1548477 25951
1550328 6290
1550697 25951
1552548 6290
1552677 25951
1554523 6290
1554528 0
1560477 19661
1560567 25951
1561428 6290
1561557 25951
1562508 6290
1562877 25951
1563828 6290
1564077 25951
1565028 6290
1565277 25951
1566228 6290
1566357 25951
1567308 6290
1567313 0
1568997 117965
1569087 124709
1570608 6744
1572613 0
1572657 117965
1574268 6744
1574328 0
1576465 117965
1576555 124709
1578076 6744
1581881 0
1581925 117965
1583536 6744
1588996 0
1596755 117965
1596845 124709
1598366 6744
1600371 0
1600415 117965
0 events for M

6 events for N
51775 0
52015 305
656215 0
656815 305
1261015 0
1261615 330
0 events for O

17 events for P
48895 700
48940 0
67055 600
67235 1300
307315 700
307360 0
326255 600
326375 1300
653875 700
653920 0
671675 1300
913474 0
930875 1300
1259074 0
1270475 1950
1518274 0
1529675 1950
66 events for Q
114917 3754
115637 0
117437 3754
121037 0
143717 3754
144437 0
146237 3754
149837 0
186017 3754
186737 0
188537 3754
192137 0
260717 3754
261437 0
263237 3754
266837 0
347117 1365
347297 0
349097 1365
349637 1979
364037 1365
364217 1979
378617 1365
379337 1979
393737 1365
393917 1979
408317 1365
409037 1979
423437 1365
423617 1979
438017 0
483917 665
516317 0
845957 3276
860957 0
875417 3754
876137 0
877937 3754
881537 0
893417 3754
894137 0
895937 3754
899537 0
963617 3754
964337 0
966137 3754
969737 0
985217 1365
985397 0
987197 1365
987737 2935
1002137 1365
1002317 2935
1016717 1365
1017437 2935
1031837 1365
1032017 2935
1046417 1365
1047137 2935
1061537 1365
1061717 2935
1076117 0
1433100 3276
1448100 0
1558596 665
1558597 0
0 events for R

