18 instruments
A 10 100 2312500 800000000
B 10 100 0 895660078.44187188
C 10 100 0 888000000
D 10 100 1517960000 4000000000
E 10 100 20805.899747385713 886615046.05336845
F 10 100 38499.176269411204 51488453.781630412
G 10 100 50290700 1600000000
H 10 100 20927.686835728317 891804836.74978614
I 10 100 157159.98672976866 607777468.940395
J 10 100 763800535.41096985 7041040280.2382517
K 10 100 177168740.44080633 781629408.46013641
L 10 100 1991925.5289842244 689098561.3783263
M 10 100 40530.039409419333 54204511.969197564
N 10 100 0.00018113117344584602 933503441.77673233
O 10 100 154000 595557000
P 10 100 6499613.0472409306 3333330256.035996
Q 10 100 0 276873309.16802311
R 10 100 1538660356.7547786 4054547831.9712734
100 downlinks
0 1 10745 17374.699861000001
1 26101 52892 57611.601310999999
2 53101 85181 59023.283414999998
3 85923 91673 55193.106121999997
4 95029 137146 25530.421285
5 137147 181342 29269.697155999998
6 181343 185433 16830.732371999999
7 198591 213258 28226.256141999998
8 215588 218139 60093.408818999997
9 258586 288285 58272.632834999997
10 288286 295560 61499.660580999996
11 309763 331060 28538.149495000001
12 344608 350430 18090.695755000001
13 353973 369185 23661.293665000001
14 371082 399036 28757.617953000001
15 399037 441333 56137.919716999997
16 442477 459371 23437.772314999998
17 474577 487217 55980.942202999999
18 500432 514284 60635.164006999999
19 517172 548099 23619.145155999999
20 568692 576958 53049.165158000003
21 579567 602726 23042.764167000001
22 602727 607179 53421.323553000002
23 610615 615295 23396.302264000002
24 618867 631771 22759.633384000001
25 655003 659602 53785.922146999997
26 670762 687216 23595.771228000001
27 689523 696180 17076.713232999999
28 699238 734361 24932.393585000002
29 734362 744585 29494.590024000001
30 747617 753489 55821.075068999999
31 756857 774146 22968.383259999999
32 775217 779398 57490.653299999998
33 797590 802650 25500.801521000001
34 844598 867984 24904.219582000002
35 871874 875942 26817.789122999999
36 888252 918315 30236.225505999999
37 921546 941937 64968.303881
38 948208 954537 18980.648960999999
39 958192 999158 26276.326033000001
40 1000251 1042535 30209.873796
41 1044512 1048774 26595.764298999999
42 1079341 1086321 25812.000550000001
43 1105736 1116995 26242.243616
44 1120496 1124215 60521.572561000001
45 1132136 1148929 25759.527445
46 1163636 1175894 62910.21802
47 1179291 1213077 62402.514213000002
48 1217154 1229819 26087.487331
49 1245831 1263312 30312.554313000001
50 1270726 1282358 61079.659066
51 1293226 1305116 18673.221132999999
52 1307986 1310891 64240.288658999998
53 1315628 1325204 31143.729536999999
54 1329668 1340095 31955.262932000001
55 1345508 1384542 32548.652656999999
56 1389797 1400036 26591.031461999999
57 1405720 1415560 31032.775088999999
58 1449398 1470337 26518.557602000001
59 1476119 1480671 27135.491309000001
60 1513415 1521372 30548.763144
61 1551818 1566150 61173.218094999997
62 1568909 1580120 25727.776897
63 1583382 1601886 60685.825332
64 1604457 1636001 31943.127114999999
65 1638204 1655657 26854.269729
66 1660282 1666292 60653.754335999998
67 1708598 1729609 25877.051024
68 1735092 1739910 26858.741764999999
69 1750699 1771020 30730.334417999999
70 1777093 1816087 64710.467042999997
71 1821416 1834203 26821.553663999999
72 1837693 1856925 30352.900559999998
73 1865686 1869542 62069.510897
74 1896788 1917678 24941.171042000002
75 1919348 1946349 64615.886477
76 1949731 1991912 29824.478802000001
77 1994069 1999309 25807.814231
78 2020382 2032128 30500.246913999999
79 2036050 2040401 63784.759174999999
80 2054198 2073852 26887.570243999999
81 2080396 2085512 26801.861517000001
82 2108592 2118294 30816.996993000001
83 2155671 2163168 30054.646581000001
84 2166725 2208691 25083.168038
85 2208692 2239897 31964.981436999999
86 2242065 2266750 26020.402946999999
87 2295014 2299518 65210.357319000002
88 2313398 2324922 26020.533994000001
89 2328160 2338577 25744.512599999998
90 2342468 2357315 62740.845427
91 2381337 2384723 59751.354583
92 2389208 2401938 26793.545150000002
93 2409488 2418650 25803.846627999999
94 2425712 2436900 25578.956714
95 2440654 2468218 37319.959895
96 2500648 2526778 26914.434292999998
97 2529508 2551227 37696.254029999996
98 2553984 2558736 40703.395508000001
99 2572598 2592467 25449.31221
0 opportunities for A
0 opportunities for B
0 opportunities for C
0 opportunities for D
0 opportunities for E
0 opportunities for F
0 opportunities for G
0 opportunities for H
0 opportunities for I
0 opportunities for J
0 opportunities for K
0 opportunities for L
0 opportunities for M
0 opportunities for N
0 opportunities for O
0 opportunities for P
0 opportunities for Q
0 opportunities for R
15 events for A
225997 0
237398 1950
485197 0
496598 1950
830797 0
830799 1944
1446998 1300
1694797 0
1706198 1300
2040397 0
2051798 1300
2299597 0
2310998 1300
2558797 0
2570198 1300
36 events for B
26057 1000
27057 0
75565 1000
76565 0
123896 1000
124896 0
170583 1000
171583 0
216746 1000
217746 0
261744 1000
262744 0
306449 1000
307449 0
351366 1000
352366 0
396550 1000
397550 0
442304 1000
443304 0
487639 1000
488639 0
531751 1000
532751 0
575610 1000
576610 0
619188 1000
620188 0
662424 1000
663424 0
705347 1000
706347 0
748175 1000
749175 0
791472 1000
792472 0
36 events for C
25812 1000
26812 0
75320 1000
76320 0
123651 1000
124651 0
170338 1000
171338 0
216501 1000
217501 0
261499 1000
262499 0
306204 1000
307204 0
351121 1000
352121 0
396305 1000
397305 0
442059 1000
443059 0
487394 1000
488394 0
531506 1000
532506 0
575365 1000
576365 0
618943 1000
619943 0
662179 1000
663179 0
705102 1000
706102 0
747930 1000
748930 0
791227 1000
792227 0
404 events for D
275087 19661
275177 25951
276938 6290
277727 25951
279578 6290
280118 0
283427 19661
283517 25951
285278 6290
286067 25951
287918 6290
288887 25951
290738 6290
291467 25951
293318 6290
294287 25951
296138 6290
296867 25951
298718 6290
299258 0
304007 19661
304097 25951
305858 6290
305987 25951
307838 6290
308207 25951
310058 6290
310187 25951
312038 6290
312407 25951
314258 6290
314387 25951
316233 6290
316238 0
320318 117965
320408 124709
321869 6744
336569 0
340933 117965
341023 124709
342484 6744
355264 0
357347 117965
357437 124709
358898 6744
371678 0
507347 19661
507437 25951
509198 6290
509327 25951
511178 6290
511547 25951
513398 6290
513527 25951
515378 6290
515747 25951
517598 6290
517727 25951
519573 6290
519578 0
525527 19661
525617 25951
526478 6290
526607 25951
527558 6290
527927 25951
528878 6290
529127 25951
530078 6290
530327 25951
531278 6290
531407 25951
532358 6290
532363 0
534047 117965
534137 124709
535658 6744
537663 0
537707 117965
539318 6744
539378 0
541515 117965
541605 124709
543126 6744
546931 0
546975 117965
548586 6744
554046 0
561805 117965
561895 124709
563416 6744
565421 0
565465 117965
567076 6744
572236 0
577984 6290
588745 0
598274 6290
609035 0
616606 6290
620167 0
858047 58982
860798 7514
864312 0
871461 58982
871551 66496
872892 7514
873201 66496
874632 7514
874881 66496
876312 7514
876561 66496
877992 7514
878241 66496
879672 7514
879682 0
924583 58982
924673 66496
926014 7514
926443 66496
927874 7514
928243 66496
929674 7514
930043 66496
931474 7514
931843 66496
933274 7514
933643 66496
935074 7514
935443 66496
936874 7514
937243 66496
938674 7514
939043 66496
940474 7514
940904 0
945090 58982
945180 66496
946521 7514
946950 66496
948381 7514
948750 66496
950181 7514
950550 66496
951981 7514
952350 66496
953781 7514
954150 66496
955581 7514
955950 66496
957381 7514
957750 66496
959181 7514
959311 0
961397 58982
961487 66496
962948 7514
963017 66496
964568 7514
964637 66496
966068 7514
966073 0
1009337 7514
1014518 0
1020308 7514
1032929 0
1035116 7514
1051337 0
1130087 58982
1130177 66496
1131518 7514
1131947 66496
1133378 7514
1133738 0
1134047 58982
1134137 66496
1135478 7514
1135727 66496
1137158 7514
1137467 66496
1138898 7514
1138903 0
1225247 58982
1225337 66496
1226678 7514
1226747 66496
1228178 7514
1228247 66496
1229678 7514
1229747 66496
1231178 7514
1231247 66496
1232678 7514
1232747 66496
1234178 7514
1234538 0
1238732 58982
1238822 66496
1240163 7514
1240592 66496
1242023 7514
1242392 66496
1243823 7514
1244192 58982
1245623 7514
1245992 66496
1247423 7514
1247792 58982
1249223 7514
1249592 66496
1251023 7514
1251212 66496
1252643 7514
1252648 0
1254745 58982
1254835 66496
1256176 7514
1256425 66496
1257856 7514
1258105 66496
1259536 7514
1259785 66496
1261216 7514
1261465 66496
1262896 7514
1263145 66496
1264576 7514
1264825 66496
1266256 7514
1266505 66496
1267936 7514
1268481 0
1458197 7514
1469163 0
1476407 58982
1476497 66496
1477218 7514
1477307 66496
1478118 7514
1478447 66496
1479258 7514
1479347 66496
1480158 7514
1480487 66496
1481298 7514
1481387 66496
1482198 7514
1482707 66496
1483518 7514
1483607 66496
1484418 7514
1484747 66496
1485558 7514
1485647 66496
1486458 7514
1486787 66496
1487598 7514
1487687 66496
1488498 7514
1488503 0
1492607 58982
1492697 65726
1497818 6744
1503467 65726
1508678 6744
1508798 0
1513076 58982
1513166 65726
1518287 6744
1520336 65726
1525547 6744
1525718 0
1527698 169032
1529018 45609
1529683 0
1714658 58982
1714748 66496
1716089 7514
1718318 66496
1719749 7514
1721918 66496
1723349 7514
1725518 66496
1726949 7514
1727318 66496
1728749 7514
1729109 0
1734868 58982
1734958 66496
1736299 7514
1736728 66496
1738159 7514
1738528 66496
1739959 7514
1740328 66496
1741759 7514
1742119 0
1743647 58982
1743737 65726
1746278 6744
1746347 65726
1748798 6744
1748803 0
1750879 58982
1750969 62354
1753510 3372
1754539 62354
1757170 3372
1758139 62354
1760770 3372
1761739 62354
1764370 3372
1766890 0
1771089 58982
1771179 62354
1773720 3372
1774749 62354
1777380 3372
1778349 62354
1780980 3372
1781949 62354
1784580 3372
1785000 0
1851931 58982
1852021 66496
1853362 7514
1853747 0
1853791 58982
1855222 7514
1855591 66496
1857022 7514
1857382 0
1859542 58982
1859632 66496
1860973 7514
1863202 66496
1864633 7514
1865002 66496
1866433 7514
1866802 66496
1868233 7514
1868602 66496
1870033 7514
1872202 66496
1873633 7514
1873993 0
1879752 58982
1879842 66496
1881183 7514
1883412 66496
1884843 7514
1885212 66496
1886643 7514
1887012 66496
1888443 7514
1890612 66496
1892043 7514
1892403 0
2062726 58982
2062816 65726
2064157 6744
2066386 65726
2067817 6744
2068186 65726
2069617 6744
2071786 65726
2073217 6744
2075386 65726
2076817 6744
2076912 0
2081061 58982
2081151 65726
2082432 6744
2082621 65726
2083992 6744
2084181 65726
2085552 6744
2085741 65726
2087112 6744
2087301 65726
2088672 6744
2088998 0
2117876 58982
2117965 248143
2118167 58982
2118326 65726
2119247 6744
2122616 65726
2123987 6744
2127296 65726
2128667 6744
2131727 0
2326847 235930
2326937 7514
2333978 6744
2335519 0
2339668 235930
2339758 242674
2346799 6744
2348340 0
2391990 7514
2392247 243444
2395898 7514
2407961 0
50 events for E
11333 47210957
11338 0
852288 4214960
852292 0
852718 4214960
852722 0
853458 4214960
853462 0
853888 4214960
853892 0
1219855 4214960
1219859 0
1220285 4214960
1220289 0
1221025 4214960
1221029 0
1221455 4214960
1221459 0
1457088 4214960
1457092 0
1457518 4214960
1457522 0
1458258 4214960
1458262 0
1458688 4214960
1458692 0
1824655 4214960
1824659 0
1825085 4214960
1825089 0
1825825 4214960
1825829 0
1826255 4214960
1826259 0
2061888 4214960
2061892 0
2062318 4214960
2062322 0
2063058 4214960
2063062 0
2063488 4214960
2063492 0
2429455 4214960
2429459 0
2429885 4214960
2429889 0
2430625 4214960
2430629 0
2431055 4214960
2431059 0
2 events for F
832416 0
832417 18
37 events for G
25494 487
29874 2414
58898 487
100472 2414
116500 487
120761 2414
145298 1285
246112 2414
247952 1285
253005 2414
262727 1285
266927 2414
274727 1285
382898 2414
410841 1285
415041 2414
426098 1285
452069 2414
483398 1285
496598 2414
506987 1285
614124 2414
615964 1285
620498 2414
630272 1285
634635 2414
663698 2057
830798 0
830799 2414
1435598 1772
1455605 2414
1457445 1772
1549941 2414
1612999 1772
1787151 2414
1851682 1772
2040398 2414
50 events for H
11762 47210957
11767 0
852717 4214960
852721 0
853147 4214960
853151 0
853887 4214960
853891 0
854317 4214960
854321 0
1220284 4214960
1220288 0
1220714 4214960
1220718 0
1221454 4214960
1221458 0
1221884 4214960
1221888 0
1457517 4214960
1457521 0
1457947 4214960
1457951 0
1458687 4214960
1458691 0
1459117 4214960
1459121 0
1825084 4214960
1825088 0
1825514 4214960
1825518 0
1826254 4214960
1826258 0
1826684 4214960
1826688 0
2062317 4214960
2062321 0
2062747 4214960
2062751 0
2063487 4214960
2063491 0
2063917 4214960
2063921 0
2429884 4214960
2429888 0
2430314 4214960
2430318 0
2431054 4214960
2431058 0
2431484 4214960
2431488 0
2 events for I
833879 0
833880 74
71 events for J
257083 67429102
257088 0
602683 42866846
602688 0
624283 36098616
624288 0
753883 15230225
753888 0
775483 42774218
775488 0
797083 51729687
797088 0
816989 67442760
816994 0
877136 51185344
877141 0
941936 36088368
941941 0
985136 46317017
985141 0
1049936 62132584
1049941 0
1136336 55765577
1136341 0
1201136 60879901
1201141 0
1287536 79077832
1287541 0
1309136 48576383
1309141 0
1373936 294648376
1373941 0
1395536 296678458
1395541 0
1417136 98892820
1417141 0
1546796 164236787
1546801 0
1633196 62903535
1633201 0
1654796 107834631
1654801 0
1913996 75634496
1914001 0
1935596 54224800
1935601 0
1957196 63262266
1957201 0
1978796 64391949
1978801 0
2038438 30501450
2038443 0
2129996 48936228
2130001 0
2324396 299009561
2324401 0
2324506 4498234
2324508 3748528
2324511 0
2324531 4815876
2324545 0
2345996 74179864
2346001 0
2367596 283378476
2367601 0
2433596 384982799
2433601 0
2518796 110156519
2518801 0
2561996 113081558
2562001 0
208 events for K
22991 240
31990 344
60791 240
66190 344
91390 1267
98580 1471
112991 444
123790 548
130990 1471
141801 1409
142101 1471
145401 3662
145423 4944
152591 3917
159790 4944
188591 3917
188601 1727
195790 2754
210223 1471
225791 444
228201 2635
238990 3662
260591 2635
267790 3662
274980 3458
296591 2431
305590 2534
336191 2431
343390 2534
372191 2431
379390 3458
400980 3662
408191 2635
415390 3662
445991 2635
454990 3662
484991 2635
487380 2431
498190 2534
521591 2431
526990 2534
555791 2431
562990 2534
591791 2431
598990 2534
629591 2431
636790 2534
638601 344
667391 240
674590 344
717791 240
728590 344
755591 240
764590 344
791591 240
800590 344
830591 240
830868 0
830869 240
832980 444
833961 382
834261 444
843790 548
865391 444
872590 548
903191 444
910390 548
919412 798
939191 695
946390 1722
966223 3004
976991 1977
982390 3004
1005812 2754
1012991 1727
1020190 2754
1050791 1727
1055841 1664
1056141 3917
1056190 4944
1089491 3917
1092141 1727
1106590 2754
1125491 1727
1131790 2754
1139023 1471
1160591 444
1167790 548
1198391 444
1203790 1471
1214241 1409
1214541 3662
1225423 4944
1232591 3917
1239790 4944
1264941 2754
1268591 1727
1275790 2754
1304591 1727
1311790 2754
1340591 1727
1347790 2754
1352961 2691
1353261 2754
1355023 1471
1362190 548
1378391 444
1385590 548
1414391 444
1419790 548
1435091 444
1448590 548
1470191 444
1477390 548
1507991 444
1513390 1471
1524180 1267
1524201 1205
1524501 3458
1527823 4740
1545791 3713
1551190 3817
1581791 3713
1583601 1523
1590790 1626
1610580 1830
1619591 1727
1624990 1830
1632212 2081
1635823 798
1653791 695
1657423 1977
1660990 3004
1678990 2081
1679023 798
1694291 695
1697001 632
1697012 382
1697301 444
1709590 548
1729391 444
1736590 548
1765391 444
1772590 548
1801391 444
1808590 548
1837391 444
1844590 548
1869801 485
1870101 548
1875191 444
1880590 548
1909391 444
1918390 548
1947191 444
1954390 548
1983191 444
1988590 548
2019191 444
2024623 1727
2026390 2754
2038991 1727
2042601 1664
2042901 1727
2046223 444
2053390 1471
2074991 444
2082190 1471
2112791 444
2118190 1471
2148791 444
2155990 1471
2186591 444
2191990 1471
2224391 444
2229790 1471
2258591 444
2265790 548
2299091 444
2301441 382
2301741 2635
2301812 2885
2305423 4168
2312590 5195
2334191 4168
2341390 5195
2370191 4168
2377390 5195
2388212 4944
2407991 3917
2413390 4944
2443991 3917
2449390 4944
2453061 2754
2479991 1727
2485390 2754
2496212 3004
2515991 1977
2521390 3004
2557391 1977
2560941 1915
2561012 1664
2561241 3917
2566941 1727
2571790 2754
2586223 1471
2588891 444
2593390 1471
15 events for L
229521 0
240922 1950
488721 0
500122 1950
834321 0
834323 1944
1450522 1300
1698321 0
1709722 1300
2043921 0
2055322 1300
2303121 0
2314522 1300
2562321 0
2573722 1300
2 events for M
833166 0
833167 18
320 events for N
8087 12910592
8088 0
17567 12910592
17568 0
24767 12910592
24768 0
37367 12910592
37368 0
42767 12910592
42768 0
51167 12910592
51168 0
58967 12910592
58968 0
62567 12910592
62568 0
73367 12910592
73368 0
78767 12910592
78768 0
89567 12910592
89568 0
96767 12910592
96768 0
105949 12910592
105950 0
114707 12910592
114708 0
126679 12910592
126680 0
133067 12910592
133068 0
145367 12910592
145368 0
150767 12910592
150768 0
161111 12910592
161112 0
166754 12910592
166755 0
172399 12910592
172400 0
175967 12910592
175968 0
183145 12910592
183146 0
190588 12910592
190589 0
200567 12910592
200568 0
205967 12910592
205968 0
242867 12910592
242868 0
285767 12910592
285768 0
293312 12910592
293313 0
300810 12910592
300811 0
310967 12910592
310968 0
315768 12910592
315769 0
322838 12910592
322839 0
330445 12910592
330446 0
337969 12910592
337970 0
346967 12910592
346968 0
355367 12910592
355368 0
361369 12910592
361370 0
370367 12910592
370368 0
381767 12910592
381768 0
389567 12910592
389568 0
399467 12910592
399468 0
408647 12910592
408648 0
421907 12910592
421908 0
429767 12910592
429768 0
435169 12910592
435170 0
442367 12910592
442368 0
458329 12910592
458330 0
464267 12910592
464268 0
471647 12910592
471648 0
477347 12910592
477348 0
484187 12910592
484188 0
502607 12910592
502608 0
507656 12910592
507657 0
512567 12910592
512568 0
518089 12910592
518090 0
530567 12910592
530568 0
538969 12910592
538970 0
550367 12910592
550368 0
557567 12910592
557568 0
568367 12910592
568368 0
574667 12910592
574668 0
580414 12910592
580415 0
587859 12910592
587860 0
594767 12910592
594768 0
604368 12910592
604369 0
611567 12910592
611568 0
625968 12910592
625969 0
640367 12910592
640368 0
647567 12910592
647568 0
654767 12910592
654768 0
661367 12910592
661368 0
667367 12910592
667368 0
674962 12910592
674963 0
680606 12910592
680607 0
692568 12910592
692569 0
701567 12910592
701568 0
712368 12910592
712369 0
719567 12910592
719568 0
732167 12910592
732168 0
737567 12910592
737568 0
745967 12910592
745968 0
749869 12910592
749870 0
753467 12910592
753468 0
768527 12910592
768528 0
772249 12910592
772250 0
784727 12910592
784728 0
788327 12910592
788328 0
804167 12910592
804168 0
811367 12910592
811368 0
820367 12910592
820368 0
827567 12910592
827568 0
856369 26897
856849 0
867169 26897
867649 0
964368 26897
964848 0
975169 26897
975649 0
996769 26897
997249 0
1013803 26897
1014283 0
1023168 26897
1023648 0
1034247 26897
1034727 0
1051968 26897
1052448 0
1108368 26897
1108848 0
1120369 26897
1120849 0
1143217 26897
1143697 0
1185169 26897
1185649 0
1206769 26897
1207249 0
1287469 26897
1287949 0
1307569 26897
1308049 0
1497169 26897
1497649 0
1518769 26897
1519249 0
1630969 26897
1631449 0
1651969 26897
1652449 0
1757569 26897
1758049 0
1775569 26897
1776049 0
1870669 26897
1871149 0
1898629 26897
1899109 0
1919995 26897
1920475 0
1985510 26897
1985990 0
2099891 26897
2100371 0
2102568 26897
2103048 0
2107968 26897
2108448 0
2111568 26897
2112048 0
2121899 26897
2122379 0
2126032 26897
2126512 0
2129632 26897
2130112 0
2132868 26897
2133348 0
2178170 26897
2178650 0
2182968 26897
2183448 0
2188128 26897
2188608 0
2196168 26897
2196648 0
2200850 26897
2201330 0
2205506 26897
2205986 0
2211138 26897
2211618 0
2216567 26897
2217047 0
2219568 26897
2220048 0
2269156 26897
2269636 0
2274768 26897
2275248 0
2280661 26897
2281141 0
2285568 26897
2286048 0
2291516 26897
2291996 0
2299068 26897
2299548 0
2329368 26897
2329848 0
2336569 26897
2337049 0
2344968 26897
2345448 0
2349768 26897
2350248 0
2358769 26897
2359249 0
2369688 26897
2370168 0
2384568 26897
2385048 0
2389367 26897
2389847 0
2394421 26897
2394901 0
2424290 26897
2424770 0
2427168 26897
2427648 0
2433181 26897
2433661 0
2438581 26897
2439061 0
2443983 26897
2444463 0
2454777 26897
2455257 0
2463563 26897
2464043 0
2471315 26897
2471795 0
2477570 26897
2478050 0
2481675 26897
2482155 0
2 events for O
830798 0
830799 74
2 events for P
832658 0
832659 2650
0 events for Q

404 events for R
276960 19661
277050 25951
278811 6290
279600 25951
281451 6290
281991 0
285300 19661
285390 25951
287151 6290
287940 25951
289791 6290
290760 25951
292611 6290
293340 25951
295191 6290
296160 25951
298011 6290
298740 25951
300591 6290
301131 0
305880 19661
305970 25951
307731 6290
307860 25951
309711 6290
310080 25951
311931 6290
312060 25951
313911 6290
314280 25951
316131 6290
316260 25951
318106 6290
318111 0
322191 117965
322281 124709
323742 6744
338442 0
342806 117965
342896 124709
344357 6744
357137 0
359220 117965
359310 124709
360771 6744
373551 0
509220 19661
509310 25951
511071 6290
511200 25951
513051 6290
513420 25951
515271 6290
515400 25951
517251 6290
517620 25951
519471 6290
519600 25951
521446 6290
521451 0
527400 19661
527490 25951
528351 6290
528480 25951
529431 6290
529800 25951
530751 6290
531000 25951
531951 6290
532200 25951
533151 6290
533280 25951
534231 6290
534236 0
535920 117965
536010 124709
537531 6744
539536 0
539580 117965
541191 6744
541251 0
543388 117965
543478 124709
544999 6744
548804 0
548848 117965
550459 6744
555919 0
563678 117965
563768 124709
565289 6744
567294 0
567338 117965
568949 6744
574109 0
579857 6290
590618 0
600147 6290
610908 0
618479 6290
622040 0
859920 58982
862671 7514
866185 0
873334 58982
873424 66496
874765 7514
875074 66496
876505 7514
876754 66496
878185 7514
878434 66496
879865 7514
880114 66496
881545 7514
881555 0
926456 58982
926546 66496
927887 7514
928316 66496
929747 7514
930116 66496
931547 7514
931916 66496
933347 7514
933716 66496
935147 7514
935516 66496
936947 7514
937316 66496
938747 7514
939116 66496
940547 7514
940916 66496
942347 7514
942777 0
946963 58982
947053 66496
948394 7514
948823 66496
950254 7514
950623 66496
952054 7514
952423 66496
953854 7514
954223 66496
955654 7514
956023 66496
957454 7514
957823 66496
959254 7514
959623 66496
961054 7514
961184 0
963270 58982
963360 66496
964821 7514
964890 66496
966441 7514
966510 66496
967941 7514
967946 0
1011210 7514
1016391 0
1022181 7514
1034802 0
1036989 7514
1053210 0
1131960 58982
1132050 66496
1133391 7514
1133820 66496
1135251 7514
1135611 0
1135920 58982
1136010 66496
1137351 7514
1137600 66496
1139031 7514
1139340 66496
1140771 7514
1140776 0
1227120 58982
1227210 66496
1228551 7514
1228620 66496
1230051 7514
1230120 66496
1231551 7514
1231620 66496
1233051 7514
1233120 66496
1234551 7514
1234620 66496
1236051 7514
1236411 0
1240605 58982
1240695 66496
1242036 7514
1242465 66496
1243896 7514
1244265 66496
1245696 7514
1246065 58982
1247496 7514
1247865 66496
1249296 7514
1249665 58982
1251096 7514
1251465 66496
1252896 7514
1253085 66496
1254516 7514
1254521 0
1256618 58982
1256708 66496
1258049 7514
1258298 66496
1259729 7514
1259978 66496
1261409 7514
1261658 66496
1263089 7514
1263338 66496
1264769 7514
1265018 66496
1266449 7514
1266698 66496
1268129 7514
1268378 66496
1269809 7514
1270354 0
1460070 7514
1471036 0
1478280 58982
1478370 66496
1479091 7514
1479180 66496
1479991 7514
1480320 66496
1481131 7514
1481220 66496
1482031 7514
1482360 66496
1483171 7514
1483260 66496
1484071 7514
1484580 66496
1485391 7514
1485480 66496
1486291 7514
1486620 66496
1487431 7514
1487520 66496
1488331 7514
1488660 66496
1489471 7514
1489560 66496
1490371 7514
1490376 0
1494480 58982
1494570 65726
1499691 6744
1505340 65726
1510551 6744
1510671 0
1514949 58982
1515039 65726
1520160 6744
1522209 65726
1527420 6744
1527591 0
1529571 169032
1530891 45609
1531556 0
1716531 58982
1716621 66496
1717962 7514
1720191 66496
1721622 7514
1723791 66496
1725222 7514
1727391 66496
1728822 7514
1729191 66496
1730622 7514
1730982 0
1736741 58982
1736831 66496
1738172 7514
1738601 66496
1740032 7514
1740401 66496
1741832 7514
1742201 66496
1743632 7514
1743992 0
1745520 58982
1745610 65726
1748151 6744
1748220 65726
1750671 6744
1750676 0
1752752 58982
1752842 62354
1755383 3372
1756412 62354
1759043 3372
1760012 62354
1762643 3372
1763612 62354
1766243 3372
1768763 0
1772962 58982
1773052 62354
1775593 3372
1776622 62354
1779253 3372
1780222 62354
1782853 3372
1783822 62354
1786453 3372
1786873 0
1853804 58982
1853894 66496
1855235 7514
1855620 0
1855664 58982
1857095 7514
1857464 66496
1858895 7514
1859255 0
1861415 58982
1861505 66496
1862846 7514
1865075 66496
1866506 7514
1866875 66496
1868306 7514
1868675 66496
1870106 7514
1870475 66496
1871906 7514
1874075 66496
1875506 7514
1875866 0
1881625 58982
1881715 66496
1883056 7514
1885285 66496
1886716 7514
1887085 66496
1888516 7514
1888885 66496
1890316 7514
1892485 66496
1893916 7514
1894276 0
2064599 58982
2064689 65726
2066030 6744
2068259 65726
2069690 6744
2070059 65726
2071490 6744
2073659 65726
2075090 6744
2077259 65726
2078690 6744
2078785 0
2082934 58982
2083024 65726
2084305 6744
2084494 65726
2085865 6744
2086054 65726
2087425 6744
2087614 65726
2088985 6744
2089174 65726
2090545 6744
2090871 0
2119749 58982
2119838 248143
2120040 58982
2120199 65726
2121120 6744
2124489 65726
2125860 6744
2129169 65726
2130540 6744
2133600 0
2328720 235930
2328810 7514
2335851 6744
2337392 0
2341541 235930
2341631 242674
2348672 6744
2350213 0
2393863 7514
2394120 243444
2397771 7514
2409834 0
