18 instruments
A 10 100 4367744.2331614867 2240000119.5770016
B 10 100 154000 595557000
C 10 100 22090 160000000
D 10 100 0 296462475.07613176
E 10 100 50290700 1600000000
F 10 100 2312500 800000000
G 10 100 2022727.6804039259 699754440.78838515
H 10 100 0.000155227 800000000
I 10 100 8192 3200000000
J 10 100 22528 960000000
K 10 100 192158478.34180248 847760826.1096437
L 10 100 6499613.0472409306 3333330256.035996
M 10 100 45126217.813212499 1435691857.5629289
N 10 100 141644.34804627756 547774564.8662138
O 10 100 0 938631764.34521866
P 10 100 309096.09667920991 262843801.48639998
Q 10 100 1289849390.9659207 3398902187.0561032
R 10 100 38499.176269411204 51488453.781630412
60 downlinks
0 1093 43377 30209.873796
1 45354 49616 26595.764298999999
2 80183 87163 25812.000550000001
3 106578 117837 26242.243616
4 121338 125057 60521.572561000001
5 132978 149771 25759.527445
6 164478 176736 62910.21802
7 180133 213919 62402.514213000002
8 217996 230661 26087.487331
9 246673 264154 30312.554313000001
10 271568 283200 61079.659066
11 294068 305958 18673.221132999999
12 308828 311733 64240.288658999998
13 316470 326046 31143.729536999999
14 330510 340937 31955.262932000001
15 346350 385384 32548.652656999999
16 390639 400878 26591.031461999999
17 406562 416402 31032.775088999999
18 450240 471179 26518.557602000001
19 476961 481513 27135.491309000001
20 514257 522214 30548.763144
21 552660 566992 61173.218094999997
22 569751 580962 25727.776897
23 584224 602728 60685.825332
24 605299 636843 31943.127114999999
25 639046 656499 26854.269729
26 661124 667134 60653.754335999998
27 709440 730451 25877.051024
28 735934 740752 26858.741764999999
29 751541 771862 30730.334417999999
30 777935 816929 64710.467042999997
31 822258 835045 26821.553663999999
32 838535 857767 30352.900559999998
33 866528 870384 62069.510897
34 897630 918520 24941.171042000002
35 920190 947191 64615.886477
36 950573 992754 29824.478802000001
37 994911 1000151 25807.814231
38 1021224 1032970 30500.246913999999
39 1036892 1041243 63784.759174999999
40 1055040 1074694 26887.570243999999
41 1081238 1086354 26801.861517000001
42 1109434 1119136 30816.996993000001
43 1156513 1164010 30054.646581000001
44 1167567 1209533 25083.168038
45 1209534 1240739 31964.981436999999
46 1242907 1267592 26020.402946999999
47 1295856 1300360 65210.357319000002
48 1314240 1325764 26020.533994000001
49 1329002 1339419 25744.512599999998
50 1343310 1358157 62740.845427
51 1382179 1385565 59751.354583
52 1390050 1402780 26793.545150000002
53 1410330 1419492 25803.846627999999
54 1426554 1437742 25578.956714
55 1441496 1469060 37319.959895
56 1501490 1527620 26914.434292999998
57 1530350 1552069 37696.254029999996
58 1554826 1559578 40703.395508000001
59 1573440 1593309 25449.31221
0 opportunities for A
0 opportunities for B
0 opportunities for C
0 opportunities for D
0 opportunities for E
0 opportunities for F
0 opportunities for G
0 opportunities for H
0 opportunities for I
0 opportunities for J
0 opportunities for K
0 opportunities for L
0 opportunities for M
0 opportunities for N
0 opportunities for O
0 opportunities for P
0 opportunities for Q
0 opportunities for R
0 events for A

0 events for B

134 events for C
9180 0
10140 906
15228 0
21411 906
33638 0
35919 906
52046 0
58226 906
69905 0
72462 906
88315 0
104340 906
108060 0
110751 906
126581 0
132761 906
139560 0
140040 906
144360 0
146473 906
152898 0
153900 906
162554 0
168982 906
180722 0
183540 1714
198840 0
205383 1714
217083 0
221686 1714
225180 0
225345 906
235200 0
241424 906
253351 0
255638 906
269160 0
269640 1714
270676 0
277645 1714
279025 0
280140 1714
281139 0
281940 1714
282420 0
282810 1714
283410 0
284780 1714
287307 0
291340 906
292080 1714
307260 0
400679 906
401599 593
415520 0
422589 593
433630 0
492760 906
509460 0
515769 906
527996 0
552583 906
553333 0
626211 906
636531 0
639979 906
656439 0
678687 1500
684502 0
686150 1500
691795 0
751032 906
767602 0
773782 906
785713 0
852780 906
858044 0
859695 906
874655 0
882445 906
894436 0
897000 906
912360 0
918666 906
930360 0
932200 906
948707 0
954887 906
966600 0
969240 906
984900 0
991108 906
1003344 0
1097521 906
1112760 0
1120569 906
1132796 0
1137240 215
1148660 0
1176540 906
1187760 0
1194197 906
1206120 0
1208940 906
1219560 0
1267826 906
1280053 0
1281593 906
1298460 0
1327740 906
1336311 0
1342961 906
1349040 0
1356100 906
1361044 0
1364090 906
1372260 0
1378582 906
1390273 0
1392793 906
1405323 0
1414803 906
1426734 0
1430422 906
1444844 0
1451024 906
1462955 0
1465235 906
1481065 0
1503300 906
1504040 1500
1510045 0
1523653 1500
1529658 0
0 events for D

8 events for E
436440 1772
456447 2414
458287 1772
550783 2414
613841 1772
787993 2414
852524 1772
1041240 2414
9 events for F
447840 1300
695639 0
707040 1300
1041239 0
1052640 1300
1300439 0
1311840 1300
1559639 0
1571040 1300
9 events for G
450294 1300
698093 0
709494 1300
1043693 0
1055094 1300
1302893 0
1314294 1300
1562093 0
1573494 1300
126 events for H
12776 26897
13256 0
22141 26897
22621 0
33220 26897
33700 0
50941 26897
51421 0
107341 26897
107821 0
119342 26897
119822 0
142190 26897
142670 0
184142 26897
184622 0
205742 26897
206222 0
286442 26897
286922 0
306542 26897
307022 0
496142 26897
496622 0
517742 26897
518222 0
629942 26897
630422 0
650942 26897
651422 0
756542 26897
757022 0
774542 26897
775022 0
869642 26897
870122 0
897602 26897
898082 0
918968 26897
919448 0
984483 26897
984963 0
1098864 26897
1099344 0
1101541 26897
1102021 0
1106941 26897
1107421 0
1110541 26897
1111021 0
1120872 26897
1121352 0
1125005 26897
1125485 0
1128605 26897
1129085 0
1131841 26897
1132321 0
1177143 26897
1177623 0
1181941 26897
1182421 0
1187101 26897
1187581 0
1195141 26897
1195621 0
1199823 26897
1200303 0
1204479 26897
1204959 0
1210111 26897
1210591 0
1215540 26897
1216020 0
1218541 26897
1219021 0
1268129 26897
1268609 0
1273741 26897
1274221 0
1279634 26897
1280114 0
1284541 26897
1285021 0
1290489 26897
1290969 0
1298041 26897
1298521 0
1328341 26897
1328821 0
1335542 26897
1336022 0
1343941 26897
1344421 0
1348741 26897
1349221 0
1357742 26897
1358222 0
1368661 26897
1369141 0
1383541 26897
1384021 0
1388340 26897
1388820 0
1393394 26897
1393874 0
1423263 26897
1423743 0
1426141 26897
1426621 0
1432154 26897
1432634 0
1437554 26897
1438034 0
1442956 26897
1443436 0
1453750 26897
1454230 0
1462536 26897
1463016 0
1470288 26897
1470768 0
1476543 26897
1477023 0
1480648 26897
1481128 0
696 events for I
15951 215177
16011 0
16211 215177
16271 0
16791 215177
16851 0
17051 215177
17111 0
34359 215177
34419 0
34619 215177
34679 0
35199 215177
35259 0
35459 215177
35519 0
52766 215177
52826 0
53026 215177
53086 0
53606 215177
53666 0
53866 215177
53926 0
71173 215177
71233 0
71433 215177
71493 0
72013 215177
72073 0
72273 215177
72333 0
89580 215177
89640 0
89840 215177
89900 0
90420 215177
90480 0
90680 215177
90740 0
109191 215177
109251 0
109451 215177
109511 0
110031 215177
110091 0
110291 215177
110351 0
127301 215177
127361 0
127561 215177
127621 0
128141 215177
128201 0
128401 215177
128461 0
145412 215177
145472 0
145672 215177
145732 0
146252 215177
146312 0
146512 215177
146572 0
163522 215177
163582 0
163782 215177
163842 0
164362 215177
164422 0
164622 215177
164682 0
181633 215177
181693 0
181893 215177
181953 0
182473 215177
182533 0
182733 215177
182793 0
199743 215177
199803 0
200003 215177
200063 0
200583 215177
200643 0
200843 215177
200903 0
217854 215177
217914 0
218084 215177
218144 0
218624 215177
218684 0
218854 215177
218914 0
235964 215177
236024 0
236224 215177
236284 0
236804 215177
236864 0
237064 215177
237124 0
254075 215177
254135 0
254335 215177
254395 0
254915 215177
254975 0
255175 215177
255235 0
272185 215177
272245 0
272445 215177
272505 0
273025 215177
273085 0
273285 215177
273345 0
290296 215177
290356 0
290556 215177
290616 0
291136 215177
291196 0
291396 215177
291456 0
308406 215177
308466 0
308666 215177
308726 0
309246 215177
309306 0
309506 215177
309566 0
326517 215177
326577 0
326777 215177
326837 0
327357 215177
327417 0
327617 215177
327677 0
344627 215177
344687 0
344887 215177
344947 0
345467 215177
345527 0
345727 215177
345787 0
362738 215177
362798 0
362998 215177
363058 0
363578 215177
363638 0
363838 215177
363898 0
380848 215177
380908 0
381108 215177
381168 0
381688 215177
381748 0
381948 215177
382008 0
398959 215177
399019 0
399219 215177
399279 0
399799 215177
399859 0
400059 215177
400119 0
417069 215177
417129 0
417329 215177
417389 0
417909 215177
417969 0
418169 215177
418229 0
435180 215177
435240 0
435440 215177
435500 0
436020 215177
436080 0
436280 215177
436340 0
455087 215177
455147 0
455317 215177
455377 0
455857 215177
455917 0
456087 215177
456147 0
473494 215177
473554 0
473754 215177
473814 0
474334 215177
474394 0
474594 215177
474654 0
491901 215177
491961 0
492161 215177
492221 0
492741 215177
492801 0
493001 215177
493061 0
510309 215177
510369 0
510569 215177
510629 0
511149 215177
511209 0
511409 215177
511469 0
528716 215177
528776 0
528976 215177
529036 0
529556 215177
529616 0
529816 215177
529876 0
547123 215177
547183 0
547383 215177
547443 0
547963 215177
548023 0
548223 215177
548283 0
565530 215177
565590 0
565790 215177
565850 0
566370 215177
566430 0
566630 215177
566690 0
583937 215177
583997 0
584197 215177
584257 0
584777 215177
584837 0
585037 215177
585097 0
602344 215177
602404 0
602604 215177
602664 0
603184 215177
603244 0
603444 215177
603504 0
620751 215177
620811 0
621011 215177
621071 0
621591 215177
621651 0
621851 215177
621911 0
639159 215177
639219 0
639419 215177
639479 0
639999 215177
640059 0
640259 215177
640319 0
657566 215177
657626 0
657826 215177
657886 0
658406 215177
658466 0
658666 215177
658726 0
675973 215177
676033 0
676233 215177
676293 0
676813 215177
676873 0
677073 215177
677133 0
694380 215177
694440 0
694640 215177
694700 0
695220 215177
695280 0
695480 215177
695540 0
713991 215177
714051 0
714251 215177
714311 0
714831 215177
714891 0
715091 215177
715151 0
732101 215177
732161 0
732361 215177
732421 0
732941 215177
733001 0
733201 215177
733261 0
750212 215177
750272 0
750472 215177
750532 0
751052 215177
751112 0
751312 215177
751372 0
768322 215177
768382 0
768582 215177
768642 0
769162 215177
769222 0
769422 215177
769482 0
786433 215177
786493 0
786693 215177
786753 0
787273 215177
787333 0
787533 215177
787593 0
804543 215177
804603 0
804803 215177
804863 0
805383 215177
805443 0
805643 215177
805703 0
822654 215177
822714 0
822884 215177
822944 0
823424 215177
823484 0
823654 215177
823714 0
840764 215177
840824 0
841024 215177
841084 0
841604 215177
841664 0
841864 215177
841924 0
858875 215177
858935 0
859135 215177
859195 0
859715 215177
859775 0
859975 215177
860035 0
876985 215177
877045 0
877245 215177
877305 0
877825 215177
877885 0
878085 215177
878145 0
895096 215177
895156 0
895356 215177
895416 0
895936 215177
895996 0
896196 215177
896256 0
913206 215177
913266 0
913466 215177
913526 0
914046 215177
914106 0
914306 215177
914366 0
931317 215177
931377 0
931577 215177
931637 0
932157 215177
932217 0
932417 215177
932477 0
949427 215177
949487 0
949687 215177
949747 0
950267 215177
950327 0
950527 215177
950587 0
967538 215177
967598 0
967798 215177
967858 0
968378 215177
968438 0
968638 215177
968698 0
985648 215177
985708 0
985908 215177
985968 0
986488 215177
986548 0
986748 215177
986808 0
1003759 215177
1003819 0
1004019 215177
1004079 0
1004599 215177
1004659 0
1004859 215177
1004919 0
1021869 215177
1021929 0
1022129 215177
1022189 0
1022709 215177
1022769 0
1022969 215177
1023029 0
1039980 215177
1040040 0
1040240 215177
1040300 0
1040820 215177
1040880 0
1041080 215177
1041140 0
1059887 215177
1059947 0
1060117 215177
1060177 0
1060657 215177
1060717 0
1060887 215177
1060947 0
1078294 215177
1078354 0
1078554 215177
1078614 0
1079134 215177
1079194 0
1079394 215177
1079454 0
1096701 215177
1096761 0
1096961 215177
1097021 0
1097541 215177
1097601 0
1097801 215177
1097861 0
1115109 215177
1115169 0
1115369 215177
1115429 0
1115949 215177
1116009 0
1116209 215177
1116269 0
1133516 215177
1133576 0
1133776 215177
1133836 0
1134356 215177
1134416 0
1134616 215177
1134676 0
1151923 215177
1151983 0
1152183 215177
1152243 0
1152763 215177
1152823 0
1153023 215177
1153083 0
1170330 215177
1170390 0
1170590 215177
1170650 0
1171170 215177
1171230 0
1171430 215177
1171490 0
1188737 215177
1188797 0
1188997 215177
1189057 0
1189577 215177
1189637 0
1189837 215177
1189897 0
1207144 215177
1207204 0
1207404 215177
1207464 0
1207984 215177
1208044 0
1208244 215177
1208304 0
1225551 215177
1225611 0
1225811 215177
1225871 0
1226391 215177
1226451 0
1226651 215177
1226711 0
1243959 215177
1244019 0
1244219 215177
1244279 0
1244799 215177
1244859 0
1245059 215177
1245119 0
1262366 215177
1262426 0
1262626 215177
1262686 0
1263206 215177
1263266 0
1263466 215177
1263526 0
1280773 215177
1280833 0
1281033 215177
1281093 0
1281613 215177
1281673 0
1281873 215177
1281933 0
1299180 215177
1299240 0
1299440 215177
1299500 0
1300020 215177
1300080 0
1300280 215177
1300340 0
1318791 215177
1318851 0
1319051 215177
1319111 0
1319631 215177
1319691 0
1319891 215177
1319951 0
1336901 215177
1336961 0
1337161 215177
1337221 0
1337741 215177
1337801 0
1338001 215177
1338061 0
1355012 215177
1355072 0
1355272 215177
1355332 0
1355852 215177
1355912 0
1356112 215177
1356172 0
1373122 215177
1373182 0
1373382 215177
1373442 0
1373962 215177
1374022 0
1374222 215177
1374282 0
1391233 215177
1391293 0
1391493 215177
1391553 0
1392073 215177
1392133 0
1392333 215177
1392393 0
1409343 215177
1409403 0
1409603 215177
1409663 0
1410183 215177
1410243 0
1410443 215177
1410503 0
1427454 215177
1427514 0
1427684 215177
1427744 0
1428224 215177
1428284 0
1428454 215177
1428514 0
1445564 215177
1445624 0
1445824 215177
1445884 0
1446404 215177
1446464 0
1446664 215177
1446724 0
1463675 215177
1463735 0
1463935 215177
1463995 0
1464515 215177
1464575 0
1464775 215177
1464835 0
1481785 215177
1481845 0
1482045 215177
1482105 0
1482625 215177
1482685 0
1482885 215177
1482945 0
1499896 215177
1499956 0
1500156 215177
1500216 0
1500736 215177
1500796 0
1500996 215177
1501056 0
1518006 215177
1518066 0
1518266 215177
1518326 0
1518846 215177
1518906 0
1519106 215177
1519166 0
1536117 215177
1536177 0
1536377 215177
1536437 0
1536957 215177
1537017 0
1537217 215177
1537277 0
1554227 215177
1554287 0
1554487 215177
1554547 0
1555067 215177
1555127 0
1555327 215177
1555387 0
1571280 215177
1571340 0
1571540 215177
1571600 0
1572120 215177
1572180 0
1572380 215177
1572440 0
1590448 215177
1590508 0
1590708 215177
1590768 0
1591288 215177
1591348 0
1591548 215177
1591608 0
40 events for J
219424 4214960
219428 0
219854 4214960
219858 0
220594 4214960
220598 0
221024 4214960
221028 0
456657 4214960
456661 0
457087 4214960
457091 0
457827 4214960
457831 0
458257 4214960
458261 0
824224 4214960
824228 0
824654 4214960
824658 0
825394 4214960
825398 0
825824 4214960
825828 0
1061457 4214960
1061461 0
1061887 4214960
1061891 0
1062627 4214960
1062631 0
1063057 4214960
1063061 0
1429024 4214960
1429028 0
1429454 4214960
1429458 0
1430194 4214960
1430198 0
1430624 4214960
1430628 0
135 events for K
7595 2754
14774 1727
21973 2754
52574 1727
57624 1664
57924 3917
57973 4944
91274 3917
93924 1727
108373 2754
127274 1727
133573 2754
140806 1471
162374 444
169573 548
200174 444
205573 1471
216024 1409
216324 3662
227206 4944
234374 3917
241573 4944
266724 2754
270374 1727
277573 2754
306374 1727
313573 2754
342374 1727
349573 2754
354744 2691
355044 2754
356806 1471
363973 548
380174 444
387373 548
416174 444
421573 548
436874 444
450373 548
471974 444
479173 548
509774 444
515173 1471
525963 1267
525984 1205
526284 3458
529606 4740
547574 3713
552973 3817
583574 3713
585384 1523
592573 1626
612363 1830
621374 1727
626773 1830
633995 2081
637606 798
655574 695
659206 1977
662773 3004
680773 2081
680806 798
696074 695
698784 632
698795 382
699084 444
711373 548
731174 444
738373 548
767174 444
774373 548
803174 444
810373 548
839174 444
846373 548
871584 485
871884 548
876974 444
882373 548
911174 444
920173 548
948974 444
956173 548
984974 444
990373 548
1020974 444
1026406 1727
1028173 2754
1040774 1727
1044384 1664
1044684 1727
1048006 444
1055173 1471
1076774 444
1083973 1471
1114574 444
1119973 1471
1150574 444
1157773 1471
1188374 444
1193773 1471
1226174 444
1231573 1471
1260374 444
1267573 548
1300874 444
1303224 382
1303524 2635
1303595 2885
1307206 4168
1314373 5195
1335974 4168
1343173 5195
1371974 4168
1379173 5195
1389995 4944
1409774 3917
1415173 4944
1445774 3917
1451173 4944
1454844 2754
1481774 1727
1487173 2754
1497995 3004
1517774 1977
1523173 3004
1559174 1977
1562724 1915
1562795 1664
1563024 3917
1568724 1727
1573573 2754
1588006 1471
1590674 444
1595173 1471
0 events for L

8 events for M
436844 1772
456851 2414
458691 1772
551187 2414
614245 1772
788397 2414
852928 1772
1041644 2414
0 events for N

0 events for O

39 events for P
33570 28
33870 0
34530 20
34710 0
36870 20
37050 0
37110 201
64050 28
64350 0
64410 20
64590 203
90630 0
102990 20
103170 0
105330 20
105510 0
105570 36
124650 0
125310 20
125490 0
127650 20
127830 0
127890 36
146970 0
147630 20
147810 0
149970 20
150150 0
150210 36
179430 0
375390 20
375570 0
377730 20
377910 0
377970 12
436230 0
436530 330
1040730 0
1041330 330
242 events for Q
13610 7514
18791 0
24581 7514
37202 0
39389 7514
55610 0
134360 58982
134450 66496
135791 7514
136220 66496
137651 7514
138011 0
138320 58982
138410 66496
139751 7514
140000 66496
141431 7514
141740 66496
143171 7514
143176 0
229520 58982
229610 66496
230951 7514
231020 66496
232451 7514
232520 66496
233951 7514
234020 66496
235451 7514
235520 66496
236951 7514
237020 66496
238451 7514
238811 0
243005 58982
243095 66496
244436 7514
244865 66496
246296 7514
246665 66496
248096 7514
248465 58982
249896 7514
250265 66496
251696 7514
252065 58982
253496 7514
253865 66496
255296 7514
255485 66496
256916 7514
256921 0
259018 58982
259108 66496
260449 7514
260698 66496
262129 7514
262378 66496
263809 7514
264058 66496
265489 7514
265738 66496
267169 7514
267418 66496
268849 7514
269098 66496
270529 7514
270778 66496
272209 7514
272754 0
462470 7514
473436 0
480680 58982
480770 66496
481491 7514
481580 66496
482391 7514
482720 66496
483531 7514
483620 66496
484431 7514
484760 66496
485571 7514
485660 66496
486471 7514
486980 66496
487791 7514
487880 66496
488691 7514
489020 66496
489831 7514
489920 66496
490731 7514
491060 66496
491871 7514
491960 66496
492771 7514
492776 0
496880 58982
496970 65726
502091 6744
507740 65726
512951 6744
513071 0
517349 58982
517439 65726
522560 6744
524609 65726
529820 6744
529991 0
531971 169032
533291 45609
533956 0
718931 58982
719021 66496
720362 7514
722591 66496
724022 7514
726191 66496
727622 7514
729791 66496
731222 7514
731591 66496
733022 7514
733382 0
739141 58982
739231 66496
740572 7514
741001 66496
742432 7514
742801 66496
744232 7514
744601 66496
746032 7514
746392 0
747920 58982
748010 65726
750551 6744
750620 65726
753071 6744
753076 0
755152 58982
755242 62354
757783 3372
758812 62354
761443 3372
762412 62354
765043 3372
766012 62354
768643 3372
771163 0
775362 58982
775452 62354
777993 3372
779022 62354
781653 3372
782622 62354
785253 3372
786222 62354
788853 3372
789273 0
856204 58982
856294 66496
857635 7514
858020 0
858064 58982
859495 7514
859864 66496
861295 7514
861655 0
863815 58982
863905 66496
865246 7514
867475 66496
868906 7514
869275 66496
870706 7514
871075 66496
872506 7514
872875 66496
874306 7514
876475 66496
877906 7514
878266 0
884025 58982
884115 66496
885456 7514
887685 66496
889116 7514
889485 66496
890916 7514
891285 66496
892716 7514
894885 66496
896316 7514
896676 0
1066999 58982
1067089 65726
1068430 6744
1070659 65726
1072090 6744
1072459 65726
1073890 6744
1076059 65726
1077490 6744
1079659 65726
1081090 6744
1081185 0
1085334 58982
1085424 65726
1086705 6744
1086894 65726
1088265 6744
1088454 65726
1089825 6744
1090014 65726
1091385 6744
1091574 65726
1092945 6744
1093271 0
1122149 58982
1122238 248143
1122440 58982
1122599 65726
1123520 6744
1126889 65726
1128260 6744
1131569 65726
1132940 6744
1136000 0
1331120 235930
1331210 7514
1338251 6744
1339792 0
1343941 235930
1344031 242674
1351072 6744
1352613 0
1396263 7514
1396520 243444
1400171 7514
1412234 0
0 events for R

