18 instruments
A 10 100 2022727.6804039259 699754440.78838515
B 10 100 1991925.5289842244 689098561.3783263
C 10 100 1289849390.9659207 3398902187.0561032
D 10 100 0 974485132.8010211
E 10 100 0.00018444817663405244 950598422.35720563
F 10 100 154000 595557000
G 10 100 0.00017956089109901502 925410610.77784157
H 10 100 0 275897579.9041419
I 10 100 376310 320000000
J 10 100 763800535.41096985 7041040280.2382517
K 10 100 47192398.279190399 1501427445.7644184
L 10 100 22528 960000000
M 10 100 192158478.34180248 847760826.1096437
N 10 100 24955.266722182481 180753403.14844713
O 10 100 20927.686835728317 891804836.74978614
P 10 100 177168740.44080633 781629408.46013641
Q 10 100 20412.132877845776 869835207.86274612
R 10 100 7152.7561699728749 2794045378.8956542
60 downlinks
0 1 10745 17374.699861000001
1 26101 52892 57611.601310999999
2 53101 85181 59023.283414999998
3 85923 91673 55193.106121999997
4 95029 137146 25530.421285
5 137147 181342 29269.697155999998
6 181343 185433 16830.732371999999
7 198591 213258 28226.256141999998
8 215588 218139 60093.408818999997
9 258586 288285 58272.632834999997
10 288286 295560 61499.660580999996
11 309763 331060 28538.149495000001
12 344608 350430 18090.695755000001
13 353973 369185 23661.293665000001
14 371082 399036 28757.617953000001
15 399037 441333 56137.919716999997
16 442477 459371 23437.772314999998
17 474577 487217 55980.942202999999
18 500432 514284 60635.164006999999
19 517172 548099 23619.145155999999
20 568692 576958 53049.165158000003
21 579567 602726 23042.764167000001
22 602727 607179 53421.323553000002
23 610615 615295 23396.302264000002
24 618867 631771 22759.633384000001
25 655003 659602 53785.922146999997
26 670762 687216 23595.771228000001
27 689523 696180 17076.713232999999
28 699238 734361 24932.393585000002
29 734362 744585 29494.590024000001
30 747617 753489 55821.075068999999
31 756857 774146 22968.383259999999
32 775217 779398 57490.653299999998
33 797590 802650 25500.801521000001
34 844598 867984 24904.219582000002
35 871874 875942 26817.789122999999
36 888252 918315 30236.225505999999
37 921546 941937 64968.303881
38 948208 954537 18980.648960999999
39 958192 999158 26276.326033000001
40 1000251 1042535 30209.873796
41 1044512 1048774 26595.764298999999
42 1079341 1086321 25812.000550000001
43 1105736 1116995 26242.243616
44 1120496 1124215 60521.572561000001
45 1132136 1148929 25759.527445
46 1163636 1175894 62910.21802
47 1179291 1213077 62402.514213000002
48 1217154 1229819 26087.487331
49 1245831 1263312 30312.554313000001
50 1270726 1282358 61079.659066
51 1293226 1305116 18673.221132999999
52 1307986 1310891 64240.288658999998
53 1315628 1325204 31143.729536999999
54 1329668 1340095 31955.262932000001
55 1345508 1384542 32548.652656999999
56 1389797 1400036 26591.031461999999
57 1405720 1415560 31032.775088999999
58 1449398 1470337 26518.557602000001
59 1476119 1480671 27135.491309000001
0 opportunities for A
0 opportunities for B
0 opportunities for C
0 opportunities for D
0 opportunities for E
0 opportunities for F
0 opportunities for G
0 opportunities for H
0 opportunities for I
0 opportunities for J
0 opportunities for K
0 opportunities for L
0 opportunities for M
0 opportunities for N
0 opportunities for O
0 opportunities for P
0 opportunities for Q
0 opportunities for R
7 events for A
228451 0
239852 1950
487651 0
499052 1950
833251 0
833253 1944
1449452 1300
7 events for B
229521 0
240922 1950
488721 0
500122 1950
834321 0
834323 1944
1450522 1300
266 events for C
278518 19661
278608 25951
280369 6290
281158 25951
283009 6290
283549 0
286858 19661
286948 25951
288709 6290
289498 25951
291349 6290
292318 25951
294169 6290
294898 25951
296749 6290
297718 25951
299569 6290
300298 25951
302149 6290
302689 0
307438 19661
307528 25951
309289 6290
309418 25951
311269 6290
311638 25951
313489 6290
313618 25951
315469 6290
315838 25951
317689 6290
317818 25951
319664 6290
319669 0
323749 117965
323839 124709
325300 6744
340000 0
344364 117965
344454 124709
345915 6744
358695 0
360778 117965
360868 124709
362329 6744
375109 0
510778 19661
510868 25951
512629 6290
512758 25951
514609 6290
514978 25951
516829 6290
516958 25951
518809 6290
519178 25951
521029 6290
521158 25951
523004 6290
523009 0
528958 19661
529048 25951
529909 6290
530038 25951
530989 6290
531358 25951
532309 6290
532558 25951
533509 6290
533758 25951
534709 6290
534838 25951
535789 6290
535794 0
537478 117965
537568 124709
539089 6744
541094 0
541138 117965
542749 6744
542809 0
544946 117965
545036 124709
546557 6744
550362 0
550406 117965
552017 6744
557477 0
565236 117965
565326 124709
566847 6744
568852 0
568896 117965
570507 6744
575667 0
581415 6290
592176 0
601705 6290
612466 0
620037 6290
623598 0
861478 58982
864229 7514
867743 0
874892 58982
874982 66496
876323 7514
876632 66496
878063 7514
878312 66496
879743 7514
879992 66496
881423 7514
881672 66496
883103 7514
883113 0
928014 58982
928104 66496
929445 7514
929874 66496
931305 7514
931674 66496
933105 7514
933474 66496
934905 7514
935274 66496
936705 7514
937074 66496
938505 7514
938874 66496
940305 7514
940674 66496
942105 7514
942474 66496
943905 7514
944335 0
948521 58982
948611 66496
949952 7514
950381 66496
951812 7514
952181 66496
953612 7514
953981 66496
955412 7514
955781 66496
957212 7514
957581 66496
959012 7514
959381 66496
960812 7514
961181 66496
962612 7514
962742 0
964828 58982
964918 66496
966379 7514
966448 66496
967999 7514
968068 66496
969499 7514
969504 0
1012768 7514
1017949 0
1023739 7514
1036360 0
1038547 7514
1054768 0
1133518 58982
1133608 66496
1134949 7514
1135378 66496
1136809 7514
1137169 0
1137478 58982
1137568 66496
1138909 7514
1139158 66496
1140589 7514
1140898 66496
1142329 7514
1142334 0
1228678 58982
1228768 66496
1230109 7514
1230178 66496
1231609 7514
1231678 66496
1233109 7514
1233178 66496
1234609 7514
1234678 66496
1236109 7514
1236178 66496
1237609 7514
1237969 0
1242163 58982
1242253 66496
1243594 7514
1244023 66496
1245454 7514
1245823 66496
1247254 7514
1247623 58982
1249054 7514
1249423 66496
1250854 7514
1251223 58982
1252654 7514
1253023 66496
1254454 7514
1254643 66496
1256074 7514
1256079 0
1258176 58982
1258266 66496
1259607 7514
1259856 66496
1261287 7514
1261536 66496
1262967 7514
1263216 66496
1264647 7514
1264896 66496
1266327 7514
1266576 66496
1268007 7514
1268256 66496
1269687 7514
1269936 66496
1271367 7514
1271912 0
1461628 7514
1472594 0
1479838 58982
1479928 66496
1480649 7514
1480738 66496
1481549 7514
1481878 66496
1482689 7514
1482778 66496
1483589 7514
1483918 66496
1484729 7514
1484818 66496
1485629 7514
1486138 66496
1486949 7514
1487038 66496
1487849 7514
1488178 66496
1488989 7514
1489078 66496
1489889 7514
1490218 66496
1491029 7514
1491118 66496
1491929 7514
1491934 0
1496038 58982
1496128 65726
1501249 6744
1506898 65726
1512109 6744
1512229 0
36 events for D
26382 1000
27382 0
75890 1000
76890 0
124221 1000
125221 0
170908 1000
171908 0
217071 1000
218071 0
262069 1000
263069 0
306774 1000
307774 0
351691 1000
352691 0
396875 1000
397875 0
442629 1000
443629 0
487964 1000
488964 0
532076 1000
533076 0
575935 1000
576935 0
619513 1000
620513 0
662749 1000
663749 0
705672 1000
706672 0
748500 1000
749500 0
791797 1000
792797 0
218 events for E
6913 12910592
6914 0
16393 12910592
16394 0
23593 12910592
23594 0
36193 12910592
36194 0
41593 12910592
41594 0
49993 12910592
49994 0
57793 12910592
57794 0
61393 12910592
61394 0
72193 12910592
72194 0
77593 12910592
77594 0
88393 12910592
88394 0
95593 12910592
95594 0
104775 12910592
104776 0
113533 12910592
113534 0
125505 12910592
125506 0
131893 12910592
131894 0
144193 12910592
144194 0
149593 12910592
149594 0
159937 12910592
159938 0
165580 12910592
165581 0
171225 12910592
171226 0
174793 12910592
174794 0
181971 12910592
181972 0
189414 12910592
189415 0
199393 12910592
199394 0
204793 12910592
204794 0
241693 12910592
241694 0
284593 12910592
284594 0
292138 12910592
292139 0
299636 12910592
299637 0
309793 12910592
309794 0
314594 12910592
314595 0
321664 12910592
321665 0
329271 12910592
329272 0
336795 12910592
336796 0
345793 12910592
345794 0
354193 12910592
354194 0
360195 12910592
360196 0
369193 12910592
369194 0
380593 12910592
380594 0
388393 12910592
388394 0
398293 12910592
398294 0
407473 12910592
407474 0
420733 12910592
420734 0
428593 12910592
428594 0
433995 12910592
433996 0
441193 12910592
441194 0
457155 12910592
457156 0
463093 12910592
463094 0
470473 12910592
470474 0
476173 12910592
476174 0
483013 12910592
483014 0
501433 12910592
501434 0
506482 12910592
506483 0
511393 12910592
511394 0
516915 12910592
516916 0
529393 12910592
529394 0
537795 12910592
537796 0
549193 12910592
549194 0
556393 12910592
556394 0
567193 12910592
567194 0
573493 12910592
573494 0
579240 12910592
579241 0
586685 12910592
586686 0
593593 12910592
593594 0
603194 12910592
603195 0
610393 12910592
610394 0
624794 12910592
624795 0
639193 12910592
639194 0
646393 12910592
646394 0
653593 12910592
653594 0
660193 12910592
660194 0
666193 12910592
666194 0
673788 12910592
673789 0
679432 12910592
679433 0
691394 12910592
691395 0
700393 12910592
700394 0
711194 12910592
711195 0
718393 12910592
718394 0
730993 12910592
730994 0
736393 12910592
736394 0
744793 12910592
744794 0
748695 12910592
748696 0
752293 12910592
752294 0
767353 12910592
767354 0
771075 12910592
771076 0
783553 12910592
783554 0
787153 12910592
787154 0
802993 12910592
802994 0
810193 12910592
810194 0
819193 12910592
819194 0
826393 12910592
826394 0
855195 26897
855675 0
865995 26897
866475 0
963194 26897
963674 0
973995 26897
974475 0
995595 26897
996075 0
1012629 26897
1013109 0
1021994 26897
1022474 0
1033073 26897
1033553 0
1050794 26897
1051274 0
1107194 26897
1107674 0
1119195 26897
1119675 0
1142043 26897
1142523 0
1183995 26897
1184475 0
1205595 26897
1206075 0
1286295 26897
1286775 0
1306395 26897
1306875 0
1495995 26897
1496475 0
2 events for F
830798 0
830799 74
218 events for G
9384 12910592
9385 0
18864 12910592
18865 0
26064 12910592
26065 0
38664 12910592
38665 0
44064 12910592
44065 0
52464 12910592
52465 0
60264 12910592
60265 0
63864 12910592
63865 0
74664 12910592
74665 0
80064 12910592
80065 0
90864 12910592
90865 0
98064 12910592
98065 0
107246 12910592
107247 0
116004 12910592
116005 0
127976 12910592
127977 0
134364 12910592
134365 0
146664 12910592
146665 0
152064 12910592
152065 0
162408 12910592
162409 0
168051 12910592
168052 0
173696 12910592
173697 0
177264 12910592
177265 0
184442 12910592
184443 0
191885 12910592
191886 0
201864 12910592
201865 0
207264 12910592
207265 0
244164 12910592
244165 0
287064 12910592
287065 0
294609 12910592
294610 0
302107 12910592
302108 0
312264 12910592
312265 0
317065 12910592
317066 0
324135 12910592
324136 0
331742 12910592
331743 0
339266 12910592
339267 0
348264 12910592
348265 0
356664 12910592
356665 0
362666 12910592
362667 0
371664 12910592
371665 0
383064 12910592
383065 0
390864 12910592
390865 0
400764 12910592
400765 0
409944 12910592
409945 0
423204 12910592
423205 0
431064 12910592
431065 0
436466 12910592
436467 0
443664 12910592
443665 0
459626 12910592
459627 0
465564 12910592
465565 0
472944 12910592
472945 0
478644 12910592
478645 0
485484 12910592
485485 0
503904 12910592
503905 0
508953 12910592
508954 0
513864 12910592
513865 0
519386 12910592
519387 0
531864 12910592
531865 0
540266 12910592
540267 0
551664 12910592
551665 0
558864 12910592
558865 0
569664 12910592
569665 0
575964 12910592
575965 0
581711 12910592
581712 0
589156 12910592
589157 0
596064 12910592
596065 0
605665 12910592
605666 0
612864 12910592
612865 0
627265 12910592
627266 0
641664 12910592
641665 0
648864 12910592
648865 0
656064 12910592
656065 0
662664 12910592
662665 0
668664 12910592
668665 0
676259 12910592
676260 0
681903 12910592
681904 0
693865 12910592
693866 0
702864 12910592
702865 0
713665 12910592
713666 0
720864 12910592
720865 0
733464 12910592
733465 0
738864 12910592
738865 0
747264 12910592
747265 0
751166 12910592
751167 0
754764 12910592
754765 0
769824 12910592
769825 0
773546 12910592
773547 0
786024 12910592
786025 0
789624 12910592
789625 0
805464 12910592
805465 0
812664 12910592
812665 0
821664 12910592
821665 0
828864 12910592
828865 0
857666 26897
858146 0
868466 26897
868946 0
965665 26897
966145 0
976466 26897
976946 0
998066 26897
998546 0
1015100 26897
1015580 0
1024465 26897
1024945 0
1035544 26897
1036024 0
1053265 26897
1053745 0
1109665 26897
1110145 0
1121666 26897
1122146 0
1144514 26897
1144994 0
1186466 26897
1186946 0
1208066 26897
1208546 0
1288766 26897
1289246 0
1308866 26897
1309346 0
1498466 26897
1498946 0
0 events for H

57 events for I
225398 0
225998 330
830198 0
845078 20
845258 0
847418 20
847598 0
847658 126
873578 0
874238 20
874418 0
876578 20
876758 0
876818 218
891878 0
892538 20
892718 0
894878 20
895058 0
895118 32
1032638 28
1032938 0
1033598 20
1033778 0
1035938 20
1036118 0
1036178 201
1063118 28
1063418 0
1063478 20
1063658 203
1089698 0
1102058 20
1102238 0
1104398 20
1104578 0
1104638 36
1123718 0
1124378 20
1124558 0
1126718 20
1126898 0
1126958 36
1146038 0
1146698 20
1146878 0
1149038 20
1149218 0
1149278 36
1178498 0
1374458 20
1374638 0
1376798 20
1376978 0
1377038 12
1435298 0
1435598 330
36 events for J
257083 67429102
257088 0
602683 42866846
602688 0
624283 36098616
624288 0
753883 15230225
753888 0
775483 42774218
775488 0
797083 51729687
797088 0
816989 67442760
816994 0
877136 51185344
877141 0
941936 36088368
941941 0
985136 46317017
985141 0
1049936 62132584
1049941 0
1136336 55765577
1136341 0
1201136 60879901
1201141 0
1287536 79077832
1287541 0
1309136 48576383
1309141 0
1373936 294648376
1373941 0
1395536 296678458
1395541 0
1417136 98892820
1417141 0
32 events for K
27439 487
31819 2414
60843 487
102417 2414
118445 487
122706 2414
147243 1285
248057 2414
249897 1285
254950 2414
264672 1285
268872 2414
276672 1285
384843 2414
412786 1285
416986 2414
428043 1285
454014 2414
485343 1285
498543 2414
508932 1285
616069 2414
617909 1285
622443 2414
632217 1285
636580 2414
665643 2057
832743 0
832744 2414
1437543 1772
1457550 2414
1459390 1772
26 events for L
10060 47210957
10065 0
851015 4214960
851019 0
851445 4214960
851449 0
852185 4214960
852189 0
852615 4214960
852619 0
1218582 4214960
1218586 0
1219012 4214960
1219016 0
1219752 4214960
1219756 0
1220182 4214960
1220186 0
1455815 4214960
1455819 0
1456245 4214960
1456249 0
1456985 4214960
1456989 0
1457415 4214960
1457419 0
115 events for M
23932 240
32931 344
61732 240
67131 344
92331 1267
99521 1471
113932 444
124731 548
131931 1471
142742 1409
143042 1471
146342 3662
146364 4944
153532 3917
160731 4944
189532 3917
189542 1727
196731 2754
211164 1471
226732 444
229142 2635
239931 3662
261532 2635
268731 3662
275921 3458
297532 2431
306531 2534
337132 2431
344331 2534
373132 2431
380331 3458
401921 3662
409132 2635
416331 3662
446932 2635
455931 3662
485932 2635
488321 2431
499131 2534
522532 2431
527931 2534
556732 2431
563931 2534
592732 2431
599931 2534
630532 2431
637731 2534
639542 344
668332 240
675531 344
718732 240
729531 344
756532 240
765531 344
792532 240
801531 344
831532 240
831809 0
831810 240
833921 444
834902 382
835202 444
844731 548
866332 444
873531 548
904132 444
911331 548
920353 798
940132 695
947331 1722
967164 3004
977932 1977
983331 3004
1006753 2754
1013932 1727
1021131 2754
1051732 1727
1056782 1664
1057082 3917
1057131 4944
1090432 3917
1093082 1727
1107531 2754
1126432 1727
1132731 2754
1139964 1471
1161532 444
1168731 548
1199332 444
1204731 1471
1215182 1409
1215482 3662
1226364 4944
1233532 3917
1240731 4944
1265882 2754
1269532 1727
1276731 2754
1305532 1727
1312731 2754
1341532 1727
1348731 2754
1353902 2691
1354202 2754
1355964 1471
1363131 548
1379332 444
1386531 548
1415332 444
1420731 548
1436032 444
1449531 548
1471132 444
1478331 548
1508932 444
167 events for N
8186 0
11946 906
26256 0
32556 906
44563 0
46845 906
59660 0
60140 906
62755 0
68935 906
80944 0
83224 906
99134 0
100674 906
117262 0
123503 906
135453 0
137793 906
153702 0
159882 906
171892 0
173432 906
190081 0
196261 906
207671 0
212347 1500
216362 0
218047 1500
222072 0
240440 906
243560 0
250640 215
262160 0
284583 906
300303 0
306697 906
319031 0
321311 906
337546 0
343726 906
356060 0
357600 906
374574 0
380754 906
393089 0
395369 906
411603 0
417783 906
430117 0
431657 906
448631 0
454811 906
466546 0
468826 906
484160 0
499640 906
503840 0
506129 906
522039 0
528219 906
540228 0
541768 906
558418 0
564598 906
576607 0
578887 906
594797 0
600977 906
612986 0
616769 906
631034 0
637356 906
649341 0
651667 906
667555 0
673735 906
685744 0
688024 906
703934 0
705474 906
722123 0
728303 906
740313 0
742593 906
756260 0
764682 906
775002 0
778532 906
794692 0
801061 906
812471 0
814751 906
829760 0
844940 1087
847650 0
854170 906
868074 0
874254 215
885674 0
925576 906
941703 0
947883 906
960290 0
962390 906
978211 0
984697 906
996559 0
998467 906
1009280 0
1010240 906
1015328 0
1021511 906
1033738 0
1036019 906
1052146 0
1058326 906
1070005 0
1072562 906
1088415 0
1104440 906
1108160 0
1110851 906
1126681 0
1132861 906
1139660 0
1140140 906
1144460 0
1146573 906
1152998 0
1154000 906
1162654 0
1169082 906
1180822 0
1183640 1714
1198940 0
1205483 1714
1217183 0
1221786 1714
1225280 0
1225445 906
1235300 0
1241524 906
1253451 0
1255738 906
1269260 0
1269740 1714
1270776 0
1277745 1714
1279125 0
1280240 1714
1281239 0
1282040 1714
1282520 0
1282910 1714
1283510 0
1284880 1714
1287407 0
1291440 906
1292180 1714
1307360 0
1400779 906
1401699 593
1415620 0
1422689 593
1433730 0
1492860 906
1509560 0
26 events for O
11762 47210957
11767 0
852717 4214960
852721 0
853147 4214960
853151 0
853887 4214960
853891 0
854317 4214960
854321 0
1220284 4214960
1220288 0
1220714 4214960
1220718 0
1221454 4214960
1221458 0
1221884 4214960
1221888 0
1457517 4214960
1457521 0
1457947 4214960
1457951 0
1458687 4214960
1458691 0
1459117 4214960
1459121 0
116 events for P
22991 240
31990 344
60791 240
66190 344
91390 1267
98580 1471
112991 444
123790 548
130990 1471
141801 1409
142101 1471
145401 3662
145423 4944
152591 3917
159790 4944
188591 3917
188601 1727
195790 2754
210223 1471
225791 444
228201 2635
238990 3662
260591 2635
267790 3662
274980 3458
296591 2431
305590 2534
336191 2431
343390 2534
372191 2431
379390 3458
400980 3662
408191 2635
415390 3662
445991 2635
454990 3662
484991 2635
487380 2431
498190 2534
521591 2431
526990 2534
555791 2431
562990 2534
591791 2431
598990 2534
629591 2431
636790 2534
638601 344
667391 240
674590 344
717791 240
728590 344
755591 240
764590 344
791591 240
800590 344
830591 240
830868 0
830869 240
832980 444
833961 382
834261 444
843790 548
865391 444
872590 548
903191 444
910390 548
919412 798
939191 695
946390 1722
966223 3004
976991 1977
982390 3004
1005812 2754
1012991 1727
1020190 2754
1050791 1727
1055841 1664
1056141 3917
1056190 4944
1089491 3917
1092141 1727
1106590 2754
1125491 1727
1131790 2754
1139023 1471
1160591 444
1167790 548
1198391 444
1203790 1471
1214241 1409
1214541 3662
1225423 4944
1232591 3917
1239790 4944
1264941 2754
1268591 1727
1275790 2754
1304591 1727
1311790 2754
1340591 1727
1347790 2754
1352961 2691
1353261 2754
1355023 1471
1362190 548
1378391 444
1385590 548
1414391 444
1419790 548
1435091 444
1448590 548
1470191 444
1477390 548
1507991 444
1513390 1471
26 events for Q
13144 47210957
13149 0
854099 4214960
854103 0
854529 4214960
854533 0
855269 4214960
855273 0
855699 4214960
855703 0
1221666 4214960
1221670 0
1222096 4214960
1222100 0
1222836 4214960
1222840 0
1223266 4214960
1223270 0
1458899 4214960
1458903 0
1459329 4214960
1459333 0
1460069 4214960
1460073 0
1460499 4214960
1460503 0
664 events for R
9809 12910592
9810 0
10039 12910592
10040 0
10579 12910592
10580 0
10809 12910592
10810 0
27999 12910592
28000 0
28259 12910592
28260 0
28839 12910592
28840 0
29099 12910592
29100 0
46188 12910592
46189 0
46448 12910592
46449 0
47028 12910592
47029 0
47288 12910592
47289 0
64378 12910592
64379 0
64638 12910592
64639 0
65218 12910592
65219 0
65478 12910592
65479 0
82567 12910592
82568 0
82827 12910592
82828 0
83407 12910592
83408 0
83667 12910592
83668 0
100757 12910592
100758 0
101017 12910592
101018 0
101597 12910592
101598 0
101857 12910592
101858 0
118946 12910592
118947 0
119206 12910592
119207 0
119786 12910592
119787 0
120046 12910592
120047 0
137136 12910592
137137 0
137396 12910592
137397 0
137976 12910592
137977 0
138236 12910592
138237 0
155325 12910592
155326 0
155585 12910592
155586 0
156165 12910592
156166 0
156425 12910592
156426 0
173515 12910592
173516 0
173775 12910592
173776 0
174355 12910592
174356 0
174615 12910592
174616 0
191704 12910592
191705 0
191964 12910592
191965 0
192544 12910592
192545 0
192804 12910592
192805 0
209294 12910592
209295 0
209554 12910592
209555 0
210134 12910592
210135 0
210394 12910592
210395 0
226583 12910592
226584 0
226843 12910592
226844 0
227423 12910592
227424 0
227683 12910592
227684 0
246597 12910592
246598 0
246827 12910592
246828 0
247367 12910592
247368 0
247597 12910592
247598 0
265112 12910592
265113 0
265372 12910592
265373 0
265952 12910592
265953 0
266212 12910592
266213 0
283626 12910592
283627 0
283886 12910592
283887 0
284466 12910592
284467 0
284726 12910592
284727 0
302140 12910592
302141 0
302400 12910592
302401 0
302980 12910592
302981 0
303240 12910592
303241 0
320654 12910592
320655 0
320914 12910592
320915 0
321494 12910592
321495 0
321754 12910592
321755 0
339169 12910592
339170 0
339429 12910592
339430 0
340009 12910592
340010 0
340269 12910592
340270 0
357683 12910592
357684 0
357943 12910592
357944 0
358523 12910592
358524 0
358783 12910592
358784 0
376197 12910592
376198 0
376457 12910592
376458 0
377037 12910592
377038 0
377297 12910592
377298 0
394712 12910592
394713 0
394972 12910592
394973 0
395552 12910592
395553 0
395812 12910592
395813 0
413226 12910592
413227 0
413486 12910592
413487 0
414066 12910592
414067 0
414326 12910592
414327 0
431740 12910592
431741 0
432000 12910592
432001 0
432580 12910592
432581 0
432840 12910592
432841 0
450254 12910592
450255 0
450514 12910592
450515 0
451094 12910592
451095 0
451354 12910592
451355 0
468169 12910592
468170 0
468429 12910592
468430 0
469009 12910592
469010 0
469269 12910592
469270 0
485783 12910592
485784 0
486043 12910592
486044 0
486623 12910592
486624 0
486883 12910592
486884 0
505472 12910592
505473 0
505732 12910592
505733 0
506312 12910592
506313 0
506572 12910592
506573 0
523662 12910592
523663 0
523922 12910592
523923 0
524502 12910592
524503 0
524762 12910592
524763 0
541851 12910592
541852 0
542111 12910592
542112 0
542691 12910592
542692 0
542951 12910592
542952 0
560041 12910592
560042 0
560301 12910592
560302 0
560881 12910592
560882 0
561141 12910592
561142 0
578230 12910592
578231 0
578490 12910592
578491 0
579070 12910592
579071 0
579330 12910592
579331 0
596420 12910592
596421 0
596680 12910592
596681 0
597260 12910592
597261 0
597520 12910592
597521 0
614609 12910592
614610 0
614839 12910592
614840 0
615379 12910592
615380 0
615609 12910592
615610 0
632799 12910592
632800 0
633059 12910592
633060 0
633639 12910592
633640 0
633899 12910592
633900 0
650988 12910592
650989 0
651248 12910592
651249 0
651828 12910592
651829 0
652088 12910592
652089 0
669178 12910592
669179 0
669438 12910592
669439 0
670018 12910592
670019 0
670278 12910592
670279 0
687367 12910592
687368 0
687627 12910592
687628 0
688207 12910592
688208 0
688467 12910592
688468 0
705557 12910592
705558 0
705817 12910592
705818 0
706397 12910592
706398 0
706657 12910592
706658 0
723746 12910592
723747 0
724006 12910592
724007 0
724586 12910592
724587 0
724846 12910592
724847 0
741936 12910592
741937 0
742196 12910592
742197 0
742776 12910592
742777 0
743036 12910592
743037 0
760125 12910592
760126 0
760385 12910592
760386 0
760965 12910592
760966 0
761225 12910592
761226 0
778315 12910592
778316 0
778575 12910592
778576 0
779155 12910592
779156 0
779415 12910592
779416 0
796504 12910592
796505 0
796764 12910592
796765 0
797344 12910592
797345 0
797604 12910592
797605 0
814094 12910592
814095 0
814354 12910592
814355 0
814934 12910592
814935 0
815194 12910592
815195 0
831383 12910592
831384 0
831643 12910592
831644 0
832223 12910592
832224 0
832483 12910592
832484 0
851231 215177
851291 0
851461 215177
851521 0
852001 215177
852061 0
852231 215177
852291 0
869638 215177
869698 0
869898 215177
869958 0
870478 215177
870538 0
870738 215177
870798 0
888045 215177
888105 0
888305 215177
888365 0
888885 215177
888945 0
889145 215177
889205 0
906453 215177
906513 0
906713 215177
906773 0
907293 215177
907353 0
907553 215177
907613 0
924860 215177
924920 0
925120 215177
925180 0
925700 215177
925760 0
925960 215177
926020 0
943267 215177
943327 0
943527 215177
943587 0
944107 215177
944167 0
944367 215177
944427 0
961674 215177
961734 0
961934 215177
961994 0
962514 215177
962574 0
962774 215177
962834 0
980081 215177
980141 0
980341 215177
980401 0
980921 215177
980981 0
981181 215177
981241 0
998488 215177
998548 0
998748 215177
998808 0
999328 215177
999388 0
999588 215177
999648 0
1016895 215177
1016955 0
1017155 215177
1017215 0
1017735 215177
1017795 0
1017995 215177
1018055 0
1035303 215177
1035363 0
1035563 215177
1035623 0
1036143 215177
1036203 0
1036403 215177
1036463 0
1053710 215177
1053770 0
1053970 215177
1054030 0
1054550 215177
1054610 0
1054810 215177
1054870 0
1072117 215177
1072177 0
1072377 215177
1072437 0
1072957 215177
1073017 0
1073217 215177
1073277 0
1090524 215177
1090584 0
1090784 215177
1090844 0
1091364 215177
1091424 0
1091624 215177
1091684 0
1110135 215177
1110195 0
1110395 215177
1110455 0
1110975 215177
1111035 0
1111235 215177
1111295 0
1128245 215177
1128305 0
1128505 215177
1128565 0
1129085 215177
1129145 0
1129345 215177
1129405 0
1146356 215177
1146416 0
1146616 215177
1146676 0
1147196 215177
1147256 0
1147456 215177
1147516 0
1164466 215177
1164526 0
1164726 215177
1164786 0
1165306 215177
1165366 0
1165566 215177
1165626 0
1182577 215177
1182637 0
1182837 215177
1182897 0
1183417 215177
1183477 0
1183677 215177
1183737 0
1200687 215177
1200747 0
1200947 215177
1201007 0
1201527 215177
1201587 0
1201787 215177
1201847 0
1218798 215177
1218858 0
1219028 215177
1219088 0
1219568 215177
1219628 0
1219798 215177
1219858 0
1236908 215177
1236968 0
1237168 215177
1237228 0
1237748 215177
1237808 0
1238008 215177
1238068 0
1255019 215177
1255079 0
1255279 215177
1255339 0
1255859 215177
1255919 0
1256119 215177
1256179 0
1273129 215177
1273189 0
1273389 215177
1273449 0
1273969 215177
1274029 0
1274229 215177
1274289 0
1291240 215177
1291300 0
1291500 215177
1291560 0
1292080 215177
1292140 0
1292340 215177
1292400 0
1309350 215177
1309410 0
1309610 215177
1309670 0
1310190 215177
1310250 0
1310450 215177
1310510 0
1327461 215177
1327521 0
1327721 215177
1327781 0
1328301 215177
1328361 0
1328561 215177
1328621 0
1345571 215177
1345631 0
1345831 215177
1345891 0
1346411 215177
1346471 0
1346671 215177
1346731 0
1363682 215177
1363742 0
1363942 215177
1364002 0
1364522 215177
1364582 0
1364782 215177
1364842 0
1381792 215177
1381852 0
1382052 215177
1382112 0
1382632 215177
1382692 0
1382892 215177
1382952 0
1399903 215177
1399963 0
1400163 215177
1400223 0
1400743 215177
1400803 0
1401003 215177
1401063 0
1418013 215177
1418073 0
1418273 215177
1418333 0
1418853 215177
1418913 0
1419113 215177
1419173 0
1436124 215177
1436184 0
1436384 215177
1436444 0
1436964 215177
1437024 0
1437224 215177
1437284 0
1456031 215177
1456091 0
1456261 215177
1456321 0
1456801 215177
1456861 0
1457031 215177
1457091 0
1474438 215177
1474498 0
1474698 215177
1474758 0
1475278 215177
1475338 0
1475538 215177
1475598 0
1492845 215177
1492905 0
1493105 215177
1493165 0
1493685 215177
1493745 0
1493945 215177
1494005 0
1511253 215177
1511313 0
1511513 215177
1511573 0
1512093 215177
1512153 0
1512353 215177
1512413 0
