18 instruments
A 10 100 352362.70723718189 299636114.68177354
B 10 100 0 938631764.34521866
C 10 100 1517960000 4000000000
D 10 100 1991925.5289842244 689098561.3783263
E 10 100 728287279.5071317 6713663885.8674479
F 10 100 0.00018444817663405244 950598422.35720563
G 10 100 5459680 2800000000
H 10 100 40786.332763907049 54547276.407707497
I 10 100 45126217.813212499 1435691857.5629289
J 10 100 2022727.6804039259 699754440.78838515
K 10 100 22528 960000000
L 10 100 2419.0747377101388 662193255.831689
M 10 100 804865230.11019051 7419592213.7182751
N 10 100 177168740.44080633 781629408.46013641
O 10 100 154000 595557000
P 10 100 1289849390.9659207 3398902187.0561032
Q 10 100 199466000 880000000
R 10 100 0 276873309.16802311
100 downlinks
0 4798 53082 56661.696495999997
1 53083 65378 56748.807657999998
2 69583 81788 58852.465277000003
3 101982 128282 17334.486729
4 134983 177358 60764.045818999999
5 177359 224775 24005.080918
6 232481 236678 18969.341575999999
7 242081 263441 18036.499982000001
8 286480 298552 52719.905522000001
9 307554 338163 54389.954824
10 362078 373852 17991.02982
11 393839 435558 61717.871531999997
12 436206 481755 24930.695499000001
13 500677 524316 22398.438724
14 539312 567759 17244.778962
15 570575 582913 18220.925300999999
16 599675 611235 58678.576760000004
17 614434 654273 58555.537063999996
18 654274 669159 18992.23504
19 686974 723495 13796.402593000001
20 738990 777271 59962.626314000001
21 777272 783181 23204.996364999999
22 800612 823747 60314.874481999999
23 826171 842579 18020.649063000001
24 884912 912352 17416.188300000002
25 938369 958655 17116.766715000002
26 959367 965865 60234.572946
27 969867 989960 16963.427941999998
28 997858 1040196 60809.052052999999
29 1040197 1065276 23716.228502000002
30 1065865 1073367 18029.108412000001
31 1077025 1080105 60100.563959999999
32 1144112 1170537 17729.224104000001
33 1203863 1215945 17589.138943000002
34 1218621 1250960 58302.529763999999
35 1250961 1268405 18080.346756999999
36 1276761 1304397 55874.873438000002
37 1310359 1333585 60291.091052000003
38 1343024 1385346 60832.041154999999
39 1385347 1423456 24945.773354000001
40 1423457 1447270 18650.039686
41 1489712 1515327 17801.393711000001
42 1515760 1518903 18241.361444999999
43 1535354 1558187 24067.369501000001
44 1559352 1583335 56712.888793999999
45 1609452 1618307 58370.132263
46 1621823 1642663 58005.525035999999
47 1644214 1682049 24930.123806
48 1682050 1703223 16739.689300999999
49 1748912 1773479 18181.419744999999
50 1795447 1821063 18610.315675999998
51 1822505 1860893 59847.283359000001
52 1862345 1878420 18063.419893999999
53 1883045 1907850 18186.627066000001
54 1908902 1924749 56843.492619999997
55 1947082 1980541 9175.5815739999998
56 1980542 1992031 9288.5908459999991
57 1995299 2033298 29976.478185
58 2035439 2052476 8340.6453669999992
59 2061839 2072142 28164.287346000001
60 2094512 2117095 9615.6592349999992
61 2139237 2167733 8936.4976299999998
62 2167734 2171557 29078.912095
63 2187234 2194681 8738.7729049999998
64 2212862 2248251 9283.3064869999998
65 2248252 2294030 9136.56639
66 2294031 2310438 8867.2325060000003
67 2325865 2330271 30843.021497000002
68 2353712 2370481 8651.5363890000008
69 2372028 2394935 8598.6086899999991
70 2397828 2426324 28620.571626000001
71 2426325 2437245 29488.2804
72 2440485 2462885 29574.456625999999
73 2468925 2482262 8990.2936559999998
74 2484825 2513707 27889.095755999999
75 2515722 2525851 27279.489213000001
76 2528702 2531927 29339.122920000002
77 2538222 2547048 30467.823106
78 2556522 2568072 9273.8508989999991
79 2571327 2592563 28091.132868000001
80 2593425 2637464 9462.077765
81 2637465 2652798 8739.387213
82 2693312 2708216 27177.101999999999
83 2723765 2747874 28867.988366000001
84 2748815 2771343 8757.0573490000006
85 2810066 2852314 30482.278361000001
86 2852315 2889208 9337.789702
87 2889209 2917670 8515.7706749999998
88 2958512 2973395 8900.7025030000004
89 2975605 3001394 8778.3355150000007
90 3001405 3029777 29886.497736000001
91 3032302 3059543 29243.536622
92 3060262 3064475 26517.245249
93 3068971 3083243 8834.4018649999998
94 3102502 3113877 9457.9623840000004
95 3125898 3145794 28164.872808
96 3155273 3197502 30503.298975000002
97 3197503 3219918 8691.2845450000004
98 3220394 3230389 8525.9525360000007
99 3233054 3236807 28086.786929000002
0 opportunities for A
0 opportunities for B
0 opportunities for C
0 opportunities for D
0 opportunities for E
0 opportunities for F
0 opportunities for G
0 opportunities for H
0 opportunities for I
0 opportunities for J
0 opportunities for K
0 opportunities for L
0 opportunities for M
0 opportunities for N
0 opportunities for O
0 opportunities for P
0 opportunities for Q
0 opportunities for R
71 events for A
260834 0
261434 185
865634 0
884294 20
884474 0
886634 20
886814 0
886874 62
933314 0
933974 20
934154 0
936314 20
936494 0
936554 62
982994 0
983114 20
983294 289
996554 0
1015934 20
1030506 0
1031166 20
1031346 0
1033506 20
1033686 0
1033746 62
1080186 0
1080966 20
1229234 0
1230014 20
1230194 0
1232354 20
1232534 0
1232594 53
1286054 0
1286714 20
1286894 0
1289054 20
1289234 0
1289294 53
1342754 0
1343414 20
1343594 0
1345754 20
1345934 0
1345994 53
1399454 0
1400114 20
1400294 0
1402454 20
1402634 0
1402694 53
1456154 0
1456274 20
1456454 252
1470674 0
1748294 20
1748474 0
1750634 20
1750814 0
1750874 28
2004674 0
2005334 20
2005514 0
2007674 20
2007854 0
2007914 56
2075594 0
2075834 243
2680034 0
2680634 224
3284834 0
32 events for B
210315 10000000
210316 0
252244 10000000
252245 0
294892 10000000
294893 0
337810 10000000
337811 0
380788 10000000
380789 0
423645 10000000
423646 0
466175 10000000
466176 0
508160 10000000
508161 0
549653 10000000
549654 0
591303 10000000
591304 0
633760 10000000
633761 0
677061 10000000
677062 0
720976 10000000
720977 0
765332 10000000
765333 0
810069 10000000
810070 0
855291 10000000
855292 0
425 events for C
7061 117965
7151 125479
7892 7514
8921 125479
9692 7514
10712 0
15126 117965
15216 119538
15957 1573
16986 119538
17757 1573
18786 119538
19557 1573
20586 119538
21357 1573
22386 119538
23157 1573
28377 0
32914 117965
33004 119538
33745 1573
34774 119538
35545 1573
36574 119538
37345 1573
38374 119538
39145 7514
40174 119538
40945 1573
46165 0
48602 117965
48692 125479
49433 7514
49853 0
287801 117965
287951 125479
288572 7514
289001 125479
289772 7514
290201 125479
290972 7514
291581 125479
292352 7514
296612 0
301190 117965
301280 125479
302021 7514
302450 125479
303221 7514
303650 125479
304421 7514
304850 125479
305621 7514
308441 0
309461 117965
309551 124709
310292 6744
310721 124709
311492 6744
311921 124709
312692 6744
313121 124709
313892 6744
314912 0
317604 117965
317694 124709
318435 6744
318864 124709
319635 6744
320064 124709
320835 6744
321264 124709
322035 6744
323064 124709
323835 6744
324864 124709
325635 6744
326664 124709
327435 6744
333855 0
338218 117965
338308 124709
339049 6744
339478 124709
340249 6744
340678 124709
341449 6744
341878 124709
342649 6744
343678 124709
344449 6744
352069 0
354632 117965
354722 124709
355463 7514
355468 6744
355892 124709
356663 6744
357092 124709
357863 6744
358292 124709
359063 6744
360092 124709
360863 6744
361892 124709
362663 6744
370883 0
375247 117965
375337 124709
376078 6744
376507 124709
377278 6744
377707 124709
378478 6744
378907 124709
379678 6744
380107 124709
380878 6744
382507 124709
383278 6744
389098 0
391661 117965
391751 124709
392492 6744
392921 124709
393692 6744
394121 124709
394892 6744
395312 0
544901 117965
545051 119538
545072 1573
546101 119538
546872 1573
547301 119538
548072 1573
548681 119538
549452 1573
549881 119538
550652 1573
551141 119538
551912 1573
552341 119538
553112 1573
554312 0
559740 117965
559830 119538
560571 1573
561000 119538
561771 1573
562200 119538
562971 1573
563400 119538
564171 1573
564600 119538
565371 1573
568191 0
890711 14189
891392 58982
891491 7514
891777 0
891821 73171
893192 7514
898541 66496
899912 7514
900812 0
905990 58982
906080 66496
907421 7514
909650 66496
911021 7514
911450 66496
912821 7514
913241 0
913961 58982
914051 66496
915392 7514
915777 0
915821 58982
917192 7514
920312 0
922404 58982
922494 66496
923835 7514
924220 0
924264 58982
925635 7514
929055 0
929338 58982
929428 66496
930769 7514
931154 0
931198 58982
932569 7514
938869 0
943018 58982
943108 66496
944449 7514
948769 0
949061 58982
949151 66496
950492 7514
954812 0
1150751 7514
1160372 0
1164630 7514
1167771 0
1168151 7514
1173212 0
1281251 7514
1287692 0
1289855 179338
1289957 0
1291546 7514
1305897 0
1310146 7514
1324087 0
1494761 19661
1494851 27175
1495532 7514
1496201 27175
1496972 7514
1497221 27175
1497992 7514
1498661 27175
1499432 7514
1499681 27175
1500452 7514
1501121 27175
1501892 7514
1502141 27175
1502912 7514
1503581 27175
1504352 7514
1504601 27175
1505372 7514
1505612 0
1510901 19661
1510991 27175
1511552 7514
1511681 27175
1512332 7514
1512881 27175
1513472 7514
1513661 27175
1514312 7514
1514861 27175
1515512 7514
1515641 27175
1516292 7514
1516841 27175
1517492 7514
1517621 27175
1518272 7514
1518821 27175
1519472 7514
1519601 27175
1520252 7514
1520801 27175
1521452 7514
1521581 27175
1522232 7514
1522352 0
1754051 7514
1756121 66496
1757492 7514
1760681 66496
1762052 7514
1765172 0
1769340 58982
1769430 66496
1770711 7514
1773960 66496
1775331 7514
1775571 0
1775861 58982
1775951 66496
1777232 7514
1780481 66496
1781852 7514
1783352 0
1785429 58982
1785519 66496
1786800 7514
1790049 66496
1791420 7514
1795380 0
1795661 58982
1795751 66496
1797032 7514
1799981 66496
1801352 7514
1801532 0
1805719 58982
1805809 66496
1807090 7514
1808479 66496
1809850 7514
1810390 0
1810661 58982
1810751 66496
1812032 7514
1817021 66496
1818392 7514
1819712 0
1821808 117965
1821898 124709
1822759 6744
1823668 124709
1824559 6744
1825468 124709
1826359 6744
1827268 124709
1828159 6744
1829068 124709
1829959 6744
1830868 124709
1831759 6744
1832668 124709
1833559 6744
1837939 0
1842098 117965
1842188 124709
1843049 6744
1843958 124709
1844849 6744
1845758 124709
1846649 6744
1847558 124709
1848449 6744
1849358 124709
1850249 6744
1851158 124709
1852049 6744
1852958 124709
1853849 6744
1854758 124709
1855649 6744
1856129 0
1860287 117965
1860377 124709
1861238 6744
1862147 124709
1863038 6744
1863938 0
1878812 169032
1880132 45609
1881457 0
2057762 7514
2064923 0
2358581 117965
2358671 124709
2359472 6744
2359601 124709
2360307 6744
2360312 0
2361161 58982
2361251 66496
2362532 7514
2369972 0
2374140 58982
2374230 7514
2382771 0
2383061 117965
2383151 124709
2384012 6744
2387732 0
2390229 117965
2390319 124709
2391180 6744
2401080 0
2410519 117965
2410609 124709
2411470 6744
2421370 0
2701875 117965
2701965 124709
2702826 6744
2703735 124709
2704626 6744
2705535 124709
2706426 6744
2707335 124709
2708226 6744
2709135 124709
2710026 6744
2710935 124709
2711826 6744
2712726 0
2720390 117965
2720480 124709
2721341 6744
2722250 124709
2723141 6744
2724050 124709
2724941 6744
2725850 124709
2726741 6744
2727641 0
2905622 7514
2919263 0
2921437 7514
2936878 0
3225161 58982
3225251 66496
3226532 6744
3227021 66496
3228392 6744
3228812 0
3231493 58982
3231583 66496
3232864 6744
3233353 66496
3234724 6744
3235153 66496
3236524 6744
3245944 0
3251782 58982
3251872 66496
3253153 6744
3253642 66496
3255013 6744
3255442 66496
3256813 6744
3262633 0
29 events for D
263716 0
281236 1370
522916 0
540436 1370
868516 0
886216 600
886396 1300
1126276 600
1126476 0
1145416 600
1145596 1300
1472760 700
1472805 0
1491016 600
1491256 1300
1732076 700
1732121 0
1750216 600
1750456 1300
2077416 700
2077461 0
2095636 1300
2337435 0
2354836 1300
2683035 0
2694436 1300
2942235 0
2959636 1300
3287835 0
518 events for E
95553 718864
95554 0
96163 718864
96164 0
96794 3748528
96797 0
97053 718864
97054 0
97663 718864
97664 0
98294 3748528
98297 0
98553 718864
98554 0
99163 718864
99164 0
99794 3748528
99797 0
107313 718864
107314 0
107923 718864
107924 0
108554 3748528
108557 0
108813 718864
108814 0
109423 718864
109424 0
110054 3748528
110057 0
110313 718864
110314 0
110923 718864
110924 0
111554 3748528
111557 0
141974 4313184
141975 2310336
141976 0
142105 4313184
142107 0
142250 192528
142251 0
142555 2156592
142556 0
142874 3594320
142875 962640
142876 0
142922 3594320
142923 962640
142924 0
143193 718864
143194 0
143203 718864
143204 0
143213 718864
143214 0
143223 718864
143224 0
143233 718864
143234 0
143243 718864
143244 0
143253 718864
143254 0
143263 718864
143264 0
143273 718864
143274 0
143283 718864
143284 0
143293 718864
143294 0
143303 718864
143304 0
143313 718864
143314 0
143323 718864
143324 0
143333 718864
143334 0
143343 718864
143344 0
143353 718864
143354 0
143373 192528
143374 0
143383 192528
143384 0
143393 192528
143394 0
143403 192528
143404 0
143413 192528
143414 0
143423 192528
143424 0
143433 192528
143434 0
143443 192528
143444 0
143453 192528
143454 0
143463 192528
143464 0
143473 192528
143474 0
143483 192528
143484 0
143493 192528
143494 0
249074 4494818
249075 3748528
249078 0
249084 4494818
249089 0
249134 4494818
249139 0
249194 4494818
249195 3748528
249198 0
249204 4494818
249209 0
249254 4494818
249259 0
249314 4494818
249319 0
249324 4494818
249329 0
249374 4494818
249375 3748528
249378 0
253274 4494818
253275 3748528
253278 0
253284 4494818
253289 0
253334 4494818
253339 0
253394 4494818
253395 3748528
253398 0
253404 4494818
253409 0
253454 4494818
253459 0
253514 4494818
253519 0
253524 4494818
253529 0
253574 4494818
253575 3748528
253578 0
290498 82880
290499 0
290508 82880
290509 0
290518 82880
290519 0
290549 82880
290550 0
290559 82880
290560 0
290569 82880
290570 0
339950 3748528
339953 0
343550 3748528
343553 0
347150 3748528
347153 0
350750 3748528
350753 0
354170 3748528
354173 0
356364 3748528
356367 0
359964 3748528
359967 0
363564 3748528
363567 0
367164 3748528
367167 0
370764 3748528
370767 0
376979 3748528
376982 0
380579 3748528
380582 0
384179 3748528
384182 0
387779 3748528
387782 0
391199 3748528
391202 0
393393 3748528
393396 0
396993 3748528
396996 0
398567 3748528
398570 0
398577 3748528
398580 0
399167 3748528
399170 0
399177 3748528
399180 0
401481 3748528
401484 0
401491 3748528
401494 0
402081 3748528
402084 0
402091 3748528
402094 0
408381 3748528
408384 0
408391 3748528
408394 0
408981 3748528
408984 0
408991 3748528
408994 0
426981 3748528
426984 0
426991 3748528
426994 0
427581 3748528
427584 0
427591 3748528
427594 0
490464 2824208
490465 0
490584 2824208
490585 0
490704 2824208
490705 0
491184 2824208
491185 0
491304 2824208
491305 0
491424 2824208
491425 0
491904 2824208
491905 0
492024 2824208
492025 0
492144 2824208
492145 0
492624 2824208
492625 0
492744 2824208
492745 0
492864 2824208
492865 0
493344 2824208
493345 0
493464 2824208
493465 0
493584 2824208
493585 0
494064 2824208
494065 0
494184 2824208
494185 0
494304 2824208
494305 0
494784 2824208
494785 0
494904 2824208
494905 0
495024 2824208
495025 0
495504 2824208
495505 0
495624 2824208
495625 0
495744 2824208
495745 0
496224 2824208
496225 0
496344 2824208
496345 0
496464 2824208
496465 0
496884 2824208
496885 0
497004 2824208
497005 0
497124 2824208
497125 0
497664 2824208
497665 0
497784 2824208
497785 0
497904 2824208
497905 0
500579 2824208
500580 0
500670 3748528
500673 0
500879 2824208
500880 0
500949 2824208
500950 0
501160 3765611
501163 0
504479 2824208
504480 0
504570 3748528
504573 0
504779 2824208
504780 0
504849 2824208
504850 0
505060 3765611
505063 0
506579 2824208
506580 0
506670 3748528
506673 0
506879 2824208
506880 0
506949 2824208
506950 0
507160 3765611
507163 0
508079 2824208
508080 0
508170 3748528
508173 0
508379 2824208
508380 0
508449 2824208
508450 0
508660 3765611
508663 0
518193 2824208
518194 0
518284 3748528
518287 0
518493 2824208
518494 0
518563 2824208
518564 0
518774 3765611
518777 0
577541 3748528
577544 0
577556 5000000
577574 0
579341 3748528
579344 0
579356 5000000
579374 0
581141 3748528
581144 0
581156 5000000
581174 0
582941 3748528
582944 0
582956 5000000
582974 0
584741 3748528
584744 0
584756 5000000
584774 0
586541 3748528
586544 0
586556 5000000
586574 0
588341 3748528
588344 0
588356 5000000
588374 0
590141 3748528
590144 0
590156 5000000
590174 0
591941 3748528
591944 0
591956 5000000
591974 0
597831 3748528
597834 0
597846 5000000
597864 0
599631 3748528
599634 0
599646 5000000
599664 0
601431 3748528
601434 0
601446 5000000
601464 0
603231 3748528
603234 0
603246 5000000
603264 0
605031 3748528
605034 0
605046 5000000
605064 0
606831 3748528
606834 0
606846 5000000
606864 0
608631 3748528
608634 0
608646 5000000
608664 0
610431 3748528
610434 0
610446 5000000
610464 0
656493 3748528
656496 0
656513 3748528
656516 0
656533 3748528
656536 0
662793 3748528
662796 0
662813 3748528
662816 0
662833 3748528
662836 0
670609 3748528
670612 0
670629 3748528
670632 0
670649 3748528
670652 0
676909 3748528
676912 0
676929 3748528
676932 0
676949 3748528
676952 0
683209 3748528
683212 0
683229 3748528
683232 0
683249 3748528
683252 0
688609 3748528
688612 0
688629 3748528
688632 0
688649 3748528
688652 0
693409 3748528
693412 0
693429 3748528
693432 0
693449 3748528
693452 0
698209 3748528
698212 0
698229 3748528
698232 0
698249 3748528
698252 0
702188 3748528
702191 0
702208 3748528
702211 0
702228 3748528
702231 0
1061234 226158674
1061239 0
1082834 20242052
1082839 0
1104434 20242052
1104439 0
1169234 178452312
1169236 8996469
1169241 0
1298834 18598775
1298839 0
1320434 22542416
1320439 0
1342034 57946826
1342039 0
1363634 112491168
1363639 0
1385234 89992935
1385239 0
1445897 90225847
1445898 99456
1445899 17992937
1445904 0
1514835 36047367
1514840 0
1536435 39436416
1536440 0
1644435 79610631
1644440 0
1666035 77494701
1666040 0
1774035 73767533
1774040 0
1795635 221441780
1795640 0
2054835 47723996
2054840 0
2071785 12683312
2071790 0
2227634 9037466
2227639 0
2270834 270264152
2270839 0
3156434 26968906
3156439 0
3178034 134824032
3178039 0
3180960 20221556
3180965 0
470 events for F
4207 12910592
4208 0
16447 1089536
16448 0
25512 12910592
25513 0
35707 12910592
35708 0
45312 12910592
45313 0
54307 12910592
54308 0
63307 1089536
63308 0
72607 12910592
72608 0
81007 1089536
81008 0
88507 12910592
88508 0
92412 12910592
92413 0
231432 12910592
231433 0
234307 1089536
234308 0
237907 12910592
237908 0
241687 12910592
241688 0
248707 1089536
248708 0
252012 12910592
252013 0
255307 12910592
255308 0
282907 12910592
282908 0
289987 1089536
289988 0
297127 12910592
297128 0
304032 12910592
304033 0
309307 1089536
309308 0
315607 12910592
315608 0
318907 12910592
318908 0
324312 12910592
324313 0
329707 1089536
329708 0
334147 12910592
334148 0
378067 12910592
378068 0
381907 1089536
381908 0
385512 12910592
385513 0
389707 1089536
389708 0
393007 12910592
393008 0
395707 12910592
395708 0
401707 1089536
401708 0
404532 12910592
404533 0
467352 12910592
467353 0
471907 12910592
471908 0
477007 1089536
477008 0
481507 12910592
481508 0
489732 12910592
489733 0
504067 12910592
504068 0
507907 1089536
507908 0
511507 12910592
511508 0
515107 1089536
515108 0
517807 12910592
517808 0
577147 12910592
577148 0
581112 12910592
581113 0
584707 1089536
584708 0
588307 12910592
588308 0
592027 1089536
592028 0
598927 12910592
598928 0
602532 12910592
602533 0
606127 1089536
606128 0
610207 12910592
610208 0
708067 12910592
708068 0
711672 12910592
711673 0
715267 1089536
715268 0
719347 12910592
719348 0
722647 1089536
722648 0
726247 12910592
726248 0
729847 1089536
729848 0
733452 12910592
733453 0
737527 12910592
737528 0
888612 12910592
888613 0
893257 12910592
893258 0
900907 12910592
900908 0
908841 12910592
908842 0
920300 12910592
920301 0
938964 12910592
938965 0
945864 12910592
945865 0
948345 12910592
948346 0
952507 12910592
952508 0
956108 12910592
956109 0
960783 12910592
960784 0
968385 12910592
968386 0
975993 12910592
975994 0
983125 12910592
983126 0
990307 12910592
990308 0
1000507 12910592
1000508 0
1144807 12910592
1144808 0
1152646 12910592
1152647 0
1167386 12910592
1167387 0
1173012 12910592
1173013 0
1182275 12910592
1182276 0
1189570 12910592
1189571 0
1195212 12910592
1195213 0
1206307 12910592
1206308 0
1214108 12910592
1214109 0
1218354 12910592
1218355 0
1222079 12910592
1222080 0
1225679 12910592
1225680 0
1233004 12910592
1233005 0
1240569 12910592
1240570 0
1249513 12910592
1249514 0
1257013 12910592
1257014 0
1263192 12910592
1263193 0
1269203 12910592
1269204 0
1493137 12910592
1493138 0
1505107 12910592
1505108 0
1513636 12910592
1513637 0
1518586 12910592
1518587 0
1520712 12910592
1520713 0
1528850 12910592
1528851 0
1536907 12910592
1536908 0
1542192 12910592
1542193 0
1551907 12910592
1551908 0
1558506 12910592
1558507 0
1559708 12910592
1559709 0
1565883 12910592
1565884 0
1572607 12910592
1572608 0
1580793 12910592
1580794 0
1587698 12910592
1587699 0
1593350 12910592
1593351 0
1599007 12910592
1599008 0
1610214 12910592
1610215 0
1617521 12910592
1617522 0
1749612 12910592
1749613 0
1761046 12910592
1761047 0
1772191 12910592
1772192 0
1783475 12910592
1783476 0
1786775 12910592
1786776 0
1794220 12910592
1794221 0
1801665 12910592
1801666 0
1808707 12910592
1808708 0
1814707 12910592
1814708 0
1819812 12910592
1819813 0
2097307 12910592
2097308 0
2108107 12910592
2108108 0
2118441 12910592
2118442 0
2123107 12910592
2123108 0
2133667 12910592
2133668 0
2139912 12910592
2139913 0
2147107 12910592
2147108 0
2156107 12910592
2156108 0
2163306 12910592
2163307 0
2165793 12910592
2165794 0
2174707 12910592
2174708 0
2185507 12910592
2185508 0
2192707 12910592
2192708 0
2202607 12910592
2202608 0
2229312 12910592
2229313 0
2241136 12910592
2241137 0
2249711 12910592
2249712 0
2254872 12910592
2254873 0
2266550 12910592
2266551 0
2272357 12910592
2272358 0
2281464 12910592
2281465 0
2289071 12910592
2289072 0
2309090 12910592
2309091 0
2314593 12910592
2314594 0
2322350 12910592
2322351 0
2332212 12910592
2332213 0
2354407 12910592
2354408 0
2362807 12910592
2362808 0
2376986 12910592
2376987 0
2387827 12910592
2387828 0
2391580 12910592
2391581 0
2406215 12910592
2406216 0
2414340 12910592
2414341 0
2422506 12910592
2422507 0
2427907 12910592
2427908 0
2438107 12910592
2438108 0
2455393 12910592
2455394 0
2466948 12910592
2466949 0
2477112 12910592
2477113 0
2486707 12910592
2486708 0
2495107 12910592
2495108 0
2502349 12910592
2502350 0
2505907 12910592
2505908 0
2512808 12910592
2512809 0
2526907 12910592
2526908 0
2533259 12910592
2533260 0
2538326 12910592
2538327 0
2545507 12910592
2545508 0
2550326 12910592
2550327 0
2566392 12910592
2566393 0
2577487 12910592
2577488 0
2587572 12910592
2587573 0
2592427 12910592
2592428 0
2596507 12910592
2596508 0
2598967 12910592
2598968 0
2649907 12910592
2649908 0
2655178 12910592
2655179 0
2660518 12910592
2660519 0
2663818 12910592
2663819 0
2670812 12910592
2670813 0
2677812 12910592
2677813 0
2696112 12910592
2696113 0
2697907 12910592
2697908 0
2714107 12910592
2714108 0
2716392 12910592
2716393 0
2908383 12910592
2908384 0
2911378 12910592
2911379 0
2913885 12910592
2913886 0
2916393 12910592
2916394 0
2919393 12910592
2919394 0
2922693 12910592
2922694 0
2925693 12910592
2925694 0
2929855 12910592
2929856 0
2934007 12910592
2934008 0
2937007 12910592
2937008 0
2959512 12910592
2959513 0
2961307 12910592
2961308 0
2963107 12910592
2963108 0
2966707 12910592
2966708 0
2970307 12910592
2970308 0
2974507 12910592
2974508 0
2981712 12910592
2981713 0
2984107 12910592
2984108 0
2987107 12910592
2987108 0
3032874 12910592
3032875 0
3034572 12910592
3034573 0
3040109 12910592
3040110 0
3044344 12910592
3044345 0
3047344 12910592
3047345 0
3055807 12910592
3055808 0
3059112 12910592
3059113 0
3150307 12910592
3150308 0
3156607 12910592
3156608 0
3160207 12910592
3160208 0
3163807 12910592
3163808 0
3167407 12910592
3167408 0
3171066 12910592
3171067 0
3174961 12910592
3174962 0
3182107 12910592
3182108 0
3192852 12910592
3192853 0
3232844 12910592
3232845 0
3236707 12910592
3236708 0
3240307 12910592
3240308 0
3243907 12910592
3243908 0
3247728 12910592
3247729 0
3254633 12910592
3254634 0
3260107 12910592
3260108 0
3264907 12910592
3264908 0
4 events for G
865112 0
865113 2650
3284312 0
3284313 2650
4 events for H
866412 0
866413 18
3285612 0
3285613 18
68 events for I
7216 1642
13281 2414
15121 1642
50716 2414
93316 1642
279716 2414
281556 1642
412730 2414
482416 1642
648842 2414
650682 1642
865516 0
865517 1285
884516 2414
886356 1285
1217463 2057
1233313 1285
1237753 2057
1253642 2414
1255882 2057
1269512 1285
1489316 2414
1491156 1285
1858442 2414
1860282 1285
1878932 2057
1929300 706
2043256 2057
2075116 706
2094116 2414
2095956 706
2116045 1285
2148873 706
2463242 2414
2465082 706
2515316 2414
2522676 706
2524969 1772
2554510 1285
2570299 706
2574679 1285
2606858 706
2611058 1285
2643237 706
2700030 2414
2701870 706
2728636 1285
2734216 706
2748347 1285
2750327 706
2988016 1285
3011574 706
3015774 1285
3029763 706
3031983 1772
3047653 706
3052273 1772
3068042 2414
3070402 1772
3084032 706
3139016 2414
3148776 706
3180859 1285
3211636 706
3215858 1285
3225316 706
3284716 0
3284717 487
29 events for J
262646 0
280166 1370
521846 0
539366 1370
867446 0
885146 600
885326 1300
1125206 600
1125406 0
1144346 600
1144526 1300
1471690 700
1471735 0
1489946 600
1490186 1300
1731006 700
1731051 0
1749146 600
1749386 1300
2076346 700
2076391 0
2094566 1300
2336365 0
2353766 1300
2681965 0
2693366 1300
2941165 0
2958566 1300
3286765 0
104 events for K
13087 4214960
13091 0
13517 4214960
13521 0
14257 4214960
14261 0
14687 4214960
14691 0
279522 4214960
279526 0
279952 4214960
279956 0
280692 4214960
280696 0
281122 4214960
281126 0
648648 4214960
648652 0
649078 4214960
649082 0
649818 4214960
649822 0
650248 4214960
650252 0
884322 4214960
884326 0
884752 4214960
884756 0
885492 4214960
885496 0
885922 4214960
885926 0
1253448 4214960
1253452 0
1253878 4214960
1253882 0
1254618 4214960
1254622 0
1255048 4214960
1255052 0
1489122 4214960
1489126 0
1489552 4214960
1489556 0
1490292 4214960
1490296 0
1490722 4214960
1490726 0
1858248 4214960
1858252 0
1858678 4214960
1858682 0
1859418 4214960
1859422 0
1859848 4214960
1859852 0
2093922 4214960
2093926 0
2094352 4214960
2094356 0
2095092 4214960
2095096 0
2095522 4214960
2095526 0
2463048 4214960
2463052 0
2463478 4214960
2463482 0
2464218 4214960
2464222 0
2464648 4214960
2464652 0
2515122 4214960
2515126 0
2515552 4214960
2515556 0
2516292 4214960
2516296 0
2516722 4214960
2516726 0
2699836 4214960
2699840 0
2700266 4214960
2700270 0
2701006 4214960
2701010 0
2701436 4214960
2701440 0
3067848 4214960
3067852 0
3068278 4214960
3068282 0
3069018 4214960
3069022 0
3069448 4214960
3069452 0
3138822 4214960
3138826 0
3139252 4214960
3139256 0
3139992 4214960
3139996 0
3140422 4214960
3140426 0
103 events for L
28683 0
55976 3276
70976 0
71036 873
99836 0
144918 3276
159918 0
159978 873
188778 0
216071 3276
231071 0
231131 873
259931 0
399761 3276
414761 0
414821 873
443621 0
562286 873
591086 0
635044 873
663844 0
783689 3276
798689 0
798749 873
827549 0
885307 4096
893507 0
982593 4096
990793 0
1056650 4096
1064850 0
1144507 4096
1152707 0
1167086 665
1196246 0
1239844 4096
1248044 0
1312602 4096
1320802 0
1403549 4096
1411749 0
1490107 4096
1498307 0
1587393 4096
1595593 0
1661450 4096
1669650 0
1749307 4096
1757507 0
1771886 665
1801046 0
1844644 4096
1852844 0
1917402 4096
1925602 0
2008349 4096
2016549 0
2094907 1365
2095087 0
2096887 1365
2097427 3481
2116627 1365
2117347 3481
2136547 1365
2137267 3481
2156193 0
2192193 873
2220993 0
2266250 873
2295050 0
2354107 873
2382907 0
2449444 3481
2463844 0
2463859 2252
2467459 0
2467474 2252
2471074 0
2471089 2252
2474689 0
2474704 2252
2478304 0
2511847 3276
2526847 0
2613149 873
2641949 0
2693707 1365
2693887 0
2695687 1365
2696227 3481
2715427 0
2796993 873
2825793 0
2871050 873
2899850 0
2958907 1365
2959627 3481
2978827 0
3039184 3276
3054184 0
3289207 1979
3290407 0
3292207 1979
518 events for M
95265 718864
95266 0
95875 718864
95876 0
96506 3748528
96509 0
96765 718864
96766 0
97375 718864
97376 0
98006 3748528
98009 0
98265 718864
98266 0
98875 718864
98876 0
99506 3748528
99509 0
107025 718864
107026 0
107635 718864
107636 0
108266 3748528
108269 0
108525 718864
108526 0
109135 718864
109136 0
109766 3748528
109769 0
110025 718864
110026 0
110635 718864
110636 0
111266 3748528
111269 0
141686 4313184
141687 2310336
141688 0
141817 4313184
141819 0
141962 192528
141963 0
142267 2156592
142268 0
142586 3594320
142587 962640
142588 0
142634 3594320
142635 962640
142636 0
142905 718864
142906 0
142915 718864
142916 0
142925 718864
142926 0
142935 718864
142936 0
142945 718864
142946 0
142955 718864
142956 0
142965 718864
142966 0
142975 718864
142976 0
142985 718864
142986 0
142995 718864
142996 0
143005 718864
143006 0
143015 718864
143016 0
143025 718864
143026 0
143035 718864
143036 0
143045 718864
143046 0
143055 718864
143056 0
143065 718864
143066 0
143085 192528
143086 0
143095 192528
143096 0
143105 192528
143106 0
143115 192528
143116 0
143125 192528
143126 0
143135 192528
143136 0
143145 192528
143146 0
143155 192528
143156 0
143165 192528
143166 0
143175 192528
143176 0
143185 192528
143186 0
143195 192528
143196 0
143205 192528
143206 0
248786 4494818
248787 3748528
248790 0
248796 4494818
248801 0
248846 4494818
248851 0
248906 4494818
248907 3748528
248910 0
248916 4494818
248921 0
248966 4494818
248971 0
249026 4494818
249031 0
249036 4494818
249041 0
249086 4494818
249087 3748528
249090 0
252986 4494818
252987 3748528
252990 0
252996 4494818
253001 0
253046 4494818
253051 0
253106 4494818
253107 3748528
253110 0
253116 4494818
253121 0
253166 4494818
253171 0
253226 4494818
253231 0
253236 4494818
253241 0
253286 4494818
253287 3748528
253290 0
290210 82880
290211 0
290220 82880
290221 0
290230 82880
290231 0
290261 82880
290262 0
290271 82880
290272 0
290281 82880
290282 0
339662 3748528
339665 0
343262 3748528
343265 0
346862 3748528
346865 0
350462 3748528
350465 0
353882 3748528
353885 0
356076 3748528
356079 0
359676 3748528
359679 0
363276 3748528
363279 0
366876 3748528
366879 0
370476 3748528
370479 0
376691 3748528
376694 0
380291 3748528
380294 0
383891 3748528
383894 0
387491 3748528
387494 0
390911 3748528
390914 0
393105 3748528
393108 0
396705 3748528
396708 0
398279 3748528
398282 0
398289 3748528
398292 0
398879 3748528
398882 0
398889 3748528
398892 0
401193 3748528
401196 0
401203 3748528
401206 0
401793 3748528
401796 0
401803 3748528
401806 0
408093 3748528
408096 0
408103 3748528
408106 0
408693 3748528
408696 0
408703 3748528
408706 0
426693 3748528
426696 0
426703 3748528
426706 0
427293 3748528
427296 0
427303 3748528
427306 0
490176 2824208
490177 0
490296 2824208
490297 0
490416 2824208
490417 0
490896 2824208
490897 0
491016 2824208
491017 0
491136 2824208
491137 0
491616 2824208
491617 0
491736 2824208
491737 0
491856 2824208
491857 0
492336 2824208
492337 0
492456 2824208
492457 0
492576 2824208
492577 0
493056 2824208
493057 0
493176 2824208
493177 0
493296 2824208
493297 0
493776 2824208
493777 0
493896 2824208
493897 0
494016 2824208
494017 0
494496 2824208
494497 0
494616 2824208
494617 0
494736 2824208
494737 0
495216 2824208
495217 0
495336 2824208
495337 0
495456 2824208
495457 0
495936 2824208
495937 0
496056 2824208
496057 0
496176 2824208
496177 0
496596 2824208
496597 0
496716 2824208
496717 0
496836 2824208
496837 0
497376 2824208
497377 0
497496 2824208
497497 0
497616 2824208
497617 0
500291 2824208
500292 0
500382 3748528
500385 0
500591 2824208
500592 0
500661 2824208
500662 0
500872 3765611
500875 0
504191 2824208
504192 0
504282 3748528
504285 0
504491 2824208
504492 0
504561 2824208
504562 0
504772 3765611
504775 0
506291 2824208
506292 0
506382 3748528
506385 0
506591 2824208
506592 0
506661 2824208
506662 0
506872 3765611
506875 0
507791 2824208
507792 0
507882 3748528
507885 0
508091 2824208
508092 0
508161 2824208
508162 0
508372 3765611
508375 0
517905 2824208
517906 0
517996 3748528
517999 0
518205 2824208
518206 0
518275 2824208
518276 0
518486 3765611
518489 0
577253 3748528
577256 0
577268 5000000
577286 0
579053 3748528
579056 0
579068 5000000
579086 0
580853 3748528
580856 0
580868 5000000
580886 0
582653 3748528
582656 0
582668 5000000
582686 0
584453 3748528
584456 0
584468 5000000
584486 0
586253 3748528
586256 0
586268 5000000
586286 0
588053 3748528
588056 0
588068 5000000
588086 0
589853 3748528
589856 0
589868 5000000
589886 0
591653 3748528
591656 0
591668 5000000
591686 0
597543 3748528
597546 0
597558 5000000
597576 0
599343 3748528
599346 0
599358 5000000
599376 0
601143 3748528
601146 0
601158 5000000
601176 0
602943 3748528
602946 0
602958 5000000
602976 0
604743 3748528
604746 0
604758 5000000
604776 0
606543 3748528
606546 0
606558 5000000
606576 0
608343 3748528
608346 0
608358 5000000
608376 0
610143 3748528
610146 0
610158 5000000
610176 0
656205 3748528
656208 0
656225 3748528
656228 0
656245 3748528
656248 0
662505 3748528
662508 0
662525 3748528
662528 0
662545 3748528
662548 0
670321 3748528
670324 0
670341 3748528
670344 0
670361 3748528
670364 0
676621 3748528
676624 0
676641 3748528
676644 0
676661 3748528
676664 0
682921 3748528
682924 0
682941 3748528
682944 0
682961 3748528
682964 0
688321 3748528
688324 0
688341 3748528
688344 0
688361 3748528
688364 0
693121 3748528
693124 0
693141 3748528
693144 0
693161 3748528
693164 0
697921 3748528
697924 0
697941 3748528
697944 0
697961 3748528
697964 0
701900 3748528
701903 0
701920 3748528
701923 0
701940 3748528
701943 0
1060946 226158674
1060951 0
1082546 20242052
1082551 0
1104146 20242052
1104151 0
1168946 178452312
1168948 8996469
1168953 0
1298546 18598775
1298551 0
1320146 22542416
1320151 0
1341746 57946826
1341751 0
1363346 112491168
1363351 0
1384946 89992935
1384951 0
1445609 90225847
1445610 99456
1445611 17992937
1445616 0
1514547 36047367
1514552 0
1536147 39436416
1536152 0
1644147 79610631
1644152 0
1665747 77494701
1665752 0
1773747 73767533
1773752 0
1795347 221441780
1795352 0
2054547 47723996
2054552 0
2071497 12683312
2071502 0
2227346 9037466
2227351 0
2270546 270264152
2270551 0
3156146 26968906
3156151 0
3177746 134824032
3177751 0
3180672 20221556
3180677 0
235 events for N
26705 1727
33904 2754
62705 1727
69904 2754
98705 1727
105904 2754
150905 1727
159904 1830
186905 1727
195904 1830
222905 1727
222915 3917
231904 4021
242704 4944
244515 2754
258605 1727
280504 2754
294905 1727
302104 2754
330905 1727
338104 1830
370505 1727
377704 1830
406505 1727
413704 1830
442505 1727
449704 2754
480305 1727
487504 2754
519305 1727
522015 1664
522315 1727
525315 3917
537904 4944
555905 3917
561304 4944
588305 3917
590115 1727
599104 2754
611677 1471
627905 444
635104 1471
663905 444
671104 1471
699905 444
707104 1471
708915 3662
752105 2635
761104 2738
763706 2685
789905 2581
800704 3608
812906 3662
813315 1471
825905 444
833104 548
864905 444
865182 0
865183 444
867315 382
867615 444
883504 548
901505 444
906904 1471
914115 3662
914137 4944
935705 3917
946504 4944
950115 2754
957337 1471
966304 548
975305 444
982504 548
996686 798
1011305 695
1018504 798
1040126 548
1047305 444
1058104 1471
1086905 444
1094104 1471
1123805 444
1144504 1471
1158905 444
1166104 1471
1194905 444
1202104 1471
1212915 1409
1213215 1471
1230905 444
1239904 548
1263315 2738
1268705 2635
1275904 2738
1299315 548
1304705 444
1310104 548
1322705 444
1331704 548
1358705 444
1367704 548
1385715 485
1386015 2738
1394705 2635
1403704 3662
1410937 4944
1432505 3917
1439704 4944
1454082 5195
1469405 4168
1488304 5195
1497326 4944
1497337 3662
1500915 1471
1506305 444
1511704 1471
1522504 548
1542305 444
1551304 548
1562115 485
1562415 548
1580105 444
1587304 1471
1616105 444
1626904 548
1652105 444
1659304 548
1691705 444
1698904 548
1728905 444
1731315 382
1731615 444
1749304 548
1763705 444
1770904 548
1770915 2738
1799705 2635
1806904 3662
1835705 2635
1842904 2738
1850115 548
1850126 798
1873505 695
1882504 798
1904115 736
1904126 485
1904415 548
1909505 444
1914904 548
1927505 444
1936504 548
1963505 444
1972504 548
1999505 444
2008504 1471
2037305 444
2044504 548
2074505 444
2094904 548
2111105 444
2116504 548
2148905 444
2156104 548
2184905 444
2192104 548
2220905 444
2229904 548
2250015 485
2250315 548
2256905 444
2265904 548
2294705 444
2303704 548
2333705 444
2354104 548
2369705 444
2375704 548
2404505 444
2411704 548
2440505 444
2447704 548
2478905 444
2483704 548
2512505 444
2526904 548
2568305 444
2577304 548
2595315 2738
2604305 2635
2613304 2738
2615115 548
2642105 444
2649304 548
2679305 444
2681694 240
2692504 344
2696115 2534
2714105 2431
2714115 240
2721304 344
2751905 240
2760904 344
2789705 240
2796904 344
2825705 240
2836504 344
2861705 240
2870704 344
2899505 240
2906704 344
2938505 240
2958904 344
2973305 240
2980504 344
3009305 240
3016504 344
3045305 240
3056104 344
3083105 240
3088504 344
3119105 240
3124504 344
3173105 240
3182104 344
3200415 281
3200715 344
3210905 240
3218104 344
3246905 240
3254104 344
3284105 240
3284382 0
3284383 240
3287415 178
3287715 240
4 events for O
865112 0
865113 74
3284312 0
3284313 74
427 events for P
858 6744
3248 0
10492 117965
10582 125479
11323 7514
12352 125479
13123 7514
14143 0
18557 117965
18647 119538
19388 1573
20417 119538
21188 1573
22217 119538
22988 1573
24017 119538
24788 1573
25817 119538
26588 1573
31808 0
36345 117965
36435 119538
37176 1573
38205 119538
38976 1573
40005 119538
40776 1573
41805 119538
42576 7514
43605 119538
44376 1573
49596 0
52033 117965
52123 125479
52864 7514
53284 0
291232 117965
291382 125479
292003 7514
292432 125479
293203 7514
293632 125479
294403 7514
295012 125479
295783 7514
300043 0
304621 117965
304711 125479
305452 7514
305881 125479
306652 7514
307081 125479
307852 7514
308281 125479
309052 7514
311872 0
312892 117965
312982 124709
313723 6744
314152 124709
314923 6744
315352 124709
316123 6744
316552 124709
317323 6744
318343 0
321035 117965
321125 124709
321866 6744
322295 124709
323066 6744
323495 124709
324266 6744
324695 124709
325466 6744
326495 124709
327266 6744
328295 124709
329066 6744
330095 124709
330866 6744
337286 0
341649 117965
341739 124709
342480 6744
342909 124709
343680 6744
344109 124709
344880 6744
345309 124709
346080 6744
347109 124709
347880 6744
355500 0
358063 117965
358153 124709
358894 7514
358899 6744
359323 124709
360094 6744
360523 124709
361294 6744
361723 124709
362494 6744
363523 124709
364294 6744
365323 124709
366094 6744
374314 0
378678 117965
378768 124709
379509 6744
379938 124709
380709 6744
381138 124709
381909 6744
382338 124709
383109 6744
383538 124709
384309 6744
385938 124709
386709 6744
392529 0
395092 117965
395182 124709
395923 6744
396352 124709
397123 6744
397552 124709
398323 6744
398743 0
548332 117965
548482 119538
548503 1573
549532 119538
550303 1573
550732 119538
551503 1573
552112 119538
552883 1573
553312 119538
554083 1573
554572 119538
555343 1573
555772 119538
556543 1573
557743 0
563171 117965
563261 119538
564002 1573
564431 119538
565202 1573
565631 119538
566402 1573
566831 119538
567602 1573
568031 119538
568802 1573
571622 0
894142 14189
894823 58982
894922 7514
895208 0
895252 73171
896623 7514
901972 66496
903343 7514
904243 0
909421 58982
909511 66496
910852 7514
913081 66496
914452 7514
914881 66496
916252 7514
916672 0
917392 58982
917482 66496
918823 7514
919208 0
919252 58982
920623 7514
923743 0
925835 58982
925925 66496
927266 7514
927651 0
927695 58982
929066 7514
932486 0
932769 58982
932859 66496
934200 7514
934585 0
934629 58982
936000 7514
942300 0
946449 58982
946539 66496
947880 7514
952200 0
952492 58982
952582 66496
953923 7514
958243 0
1154182 7514
1163803 0
1168061 7514
1171202 0
1171582 7514
1176643 0
1284682 7514
1291123 0
1293286 179338
1293388 0
1294977 7514
1309328 0
1313577 7514
1327518 0
1498192 19661
1498282 27175
1498963 7514
1499632 27175
1500403 7514
1500652 27175
1501423 7514
1502092 27175
1502863 7514
1503112 27175
1503883 7514
1504552 27175
1505323 7514
1505572 27175
1506343 7514
1507012 27175
1507783 7514
1508032 27175
1508803 7514
1509043 0
1514332 19661
1514422 27175
1514983 7514
1515112 27175
1515763 7514
1516312 27175
1516903 7514
1517092 27175
1517743 7514
1518292 27175
1518943 7514
1519072 27175
1519723 7514
1520272 27175
1520923 7514
1521052 27175
1521703 7514
1522252 27175
1522903 7514
1523032 27175
1523683 7514
1524232 27175
1524883 7514
1525012 27175
1525663 7514
1525783 0
1757482 7514
1759552 66496
1760923 7514
1764112 66496
1765483 7514
1768603 0
1772771 58982
1772861 66496
1774142 7514
1777391 66496
1778762 7514
1779002 0
1779292 58982
1779382 66496
1780663 7514
1783912 66496
1785283 7514
1786783 0
1788860 58982
1788950 66496
1790231 7514
1793480 66496
1794851 7514
1798811 0
1799092 58982
1799182 66496
1800463 7514
1803412 66496
1804783 7514
1804963 0
1809150 58982
1809240 66496
1810521 7514
1811910 66496
1813281 7514
1813821 0
1814092 58982
1814182 66496
1815463 7514
1820452 66496
1821823 7514
1823143 0
1825239 117965
1825329 124709
1826190 6744
1827099 124709
1827990 6744
1828899 124709
1829790 6744
1830699 124709
1831590 6744
1832499 124709
1833390 6744
1834299 124709
1835190 6744
1836099 124709
1836990 6744
1841370 0
1845529 117965
1845619 124709
1846480 6744
1847389 124709
1848280 6744
1849189 124709
1850080 6744
1850989 124709
1851880 6744
1852789 124709
1853680 6744
1854589 124709
1855480 6744
1856389 124709
1857280 6744
1858189 124709
1859080 6744
1859560 0
1863718 117965
1863808 124709
1864669 6744
1865578 124709
1866469 6744
1867369 0
1882243 169032
1883563 45609
1884888 0
2061193 7514
2068354 0
2362012 117965
2362102 124709
2362903 6744
2363032 124709
2363738 6744
2363743 0
2364592 58982
2364682 66496
2365963 7514
2373403 0
2377571 58982
2377661 7514
2386202 0
2386492 117965
2386582 124709
2387443 6744
2391163 0
2393660 117965
2393750 124709
2394611 6744
2404511 0
2413950 117965
2414040 124709
2414901 6744
2424801 0
2705306 117965
2705396 124709
2706257 6744
2707166 124709
2708057 6744
2708966 124709
2709857 6744
2710766 124709
2711657 6744
2712566 124709
2713457 6744
2714366 124709
2715257 6744
2716157 0
2723821 117965
2723911 124709
2724772 6744
2725681 124709
2726572 6744
2727481 124709
2728372 6744
2729281 124709
2730172 6744
2731072 0
2909053 7514
2922694 0
2924868 7514
2940309 0
3228592 58982
3228682 66496
3229963 6744
3230452 66496
3231823 6744
3232243 0
3234924 58982
3235014 66496
3236295 6744
3236784 66496
3238155 6744
3238584 66496
3239955 6744
3249375 0
3255213 58982
3255303 66496
3256584 6744
3257073 66496
3258444 6744
3258873 66496
3260244 6744
3266064 0
235 events for Q
26635 1727
33834 2754
62635 1727
69834 2754
98635 1727
105834 2754
150835 1727
159834 1830
186835 1727
195834 1830
222835 1727
222845 3917
231834 4021
242634 4944
244445 2754
258535 1727
280434 2754
294835 1727
302034 2754
330835 1727
338034 1830
370435 1727
377634 1830
406435 1727
413634 1830
442435 1727
449634 2754
480235 1727
487434 2754
519235 1727
521945 1664
522245 1727
525245 3917
537834 4944
555835 3917
561234 4944
588235 3917
590045 1727
599034 2754
611607 1471
627835 444
635034 1471
663835 444
671034 1471
699835 444
707034 1471
708845 3662
752035 2635
761034 2738
763636 2685
789835 2581
800634 3608
812836 3662
813245 1471
825835 444
833034 548
864835 444
865112 0
865113 444
867245 382
867545 444
883434 548
901435 444
906834 1471
914045 3662
914067 4944
935635 3917
946434 4944
950045 2754
957267 1471
966234 548
975235 444
982434 548
996616 798
1011235 695
1018434 798
1040056 548
1047235 444
1058034 1471
1086835 444
1094034 1471
1123735 444
1144434 1471
1158835 444
1166034 1471
1194835 444
1202034 1471
1212845 1409
1213145 1471
1230835 444
1239834 548
1263245 2738
1268635 2635
1275834 2738
1299245 548
1304635 444
1310034 548
1322635 444
1331634 548
1358635 444
1367634 548
1385645 485
1385945 2738
1394635 2635
1403634 3662
1410867 4944
1432435 3917
1439634 4944
1454012 5195
1469335 4168
1488234 5195
1497256 4944
1497267 3662
1500845 1471
1506235 444
1511634 1471
1522434 548
1542235 444
1551234 548
1562045 485
1562345 548
1580035 444
1587234 1471
1616035 444
1626834 548
1652035 444
1659234 548
1691635 444
1698834 548
1728835 444
1731245 382
1731545 444
1749234 548
1763635 444
1770834 548
1770845 2738
1799635 2635
1806834 3662
1835635 2635
1842834 2738
1850045 548
1850056 798
1873435 695
1882434 798
1904045 736
1904056 485
1904345 548
1909435 444
1914834 548
1927435 444
1936434 548
1963435 444
1972434 548
1999435 444
2008434 1471
2037235 444
2044434 548
2074435 444
2094834 548
2111035 444
2116434 548
2148835 444
2156034 548
2184835 444
2192034 548
2220835 444
2229834 548
2249945 485
2250245 548
2256835 444
2265834 548
2294635 444
2303634 548
2333635 444
2354034 548
2369635 444
2375634 548
2404435 444
2411634 548
2440435 444
2447634 548
2478835 444
2483634 548
2512435 444
2526834 548
2568235 444
2577234 548
2595245 2738
2604235 2635
2613234 2738
2615045 548
2642035 444
2649234 548
2679235 444
2681624 240
2692434 344
2696045 2534
2714035 2431
2714045 240
2721234 344
2751835 240
2760834 344
2789635 240
2796834 344
2825635 240
2836434 344
2861635 240
2870634 344
2899435 240
2906634 344
2938435 240
2958834 344
2973235 240
2980434 344
3009235 240
3016434 344
3045235 240
3056034 344
3083035 240
3088434 344
3119035 240
3124434 344
3173035 240
3182034 344
3200345 281
3200645 344
3210835 240
3218034 344
3246835 240
3254034 344
3284035 240
3284312 0
3284313 240
3287345 178
3287645 240
3 events for R
773829 90
784749 3500
808809 0
