18 instruments
A 10 100 183507440.74517861 809594356.20986629
B 10 100 1991925.5289842244 689098561.3783263
C 10 100 20805.899747385713 886615046.05336845
D 10 100 763800535.41096985 7041040280.2382517
E 10 100 1289849390.9659207 3398902187.0561032
F 10 100 2665037.1650940888 921958803.05957663
G 10 100 38499.176269411204 51488453.781630412
H 10 100 128045.25187067324 495183416.02819836
I 10 100 22090 160000000
J 10 100 157159.98672976866 607777468.940395
K 10 100 199466000 880000000
L 10 100 0 296462475.07613176
M 10 100 1517960000 4000000000
N 10 100 24955.266722182481 180753403.14844713
O 10 100 1538660356.7547786 4054547831.9712734
P 10 100 431759.25152321503 367151977.05994737
Q 10 100 0 888000000
R 10 100 2238.0782914523293 612647607.58318675
60 downlinks
0 4798 53082 56661.696495999997
1 53083 65378 56748.807657999998
2 69583 81788 58852.465277000003
3 101982 128282 17334.486729
4 134983 177358 60764.045818999999
5 177359 224775 24005.080918
6 232481 236678 18969.341575999999
7 242081 263441 18036.499982000001
8 286480 298552 52719.905522000001
9 307554 338163 54389.954824
10 362078 373852 17991.02982
11 393839 435558 61717.871531999997
12 436206 481755 24930.695499000001
13 500677 524316 22398.438724
14 539312 567759 17244.778962
15 570575 582913 18220.925300999999
16 599675 611235 58678.576760000004
17 614434 654273 58555.537063999996
18 654274 669159 18992.23504
19 686974 723495 13796.402593000001
20 738990 777271 59962.626314000001
21 777272 783181 23204.996364999999
22 800612 823747 60314.874481999999
23 826171 842579 18020.649063000001
24 884912 912352 17416.188300000002
25 938369 958655 17116.766715000002
26 959367 965865 60234.572946
27 969867 989960 16963.427941999998
28 997858 1040196 60809.052052999999
29 1040197 1065276 23716.228502000002
30 1065865 1073367 18029.108412000001
31 1077025 1080105 60100.563959999999
32 1144112 1170537 17729.224104000001
33 1203863 1215945 17589.138943000002
34 1218621 1250960 58302.529763999999
35 1250961 1268405 18080.346756999999
36 1276761 1304397 55874.873438000002
37 1310359 1333585 60291.091052000003
38 1343024 1385346 60832.041154999999
39 1385347 1423456 24945.773354000001
40 1423457 1447270 18650.039686
41 1489712 1515327 17801.393711000001
42 1515760 1518903 18241.361444999999
43 1535354 1558187 24067.369501000001
44 1559352 1583335 56712.888793999999
45 1609452 1618307 58370.132263
46 1621823 1642663 58005.525035999999
47 1644214 1682049 24930.123806
48 1682050 1703223 16739.689300999999
49 1748912 1773479 18181.419744999999
50 1795447 1821063 18610.315675999998
51 1822505 1860893 59847.283359000001
52 1862345 1878420 18063.419893999999
53 1883045 1907850 18186.627066000001
54 1908902 1924749 56843.492619999997
55 1947082 1980541 9175.5815739999998
56 1980542 1992031 9288.5908459999991
57 1995299 2033298 29976.478185
58 2035439 2052476 8340.6453669999992
59 2061839 2072142 28164.287346000001
0 opportunities for A
0 opportunities for B
0 opportunities for C
0 opportunities for D
0 opportunities for E
0 opportunities for F
0 opportunities for G
0 opportunities for H
0 opportunities for I
0 opportunities for J
0 opportunities for K
0 opportunities for L
0 opportunities for M
0 opportunities for N
0 opportunities for O
0 opportunities for P
0 opportunities for Q
0 opportunities for R
158 events for A
26885 1727
34084 2754
62885 1727
70084 2754
98885 1727
106084 2754
151085 1727
160084 1830
187085 1727
196084 1830
223085 1727
223095 3917
232084 4021
242884 4944
244695 2754
258785 1727
280684 2754
295085 1727
302284 2754
331085 1727
338284 1830
370685 1727
377884 1830
406685 1727
413884 1830
442685 1727
449884 2754
480485 1727
487684 2754
519485 1727
522195 1664
522495 1727
525495 3917
538084 4944
556085 3917
561484 4944
588485 3917
590295 1727
599284 2754
611857 1471
628085 444
635284 1471
664085 444
671284 1471
700085 444
707284 1471
709095 3662
752285 2635
761284 2738
763886 2685
790085 2581
800884 3608
813086 3662
813495 1471
826085 444
833284 548
865085 444
865362 0
865363 444
867495 382
867795 444
883684 548
901685 444
907084 1471
914295 3662
914317 4944
935885 3917
946684 4944
950295 2754
957517 1471
966484 548
975485 444
982684 548
996866 798
1011485 695
1018684 798
1040306 548
1047485 444
1058284 1471
1087085 444
1094284 1471
1123985 444
1144684 1471
1159085 444
1166284 1471
1195085 444
1202284 1471
1213095 1409
1213395 1471
1231085 444
1240084 548
1263495 2738
1268885 2635
1276084 2738
1299495 548
1304885 444
1310284 548
1322885 444
1331884 548
1358885 444
1367884 548
1385895 485
1386195 2738
1394885 2635
1403884 3662
1411117 4944
1432685 3917
1439884 4944
1454262 5195
1469585 4168
1488484 5195
1497506 4944
1497517 3662
1501095 1471
1506485 444
1511884 1471
1522684 548
1542485 444
1551484 548
1562295 485
1562595 548
1580285 444
1587484 1471
1616285 444
1627084 548
1652285 444
1659484 548
1691885 444
1699084 548
1729085 444
1731495 382
1731795 444
1749484 548
1763885 444
1771084 548
1771095 2738
1799885 2635
1807084 3662
1835885 2635
1843084 2738
1850295 548
1850306 798
1873685 695
1882684 798
1904295 736
1904306 485
1904595 548
1909685 444
1915084 548
1927685 444
1936684 548
1963685 444
1972684 548
1999685 444
2008684 1471
2037485 444
2044684 548
2074685 444
21 events for B
263716 0
281236 1370
522916 0
540436 1370
868516 0
886216 600
886396 1300
1126276 600
1126476 0
1145416 600
1145596 1300
1472760 700
1472805 0
1491016 600
1491256 1300
1732076 700
1732121 0
1750216 600
1750456 1300
2077416 700
2077461 0
56 events for C
14360 4214960
14364 0
14790 4214960
14794 0
15530 4214960
15534 0
15960 4214960
15964 0
280795 4214960
280799 0
281225 4214960
281229 0
281965 4214960
281969 0
282395 4214960
282399 0
649921 4214960
649925 0
650351 4214960
650355 0
651091 4214960
651095 0
651521 4214960
651525 0
885595 4214960
885599 0
886025 4214960
886029 0
886765 4214960
886769 0
887195 4214960
887199 0
1254721 4214960
1254725 0
1255151 4214960
1255155 0
1255891 4214960
1255895 0
1256321 4214960
1256325 0
1490395 4214960
1490399 0
1490825 4214960
1490829 0
1491565 4214960
1491569 0
1491995 4214960
1491999 0
1859521 4214960
1859525 0
1859951 4214960
1859955 0
1860691 4214960
1860695 0
1861121 4214960
1861125 0
508 events for D
97029 718864
97030 0
97639 718864
97640 0
98270 3748528
98273 0
98529 718864
98530 0
99139 718864
99140 0
99770 3748528
99773 0
100029 718864
100030 0
100639 718864
100640 0
101270 3748528
101273 0
108789 718864
108790 0
109399 718864
109400 0
110030 3748528
110033 0
110289 718864
110290 0
110899 718864
110900 0
111530 3748528
111533 0
111789 718864
111790 0
112399 718864
112400 0
113030 3748528
113033 0
143450 4313184
143451 2310336
143452 0
143581 4313184
143583 0
143726 192528
143727 0
144031 2156592
144032 0
144350 3594320
144351 962640
144352 0
144398 3594320
144399 962640
144400 0
144669 718864
144670 0
144679 718864
144680 0
144689 718864
144690 0
144699 718864
144700 0
144709 718864
144710 0
144719 718864
144720 0
144729 718864
144730 0
144739 718864
144740 0
144749 718864
144750 0
144759 718864
144760 0
144769 718864
144770 0
144779 718864
144780 0
144789 718864
144790 0
144799 718864
144800 0
144809 718864
144810 0
144819 718864
144820 0
144829 718864
144830 0
144849 192528
144850 0
144859 192528
144860 0
144869 192528
144870 0
144879 192528
144880 0
144889 192528
144890 0
144899 192528
144900 0
144909 192528
144910 0
144919 192528
144920 0
144929 192528
144930 0
144939 192528
144940 0
144949 192528
144950 0
144959 192528
144960 0
144969 192528
144970 0
250550 4494818
250551 3748528
250554 0
250560 4494818
250565 0
250610 4494818
250615 0
250670 4494818
250671 3748528
250674 0
250680 4494818
250685 0
250730 4494818
250735 0
250790 4494818
250795 0
250800 4494818
250805 0
250850 4494818
250851 3748528
250854 0
254750 4494818
254751 3748528
254754 0
254760 4494818
254765 0
254810 4494818
254815 0
254870 4494818
254871 3748528
254874 0
254880 4494818
254885 0
254930 4494818
254935 0
254990 4494818
254995 0
255000 4494818
255005 0
255050 4494818
255051 3748528
255054 0
291974 82880
291975 0
291984 82880
291985 0
291994 82880
291995 0
292025 82880
292026 0
292035 82880
292036 0
292045 82880
292046 0
341426 3748528
341429 0
345026 3748528
345029 0
348626 3748528
348629 0
352226 3748528
352229 0
355646 3748528
355649 0
357840 3748528
357843 0
361440 3748528
361443 0
365040 3748528
365043 0
368640 3748528
368643 0
372240 3748528
372243 0
378455 3748528
378458 0
382055 3748528
382058 0
385655 3748528
385658 0
389255 3748528
389258 0
392675 3748528
392678 0
394869 3748528
394872 0
398469 3748528
398472 0
400043 3748528
400046 0
400053 3748528
400056 0
400643 3748528
400646 0
400653 3748528
400656 0
402957 3748528
402960 0
402967 3748528
402970 0
403557 3748528
403560 0
403567 3748528
403570 0
409857 3748528
409860 0
409867 3748528
409870 0
410457 3748528
410460 0
410467 3748528
410470 0
428457 3748528
428460 0
428467 3748528
428470 0
429057 3748528
429060 0
429067 3748528
429070 0
491940 2824208
491941 0
492060 2824208
492061 0
492180 2824208
492181 0
492660 2824208
492661 0
492780 2824208
492781 0
492900 2824208
492901 0
493380 2824208
493381 0
493500 2824208
493501 0
493620 2824208
493621 0
494100 2824208
494101 0
494220 2824208
494221 0
494340 2824208
494341 0
494820 2824208
494821 0
494940 2824208
494941 0
495060 2824208
495061 0
495540 2824208
495541 0
495660 2824208
495661 0
495780 2824208
495781 0
496260 2824208
496261 0
496380 2824208
496381 0
496500 2824208
496501 0
496980 2824208
496981 0
497100 2824208
497101 0
497220 2824208
497221 0
497700 2824208
497701 0
497820 2824208
497821 0
497940 2824208
497941 0
498360 2824208
498361 0
498480 2824208
498481 0
498600 2824208
498601 0
499140 2824208
499141 0
499260 2824208
499261 0
499380 2824208
499381 0
502055 2824208
502056 0
502146 3748528
502149 0
502355 2824208
502356 0
502425 2824208
502426 0
502636 3765611
502639 0
505955 2824208
505956 0
506046 3748528
506049 0
506255 2824208
506256 0
506325 2824208
506326 0
506536 3765611
506539 0
508055 2824208
508056 0
508146 3748528
508149 0
508355 2824208
508356 0
508425 2824208
508426 0
508636 3765611
508639 0
509555 2824208
509556 0
509646 3748528
509649 0
509855 2824208
509856 0
509925 2824208
509926 0
510136 3765611
510139 0
519669 2824208
519670 0
519760 3748528
519763 0
519969 2824208
519970 0
520039 2824208
520040 0
520250 3765611
520253 0
579017 3748528
579020 0
579032 5000000
579050 0
580817 3748528
580820 0
580832 5000000
580850 0
582617 3748528
582620 0
582632 5000000
582650 0
584417 3748528
584420 0
584432 5000000
584450 0
586217 3748528
586220 0
586232 5000000
586250 0
588017 3748528
588020 0
588032 5000000
588050 0
589817 3748528
589820 0
589832 5000000
589850 0
591617 3748528
591620 0
591632 5000000
591650 0
593417 3748528
593420 0
593432 5000000
593450 0
599307 3748528
599310 0
599322 5000000
599340 0
601107 3748528
601110 0
601122 5000000
601140 0
602907 3748528
602910 0
602922 5000000
602940 0
604707 3748528
604710 0
604722 5000000
604740 0
606507 3748528
606510 0
606522 5000000
606540 0
608307 3748528
608310 0
608322 5000000
608340 0
610107 3748528
610110 0
610122 5000000
610140 0
611907 3748528
611910 0
611922 5000000
611940 0
657969 3748528
657972 0
657989 3748528
657992 0
658009 3748528
658012 0
664269 3748528
664272 0
664289 3748528
664292 0
664309 3748528
664312 0
672085 3748528
672088 0
672105 3748528
672108 0
672125 3748528
672128 0
678385 3748528
678388 0
678405 3748528
678408 0
678425 3748528
678428 0
684685 3748528
684688 0
684705 3748528
684708 0
684725 3748528
684728 0
690085 3748528
690088 0
690105 3748528
690108 0
690125 3748528
690128 0
694885 3748528
694888 0
694905 3748528
694908 0
694925 3748528
694928 0
699685 3748528
699688 0
699705 3748528
699708 0
699725 3748528
699728 0
703664 3748528
703667 0
703684 3748528
703687 0
703704 3748528
703707 0
1062710 226158674
1062715 0
1084310 20242052
1084315 0
1105910 20242052
1105915 0
1170710 178452312
1170712 8996469
1170717 0
1300310 18598775
1300315 0
1321910 22542416
1321915 0
1343510 57946826
1343515 0
1365110 112491168
1365115 0
1386710 89992935
1386715 0
1447373 90225847
1447374 99456
1447375 17992937
1447380 0
1516311 36047367
1516316 0
1537911 39436416
1537916 0
1645911 79610631
1645916 0
1667511 77494701
1667516 0
1775511 73767533
1775516 0
1797111 221441780
1797116 0
2056311 47723996
2056316 0
2073261 12683312
2073266 0
352 events for E
858 6744
3248 0
10492 117965
10582 125479
11323 7514
12352 125479
13123 7514
14143 0
18557 117965
18647 119538
19388 1573
20417 119538
21188 1573
22217 119538
22988 1573
24017 119538
24788 1573
25817 119538
26588 1573
31808 0
36345 117965
36435 119538
37176 1573
38205 119538
38976 1573
40005 119538
40776 1573
41805 119538
42576 7514
43605 119538
44376 1573
49596 0
52033 117965
52123 125479
52864 7514
53284 0
291232 117965
291382 125479
292003 7514
292432 125479
293203 7514
293632 125479
294403 7514
295012 125479
295783 7514
300043 0
304621 117965
304711 125479
305452 7514
305881 125479
306652 7514
307081 125479
307852 7514
308281 125479
309052 7514
311872 0
312892 117965
312982 124709
313723 6744
314152 124709
314923 6744
315352 124709
316123 6744
316552 124709
317323 6744
318343 0
321035 117965
321125 124709
321866 6744
322295 124709
323066 6744
323495 124709
324266 6744
324695 124709
325466 6744
326495 124709
327266 6744
328295 124709
329066 6744
330095 124709
330866 6744
337286 0
341649 117965
341739 124709
342480 6744
342909 124709
343680 6744
344109 124709
344880 6744
345309 124709
346080 6744
347109 124709
347880 6744
355500 0
358063 117965
358153 124709
358894 7514
358899 6744
359323 124709
360094 6744
360523 124709
361294 6744
361723 124709
362494 6744
363523 124709
364294 6744
365323 124709
366094 6744
374314 0
378678 117965
378768 124709
379509 6744
379938 124709
380709 6744
381138 124709
381909 6744
382338 124709
383109 6744
383538 124709
384309 6744
385938 124709
386709 6744
392529 0
395092 117965
395182 124709
395923 6744
396352 124709
397123 6744
397552 124709
398323 6744
398743 0
548332 117965
548482 119538
548503 1573
549532 119538
550303 1573
550732 119538
551503 1573
552112 119538
552883 1573
553312 119538
554083 1573
554572 119538
555343 1573
555772 119538
556543 1573
557743 0
563171 117965
563261 119538
564002 1573
564431 119538
565202 1573
565631 119538
566402 1573
566831 119538
567602 1573
568031 119538
568802 1573
571622 0
894142 14189
894823 58982
894922 7514
895208 0
895252 73171
896623 7514
901972 66496
903343 7514
904243 0
909421 58982
909511 66496
910852 7514
913081 66496
914452 7514
914881 66496
916252 7514
916672 0
917392 58982
917482 66496
918823 7514
919208 0
919252 58982
920623 7514
923743 0
925835 58982
925925 66496
927266 7514
927651 0
927695 58982
929066 7514
932486 0
932769 58982
932859 66496
934200 7514
934585 0
934629 58982
936000 7514
942300 0
946449 58982
946539 66496
947880 7514
952200 0
952492 58982
952582 66496
953923 7514
958243 0
1154182 7514
1163803 0
1168061 7514
1171202 0
1171582 7514
1176643 0
1284682 7514
1291123 0
1293286 179338
1293388 0
1294977 7514
1309328 0
1313577 7514
1327518 0
1498192 19661
1498282 27175
1498963 7514
1499632 27175
1500403 7514
1500652 27175
1501423 7514
1502092 27175
1502863 7514
1503112 27175
1503883 7514
1504552 27175
1505323 7514
1505572 27175
1506343 7514
1507012 27175
1507783 7514
1508032 27175
1508803 7514
1509043 0
1514332 19661
1514422 27175
1514983 7514
1515112 27175
1515763 7514
1516312 27175
1516903 7514
1517092 27175
1517743 7514
1518292 27175
1518943 7514
1519072 27175
1519723 7514
1520272 27175
1520923 7514
1521052 27175
1521703 7514
1522252 27175
1522903 7514
1523032 27175
1523683 7514
1524232 27175
1524883 7514
1525012 27175
1525663 7514
1525783 0
1757482 7514
1759552 66496
1760923 7514
1764112 66496
1765483 7514
1768603 0
1772771 58982
1772861 66496
1774142 7514
1777391 66496
1778762 7514
1779002 0
1779292 58982
1779382 66496
1780663 7514
1783912 66496
1785283 7514
1786783 0
1788860 58982
1788950 66496
1790231 7514
1793480 66496
1794851 7514
1798811 0
1799092 58982
1799182 66496
1800463 7514
1803412 66496
1804783 7514
1804963 0
1809150 58982
1809240 66496
1810521 7514
1811910 66496
1813281 7514
1813821 0
1814092 58982
1814182 66496
1815463 7514
1820452 66496
1821823 7514
1823143 0
1825239 117965
1825329 124709
1826190 6744
1827099 124709
1827990 6744
1828899 124709
1829790 6744
1830699 124709
1831590 6744
1832499 124709
1833390 6744
1834299 124709
1835190 6744
1836099 124709
1836990 6744
1841370 0
1845529 117965
1845619 124709
1846480 6744
1847389 124709
1848280 6744
1849189 124709
1850080 6744
1850989 124709
1851880 6744
1852789 124709
1853680 6744
1854589 124709
1855480 6744
1856389 124709
1857280 6744
1858189 124709
1859080 6744
1859560 0
1863718 117965
1863808 124709
1864669 6744
1865578 124709
1866469 6744
1867369 0
1882243 169032
1883563 45609
1884888 0
2061193 7514
2068354 0
21 events for F
263330 0
280850 1370
522530 0
540050 1370
868130 0
885830 600
886010 1300
1125890 600
1126090 0
1145030 600
1145210 1300
1472374 700
1472419 0
1490630 600
1490870 1300
1731690 700
1731735 0
1749830 600
1750070 1300
2077030 700
2077075 0
2 events for G
866730 0
866731 18
2 events for H
867355 0
867356 74
148 events for I
10797 0
15177 906
28585 0
34765 906
46373 0
49532 906
64161 0
70341 906
81950 0
84230 906
92732 0
94112 593
98742 0
105618 593
109462 0
111152 593
117042 0
120752 593
124702 0
126512 593
132993 0
138302 1500
144322 0
145622 1500
151642 0
161912 215
173332 0
230436 906
241444 0
246632 906
255032 0
281912 906
296861 0
303041 906
315375 0
316875 906
333889 0
377098 906
389432 0
390932 906
407646 0
466069 906
481832 0
488483 906
495632 0
497372 906
499918 0
502018 906
517532 0
568712 906
569492 0
576180 906
591790 0
597970 906
609979 0
655112 906
655892 0
707107 906
719116 0
721396 906
738251 0
817112 906
817892 0
886712 906
900632 0
907841 906
938689 0
944869 906
957032 0
959483 906
975718 0
981898 906
994232 0
995732 906
1000232 0
1046312 906
1047362 0
1143812 906
1160211 0
1166391 906
1173032 0
1174052 906
1178072 0
1180552 906
1196552 0
1202770 906
1214479 0
1217059 906
1232729 0
1239149 906
1250798 0
1254758 906
1268928 0
1319698 906
1320728 0
1403533 906
1404273 0
1439223 1500
1444402 0
1449902 479
1451142 0
1452622 479
1454732 1500
1460712 0
1466372 479
1468432 0
1490472 906
1505614 0
1512932 906
1522362 0
1527555 906
1543189 0
1549669 906
1561703 0
1564583 906
1580518 0
1586698 906
1598732 0
1601612 906
1617246 0
1623212 1087
1625922 0
1626426 215
1637846 0
1697772 1600
1707957 0
1712912 906
1713812 1500
1720295 0
1721362 1500
1724262 0
1748612 906
1765011 0
1771191 906
1783200 0
1784700 906
1801390 0
1807570 906
1819579 0
1845259 906
1845999 0
1926259 906
1927009 0
2044193 593
2054882 0
2057722 906
2058472 593
2071312 0
2 events for J
868193 0
868194 74
158 events for K
26635 1727
33834 2754
62635 1727
69834 2754
98635 1727
105834 2754
150835 1727
159834 1830
186835 1727
195834 1830
222835 1727
222845 3917
231834 4021
242634 4944
244445 2754
258535 1727
280434 2754
294835 1727
302034 2754
330835 1727
338034 1830
370435 1727
377634 1830
406435 1727
413634 1830
442435 1727
449634 2754
480235 1727
487434 2754
519235 1727
521945 1664
522245 1727
525245 3917
537834 4944
555835 3917
561234 4944
588235 3917
590045 1727
599034 2754
611607 1471
627835 444
635034 1471
663835 444
671034 1471
699835 444
707034 1471
708845 3662
752035 2635
761034 2738
763636 2685
789835 2581
800634 3608
812836 3662
813245 1471
825835 444
833034 548
864835 444
865112 0
865113 444
867245 382
867545 444
883434 548
901435 444
906834 1471
914045 3662
914067 4944
935635 3917
946434 4944
950045 2754
957267 1471
966234 548
975235 444
982434 548
996616 798
1011235 695
1018434 798
1040056 548
1047235 444
1058034 1471
1086835 444
1094034 1471
1123735 444
1144434 1471
1158835 444
1166034 1471
1194835 444
1202034 1471
1212845 1409
1213145 1471
1230835 444
1239834 548
1263245 2738
1268635 2635
1275834 2738
1299245 548
1304635 444
1310034 548
1322635 444
1331634 548
1358635 444
1367634 548
1385645 485
1385945 2738
1394635 2635
1403634 3662
1410867 4944
1432435 3917
1439634 4944
1454012 5195
1469335 4168
1488234 5195
1497256 4944
1497267 3662
1500845 1471
1506235 444
1511634 1471
1522434 548
1542235 444
1551234 548
1562045 485
1562345 548
1580035 444
1587234 1471
1616035 444
1626834 548
1652035 444
1659234 548
1691635 444
1698834 548
1728835 444
1731245 382
1731545 444
1749234 548
1763635 444
1770834 548
1770845 2738
1799635 2635
1806834 3662
1835635 2635
1842834 2738
1850045 548
1850056 798
1873435 695
1882434 798
1904045 736
1904056 485
1904345 548
1909435 444
1914834 548
1927435 444
1936434 548
1963435 444
1972434 548
1999435 444
2008434 1471
2037235 444
2044434 548
2074435 444
3 events for L
771718 90
782638 3500
806698 0
350 events for M
7061 117965
7151 125479
7892 7514
8921 125479
9692 7514
10712 0
15126 117965
15216 119538
15957 1573
16986 119538
17757 1573
18786 119538
19557 1573
20586 119538
21357 1573
22386 119538
23157 1573
28377 0
32914 117965
33004 119538
33745 1573
34774 119538
35545 1573
36574 119538
37345 1573
38374 119538
39145 7514
40174 119538
40945 1573
46165 0
48602 117965
48692 125479
49433 7514
49853 0
287801 117965
287951 125479
288572 7514
289001 125479
289772 7514
290201 125479
290972 7514
291581 125479
292352 7514
296612 0
301190 117965
301280 125479
302021 7514
302450 125479
303221 7514
303650 125479
304421 7514
304850 125479
305621 7514
308441 0
309461 117965
309551 124709
310292 6744
310721 124709
311492 6744
311921 124709
312692 6744
313121 124709
313892 6744
314912 0
317604 117965
317694 124709
318435 6744
318864 124709
319635 6744
320064 124709
320835 6744
321264 124709
322035 6744
323064 124709
323835 6744
324864 124709
325635 6744
326664 124709
327435 6744
333855 0
338218 117965
338308 124709
339049 6744
339478 124709
340249 6744
340678 124709
341449 6744
341878 124709
342649 6744
343678 124709
344449 6744
352069 0
354632 117965
354722 124709
355463 7514
355468 6744
355892 124709
356663 6744
357092 124709
357863 6744
358292 124709
359063 6744
360092 124709
360863 6744
361892 124709
362663 6744
370883 0
375247 117965
375337 124709
376078 6744
376507 124709
377278 6744
377707 124709
378478 6744
378907 124709
379678 6744
380107 124709
380878 6744
382507 124709
383278 6744
389098 0
391661 117965
391751 124709
392492 6744
392921 124709
393692 6744
394121 124709
394892 6744
395312 0
544901 117965
545051 119538
545072 1573
546101 119538
546872 1573
547301 119538
548072 1573
548681 119538
549452 1573
549881 119538
550652 1573
551141 119538
551912 1573
552341 119538
553112 1573
554312 0
559740 117965
559830 119538
560571 1573
561000 119538
561771 1573
562200 119538
562971 1573
563400 119538
564171 1573
564600 119538
565371 1573
568191 0
890711 14189
891392 58982
891491 7514
891777 0
891821 73171
893192 7514
898541 66496
899912 7514
900812 0
905990 58982
906080 66496
907421 7514
909650 66496
911021 7514
911450 66496
912821 7514
913241 0
913961 58982
914051 66496
915392 7514
915777 0
915821 58982
917192 7514
920312 0
922404 58982
922494 66496
923835 7514
924220 0
924264 58982
925635 7514
929055 0
929338 58982
929428 66496
930769 7514
931154 0
931198 58982
932569 7514
938869 0
943018 58982
943108 66496
944449 7514
948769 0
949061 58982
949151 66496
950492 7514
954812 0
1150751 7514
1160372 0
1164630 7514
1167771 0
1168151 7514
1173212 0
1281251 7514
1287692 0
1289855 179338
1289957 0
1291546 7514
1305897 0
1310146 7514
1324087 0
1494761 19661
1494851 27175
1495532 7514
1496201 27175
1496972 7514
1497221 27175
1497992 7514
1498661 27175
1499432 7514
1499681 27175
1500452 7514
1501121 27175
1501892 7514
1502141 27175
1502912 7514
1503581 27175
1504352 7514
1504601 27175
1505372 7514
1505612 0
1510901 19661
1510991 27175
1511552 7514
1511681 27175
1512332 7514
1512881 27175
1513472 7514
1513661 27175
1514312 7514
1514861 27175
1515512 7514
1515641 27175
1516292 7514
1516841 27175
1517492 7514
1517621 27175
1518272 7514
1518821 27175
1519472 7514
1519601 27175
1520252 7514
1520801 27175
1521452 7514
1521581 27175
1522232 7514
1522352 0
1754051 7514
1756121 66496
1757492 7514
1760681 66496
1762052 7514
1765172 0
1769340 58982
1769430 66496
1770711 7514
1773960 66496
1775331 7514
1775571 0
1775861 58982
1775951 66496
1777232 7514
1780481 66496
1781852 7514
1783352 0
1785429 58982
1785519 66496
1786800 7514
1790049 66496
1791420 7514
1795380 0
1795661 58982
1795751 66496
1797032 7514
1799981 66496
1801352 7514
1801532 0
1805719 58982
1805809 66496
1807090 7514
1808479 66496
1809850 7514
1810390 0
1810661 58982
1810751 66496
1812032 7514
1817021 66496
1818392 7514
1819712 0
1821808 117965
1821898 124709
1822759 6744
1823668 124709
1824559 6744
1825468 124709
1826359 6744
1827268 124709
1828159 6744
1829068 124709
1829959 6744
1830868 124709
1831759 6744
1832668 124709
1833559 6744
1837939 0
1842098 117965
1842188 124709
1843049 6744
1843958 124709
1844849 6744
1845758 124709
1846649 6744
1847558 124709
1848449 6744
1849358 124709
1850249 6744
1851158 124709
1852049 6744
1852958 124709
1853849 6744
1854758 124709
1855649 6744
1856129 0
1860287 117965
1860377 124709
1861238 6744
1862147 124709
1863038 6744
1863938 0
1878812 169032
1880132 45609
1881457 0
2057762 7514
2064923 0
149 events for N
130 906
11739 0
16119 906
29527 0
35707 906
47315 0
50474 906
65103 0
71283 906
82892 0
85172 906
93674 0
95054 593
99684 0
106560 593
110404 0
112094 593
117984 0
121694 593
125644 0
127454 593
133935 0
139244 1500
145264 0
146564 1500
152584 0
162854 215
174274 0
231378 906
242386 0
247574 906
255974 0
282854 906
297803 0
303983 906
316317 0
317817 906
334831 0
378040 906
390374 0
391874 906
408588 0
467011 906
482774 0
489425 906
496574 0
498314 906
500860 0
502960 906
518474 0
569654 906
570434 0
577122 906
592732 0
598912 906
610921 0
656054 906
656834 0
708049 906
720058 0
722338 906
739193 0
818054 906
818834 0
887654 906
901574 0
908783 906
939631 0
945811 906
957974 0
960425 906
976660 0
982840 906
995174 0
996674 906
1001174 0
1047254 906
1048304 0
1144754 906
1161153 0
1167333 906
1173974 0
1174994 906
1179014 0
1181494 906
1197494 0
1203712 906
1215421 0
1218001 906
1233671 0
1240091 906
1251740 0
1255700 906
1269870 0
1320640 906
1321670 0
1404475 906
1405215 0
1440165 1500
1445344 0
1450844 479
1452084 0
1453564 479
1455674 1500
1461654 0
1467314 479
1469374 0
1491414 906
1506556 0
1513874 906
1523304 0
1528497 906
1544131 0
1550611 906
1562645 0
1565525 906
1581460 0
1587640 906
1599674 0
1602554 906
1618188 0
1624154 1087
1626864 0
1627368 215
1638788 0
1698714 1600
1708899 0
1713854 906
1714754 1500
1721237 0
1722304 1500
1725204 0
1749554 906
1765953 0
1772133 906
1784142 0
1785642 906
1802332 0
1808512 906
1820521 0
1846201 906
1846941 0
1927201 906
1927951 0
2045135 593
2055824 0
2058664 906
2059414 593
2072254 0
351 events for O
1690 0
8934 117965
9024 125479
9765 7514
10794 125479
11565 7514
12585 0
16999 117965
17089 119538
17830 1573
18859 119538
19630 1573
20659 119538
21430 1573
22459 119538
23230 1573
24259 119538
25030 1573
30250 0
34787 117965
34877 119538
35618 1573
36647 119538
37418 1573
38447 119538
39218 1573
40247 119538
41018 7514
42047 119538
42818 1573
48038 0
50475 117965
50565 125479
51306 7514
51726 0
289674 117965
289824 125479
290445 7514
290874 125479
291645 7514
292074 125479
292845 7514
293454 125479
294225 7514
298485 0
303063 117965
303153 125479
303894 7514
304323 125479
305094 7514
305523 125479
306294 7514
306723 125479
307494 7514
310314 0
311334 117965
311424 124709
312165 6744
312594 124709
313365 6744
313794 124709
314565 6744
314994 124709
315765 6744
316785 0
319477 117965
319567 124709
320308 6744
320737 124709
321508 6744
321937 124709
322708 6744
323137 124709
323908 6744
324937 124709
325708 6744
326737 124709
327508 6744
328537 124709
329308 6744
335728 0
340091 117965
340181 124709
340922 6744
341351 124709
342122 6744
342551 124709
343322 6744
343751 124709
344522 6744
345551 124709
346322 6744
353942 0
356505 117965
356595 124709
357336 7514
357341 6744
357765 124709
358536 6744
358965 124709
359736 6744
360165 124709
360936 6744
361965 124709
362736 6744
363765 124709
364536 6744
372756 0
377120 117965
377210 124709
377951 6744
378380 124709
379151 6744
379580 124709
380351 6744
380780 124709
381551 6744
381980 124709
382751 6744
384380 124709
385151 6744
390971 0
393534 117965
393624 124709
394365 6744
394794 124709
395565 6744
395994 124709
396765 6744
397185 0
546774 117965
546924 119538
546945 1573
547974 119538
548745 1573
549174 119538
549945 1573
550554 119538
551325 1573
551754 119538
552525 1573
553014 119538
553785 1573
554214 119538
554985 1573
556185 0
561613 117965
561703 119538
562444 1573
562873 119538
563644 1573
564073 119538
564844 1573
565273 119538
566044 1573
566473 119538
567244 1573
570064 0
892584 14189
893265 58982
893364 7514
893650 0
893694 73171
895065 7514
900414 66496
901785 7514
902685 0
907863 58982
907953 66496
909294 7514
911523 66496
912894 7514
913323 66496
914694 7514
915114 0
915834 58982
915924 66496
917265 7514
917650 0
917694 58982
919065 7514
922185 0
924277 58982
924367 66496
925708 7514
926093 0
926137 58982
927508 7514
930928 0
931211 58982
931301 66496
932642 7514
933027 0
933071 58982
934442 7514
940742 0
944891 58982
944981 66496
946322 7514
950642 0
950934 58982
951024 66496
952365 7514
956685 0
1152624 7514
1162245 0
1166503 7514
1169644 0
1170024 7514
1175085 0
1283124 7514
1289565 0
1291728 179338
1291830 0
1293419 7514
1307770 0
1312019 7514
1325960 0
1496634 19661
1496724 27175
1497405 7514
1498074 27175
1498845 7514
1499094 27175
1499865 7514
1500534 27175
1501305 7514
1501554 27175
1502325 7514
1502994 27175
1503765 7514
1504014 27175
1504785 7514
1505454 27175
1506225 7514
1506474 27175
1507245 7514
1507485 0
1512774 19661
1512864 27175
1513425 7514
1513554 27175
1514205 7514
1514754 27175
1515345 7514
1515534 27175
1516185 7514
1516734 27175
1517385 7514
1517514 27175
1518165 7514
1518714 27175
1519365 7514
1519494 27175
1520145 7514
1520694 27175
1521345 7514
1521474 27175
1522125 7514
1522674 27175
1523325 7514
1523454 27175
1524105 7514
1524225 0
1755924 7514
1757994 66496
1759365 7514
1762554 66496
1763925 7514
1767045 0
1771213 58982
1771303 66496
1772584 7514
1775833 66496
1777204 7514
1777444 0
1777734 58982
1777824 66496
1779105 7514
1782354 66496
1783725 7514
1785225 0
1787302 58982
1787392 66496
1788673 7514
1791922 66496
1793293 7514
1797253 0
1797534 58982
1797624 66496
1798905 7514
1801854 66496
1803225 7514
1803405 0
1807592 58982
1807682 66496
1808963 7514
1810352 66496
1811723 7514
1812263 0
1812534 58982
1812624 66496
1813905 7514
1818894 66496
1820265 7514
1821585 0
1823681 117965
1823771 124709
1824632 6744
1825541 124709
1826432 6744
1827341 124709
1828232 6744
1829141 124709
1830032 6744
1830941 124709
1831832 6744
1832741 124709
1833632 6744
1834541 124709
1835432 6744
1839812 0
1843971 117965
1844061 124709
1844922 6744
1845831 124709
1846722 6744
1847631 124709
1848522 6744
1849431 124709
1850322 6744
1851231 124709
1852122 6744
1853031 124709
1853922 6744
1854831 124709
1855722 6744
1856631 124709
1857522 6744
1858002 0
1862160 117965
1862250 124709
1863111 6744
1864020 124709
1864911 6744
1865811 0
1880685 169032
1882005 45609
1883330 0
2059635 7514
2066796 0
68 events for P
262252 0
262852 185
867052 0
885712 20
885892 0
888052 20
888232 0
888292 62
934732 0
935392 20
935572 0
937732 20
937912 0
937972 62
984412 0
984532 20
984712 289
997972 0
1017352 20
1031924 0
1032584 20
1032764 0
1034924 20
1035104 0
1035164 62
1081604 0
1082384 20
1230652 0
1231432 20
1231612 0
1233772 20
1233952 0
1234012 53
1287472 0
1288132 20
1288312 0
1290472 20
1290652 0
1290712 53
1344172 0
1344832 20
1345012 0
1347172 20
1347352 0
1347412 53
1400872 0
1401532 20
1401712 0
1403872 20
1404052 0
1404112 53
1457572 0
1457692 20
1457872 252
1472092 0
1749712 20
1749892 0
1752052 20
1752232 0
1752292 28
2006092 0
2006752 20
2006932 0
2009092 20
2009272 0
2009332 56
2077012 0
2077252 243
32 events for Q
208634 10000000
208635 0
250563 10000000
250564 0
293211 10000000
293212 0
336129 10000000
336130 0
379107 10000000
379108 0
421964 10000000
421965 0
464494 10000000
464495 0
506479 10000000
506480 0
547972 10000000
547973 0
589622 10000000
589623 0
632079 10000000
632080 0
675380 10000000
675381 0
719295 10000000
719296 0
763651 10000000
763652 0
808388 10000000
808389 0
853610 10000000
853611 0
60 events for R
26230 0
53523 3276
68523 0
68583 873
97383 0
142465 3276
157465 0
157525 873
186325 0
213618 3276
228618 0
228678 873
257478 0
397308 3276
412308 0
412368 873
441168 0
559833 873
588633 0
632591 873
661391 0
781236 3276
796236 0
796296 873
825096 0
882854 4096
891054 0
980140 4096
988340 0
1054197 4096
1062397 0
1142054 4096
1150254 0
1164633 665
1193793 0
1237391 4096
1245591 0
1310149 4096
1318349 0
1401096 4096
1409296 0
1487654 4096
1495854 0
1584940 4096
1593140 0
1658997 4096
1667197 0
1746854 4096
1755054 0
1769433 665
1798593 0
1842191 4096
1850391 0
1914949 4096
1923149 0
2005896 4096
2014096 0
2092454 1365
2092634 0
2094434 1365
