18 instruments
A 10 100 128045.25187067324 495183416.02819836
B 10 100 20927.686835728317 891804836.74978614
C 10 100 5910082.7758317869 3030989320.3134623
D 10 100 1991925.5289842244 689098561.3783263
E 10 100 38499.176269411204 51488453.781630412
F 10 100 352362.70723718189 299636114.68177354
G 10 100 183507440.74517861 809594356.20986629
H 10 100 20805.899747385713 886615046.05336845
I 10 100 2419.0747377101388 662193255.831689
J 10 100 763800535.41096985 7041040280.2382517
K 10 100 309096.09667920991 262843801.48639998
L 10 100 22018.298358889329 159480658.09969637
M 10 100 1289849390.9659207 3398902187.0561032
N 10 100 23264.147255000564 168504461.78361657
O 10 100 6553.6061313363007 2560002395.0532427
P 10 100 8192 3200000000
Q 10 100 0 320000000
R 10 100 0 974485132.8010211
140 downlinks
0 4798 53082 56661.696495999997
1 53083 65378 56748.807657999998
2 69583 81788 58852.465277000003
3 101982 128282 17334.486729
4 134983 177358 60764.045818999999
5 177359 224775 24005.080918
6 232481 236678 18969.341575999999
7 242081 263441 18036.499982000001
8 286480 298552 52719.905522000001
9 307554 338163 54389.954824
10 362078 373852 17991.02982
11 393839 435558 61717.871531999997
12 436206 481755 24930.695499000001
13 500677 524316 22398.438724
14 539312 567759 17244.778962
15 570575 582913 18220.925300999999
16 599675 611235 58678.576760000004
17 614434 654273 58555.537063999996
18 654274 669159 18992.23504
19 686974 723495 13796.402593000001
20 738990 777271 59962.626314000001
21 777272 783181 23204.996364999999
22 800612 823747 60314.874481999999
23 826171 842579 18020.649063000001
24 884912 912352 17416.188300000002
25 938369 958655 17116.766715000002
26 959367 965865 60234.572946
27 969867 989960 16963.427941999998
28 997858 1040196 60809.052052999999
29 1040197 1065276 23716.228502000002
30 1065865 1073367 18029.108412000001
31 1077025 1080105 60100.563959999999
32 1144112 1170537 17729.224104000001
33 1203863 1215945 17589.138943000002
34 1218621 1250960 58302.529763999999
35 1250961 1268405 18080.346756999999
36 1276761 1304397 55874.873438000002
37 1310359 1333585 60291.091052000003
38 1343024 1385346 60832.041154999999
39 1385347 1423456 24945.773354000001
40 1423457 1447270 18650.039686
41 1489712 1515327 17801.393711000001
42 1515760 1518903 18241.361444999999
43 1535354 1558187 24067.369501000001
44 1559352 1583335 56712.888793999999
45 1609452 1618307 58370.132263
46 1621823 1642663 58005.525035999999
47 1644214 1682049 24930.123806
48 1682050 1703223 16739.689300999999
49 1748912 1773479 18181.419744999999
50 1795447 1821063 18610.315675999998
51 1822505 1860893 59847.283359000001
52 1862345 1878420 18063.419893999999
53 1883045 1907850 18186.627066000001
54 1908902 1924749 56843.492619999997
55 1947082 1980541 9175.5815739999998
56 1980542 1992031 9288.5908459999991
57 1995299 2033298 29976.478185
58 2035439 2052476 8340.6453669999992
59 2061839 2072142 28164.287346000001
60 2094512 2117095 9615.6592349999992
61 2139237 2167733 8936.4976299999998
62 2167734 2171557 29078.912095
63 2187234 2194681 8738.7729049999998
64 2212862 2248251 9283.3064869999998
65 2248252 2294030 9136.56639
66 2294031 2310438 8867.2325060000003
67 2325865 2330271 30843.021497000002
68 2353712 2370481 8651.5363890000008
69 2372028 2394935 8598.6086899999991
70 2397828 2426324 28620.571626000001
71 2426325 2437245 29488.2804
72 2440485 2462885 29574.456625999999
73 2468925 2482262 8990.2936559999998
74 2484825 2513707 27889.095755999999
75 2515722 2525851 27279.489213000001
76 2528702 2531927 29339.122920000002
77 2538222 2547048 30467.823106
78 2556522 2568072 9273.8508989999991
79 2571327 2592563 28091.132868000001
80 2593425 2637464 9462.077765
81 2637465 2652798 8739.387213
82 2693312 2708216 27177.101999999999
83 2723765 2747874 28867.988366000001
84 2748815 2771343 8757.0573490000006
85 2810066 2852314 30482.278361000001
86 2852315 2889208 9337.789702
87 2889209 2917670 8515.7706749999998
88 2958512 2973395 8900.7025030000004
89 2975605 3001394 8778.3355150000007
90 3001405 3029777 29886.497736000001
91 3032302 3059543 29243.536622
92 3060262 3064475 26517.245249
93 3068971 3083243 8834.4018649999998
94 3102502 3113877 9457.9623840000004
95 3125898 3145794 28164.872808
96 3155273 3197502 30503.298975000002
97 3197503 3219918 8691.2845450000004
98 3220394 3230389 8525.9525360000007
99 3233054 3236807 28086.786929000002
100 3298112 3326056 9305.8530659999997
101 3327880 3332394 9003.7058219999999
102 3357791 3373552 29720.859928999998
103 3406545 3410202 28196.056719
104 3414184 3430897 8724.7512220000008
105 3432487 3459822 9238.0711549999996
106 3460743 3500487 29465.914934
107 3500488 3508464 8736.7051790000005
108 3531483 3545497 8623.2506759999997
109 3557312 3579561 8421.9856619999991
110 3583802 3603661 27549.328343000001
111 3615479 3632738 29572.320551000001
112 3635035 3665174 29086.290951999999
113 3665275 3693950 8813.8421070000004
114 3702175 3719141 29493.047434
115 3727071 3750562 27435.630709000001
116 3751453 3762981 29792.428981000001
117 3766071 3775954 8997.6095590000004
118 3778971 3802158 26654.011493000002
119 3816512 3839637 8664.3956859999998
120 3839867 3865726 8910.3347130000002
121 3908912 3928909 9263.3037550000008
122 3932018 3938250 8194.1372179999998
123 3949963 3962626 8812.3468479999992
124 3981459 3983290 28513.272391999999
125 4010134 4014295 29797.943813000002
126 4018326 4053158 9287.2106050000002
127 4053159 4063911 9493.8769009999996
128 4067315 4103395 29841.66733
129 4104634 4109312 9031.5484039999992
130 4168112 4179742 27058.173078
131 4181851 4185408 27764.822221999999
132 4189351 4205953 8866.3210920000001
133 4217838 4229998 30200.423556999998
134 4233110 4237954 9259.4321029999992
135 4242146 4266217 9457.3783449999992
136 4267946 4271774 29542.407908000001
137 4277252 4292095 8564.5545529999999
138 4301246 4323915 9335.3412189999999
139 4326442 4355168 27874.981927000001
0 opportunities for A
0 opportunities for B
0 opportunities for C
0 opportunities for D
0 opportunities for E
0 opportunities for F
0 opportunities for G
0 opportunities for H
0 opportunities for I
0 opportunities for J
0 opportunities for K
0 opportunities for L
0 opportunities for M
0 opportunities for N
0 opportunities for O
0 opportunities for P
0 opportunities for Q
0 opportunities for R
4 events for A
867355 0
867356 74
3286555 0
3286556 74
122 events for B
14789 4214960
14793 0
15219 4214960
15223 0
15959 4214960
15963 0
16389 4214960
16393 0
281224 4214960
281228 0
281654 4214960
281658 0
282394 4214960
282398 0
282824 4214960
282828 0
650350 4214960
650354 0
650780 4214960
650784 0
651520 4214960
651524 0
651950 4214960
651954 0
886024 4214960
886028 0
886454 4214960
886458 0
887194 4214960
887198 0
887624 4214960
887628 0
1255150 4214960
1255154 0
1255580 4214960
1255584 0
1256320 4214960
1256324 0
1256750 4214960
1256754 0
1490824 4214960
1490828 0
1491254 4214960
1491258 0
1491994 4214960
1491998 0
1492424 4214960
1492428 0
1859950 4214960
1859954 0
1860380 4214960
1860384 0
1861120 4214960
1861124 0
1861550 4214960
1861554 0
2095624 4214960
2095628 0
2096054 4214960
2096058 0
2096794 4214960
2096798 0
2097224 4214960
2097228 0
2464750 4214960
2464754 0
2465180 4214960
2465184 0
2465920 4214960
2465924 0
2466350 4214960
2466354 0
2516824 4214960
2516828 0
2517254 4214960
2517258 0
2517994 4214960
2517998 0
2518424 4214960
2518428 0
2701538 4214960
2701542 0
2701968 4214960
2701972 0
2702708 4214960
2702712 0
2703138 4214960
2703142 0
3069550 4214960
3069554 0
3069980 4214960
3069984 0
3070720 4214960
3070724 0
3071150 4214960
3071154 0
3140524 4214960
3140528 0
3140954 4214960
3140958 0
3141694 4214960
3141698 0
3142124 4214960
3142128 0
3306338 4214960
3306342 0
3306768 4214960
3306772 0
3307508 4214960
3307512 0
3307938 4214960
3307942 0
3674350 4214960
3674354 0
3674780 4214960
3674784 0
3675520 4214960
3675524 0
3675950 4214960
3675954 0
4279676 67463256
4279681 0
4 events for C
866749 0
866750 2650
3285949 0
3285950 2650
47 events for D
263716 0
281236 1370
522916 0
540436 1370
868516 0
886216 600
886396 1300
1126276 600
1126476 0
1145416 600
1145596 1300
1472760 700
1472805 0
1491016 600
1491256 1300
1732076 700
1732121 0
1750216 600
1750456 1300
2077416 700
2077461 0
2095636 1300
2337435 0
2354836 1300
2683035 0
2694436 1300
2942235 0
2959636 1300
3287835 0
3299716 600
3299896 1300
3546516 700
3546561 0
3558736 600
3558916 1300
3805656 700
3805701 0
3817816 600
3817996 1300
3892056 700
3892101 0
3910216 600
3910396 1300
4150476 700
4150521 0
4169416 600
4169536 1300
4 events for E
866730 0
866731 18
3285930 0
3285931 18
84 events for F
260834 0
261434 185
865634 0
884294 20
884474 0
886634 20
886814 0
886874 62
933314 0
933974 20
934154 0
936314 20
936494 0
936554 62
982994 0
983114 20
983294 289
996554 0
1015934 20
1030506 0
1031166 20
1031346 0
1033506 20
1033686 0
1033746 62
1080186 0
1080966 20
1229234 0
1230014 20
1230194 0
1232354 20
1232534 0
1232594 53
1286054 0
1286714 20
1286894 0
1289054 20
1289234 0
1289294 53
1342754 0
1343414 20
1343594 0
1345754 20
1345934 0
1345994 53
1399454 0
1400114 20
1400294 0
1402454 20
1402634 0
1402694 53
1456154 0
1456274 20
1456454 252
1470674 0
1748294 20
1748474 0
1750634 20
1750814 0
1750874 28
2004674 0
2005334 20
2005514 0
2007674 20
2007854 0
2007914 56
2075594 0
2075834 243
2680034 0
2680634 224
3284834 0
3634874 20
3635054 0
3637214 20
3637394 0
3637454 28
3803594 0
3815894 20
3816074 0
3818234 20
3818414 0
3818474 126
3889994 0
3890234 305
320 events for G
26885 1727
34084 2754
62885 1727
70084 2754
98885 1727
106084 2754
151085 1727
160084 1830
187085 1727
196084 1830
223085 1727
223095 3917
232084 4021
242884 4944
244695 2754
258785 1727
280684 2754
295085 1727
302284 2754
331085 1727
338284 1830
370685 1727
377884 1830
406685 1727
413884 1830
442685 1727
449884 2754
480485 1727
487684 2754
519485 1727
522195 1664
522495 1727
525495 3917
538084 4944
556085 3917
561484 4944
588485 3917
590295 1727
599284 2754
611857 1471
628085 444
635284 1471
664085 444
671284 1471
700085 444
707284 1471
709095 3662
752285 2635
761284 2738
763886 2685
790085 2581
800884 3608
813086 3662
813495 1471
826085 444
833284 548
865085 444
865362 0
865363 444
867495 382
867795 444
883684 548
901685 444
907084 1471
914295 3662
914317 4944
935885 3917
946684 4944
950295 2754
957517 1471
966484 548
975485 444
982684 548
996866 798
1011485 695
1018684 798
1040306 548
1047485 444
1058284 1471
1087085 444
1094284 1471
1123985 444
1144684 1471
1159085 444
1166284 1471
1195085 444
1202284 1471
1213095 1409
1213395 1471
1231085 444
1240084 548
1263495 2738
1268885 2635
1276084 2738
1299495 548
1304885 444
1310284 548
1322885 444
1331884 548
1358885 444
1367884 548
1385895 485
1386195 2738
1394885 2635
1403884 3662
1411117 4944
1432685 3917
1439884 4944
1454262 5195
1469585 4168
1488484 5195
1497506 4944
1497517 3662
1501095 1471
1506485 444
1511884 1471
1522684 548
1542485 444
1551484 548
1562295 485
1562595 548
1580285 444
1587484 1471
1616285 444
1627084 548
1652285 444
1659484 548
1691885 444
1699084 548
1729085 444
1731495 382
1731795 444
1749484 548
1763885 444
1771084 548
1771095 2738
1799885 2635
1807084 3662
1835885 2635
1843084 2738
1850295 548
1850306 798
1873685 695
1882684 798
1904295 736
1904306 485
1904595 548
1909685 444
1915084 548
1927685 444
1936684 548
1963685 444
1972684 548
1999685 444
2008684 1471
2037485 444
2044684 548
2074685 444
2095084 548
2111285 444
2116684 548
2149085 444
2156284 548
2185085 444
2192284 548
2221085 444
2230084 548
2250195 485
2250495 548
2257085 444
2266084 548
2294885 444
2303884 548
2333885 444
2354284 548
2369885 444
2375884 548
2404685 444
2411884 548
2440685 444
2447884 548
2479085 444
2483884 548
2512685 444
2527084 548
2568485 444
2577484 548
2595495 2738
2604485 2635
2613484 2738
2615295 548
2642285 444
2649484 548
2679485 444
2681874 240
2692684 344
2696295 2534
2714285 2431
2714295 240
2721484 344
2752085 240
2761084 344
2789885 240
2797084 344
2825885 240
2836684 344
2861885 240
2870884 344
2899685 240
2906884 344
2938685 240
2959084 344
2973485 240
2980684 344
3009485 240
3016684 344
3045485 240
3056284 344
3083285 240
3088684 344
3119285 240
3124684 344
3173285 240
3182284 344
3200595 281
3200895 344
3211085 240
3218284 344
3247085 240
3254284 344
3284285 240
3284562 0
3284563 240
3287595 178
3287895 240
3301084 344
3320885 240
3329884 344
3356885 240
3365884 344
3394685 240
3401884 344
3430685 240
3437884 344
3460395 281
3460695 344
3466685 240
3473884 344
3504485 240
3513484 344
3542285 240
3556684 344
3560355 281
3560655 344
3614285 240
3625084 344
3650285 240
3657484 344
3676395 281
3676695 344
3688085 240
3693484 344
3725885 240
3733084 344
3760085 240
3769084 344
3799685 240
3805995 178
3806295 240
3815884 344
3851885 240
3859084 344
3887885 240
3891474 444
3909484 548
3923885 444
3931084 548
3938284 1471
3959917 2754
3961685 1727
3967084 1830
3972174 1626
3978735 1564
3979035 3817
3981517 2534
3999485 2431
4006684 2534
4035485 2431
4042684 2534
4043835 344
4064274 548
4071485 444
4078684 548
4111085 444
4118284 548
4147085 444
4150674 240
4152975 178
4153275 240
4168684 344
4183085 240
4190284 344
4197484 1267
4219085 240
4229884 344
4256885 240
4262284 344
4262306 594
4262317 1877
4283874 2081
4283884 3004
4305474 2800
4305484 1877
4305517 594
4318085 491
4323506 240
4324455 178
4324755 240
4327084 344
4361285 240
122 events for H
14360 4214960
14364 0
14790 4214960
14794 0
15530 4214960
15534 0
15960 4214960
15964 0
280795 4214960
280799 0
281225 4214960
281229 0
281965 4214960
281969 0
282395 4214960
282399 0
649921 4214960
649925 0
650351 4214960
650355 0
651091 4214960
651095 0
651521 4214960
651525 0
885595 4214960
885599 0
886025 4214960
886029 0
886765 4214960
886769 0
887195 4214960
887199 0
1254721 4214960
1254725 0
1255151 4214960
1255155 0
1255891 4214960
1255895 0
1256321 4214960
1256325 0
1490395 4214960
1490399 0
1490825 4214960
1490829 0
1491565 4214960
1491569 0
1491995 4214960
1491999 0
1859521 4214960
1859525 0
1859951 4214960
1859955 0
1860691 4214960
1860695 0
1861121 4214960
1861125 0
2095195 4214960
2095199 0
2095625 4214960
2095629 0
2096365 4214960
2096369 0
2096795 4214960
2096799 0
2464321 4214960
2464325 0
2464751 4214960
2464755 0
2465491 4214960
2465495 0
2465921 4214960
2465925 0
2516395 4214960
2516399 0
2516825 4214960
2516829 0
2517565 4214960
2517569 0
2517995 4214960
2517999 0
2701109 4214960
2701113 0
2701539 4214960
2701543 0
2702279 4214960
2702283 0
2702709 4214960
2702713 0
3069121 4214960
3069125 0
3069551 4214960
3069555 0
3070291 4214960
3070295 0
3070721 4214960
3070725 0
3140095 4214960
3140099 0
3140525 4214960
3140529 0
3141265 4214960
3141269 0
3141695 4214960
3141699 0
3305909 4214960
3305913 0
3306339 4214960
3306343 0
3307079 4214960
3307083 0
3307509 4214960
3307513 0
3673921 4214960
3673925 0
3674351 4214960
3674355 0
3675091 4214960
3675095 0
3675521 4214960
3675525 0
4279247 67463256
4279252 0
174 events for I
28683 0
55976 3276
70976 0
71036 873
99836 0
144918 3276
159918 0
159978 873
188778 0
216071 3276
231071 0
231131 873
259931 0
399761 3276
414761 0
414821 873
443621 0
562286 873
591086 0
635044 873
663844 0
783689 3276
798689 0
798749 873
827549 0
885307 4096
893507 0
982593 4096
990793 0
1056650 4096
1064850 0
1144507 4096
1152707 0
1167086 665
1196246 0
1239844 4096
1248044 0
1312602 4096
1320802 0
1403549 4096
1411749 0
1490107 4096
1498307 0
1587393 4096
1595593 0
1661450 4096
1669650 0
1749307 4096
1757507 0
1771886 665
1801046 0
1844644 4096
1852844 0
1917402 4096
1925602 0
2008349 4096
2016549 0
2094907 1365
2095087 0
2096887 1365
2097427 3481
2116627 1365
2117347 3481
2136547 1365
2137267 3481
2156193 0
2192193 873
2220993 0
2266250 873
2295050 0
2354107 873
2382907 0
2449444 3481
2463844 0
2463859 2252
2467459 0
2467474 2252
2471074 0
2471089 2252
2474689 0
2474704 2252
2478304 0
2511847 3276
2526847 0
2613149 873
2641949 0
2693707 1365
2693887 0
2695687 1365
2696227 3481
2715427 0
2796993 873
2825793 0
2871050 873
2899850 0
2958907 1365
2959627 3481
2978827 0
3039184 3276
3054184 0
3289207 1979
3290407 0
3292207 1979
3305407 0
3474776 8
3474777 0
3475850 1365
3476030 0
3477830 1365
3478370 1979
3492770 1365
3492950 1979
3507350 1365
3508070 1979
3522470 1365
3522650 1979
3537050 1365
3537770 1979
3552170 1365
3552350 1979
3566750 0
3605150 3754
3605870 0
3607670 3754
3611270 0
3644707 3754
3645427 0
3647227 3754
3650827 0
3679807 3754
3680527 0
3682327 3754
3685927 0
3721207 3754
3721927 0
3723727 3754
3727327 0
3764407 3754
3765127 0
3766927 3754
3770527 0
3957007 3754
3957727 0
3959527 3754
3963127 0
3985807 3754
3986527 0
3988327 3754
3991927 0
4028107 3754
4028827 0
4030627 3754
4034227 0
4102807 3754
4103527 0
4105327 3754
4108927 0
4189207 1365
4189387 0
4191187 1365
4191727 1979
4206127 1365
4206307 1979
4220707 1365
4221427 1979
4235827 1365
4236007 1979
4250407 1365
4251127 1979
4265527 1365
4265707 1979
4280107 0
4326007 665
4358407 0
542 events for J
97029 718864
97030 0
97639 718864
97640 0
98270 3748528
98273 0
98529 718864
98530 0
99139 718864
99140 0
99770 3748528
99773 0
100029 718864
100030 0
100639 718864
100640 0
101270 3748528
101273 0
108789 718864
108790 0
109399 718864
109400 0
110030 3748528
110033 0
110289 718864
110290 0
110899 718864
110900 0
111530 3748528
111533 0
111789 718864
111790 0
112399 718864
112400 0
113030 3748528
113033 0
143450 4313184
143451 2310336
143452 0
143581 4313184
143583 0
143726 192528
143727 0
144031 2156592
144032 0
144350 3594320
144351 962640
144352 0
144398 3594320
144399 962640
144400 0
144669 718864
144670 0
144679 718864
144680 0
144689 718864
144690 0
144699 718864
144700 0
144709 718864
144710 0
144719 718864
144720 0
144729 718864
144730 0
144739 718864
144740 0
144749 718864
144750 0
144759 718864
144760 0
144769 718864
144770 0
144779 718864
144780 0
144789 718864
144790 0
144799 718864
144800 0
144809 718864
144810 0
144819 718864
144820 0
144829 718864
144830 0
144849 192528
144850 0
144859 192528
144860 0
144869 192528
144870 0
144879 192528
144880 0
144889 192528
144890 0
144899 192528
144900 0
144909 192528
144910 0
144919 192528
144920 0
144929 192528
144930 0
144939 192528
144940 0
144949 192528
144950 0
144959 192528
144960 0
144969 192528
144970 0
250550 4494818
250551 3748528
250554 0
250560 4494818
250565 0
250610 4494818
250615 0
250670 4494818
250671 3748528
250674 0
250680 4494818
250685 0
250730 4494818
250735 0
250790 4494818
250795 0
250800 4494818
250805 0
250850 4494818
250851 3748528
250854 0
254750 4494818
254751 3748528
254754 0
254760 4494818
254765 0
254810 4494818
254815 0
254870 4494818
254871 3748528
254874 0
254880 4494818
254885 0
254930 4494818
254935 0
254990 4494818
254995 0
255000 4494818
255005 0
255050 4494818
255051 3748528
255054 0
291974 82880
291975 0
291984 82880
291985 0
291994 82880
291995 0
292025 82880
292026 0
292035 82880
292036 0
292045 82880
292046 0
341426 3748528
341429 0
345026 3748528
345029 0
348626 3748528
348629 0
352226 3748528
352229 0
355646 3748528
355649 0
357840 3748528
357843 0
361440 3748528
361443 0
365040 3748528
365043 0
368640 3748528
368643 0
372240 3748528
372243 0
378455 3748528
378458 0
382055 3748528
382058 0
385655 3748528
385658 0
389255 3748528
389258 0
392675 3748528
392678 0
394869 3748528
394872 0
398469 3748528
398472 0
400043 3748528
400046 0
400053 3748528
400056 0
400643 3748528
400646 0
400653 3748528
400656 0
402957 3748528
402960 0
402967 3748528
402970 0
403557 3748528
403560 0
403567 3748528
403570 0
409857 3748528
409860 0
409867 3748528
409870 0
410457 3748528
410460 0
410467 3748528
410470 0
428457 3748528
428460 0
428467 3748528
428470 0
429057 3748528
429060 0
429067 3748528
429070 0
491940 2824208
491941 0
492060 2824208
492061 0
492180 2824208
492181 0
492660 2824208
492661 0
492780 2824208
492781 0
492900 2824208
492901 0
493380 2824208
493381 0
493500 2824208
493501 0
493620 2824208
493621 0
494100 2824208
494101 0
494220 2824208
494221 0
494340 2824208
494341 0
494820 2824208
494821 0
494940 2824208
494941 0
495060 2824208
495061 0
495540 2824208
495541 0
495660 2824208
495661 0
495780 2824208
495781 0
496260 2824208
496261 0
496380 2824208
496381 0
496500 2824208
496501 0
496980 2824208
496981 0
497100 2824208
497101 0
497220 2824208
497221 0
497700 2824208
497701 0
497820 2824208
497821 0
497940 2824208
497941 0
498360 2824208
498361 0
498480 2824208
498481 0
498600 2824208
498601 0
499140 2824208
499141 0
499260 2824208
499261 0
499380 2824208
499381 0
502055 2824208
502056 0
502146 3748528
502149 0
502355 2824208
502356 0
502425 2824208
502426 0
502636 3765611
502639 0
505955 2824208
505956 0
506046 3748528
506049 0
506255 2824208
506256 0
506325 2824208
506326 0
506536 3765611
506539 0
508055 2824208
508056 0
508146 3748528
508149 0
508355 2824208
508356 0
508425 2824208
508426 0
508636 3765611
508639 0
509555 2824208
509556 0
509646 3748528
509649 0
509855 2824208
509856 0
509925 2824208
509926 0
510136 3765611
510139 0
519669 2824208
519670 0
519760 3748528
519763 0
519969 2824208
519970 0
520039 2824208
520040 0
520250 3765611
520253 0
579017 3748528
579020 0
579032 5000000
579050 0
580817 3748528
580820 0
580832 5000000
580850 0
582617 3748528
582620 0
582632 5000000
582650 0
584417 3748528
584420 0
584432 5000000
584450 0
586217 3748528
586220 0
586232 5000000
586250 0
588017 3748528
588020 0
588032 5000000
588050 0
589817 3748528
589820 0
589832 5000000
589850 0
591617 3748528
591620 0
591632 5000000
591650 0
593417 3748528
593420 0
593432 5000000
593450 0
599307 3748528
599310 0
599322 5000000
599340 0
601107 3748528
601110 0
601122 5000000
601140 0
602907 3748528
602910 0
602922 5000000
602940 0
604707 3748528
604710 0
604722 5000000
604740 0
606507 3748528
606510 0
606522 5000000
606540 0
608307 3748528
608310 0
608322 5000000
608340 0
610107 3748528
610110 0
610122 5000000
610140 0
611907 3748528
611910 0
611922 5000000
611940 0
657969 3748528
657972 0
657989 3748528
657992 0
658009 3748528
658012 0
664269 3748528
664272 0
664289 3748528
664292 0
664309 3748528
664312 0
672085 3748528
672088 0
672105 3748528
672108 0
672125 3748528
672128 0
678385 3748528
678388 0
678405 3748528
678408 0
678425 3748528
678428 0
684685 3748528
684688 0
684705 3748528
684708 0
684725 3748528
684728 0
690085 3748528
690088 0
690105 3748528
690108 0
690125 3748528
690128 0
694885 3748528
694888 0
694905 3748528
694908 0
694925 3748528
694928 0
699685 3748528
699688 0
699705 3748528
699708 0
699725 3748528
699728 0
703664 3748528
703667 0
703684 3748528
703687 0
703704 3748528
703707 0
1062710 226158674
1062715 0
1084310 20242052
1084315 0
1105910 20242052
1105915 0
1170710 178452312
1170712 8996469
1170717 0
1300310 18598775
1300315 0
1321910 22542416
1321915 0
1343510 57946826
1343515 0
1365110 112491168
1365115 0
1386710 89992935
1386715 0
1447373 90225847
1447374 99456
1447375 17992937
1447380 0
1516311 36047367
1516316 0
1537911 39436416
1537916 0
1645911 79610631
1645916 0
1667511 77494701
1667516 0
1775511 73767533
1775516 0
1797111 221441780
1797116 0
2056311 47723996
2056316 0
2073261 12683312
2073266 0
2229110 9037466
2229115 0
2272310 270264152
2272315 0
3157910 26968906
3157915 0
3179510 134824032
3179515 0
3182436 20221556
3182441 0
3373850 83191028
3373855 0
3568250 38234987
3568255 0
3589850 107957608
3589855 0
3611450 350862225
3611455 0
3611456 4498234
3611461 0
3633050 38234987
3633055 0
3957110 42873674
3957115 0
3978710 60808152
3978715 0
4065110 123650191
4065115 0
4086710 112353360
4086715 0
4108310 191051956
4108315 0
4129910 148359728
4129915 0
84 events for K
259802 0
260402 185
864602 0
883262 20
883442 0
885602 20
885782 0
885842 62
932282 0
932942 20
933122 0
935282 20
935462 0
935522 62
981962 0
982082 20
982262 289
995522 0
1014902 20
1029474 0
1030134 20
1030314 0
1032474 20
1032654 0
1032714 62
1079154 0
1079934 20
1228202 0
1228982 20
1229162 0
1231322 20
1231502 0
1231562 53
1285022 0
1285682 20
1285862 0
1288022 20
1288202 0
1288262 53
1341722 0
1342382 20
1342562 0
1344722 20
1344902 0
1344962 53
1398422 0
1399082 20
1399262 0
1401422 20
1401602 0
1401662 53
1455122 0
1455242 20
1455422 252
1469642 0
1747262 20
1747442 0
1749602 20
1749782 0
1749842 28
2003642 0
2004302 20
2004482 0
2006642 20
2006822 0
2006882 56
2074562 0
2074802 243
2679002 0
2679602 224
3283802 0
3633842 20
3634022 0
3636182 20
3636362 0
3636422 28
3802562 0
3814862 20
3815042 0
3817202 20
3817382 0
3817442 126
3888962 0
3889202 305
339 events for L
1135 906
12744 0
17124 906
30532 0
36712 906
48320 0
51479 906
66108 0
72288 906
83897 0
86177 906
94679 0
96059 593
100689 0
107565 593
111409 0
113099 593
118989 0
122699 593
126649 0
128459 593
134940 0
140249 1500
146269 0
147569 1500
153589 0
163859 215
175279 0
232383 906
243391 0
248579 906
256979 0
283859 906
298808 0
304988 906
317322 0
318822 906
335836 0
379045 906
391379 0
392879 906
409593 0
468016 906
483779 0
490430 906
497579 0
499319 906
501865 0
503965 906
519479 0
570659 906
571439 0
578127 906
593737 0
599917 906
611926 0
657059 906
657839 0
709054 906
721063 0
723343 906
740198 0
819059 906
819839 0
888659 906
902579 0
909788 906
940636 0
946816 906
958979 0
961430 906
977665 0
983845 906
996179 0
997679 906
1002179 0
1048259 906
1049309 0
1145759 906
1162158 0
1168338 906
1174979 0
1175999 906
1180019 0
1182499 906
1198499 0
1204717 906
1216426 0
1219006 906
1234676 0
1241096 906
1252745 0
1256705 906
1270875 0
1321645 906
1322675 0
1405480 906
1406220 0
1441170 1500
1446349 0
1451849 479
1453089 0
1454569 479
1456679 1500
1462659 0
1468319 479
1470379 0
1492419 906
1507561 0
1514879 906
1524309 0
1529502 906
1545136 0
1551616 906
1563650 0
1566530 906
1582465 0
1588645 906
1600679 0
1603559 906
1619193 0
1625159 1087
1627869 0
1628373 215
1639793 0
1699719 1600
1709904 0
1714859 906
1715759 1500
1722242 0
1723309 1500
1726209 0
1750559 906
1766958 0
1773138 906
1785147 0
1786647 906
1803337 0
1809517 906
1821526 0
1847206 906
1847946 0
1928206 906
1928956 0
2046140 593
2056829 0
2059669 906
2060419 593
2073259 0
2097219 906
2112179 0
2119388 906
2131722 0
2134002 906
2150236 0
2156416 906
2168750 0
2171030 906
2187265 0
2193445 906
2205779 0
2208819 906
2224458 0
2230473 906
2242808 0
2245088 906
2260508 0
2267502 906
2279836 0
2281376 906
2298350 0
2304530 906
2316265 0
2318845 906
2333879 0
2355359 906
2371758 0
2377938 906
2389499 0
2391487 906
2407887 0
2414317 906
2426197 0
2428606 906
2444516 0
2450696 906
2462705 0
2466345 906
2480895 0
2487075 906
2499084 0
2501364 906
2514779 0
2528159 906
2535463 0
2537743 906
2553233 0
2555313 906
2571662 0
2578022 906
2589912 0
2592432 906
2600279 0
2650780 1714
2662190 0
2663730 906
2664470 1714
2679479 0
2696759 1714
2699493 0
2699673 215
2711149 0
2714973 1714
2718008 0
2741179 1500
2747194 0
2761369 1500
2767379 0
2799419 906
2800169 0
2909330 906
2921065 0
2922605 906
2938679 0
2960159 906
2976558 0
2982738 906
2989699 0
3033526 906
3049016 0
3056279 906
3062599 0
3150998 906
3158453 0
3159993 906
3176642 0
3182882 906
3194832 0
3232751 906
3249400 0
3255580 906
3266990 0
3307954 906
3322808 0
3328988 906
3341322 0
3352002 1500
3358114 0
3366076 1500
3372188 0
3416919 906
3433893 0
3440073 906
3452348 0
3454688 906
3462565 0
3504659 906
3505425 0
3558959 1714
3562568 0
3566039 1714
3583333 0
3589909 1714
3598409 0
3604319 906
3605059 1714
3617137 0
3623917 1714
3635926 0
3638206 1714
3654116 0
3660296 1714
3672305 0
3676288 906
3677028 1714
3690495 0
3696675 1714
3702179 0
3733054 215
3744474 0
3850259 906
3850999 0
3860380 906
3871790 0
3874070 906
3889079 0
3912386 906
3927608 0
3934745 906
3946122 0
3947662 906
3964422 0
3971416 906
3982936 0
3986104 906
4001104 0
4007845 906
4020179 0
4021719 906
4038693 0
4044873 906
4047779 0
4048259 906
4057208 0
4059488 906
4075422 0
4081902 906
4090979 0
4091159 1087
4093869 0
4096816 906
4112750 0
4118904 593
4124571 0
4126590 906
4129550 0
4134025 593
4147586 0
4169759 906
4176479 0
4177559 906
4186141 0
4192338 906
4204319 0
4205915 906
4220579 0
4221059 906
4222519 0
4228717 906
4240661 0
4243070 906
4258822 0
4265096 1714
4276964 0
4281144 906
4281884 1714
4317779 0
4330559 1714
4360979 0
454 events for M
858 6744
3248 0
10492 117965
10582 125479
11323 7514
12352 125479
13123 7514
14143 0
18557 117965
18647 119538
19388 1573
20417 119538
21188 1573
22217 119538
22988 1573
24017 119538
24788 1573
25817 119538
26588 1573
31808 0
36345 117965
36435 119538
37176 1573
38205 119538
38976 1573
40005 119538
40776 1573
41805 119538
42576 7514
43605 119538
44376 1573
49596 0
52033 117965
52123 125479
52864 7514
53284 0
291232 117965
291382 125479
292003 7514
292432 125479
293203 7514
293632 125479
294403 7514
295012 125479
295783 7514
300043 0
304621 117965
304711 125479
305452 7514
305881 125479
306652 7514
307081 125479
307852 7514
308281 125479
309052 7514
311872 0
312892 117965
312982 124709
313723 6744
314152 124709
314923 6744
315352 124709
316123 6744
316552 124709
317323 6744
318343 0
321035 117965
321125 124709
321866 6744
322295 124709
323066 6744
323495 124709
324266 6744
324695 124709
325466 6744
326495 124709
327266 6744
328295 124709
329066 6744
330095 124709
330866 6744
337286 0
341649 117965
341739 124709
342480 6744
342909 124709
343680 6744
344109 124709
344880 6744
345309 124709
346080 6744
347109 124709
347880 6744
355500 0
358063 117965
358153 124709
358894 7514
358899 6744
359323 124709
360094 6744
360523 124709
361294 6744
361723 124709
362494 6744
363523 124709
364294 6744
365323 124709
366094 6744
374314 0
378678 117965
378768 124709
379509 6744
379938 124709
380709 6744
381138 124709
381909 6744
382338 124709
383109 6744
383538 124709
384309 6744
385938 124709
386709 6744
392529 0
395092 117965
395182 124709
395923 6744
396352 124709
397123 6744
397552 124709
398323 6744
398743 0
548332 117965
548482 119538
548503 1573
549532 119538
550303 1573
550732 119538
551503 1573
552112 119538
552883 1573
553312 119538
554083 1573
554572 119538
555343 1573
555772 119538
556543 1573
557743 0
563171 117965
563261 119538
564002 1573
564431 119538
565202 1573
565631 119538
566402 1573
566831 119538
567602 1573
568031 119538
568802 1573
571622 0
894142 14189
894823 58982
894922 7514
895208 0
895252 73171
896623 7514
901972 66496
903343 7514
904243 0
909421 58982
909511 66496
910852 7514
913081 66496
914452 7514
914881 66496
916252 7514
916672 0
917392 58982
917482 66496
918823 7514
919208 0
919252 58982
920623 7514
923743 0
925835 58982
925925 66496
927266 7514
927651 0
927695 58982
929066 7514
932486 0
932769 58982
932859 66496
934200 7514
934585 0
934629 58982
936000 7514
942300 0
946449 58982
946539 66496
947880 7514
952200 0
952492 58982
952582 66496
953923 7514
958243 0
1154182 7514
1163803 0
1168061 7514
1171202 0
1171582 7514
1176643 0
1284682 7514
1291123 0
1293286 179338
1293388 0
1294977 7514
1309328 0
1313577 7514
1327518 0
1498192 19661
1498282 27175
1498963 7514
1499632 27175
1500403 7514
1500652 27175
1501423 7514
1502092 27175
1502863 7514
1503112 27175
1503883 7514
1504552 27175
1505323 7514
1505572 27175
1506343 7514
1507012 27175
1507783 7514
1508032 27175
1508803 7514
1509043 0
1514332 19661
1514422 27175
1514983 7514
1515112 27175
1515763 7514
1516312 27175
1516903 7514
1517092 27175
1517743 7514
1518292 27175
1518943 7514
1519072 27175
1519723 7514
1520272 27175
1520923 7514
1521052 27175
1521703 7514
1522252 27175
1522903 7514
1523032 27175
1523683 7514
1524232 27175
1524883 7514
1525012 27175
1525663 7514
1525783 0
1757482 7514
1759552 66496
1760923 7514
1764112 66496
1765483 7514
1768603 0
1772771 58982
1772861 66496
1774142 7514
1777391 66496
1778762 7514
1779002 0
1779292 58982
1779382 66496
1780663 7514
1783912 66496
1785283 7514
1786783 0
1788860 58982
1788950 66496
1790231 7514
1793480 66496
1794851 7514
1798811 0
1799092 58982
1799182 66496
1800463 7514
1803412 66496
1804783 7514
1804963 0
1809150 58982
1809240 66496
1810521 7514
1811910 66496
1813281 7514
1813821 0
1814092 58982
1814182 66496
1815463 7514
1820452 66496
1821823 7514
1823143 0
1825239 117965
1825329 124709
1826190 6744
1827099 124709
1827990 6744
1828899 124709
1829790 6744
1830699 124709
1831590 6744
1832499 124709
1833390 6744
1834299 124709
1835190 6744
1836099 124709
1836990 6744
1841370 0
1845529 117965
1845619 124709
1846480 6744
1847389 124709
1848280 6744
1849189 124709
1850080 6744
1850989 124709
1851880 6744
1852789 124709
1853680 6744
1854589 124709
1855480 6744
1856389 124709
1857280 6744
1858189 124709
1859080 6744
1859560 0
1863718 117965
1863808 124709
1864669 6744
1865578 124709
1866469 6744
1867369 0
1882243 169032
1883563 45609
1884888 0
2061193 7514
2068354 0
2362012 117965
2362102 124709
2362903 6744
2363032 124709
2363738 6744
2363743 0
2364592 58982
2364682 66496
2365963 7514
2373403 0
2377571 58982
2377661 7514
2386202 0
2386492 117965
2386582 124709
2387443 6744
2391163 0
2393660 117965
2393750 124709
2394611 6744
2404511 0
2413950 117965
2414040 124709
2414901 6744
2424801 0
2705306 117965
2705396 124709
2706257 6744
2707166 124709
2708057 6744
2708966 124709
2709857 6744
2710766 124709
2711657 6744
2712566 124709
2713457 6744
2714366 124709
2715257 6744
2716157 0
2723821 117965
2723911 124709
2724772 6744
2725681 124709
2726572 6744
2727481 124709
2728372 6744
2729281 124709
2730172 6744
2731072 0
2909053 7514
2922694 0
2924868 7514
2940309 0
3228592 58982
3228682 66496
3229963 6744
3230452 66496
3231823 6744
3232243 0
3234924 58982
3235014 66496
3236295 6744
3236784 66496
3238155 6744
3238584 66496
3239955 6744
3249375 0
3255213 58982
3255303 66496
3256584 6744
3257073 66496
3258444 6744
3258873 66496
3260244 6744
3266064 0
3606492 235930
3606582 242674
3608343 6744
3608532 242674
3610383 6744
3610572 242674
3612423 6744
3612672 242674
3614523 6744
3615543 0
3623550 235930
3623640 242674
3624256 6744
3624261 0
3639043 169032
3640843 45609
3642648 0
4176412 117965
4176502 125479
4177783 7514
4178143 0
4314082 3372
4319263 0
4339282 3372
4347643 0
4356682 3372
4362043 0
339 events for N
2081 906
13690 0
18070 906
31478 0
37658 906
49266 0
52425 906
67054 0
73234 906
84843 0
87123 906
95625 0
97005 593
101635 0
108511 593
112355 0
114045 593
119935 0
123645 593
127595 0
129405 593
135886 0
141195 1500
147215 0
148515 1500
154535 0
164805 215
176225 0
233329 906
244337 0
249525 906
257925 0
284805 906
299754 0
305934 906
318268 0
319768 906
336782 0
379991 906
392325 0
393825 906
410539 0
468962 906
484725 0
491376 906
498525 0
500265 906
502811 0
504911 906
520425 0
571605 906
572385 0
579073 906
594683 0
600863 906
612872 0
658005 906
658785 0
710000 906
722009 0
724289 906
741144 0
820005 906
820785 0
889605 906
903525 0
910734 906
941582 0
947762 906
959925 0
962376 906
978611 0
984791 906
997125 0
998625 906
1003125 0
1049205 906
1050255 0
1146705 906
1163104 0
1169284 906
1175925 0
1176945 906
1180965 0
1183445 906
1199445 0
1205663 906
1217372 0
1219952 906
1235622 0
1242042 906
1253691 0
1257651 906
1271821 0
1322591 906
1323621 0
1406426 906
1407166 0
1442116 1500
1447295 0
1452795 479
1454035 0
1455515 479
1457625 1500
1463605 0
1469265 479
1471325 0
1493365 906
1508507 0
1515825 906
1525255 0
1530448 906
1546082 0
1552562 906
1564596 0
1567476 906
1583411 0
1589591 906
1601625 0
1604505 906
1620139 0
1626105 1087
1628815 0
1629319 215
1640739 0
1700665 1600
1710850 0
1715805 906
1716705 1500
1723188 0
1724255 1500
1727155 0
1751505 906
1767904 0
1774084 906
1786093 0
1787593 906
1804283 0
1810463 906
1822472 0
1848152 906
1848892 0
1929152 906
1929902 0
2047086 593
2057775 0
2060615 906
2061365 593
2074205 0
2098165 906
2113125 0
2120334 906
2132668 0
2134948 906
2151182 0
2157362 906
2169696 0
2171976 906
2188211 0
2194391 906
2206725 0
2209765 906
2225404 0
2231419 906
2243754 0
2246034 906
2261454 0
2268448 906
2280782 0
2282322 906
2299296 0
2305476 906
2317211 0
2319791 906
2334825 0
2356305 906
2372704 0
2378884 906
2390445 0
2392433 906
2408833 0
2415263 906
2427143 0
2429552 906
2445462 0
2451642 906
2463651 0
2467291 906
2481841 0
2488021 906
2500030 0
2502310 906
2515725 0
2529105 906
2536409 0
2538689 906
2554179 0
2556259 906
2572608 0
2578968 906
2590858 0
2593378 906
2601225 0
2651726 1714
2663136 0
2664676 906
2665416 1714
2680425 0
2697705 1714
2700439 0
2700619 215
2712095 0
2715919 1714
2718954 0
2742125 1500
2748140 0
2762315 1500
2768325 0
2800365 906
2801115 0
2910276 906
2922011 0
2923551 906
2939625 0
2961105 906
2977504 0
2983684 906
2990645 0
3034472 906
3049962 0
3057225 906
3063545 0
3151944 906
3159399 0
3160939 906
3177588 0
3183828 906
3195778 0
3233697 906
3250346 0
3256526 906
3267936 0
3308900 906
3323754 0
3329934 906
3342268 0
3352948 1500
3359060 0
3367022 1500
3373134 0
3417865 906
3434839 0
3441019 906
3453294 0
3455634 906
3463511 0
3505605 906
3506371 0
3559905 1714
3563514 0
3566985 1714
3584279 0
3590855 1714
3599355 0
3605265 906
3606005 1714
3618083 0
3624863 1714
3636872 0
3639152 1714
3655062 0
3661242 1714
3673251 0
3677234 906
3677974 1714
3691441 0
3697621 1714
3703125 0
3734000 215
3745420 0
3851205 906
3851945 0
3861326 906
3872736 0
3875016 906
3890025 0
3913332 906
3928554 0
3935691 906
3947068 0
3948608 906
3965368 0
3972362 906
3983882 0
3987050 906
4002050 0
4008791 906
4021125 0
4022665 906
4039639 0
4045819 906
4048725 0
4049205 906
4058154 0
4060434 906
4076368 0
4082848 906
4091925 0
4092105 1087
4094815 0
4097762 906
4113696 0
4119850 593
4125517 0
4127536 906
4130496 0
4134971 593
4148532 0
4170705 906
4177425 0
4178505 906
4187087 0
4193284 906
4205265 0
4206861 906
4221525 0
4222005 906
4223465 0
4229663 906
4241607 0
4244016 906
4259768 0
4266042 1714
4277910 0
4282090 906
4282830 1714
4318725 0
4331505 1714
4361925 0
1864 events for O
14372 12910592
14373 0
14602 12910592
14603 0
15142 12910592
15143 0
15372 12910592
15373 0
32160 12910592
32161 0
32420 12910592
32421 0
33000 12910592
33001 0
33260 12910592
33261 0
49948 12910592
49949 0
50208 12910592
50209 0
50788 12910592
50789 0
51048 12910592
51049 0
67736 12910592
67737 0
67996 12910592
67997 0
68576 12910592
68577 0
68836 12910592
68837 0
85525 12910592
85526 0
85785 12910592
85786 0
86365 12910592
86366 0
86625 12910592
86626 0
103313 12910592
103314 0
103573 12910592
103574 0
104153 12910592
104154 0
104413 12910592
104414 0
121101 12910592
121102 0
121361 12910592
121362 0
121941 12910592
121942 0
122201 12910592
122202 0
138889 12910592
138890 0
139149 12910592
139150 0
139729 12910592
139730 0
139989 12910592
139990 0
156678 12910592
156679 0
156938 12910592
156939 0
157518 12910592
157519 0
157778 12910592
157779 0
174466 12910592
174467 0
174726 12910592
174727 0
175306 12910592
175307 0
175566 12910592
175567 0
192254 12910592
192255 0
192514 12910592
192515 0
193094 12910592
193095 0
193354 12910592
193355 0
210042 12910592
210043 0
210302 12910592
210303 0
210882 12910592
210883 0
211142 12910592
211143 0
227831 12910592
227832 0
228091 12910592
228092 0
228671 12910592
228672 0
228931 12910592
228932 0
245019 12910592
245020 0
245279 12910592
245280 0
245859 12910592
245860 0
246119 12910592
246120 0
261907 12910592
261908 0
262167 12910592
262168 0
262747 12910592
262748 0
263007 12910592
263008 0
280807 12910592
280808 0
281037 12910592
281038 0
281577 12910592
281578 0
281807 12910592
281808 0
300436 12910592
300437 0
300696 12910592
300697 0
301276 12910592
301277 0
301536 12910592
301537 0
318950 12910592
318951 0
319210 12910592
319211 0
319790 12910592
319791 0
320050 12910592
320051 0
337464 12910592
337465 0
337724 12910592
337725 0
338304 12910592
338305 0
338564 12910592
338565 0
355978 12910592
355979 0
356238 12910592
356239 0
356818 12910592
356819 0
357078 12910592
357079 0
374493 12910592
374494 0
374753 12910592
374754 0
375333 12910592
375334 0
375593 12910592
375594 0
393007 12910592
393008 0
393267 12910592
393268 0
393847 12910592
393848 0
394107 12910592
394108 0
411521 12910592
411522 0
411781 12910592
411782 0
412361 12910592
412362 0
412621 12910592
412622 0
430036 12910592
430037 0
430296 12910592
430297 0
430876 12910592
430877 0
431136 12910592
431137 0
448550 12910592
448551 0
448810 12910592
448811 0
449390 12910592
449391 0
449650 12910592
449651 0
467064 12910592
467065 0
467324 12910592
467325 0
467904 12910592
467905 0
468164 12910592
468165 0
485578 12910592
485579 0
485838 12910592
485839 0
486418 12910592
486419 0
486678 12910592
486679 0
503493 12910592
503494 0
503753 12910592
503754 0
504333 12910592
504334 0
504593 12910592
504594 0
521107 12910592
521108 0
521367 12910592
521368 0
521947 12910592
521948 0
522207 12910592
522208 0
540007 12910592
540008 0
540267 12910592
540268 0
540847 12910592
540848 0
541107 12910592
541108 0
558986 12910592
558987 0
559246 12910592
559247 0
559826 12910592
559827 0
560086 12910592
560087 0
577175 12910592
577176 0
577435 12910592
577436 0
578015 12910592
578016 0
578275 12910592
578276 0
595365 12910592
595366 0
595625 12910592
595626 0
596205 12910592
596206 0
596465 12910592
596466 0
613554 12910592
613555 0
613814 12910592
613815 0
614394 12910592
614395 0
614654 12910592
614655 0
631744 12910592
631745 0
632004 12910592
632005 0
632584 12910592
632585 0
632844 12910592
632845 0
649933 12910592
649934 0
650163 12910592
650164 0
650703 12910592
650704 0
650933 12910592
650934 0
668123 12910592
668124 0
668383 12910592
668384 0
668963 12910592
668964 0
669223 12910592
669224 0
686312 12910592
686313 0
686572 12910592
686573 0
687152 12910592
687153 0
687412 12910592
687413 0
704502 12910592
704503 0
704762 12910592
704763 0
705342 12910592
705343 0
705602 12910592
705603 0
722691 12910592
722692 0
722951 12910592
722952 0
723531 12910592
723532 0
723791 12910592
723792 0
740881 12910592
740882 0
741141 12910592
741142 0
741721 12910592
741722 0
741981 12910592
741982 0
759070 12910592
759071 0
759330 12910592
759331 0
759910 12910592
759911 0
760170 12910592
760171 0
777260 12910592
777261 0
777520 12910592
777521 0
778100 12910592
778101 0
778360 12910592
778361 0
795449 12910592
795450 0
795709 12910592
795710 0
796289 12910592
796290 0
796549 12910592
796550 0
813639 12910592
813640 0
813899 12910592
813900 0
814479 12910592
814480 0
814739 12910592
814740 0
831828 12910592
831829 0
832088 12910592
832089 0
832668 12910592
832669 0
832928 12910592
832929 0
849418 12910592
849419 0
849678 12910592
849679 0
850258 12910592
850259 0
850518 12910592
850519 0
866707 12910592
866708 0
866967 12910592
866968 0
867547 12910592
867548 0
867807 12910592
867808 0
885607 12910592
885608 0
885837 12910592
885838 0
886377 12910592
886378 0
886607 12910592
886608 0
905236 12910592
905237 0
905496 12910592
905497 0
906076 12910592
906077 0
906336 12910592
906337 0
923750 12910592
923751 0
924010 12910592
924011 0
924590 12910592
924591 0
924850 12910592
924851 0
942264 12910592
942265 0
942524 12910592
942525 0
943104 12910592
943105 0
943364 12910592
943365 0
960778 12910592
960779 0
961038 12910592
961039 0
961618 12910592
961619 0
961878 12910592
961879 0
979293 12910592
979294 0
979553 12910592
979554 0
980133 12910592
980134 0
980393 12910592
980394 0
997807 12910592
997808 0
998067 12910592
998068 0
998647 12910592
998648 0
998907 12910592
998908 0
1016321 12910592
1016322 0
1016581 12910592
1016582 0
1017161 12910592
1017162 0
1017421 12910592
1017422 0
1034836 12910592
1034837 0
1035096 12910592
1035097 0
1035676 12910592
1035677 0
1035936 12910592
1035937 0
1053350 12910592
1053351 0
1053610 12910592
1053611 0
1054190 12910592
1054191 0
1054450 12910592
1054451 0
1071864 12910592
1071865 0
1072124 12910592
1072125 0
1072704 12910592
1072705 0
1072964 12910592
1072965 0
1090378 12910592
1090379 0
1090638 12910592
1090639 0
1091218 12910592
1091219 0
1091478 12910592
1091479 0
1108293 12910592
1108294 0
1108553 12910592
1108554 0
1109133 12910592
1109134 0
1109393 12910592
1109394 0
1125907 12910592
1125908 0
1126167 12910592
1126168 0
1126747 12910592
1126748 0
1127007 12910592
1127008 0
1144807 12910592
1144808 0
1145067 12910592
1145068 0
1145647 12910592
1145648 0
1145907 12910592
1145908 0
1163786 12910592
1163787 0
1164046 12910592
1164047 0
1164626 12910592
1164627 0
1164886 12910592
1164887 0
1181975 12910592
1181976 0
1182235 12910592
1182236 0
1182815 12910592
1182816 0
1183075 12910592
1183076 0
1200165 12910592
1200166 0
1200425 12910592
1200426 0
1201005 12910592
1201006 0
1201265 12910592
1201266 0
1218354 12910592
1218355 0
1218614 12910592
1218615 0
1219194 12910592
1219195 0
1219454 12910592
1219455 0
1236544 12910592
1236545 0
1236804 12910592
1236805 0
1237384 12910592
1237385 0
1237644 12910592
1237645 0
1254733 12910592
1254734 0
1254963 12910592
1254964 0
1255503 12910592
1255504 0
1255733 12910592
1255734 0
1272923 12910592
1272924 0
1273183 12910592
1273184 0
1273763 12910592
1273764 0
1274023 12910592
1274024 0
1291112 12910592
1291113 0
1291372 12910592
1291373 0
1291952 12910592
1291953 0
1292212 12910592
1292213 0
1309302 12910592
1309303 0
1309562 12910592
1309563 0
1310142 12910592
1310143 0
1310402 12910592
1310403 0
1327491 12910592
1327492 0
1327751 12910592
1327752 0
1328331 12910592
1328332 0
1328591 12910592
1328592 0
1345681 12910592
1345682 0
1345941 12910592
1345942 0
1346521 12910592
1346522 0
1346781 12910592
1346782 0
1363870 12910592
1363871 0
1364130 12910592
1364131 0
1364710 12910592
1364711 0
1364970 12910592
1364971 0
1382060 12910592
1382061 0
1382320 12910592
1382321 0
1382900 12910592
1382901 0
1383160 12910592
1383161 0
1400249 12910592
1400250 0
1400509 12910592
1400510 0
1401089 12910592
1401090 0
1401349 12910592
1401350 0
1418439 12910592
1418440 0
1418699 12910592
1418700 0
1419279 12910592
1419280 0
1419539 12910592
1419540 0
1436628 12910592
1436629 0
1436888 12910592
1436889 0
1437468 12910592
1437469 0
1437728 12910592
1437729 0
1454218 12910592
1454219 0
1454478 12910592
1454479 0
1455058 12910592
1455059 0
1455318 12910592
1455319 0
1471507 12910592
1471508 0
1471767 12910592
1471768 0
1472347 12910592
1472348 0
1472607 12910592
1472608 0
1490407 12910592
1490408 0
1490637 12910592
1490638 0
1491177 12910592
1491178 0
1491407 12910592
1491408 0
1510036 12910592
1510037 0
1510296 12910592
1510297 0
1510876 12910592
1510877 0
1511136 12910592
1511137 0
1528550 12910592
1528551 0
1528810 12910592
1528811 0
1529390 12910592
1529391 0
1529650 12910592
1529651 0
1547064 12910592
1547065 0
1547324 12910592
1547325 0
1547904 12910592
1547905 0
1548164 12910592
1548165 0
1565578 12910592
1565579 0
1565838 12910592
1565839 0
1566418 12910592
1566419 0
1566678 12910592
1566679 0
1584093 12910592
1584094 0
1584353 12910592
1584354 0
1584933 12910592
1584934 0
1585193 12910592
1585194 0
1602607 12910592
1602608 0
1602867 12910592
1602868 0
1603447 12910592
1603448 0
1603707 12910592
1603708 0
1621121 12910592
1621122 0
1621381 12910592
1621382 0
1621961 12910592
1621962 0
1622221 12910592
1622222 0
1639636 12910592
1639637 0
1639896 12910592
1639897 0
1640476 12910592
1640477 0
1640736 12910592
1640737 0
1658150 12910592
1658151 0
1658410 12910592
1658411 0
1658990 12910592
1658991 0
1659250 12910592
1659251 0
1676664 12910592
1676665 0
1676924 12910592
1676925 0
1677504 12910592
1677505 0
1677764 12910592
1677765 0
1695178 12910592
1695179 0
1695438 12910592
1695439 0
1696018 12910592
1696019 0
1696278 12910592
1696279 0
1713093 12910592
1713094 0
1713353 12910592
1713354 0
1713933 12910592
1713934 0
1714193 12910592
1714194 0
1730707 12910592
1730708 0
1730967 12910592
1730968 0
1731547 12910592
1731548 0
1731807 12910592
1731808 0
1749607 12910592
1749608 0
1749867 12910592
1749868 0
1750447 12910592
1750448 0
1750707 12910592
1750708 0
1768586 12910592
1768587 0
1768846 12910592
1768847 0
1769426 12910592
1769427 0
1769686 12910592
1769687 0
1786775 12910592
1786776 0
1787035 12910592
1787036 0
1787615 12910592
1787616 0
1787875 12910592
1787876 0
1804965 12910592
1804966 0
1805225 12910592
1805226 0
1805805 12910592
1805806 0
1806065 12910592
1806066 0
1823154 12910592
1823155 0
1823414 12910592
1823415 0
1823994 12910592
1823995 0
1824254 12910592
1824255 0
1841344 12910592
1841345 0
1841604 12910592
1841605 0
1842184 12910592
1842185 0
1842444 12910592
1842445 0
1859533 12910592
1859534 0
1859763 12910592
1859764 0
1860303 12910592
1860304 0
1860533 12910592
1860534 0
1877723 12910592
1877724 0
1877983 12910592
1877984 0
1878563 12910592
1878564 0
1878823 12910592
1878824 0
1895912 12910592
1895913 0
1896172 12910592
1896173 0
1896752 12910592
1896753 0
1897012 12910592
1897013 0
1914102 12910592
1914103 0
1914362 12910592
1914363 0
1914942 12910592
1914943 0
1915202 12910592
1915203 0
1932291 12910592
1932292 0
1932551 12910592
1932552 0
1933131 12910592
1933132 0
1933391 12910592
1933392 0
1950481 12910592
1950482 0
1950741 12910592
1950742 0
1951321 12910592
1951322 0
1951581 12910592
1951582 0
1968670 12910592
1968671 0
1968930 12910592
1968931 0
1969510 12910592
1969511 0
1969770 12910592
1969771 0
1986860 12910592
1986861 0
1987120 12910592
1987121 0
1987700 12910592
1987701 0
1987960 12910592
1987961 0
2005049 12910592
2005050 0
2005309 12910592
2005310 0
2005889 12910592
2005890 0
2006149 12910592
2006150 0
2023239 12910592
2023240 0
2023499 12910592
2023500 0
2024079 12910592
2024080 0
2024339 12910592
2024340 0
2041428 12910592
2041429 0
2041688 12910592
2041689 0
2042268 12910592
2042269 0
2042528 12910592
2042529 0
2059018 12910592
2059019 0
2059278 12910592
2059279 0
2059858 12910592
2059859 0
2060118 12910592
2060119 0
2076307 12910592
2076308 0
2076567 12910592
2076568 0
2077147 12910592
2077148 0
2077407 12910592
2077408 0
2095207 12910592
2095208 0
2095437 12910592
2095438 0
2095977 12910592
2095978 0
2096207 12910592
2096208 0
2114836 12910592
2114837 0
2115096 12910592
2115097 0
2115676 12910592
2115677 0
2115936 12910592
2115937 0
2133350 12910592
2133351 0
2133610 12910592
2133611 0
2134190 12910592
2134191 0
2134450 12910592
2134451 0
2151864 12910592
2151865 0
2152124 12910592
2152125 0
2152704 12910592
2152705 0
2152964 12910592
2152965 0
2170378 12910592
2170379 0
2170638 12910592
2170639 0
2171218 12910592
2171219 0
2171478 12910592
2171479 0
2188893 12910592
2188894 0
2189153 12910592
2189154 0
2189733 12910592
2189734 0
2189993 12910592
2189994 0
2207407 12910592
2207408 0
2207667 12910592
2207668 0
2208247 12910592
2208248 0
2208507 12910592
2208508 0
2225921 12910592
2225922 0
2226181 12910592
2226182 0
2226761 12910592
2226762 0
2227021 12910592
2227022 0
2244436 12910592
2244437 0
2244696 12910592
2244697 0
2245276 12910592
2245277 0
2245536 12910592
2245537 0
2262950 12910592
2262951 0
2263210 12910592
2263211 0
2263790 12910592
2263791 0
2264050 12910592
2264051 0
2281464 12910592
2281465 0
2281724 12910592
2281725 0
2282304 12910592
2282305 0
2282564 12910592
2282565 0
2299978 12910592
2299979 0
2300238 12910592
2300239 0
2300818 12910592
2300819 0
2301078 12910592
2301079 0
2317893 12910592
2317894 0
2318153 12910592
2318154 0
2318733 12910592
2318734 0
2318993 12910592
2318994 0
2335507 12910592
2335508 0
2335767 12910592
2335768 0
2336347 12910592
2336348 0
2336607 12910592
2336608 0
2354407 12910592
2354408 0
2354667 12910592
2354668 0
2355247 12910592
2355248 0
2355507 12910592
2355508 0
2373386 12910592
2373387 0
2373646 12910592
2373647 0
2374226 12910592
2374227 0
2374486 12910592
2374487 0
2391575 12910592
2391576 0
2391835 12910592
2391836 0
2392415 12910592
2392416 0
2392675 12910592
2392676 0
2409765 12910592
2409766 0
2410025 12910592
2410026 0
2410605 12910592
2410606 0
2410865 12910592
2410866 0
2427954 12910592
2427955 0
2428214 12910592
2428215 0
2428794 12910592
2428795 0
2429054 12910592
2429055 0
2446144 12910592
2446145 0
2446404 12910592
2446405 0
2446984 12910592
2446985 0
2447244 12910592
2447245 0
2464333 12910592
2464334 0
2464563 12910592
2464564 0
2465103 12910592
2465104 0
2465333 12910592
2465334 0
2482523 12910592
2482524 0
2482783 12910592
2482784 0
2483363 12910592
2483364 0
2483623 12910592
2483624 0
2500712 12910592
2500713 0
2500972 12910592
2500973 0
2501552 12910592
2501553 0
2501812 12910592
2501813 0
2537091 12910592
2537092 0
2537351 12910592
2537352 0
2537931 12910592
2537932 0
2538191 12910592
2538192 0
2555281 12910592
2555282 0
2555541 12910592
2555542 0
2556121 12910592
2556122 0
2556381 12910592
2556382 0
2573470 12910592
2573471 0
2573730 12910592
2573731 0
2574310 12910592
2574311 0
2574570 12910592
2574571 0
2591660 12910592
2591661 0
2591920 12910592
2591921 0
2592500 12910592
2592501 0
2592760 12910592
2592761 0
2609849 12910592
2609850 0
2610109 12910592
2610110 0
2610689 12910592
2610690 0
2610949 12910592
2610950 0
2628039 12910592
2628040 0
2628299 12910592
2628300 0
2628879 12910592
2628880 0
2629139 12910592
2629140 0
2646228 12910592
2646229 0
2646488 12910592
2646489 0
2647068 12910592
2647069 0
2647328 12910592
2647329 0
2663818 12910592
2663819 0
2664078 12910592
2664079 0
2664658 12910592
2664659 0
2664918 12910592
2664919 0
2681107 12910592
2681108 0
2681367 12910592
2681368 0
2681947 12910592
2681948 0
2682207 12910592
2682208 0
2701121 12910592
2701122 0
2701351 12910592
2701352 0
2701891 12910592
2701892 0
2702121 12910592
2702122 0
2719636 12910592
2719637 0
2719896 12910592
2719897 0
2720476 12910592
2720477 0
2720736 12910592
2720737 0
2738150 12910592
2738151 0
2738410 12910592
2738411 0
2738990 12910592
2738991 0
2739250 12910592
2739251 0
2756664 12910592
2756665 0
2756924 12910592
2756925 0
2757504 12910592
2757505 0
2757764 12910592
2757765 0
2775178 12910592
2775179 0
2775438 12910592
2775439 0
2776018 12910592
2776019 0
2776278 12910592
2776279 0
2793693 12910592
2793694 0
2793953 12910592
2793954 0
2794533 12910592
2794534 0
2794793 12910592
2794794 0
2812207 12910592
2812208 0
2812467 12910592
2812468 0
2813047 12910592
2813048 0
2813307 12910592
2813308 0
2830721 12910592
2830722 0
2830981 12910592
2830982 0
2831561 12910592
2831562 0
2831821 12910592
2831822 0
2849236 12910592
2849237 0
2849496 12910592
2849497 0
2850076 12910592
2850077 0
2850336 12910592
2850337 0
2867750 12910592
2867751 0
2868010 12910592
2868011 0
2868590 12910592
2868591 0
2868850 12910592
2868851 0
2886264 12910592
2886265 0
2886524 12910592
2886525 0
2887104 12910592
2887105 0
2887364 12910592
2887365 0
2904778 12910592
2904779 0
2905038 12910592
2905039 0
2905618 12910592
2905619 0
2905878 12910592
2905879 0
2922693 12910592
2922694 0
2922953 12910592
2922954 0
2923533 12910592
2923534 0
2923793 12910592
2923794 0
2940307 12910592
2940308 0
2940567 12910592
2940568 0
2941147 12910592
2941148 0
2941407 12910592
2941408 0
2959207 12910592
2959208 0
2959467 12910592
2959468 0
2960047 12910592
2960048 0
2960307 12910592
2960308 0
2978186 12910592
2978187 0
2978446 12910592
2978447 0
2979026 12910592
2979027 0
2979286 12910592
2979287 0
2996375 12910592
2996376 0
2996635 12910592
2996636 0
2997215 12910592
2997216 0
2997475 12910592
2997476 0
3014565 12910592
3014566 0
3014825 12910592
3014826 0
3015405 12910592
3015406 0
3015665 12910592
3015666 0
3032754 12910592
3032755 0
3033014 12910592
3033015 0
3033594 12910592
3033595 0
3033854 12910592
3033855 0
3050944 12910592
3050945 0
3051204 12910592
3051205 0
3051784 12910592
3051785 0
3052044 12910592
3052045 0
3069133 12910592
3069134 0
3069363 12910592
3069364 0
3069903 12910592
3069904 0
3070133 12910592
3070134 0
3087323 12910592
3087324 0
3087583 12910592
3087584 0
3088163 12910592
3088164 0
3088423 12910592
3088424 0
3105512 12910592
3105513 0
3105772 12910592
3105773 0
3106352 12910592
3106353 0
3106612 12910592
3106613 0
3123702 12910592
3123703 0
3123962 12910592
3123963 0
3124542 12910592
3124543 0
3124802 12910592
3124803 0
3140107 12910592
3140108 0
3140337 12910592
3140338 0
3140877 12910592
3140878 0
3141107 12910592
3141108 0
3160081 12910592
3160082 0
3160341 12910592
3160342 0
3160921 12910592
3160922 0
3161181 12910592
3161182 0
3178270 12910592
3178271 0
3178530 12910592
3178531 0
3179110 12910592
3179111 0
3179370 12910592
3179371 0
3196460 12910592
3196461 0
3196720 12910592
3196721 0
3197300 12910592
3197301 0
3197560 12910592
3197561 0
3214649 12910592
3214650 0
3214909 12910592
3214910 0
3215489 12910592
3215490 0
3215749 12910592
3215750 0
3232839 12910592
3232840 0
3233099 12910592
3233100 0
3233679 12910592
3233680 0
3233939 12910592
3233940 0
3251028 12910592
3251029 0
3251288 12910592
3251289 0
3251868 12910592
3251869 0
3252128 12910592
3252129 0
3268618 12910592
3268619 0
3268878 12910592
3268879 0
3269458 12910592
3269459 0
3269718 12910592
3269719 0
3285907 12910592
3285908 0
3286167 12910592
3286168 0
3286747 12910592
3286748 0
3287007 12910592
3287008 0
3305921 12910592
3305922 0
3306151 12910592
3306152 0
3306691 12910592
3306692 0
3306921 12910592
3306922 0
3324436 12910592
3324437 0
3324696 12910592
3324697 0
3325276 12910592
3325277 0
3325536 12910592
3325537 0
3342950 12910592
3342951 0
3343210 12910592
3343211 0
3343790 12910592
3343791 0
3344050 12910592
3344051 0
3361464 12910592
3361465 0
3361724 12910592
3361725 0
3362304 12910592
3362305 0
3362564 12910592
3362565 0
3379978 12910592
3379979 0
3380238 12910592
3380239 0
3380818 12910592
3380819 0
3381078 12910592
3381079 0
3398493 12910592
3398494 0
3398753 12910592
3398754 0
3399333 12910592
3399334 0
3399593 12910592
3399594 0
3417007 12910592
3417008 0
3417267 12910592
3417268 0
3417847 12910592
3417848 0
3418107 12910592
3418108 0
3435521 12910592
3435522 0
3435781 12910592
3435782 0
3436361 12910592
3436362 0
3436621 12910592
3436622 0
3454036 12910592
3454037 0
3454296 12910592
3454297 0
3454876 12910592
3454877 0
3455136 12910592
3455137 0
3472550 12910592
3472551 0
3472810 12910592
3472811 0
3473390 12910592
3473391 0
3473650 12910592
3473651 0
3491064 12910592
3491065 0
3491324 12910592
3491325 0
3491904 12910592
3491905 0
3492164 12910592
3492165 0
3509578 12910592
3509579 0
3509838 12910592
3509839 0
3510418 12910592
3510419 0
3510678 12910592
3510679 0
3527493 12910592
3527494 0
3527753 12910592
3527754 0
3528333 12910592
3528334 0
3528593 12910592
3528594 0
3545107 12910592
3545108 0
3545367 12910592
3545368 0
3545947 12910592
3545948 0
3546207 12910592
3546208 0
3564796 12910592
3564797 0
3565056 12910592
3565057 0
3565636 12910592
3565637 0
3565896 12910592
3565897 0
3585357 12910592
3585358 0
3585617 12910592
3585618 0
3586197 12910592
3586198 0
3586457 12910592
3586458 0
3599757 12910592
3599758 0
3600017 12910592
3600018 0
3600597 12910592
3600598 0
3600857 12910592
3600858 0
3619365 12910592
3619366 0
3619625 12910592
3619626 0
3620205 12910592
3620206 0
3620465 12910592
3620466 0
3637554 12910592
3637555 0
3637814 12910592
3637815 0
3638394 12910592
3638395 0
3638654 12910592
3638655 0
3655744 12910592
3655745 0
3656004 12910592
3656005 0
3656584 12910592
3656585 0
3656844 12910592
3656845 0
3673933 12910592
3673934 0
3674163 12910592
3674164 0
3674703 12910592
3674704 0
3674933 12910592
3674934 0
3692123 12910592
3692124 0
3692383 12910592
3692384 0
3692963 12910592
3692964 0
3693223 12910592
3693224 0
3710312 12910592
3710313 0
3710572 12910592
3710573 0
3711152 12910592
3711153 0
3711412 12910592
3711413 0
3728502 12910592
3728503 0
3728762 12910592
3728763 0
3729342 12910592
3729343 0
3729602 12910592
3729603 0
3746691 12910592
3746692 0
3746951 12910592
3746952 0
3747531 12910592
3747532 0
3747791 12910592
3747792 0
3764881 12910592
3764882 0
3765141 12910592
3765142 0
3765721 12910592
3765722 0
3765981 12910592
3765982 0
3783070 12910592
3783071 0
3783330 12910592
3783331 0
3783910 12910592
3783911 0
3784170 12910592
3784171 0
3801260 12910592
3801261 0
3801520 12910592
3801521 0
3802100 12910592
3802101 0
3802360 12910592
3802361 0
3819449 12910592
3819450 0
3819709 12910592
3819710 0
3820289 12910592
3820290 0
3820549 12910592
3820550 0
3837639 12910592
3837640 0
3837899 12910592
3837900 0
3838479 12910592
3838480 0
3838739 12910592
3838740 0
3855828 12910592
3855829 0
3856088 12910592
3856089 0
3856668 12910592
3856669 0
3856928 12910592
3856929 0
3873418 12910592
3873419 0
3873678 12910592
3873679 0
3874258 12910592
3874259 0
3874518 12910592
3874519 0
3890707 12910592
3890708 0
3890967 12910592
3890968 0
3891547 12910592
3891548 0
3891807 12910592
3891808 0
3909607 12910592
3909608 0
3909837 12910592
3909838 0
3910377 12910592
3910378 0
3910607 12910592
3910608 0
3929236 12910592
3929237 0
3929496 12910592
3929497 0
3930076 12910592
3930077 0
3930336 12910592
3930337 0
3947750 12910592
3947751 0
3948010 12910592
3948011 0
3948590 12910592
3948591 0
3948850 12910592
3948851 0
3966264 12910592
3966265 0
3966524 12910592
3966525 0
3967104 12910592
3967105 0
3967364 12910592
3967365 0
3984778 12910592
3984779 0
3985038 12910592
3985039 0
3985618 12910592
3985619 0
3985878 12910592
3985879 0
4003293 12910592
4003294 0
4003553 12910592
4003554 0
4004133 12910592
4004134 0
4004393 12910592
4004394 0
4021807 12910592
4021808 0
4022067 12910592
4022068 0
4022647 12910592
4022648 0
4022907 12910592
4022908 0
4040321 12910592
4040322 0
4040581 12910592
4040582 0
4041161 12910592
4041162 0
4041421 12910592
4041422 0
4058836 12910592
4058837 0
4059096 12910592
4059097 0
4059676 12910592
4059677 0
4059936 12910592
4059937 0
4077350 12910592
4077351 0
4077610 12910592
4077611 0
4078190 12910592
4078191 0
4078450 12910592
4078451 0
4095864 12910592
4095865 0
4096124 12910592
4096125 0
4096704 12910592
4096705 0
4096964 12910592
4096965 0
4114378 12910592
4114379 0
4114638 12910592
4114639 0
4115218 12910592
4115219 0
4115478 12910592
4115479 0
4132293 12910592
4132294 0
4132553 12910592
4132554 0
4133133 12910592
4133134 0
4133393 12910592
4133394 0
4149907 12910592
4149908 0
4150167 12910592
4150168 0
4150747 12910592
4150748 0
4151007 12910592
4151008 0
4168807 12910592
4168808 0
4169067 12910592
4169068 0
4169647 12910592
4169648 0
4169907 12910592
4169908 0
4187786 12910592
4187787 0
4188046 12910592
4188047 0
4188626 12910592
4188627 0
4188886 12910592
4188887 0
4205975 12910592
4205976 0
4206235 12910592
4206236 0
4206815 12910592
4206816 0
4207075 12910592
4207076 0
4224165 12910592
4224166 0
4224425 12910592
4224426 0
4225005 12910592
4225006 0
4225265 12910592
4225266 0
4242354 12910592
4242355 0
4242614 12910592
4242615 0
4243194 12910592
4243195 0
4243454 12910592
4243455 0
4260544 12910592
4260545 0
4260804 12910592
4260805 0
4261384 12910592
4261385 0
4261644 12910592
4261645 0
4278733 12910592
4278734 0
4278963 12910592
4278964 0
4279503 12910592
4279504 0
4279733 12910592
4279734 0
1868 events for P
11576 12910592
11577 0
11806 12910592
11807 0
12346 12910592
12347 0
12576 12910592
12577 0
29364 12910592
29365 0
29624 12910592
29625 0
30204 12910592
30205 0
30464 12910592
30465 0
47152 12910592
47153 0
47412 12910592
47413 0
47992 12910592
47993 0
48252 12910592
48253 0
64940 12910592
64941 0
65200 12910592
65201 0
65780 12910592
65781 0
66040 12910592
66041 0
82729 12910592
82730 0
82989 12910592
82990 0
83569 12910592
83570 0
83829 12910592
83830 0
100517 12910592
100518 0
100777 12910592
100778 0
101357 12910592
101358 0
101617 12910592
101618 0
118305 12910592
118306 0
118565 12910592
118566 0
119145 12910592
119146 0
119405 12910592
119406 0
136093 12910592
136094 0
136353 12910592
136354 0
136933 12910592
136934 0
137193 12910592
137194 0
153882 12910592
153883 0
154142 12910592
154143 0
154722 12910592
154723 0
154982 12910592
154983 0
171670 12910592
171671 0
171930 12910592
171931 0
172510 12910592
172511 0
172770 12910592
172771 0
189458 12910592
189459 0
189718 12910592
189719 0
190298 12910592
190299 0
190558 12910592
190559 0
207246 12910592
207247 0
207506 12910592
207507 0
208086 12910592
208087 0
208346 12910592
208347 0
225035 12910592
225036 0
225295 12910592
225296 0
225875 12910592
225876 0
226135 12910592
226136 0
242223 12910592
242224 0
242483 12910592
242484 0
243063 12910592
243064 0
243323 12910592
243324 0
259111 12910592
259112 0
259371 12910592
259372 0
259951 12910592
259952 0
260211 12910592
260212 0
278011 12910592
278012 0
278241 12910592
278242 0
278781 12910592
278782 0
279011 12910592
279012 0
297640 12910592
297641 0
297900 12910592
297901 0
298480 12910592
298481 0
298740 12910592
298741 0
316154 12910592
316155 0
316414 12910592
316415 0
316994 12910592
316995 0
317254 12910592
317255 0
334668 12910592
334669 0
334928 12910592
334929 0
335508 12910592
335509 0
335768 12910592
335769 0
353182 12910592
353183 0
353442 12910592
353443 0
354022 12910592
354023 0
354282 12910592
354283 0
371697 12910592
371698 0
371957 12910592
371958 0
372537 12910592
372538 0
372797 12910592
372798 0
390211 12910592
390212 0
390471 12910592
390472 0
391051 12910592
391052 0
391311 12910592
391312 0
408725 12910592
408726 0
408985 12910592
408986 0
409565 12910592
409566 0
409825 12910592
409826 0
427240 12910592
427241 0
427500 12910592
427501 0
428080 12910592
428081 0
428340 12910592
428341 0
445754 12910592
445755 0
446014 12910592
446015 0
446594 12910592
446595 0
446854 12910592
446855 0
464268 12910592
464269 0
464528 12910592
464529 0
465108 12910592
465109 0
465368 12910592
465369 0
482782 12910592
482783 0
483042 12910592
483043 0
483622 12910592
483623 0
483882 12910592
483883 0
500697 12910592
500698 0
500957 12910592
500958 0
501537 12910592
501538 0
501797 12910592
501798 0
518311 12910592
518312 0
518571 12910592
518572 0
519151 12910592
519152 0
519411 12910592
519412 0
537211 12910592
537212 0
537471 12910592
537472 0
538051 12910592
538052 0
538311 12910592
538312 0
556190 12910592
556191 0
556450 12910592
556451 0
557030 12910592
557031 0
557290 12910592
557291 0
574379 12910592
574380 0
574639 12910592
574640 0
575219 12910592
575220 0
575479 12910592
575480 0
592569 12910592
592570 0
592829 12910592
592830 0
593409 12910592
593410 0
593669 12910592
593670 0
610758 12910592
610759 0
611018 12910592
611019 0
611598 12910592
611599 0
611858 12910592
611859 0
628948 12910592
628949 0
629208 12910592
629209 0
629788 12910592
629789 0
630048 12910592
630049 0
647137 12910592
647138 0
647367 12910592
647368 0
647907 12910592
647908 0
648137 12910592
648138 0
665327 12910592
665328 0
665587 12910592
665588 0
666167 12910592
666168 0
666427 12910592
666428 0
683516 12910592
683517 0
683776 12910592
683777 0
684356 12910592
684357 0
684616 12910592
684617 0
701706 12910592
701707 0
701966 12910592
701967 0
702546 12910592
702547 0
702806 12910592
702807 0
719895 12910592
719896 0
720155 12910592
720156 0
720735 12910592
720736 0
720995 12910592
720996 0
738085 12910592
738086 0
738345 12910592
738346 0
738925 12910592
738926 0
739185 12910592
739186 0
756274 12910592
756275 0
756534 12910592
756535 0
757114 12910592
757115 0
757374 12910592
757375 0
774464 12910592
774465 0
774724 12910592
774725 0
775304 12910592
775305 0
775564 12910592
775565 0
792653 12910592
792654 0
792913 12910592
792914 0
793493 12910592
793494 0
793753 12910592
793754 0
810843 12910592
810844 0
811103 12910592
811104 0
811683 12910592
811684 0
811943 12910592
811944 0
829032 12910592
829033 0
829292 12910592
829293 0
829872 12910592
829873 0
830132 12910592
830133 0
846622 12910592
846623 0
846882 12910592
846883 0
847462 12910592
847463 0
847722 12910592
847723 0
863911 12910592
863912 0
864171 12910592
864172 0
864751 12910592
864752 0
865011 12910592
865012 0
882811 12910592
882812 0
883041 12910592
883042 0
883581 12910592
883582 0
883811 12910592
883812 0
902440 12910592
902441 0
902700 12910592
902701 0
903280 12910592
903281 0
903540 12910592
903541 0
920954 12910592
920955 0
921214 12910592
921215 0
921794 12910592
921795 0
922054 12910592
922055 0
939468 12910592
939469 0
939728 12910592
939729 0
940308 12910592
940309 0
940568 12910592
940569 0
957982 12910592
957983 0
958242 12910592
958243 0
958822 12910592
958823 0
959082 12910592
959083 0
976497 12910592
976498 0
976757 12910592
976758 0
977337 12910592
977338 0
977597 12910592
977598 0
995011 12910592
995012 0
995271 12910592
995272 0
995851 12910592
995852 0
996111 12910592
996112 0
1013525 12910592
1013526 0
1013785 12910592
1013786 0
1014365 12910592
1014366 0
1014625 12910592
1014626 0
1032040 12910592
1032041 0
1032300 12910592
1032301 0
1032880 12910592
1032881 0
1033140 12910592
1033141 0
1050554 12910592
1050555 0
1050814 12910592
1050815 0
1051394 12910592
1051395 0
1051654 12910592
1051655 0
1069068 12910592
1069069 0
1069328 12910592
1069329 0
1069908 12910592
1069909 0
1070168 12910592
1070169 0
1087582 12910592
1087583 0
1087842 12910592
1087843 0
1088422 12910592
1088423 0
1088682 12910592
1088683 0
1105497 12910592
1105498 0
1105757 12910592
1105758 0
1106337 12910592
1106338 0
1106597 12910592
1106598 0
1123111 12910592
1123112 0
1123371 12910592
1123372 0
1123951 12910592
1123952 0
1124211 12910592
1124212 0
1142011 12910592
1142012 0
1142271 12910592
1142272 0
1142851 12910592
1142852 0
1143111 12910592
1143112 0
1160990 12910592
1160991 0
1161250 12910592
1161251 0
1161830 12910592
1161831 0
1162090 12910592
1162091 0
1179179 12910592
1179180 0
1179439 12910592
1179440 0
1180019 12910592
1180020 0
1180279 12910592
1180280 0
1197369 12910592
1197370 0
1197629 12910592
1197630 0
1198209 12910592
1198210 0
1198469 12910592
1198470 0
1215558 12910592
1215559 0
1215818 12910592
1215819 0
1216398 12910592
1216399 0
1216658 12910592
1216659 0
1233748 12910592
1233749 0
1234008 12910592
1234009 0
1234588 12910592
1234589 0
1234848 12910592
1234849 0
1251937 12910592
1251938 0
1252167 12910592
1252168 0
1252707 12910592
1252708 0
1252937 12910592
1252938 0
1270127 12910592
1270128 0
1270387 12910592
1270388 0
1270967 12910592
1270968 0
1271227 12910592
1271228 0
1288316 12910592
1288317 0
1288576 12910592
1288577 0
1289156 12910592
1289157 0
1289416 12910592
1289417 0
1306506 12910592
1306507 0
1306766 12910592
1306767 0
1307346 12910592
1307347 0
1307606 12910592
1307607 0
1324695 12910592
1324696 0
1324955 12910592
1324956 0
1325535 12910592
1325536 0
1325795 12910592
1325796 0
1342885 12910592
1342886 0
1343145 12910592
1343146 0
1343725 12910592
1343726 0
1343985 12910592
1343986 0
1361074 12910592
1361075 0
1361334 12910592
1361335 0
1361914 12910592
1361915 0
1362174 12910592
1362175 0
1379264 12910592
1379265 0
1379524 12910592
1379525 0
1380104 12910592
1380105 0
1380364 12910592
1380365 0
1397453 12910592
1397454 0
1397713 12910592
1397714 0
1398293 12910592
1398294 0
1398553 12910592
1398554 0
1415643 12910592
1415644 0
1415903 12910592
1415904 0
1416483 12910592
1416484 0
1416743 12910592
1416744 0
1433832 12910592
1433833 0
1434092 12910592
1434093 0
1434672 12910592
1434673 0
1434932 12910592
1434933 0
1451422 12910592
1451423 0
1451682 12910592
1451683 0
1452262 12910592
1452263 0
1452522 12910592
1452523 0
1468711 12910592
1468712 0
1468971 12910592
1468972 0
1469551 12910592
1469552 0
1469811 12910592
1469812 0
1487611 12910592
1487612 0
1487841 12910592
1487842 0
1488381 12910592
1488382 0
1488611 12910592
1488612 0
1507240 12910592
1507241 0
1507500 12910592
1507501 0
1508080 12910592
1508081 0
1508340 12910592
1508341 0
1525754 12910592
1525755 0
1526014 12910592
1526015 0
1526594 12910592
1526595 0
1526854 12910592
1526855 0
1544268 12910592
1544269 0
1544528 12910592
1544529 0
1545108 12910592
1545109 0
1545368 12910592
1545369 0
1562782 12910592
1562783 0
1563042 12910592
1563043 0
1563622 12910592
1563623 0
1563882 12910592
1563883 0
1581297 12910592
1581298 0
1581557 12910592
1581558 0
1582137 12910592
1582138 0
1582397 12910592
1582398 0
1599811 12910592
1599812 0
1600071 12910592
1600072 0
1600651 12910592
1600652 0
1600911 12910592
1600912 0
1618325 12910592
1618326 0
1618585 12910592
1618586 0
1619165 12910592
1619166 0
1619425 12910592
1619426 0
1636840 12910592
1636841 0
1637100 12910592
1637101 0
1637680 12910592
1637681 0
1637940 12910592
1637941 0
1655354 12910592
1655355 0
1655614 12910592
1655615 0
1656194 12910592
1656195 0
1656454 12910592
1656455 0
1673868 12910592
1673869 0
1674128 12910592
1674129 0
1674708 12910592
1674709 0
1674968 12910592
1674969 0
1692382 12910592
1692383 0
1692642 12910592
1692643 0
1693222 12910592
1693223 0
1693482 12910592
1693483 0
1710297 12910592
1710298 0
1710557 12910592
1710558 0
1711137 12910592
1711138 0
1711397 12910592
1711398 0
1727911 12910592
1727912 0
1728171 12910592
1728172 0
1728751 12910592
1728752 0
1729011 12910592
1729012 0
1746811 12910592
1746812 0
1747071 12910592
1747072 0
1747651 12910592
1747652 0
1747911 12910592
1747912 0
1765790 12910592
1765791 0
1766050 12910592
1766051 0
1766630 12910592
1766631 0
1766890 12910592
1766891 0
1783979 12910592
1783980 0
1784239 12910592
1784240 0
1784819 12910592
1784820 0
1785079 12910592
1785080 0
1802169 12910592
1802170 0
1802429 12910592
1802430 0
1803009 12910592
1803010 0
1803269 12910592
1803270 0
1820358 12910592
1820359 0
1820618 12910592
1820619 0
1821198 12910592
1821199 0
1821458 12910592
1821459 0
1838548 12910592
1838549 0
1838808 12910592
1838809 0
1839388 12910592
1839389 0
1839648 12910592
1839649 0
1856737 12910592
1856738 0
1856967 12910592
1856968 0
1857507 12910592
1857508 0
1857737 12910592
1857738 0
1874927 12910592
1874928 0
1875187 12910592
1875188 0
1875767 12910592
1875768 0
1876027 12910592
1876028 0
1893116 12910592
1893117 0
1893376 12910592
1893377 0
1893956 12910592
1893957 0
1894216 12910592
1894217 0
1911306 12910592
1911307 0
1911566 12910592
1911567 0
1912146 12910592
1912147 0
1912406 12910592
1912407 0
1929495 12910592
1929496 0
1929755 12910592
1929756 0
1930335 12910592
1930336 0
1930595 12910592
1930596 0
1947685 12910592
1947686 0
1947945 12910592
1947946 0
1948525 12910592
1948526 0
1948785 12910592
1948786 0
1965874 12910592
1965875 0
1966134 12910592
1966135 0
1966714 12910592
1966715 0
1966974 12910592
1966975 0
1984064 12910592
1984065 0
1984324 12910592
1984325 0
1984904 12910592
1984905 0
1985164 12910592
1985165 0
2002253 12910592
2002254 0
2002513 12910592
2002514 0
2003093 12910592
2003094 0
2003353 12910592
2003354 0
2020443 12910592
2020444 0
2020703 12910592
2020704 0
2021283 12910592
2021284 0
2021543 12910592
2021544 0
2038632 12910592
2038633 0
2038892 12910592
2038893 0
2039472 12910592
2039473 0
2039732 12910592
2039733 0
2056222 12910592
2056223 0
2056482 12910592
2056483 0
2057062 12910592
2057063 0
2057322 12910592
2057323 0
2073511 12910592
2073512 0
2073771 12910592
2073772 0
2074351 12910592
2074352 0
2074611 12910592
2074612 0
2092411 12910592
2092412 0
2092641 12910592
2092642 0
2093181 12910592
2093182 0
2093411 12910592
2093412 0
2112040 12910592
2112041 0
2112300 12910592
2112301 0
2112880 12910592
2112881 0
2113140 12910592
2113141 0
2130554 12910592
2130555 0
2130814 12910592
2130815 0
2131394 12910592
2131395 0
2131654 12910592
2131655 0
2149068 12910592
2149069 0
2149328 12910592
2149329 0
2149908 12910592
2149909 0
2150168 12910592
2150169 0
2167582 12910592
2167583 0
2167842 12910592
2167843 0
2168422 12910592
2168423 0
2168682 12910592
2168683 0
2186097 12910592
2186098 0
2186357 12910592
2186358 0
2186937 12910592
2186938 0
2187197 12910592
2187198 0
2204611 12910592
2204612 0
2204871 12910592
2204872 0
2205451 12910592
2205452 0
2205711 12910592
2205712 0
2223125 12910592
2223126 0
2223385 12910592
2223386 0
2223965 12910592
2223966 0
2224225 12910592
2224226 0
2241640 12910592
2241641 0
2241900 12910592
2241901 0
2242480 12910592
2242481 0
2242740 12910592
2242741 0
2260154 12910592
2260155 0
2260414 12910592
2260415 0
2260994 12910592
2260995 0
2261254 12910592
2261255 0
2278668 12910592
2278669 0
2278928 12910592
2278929 0
2279508 12910592
2279509 0
2279768 12910592
2279769 0
2297182 12910592
2297183 0
2297442 12910592
2297443 0
2298022 12910592
2298023 0
2298282 12910592
2298283 0
2315097 12910592
2315098 0
2315357 12910592
2315358 0
2315937 12910592
2315938 0
2316197 12910592
2316198 0
2332711 12910592
2332712 0
2332971 12910592
2332972 0
2333551 12910592
2333552 0
2333811 12910592
2333812 0
2351611 12910592
2351612 0
2351871 12910592
2351872 0
2352451 12910592
2352452 0
2352711 12910592
2352712 0
2370590 12910592
2370591 0
2370850 12910592
2370851 0
2371430 12910592
2371431 0
2371690 12910592
2371691 0
2388779 12910592
2388780 0
2389039 12910592
2389040 0
2389619 12910592
2389620 0
2389879 12910592
2389880 0
2406969 12910592
2406970 0
2407229 12910592
2407230 0
2407809 12910592
2407810 0
2408069 12910592
2408070 0
2425158 12910592
2425159 0
2425418 12910592
2425419 0
2425998 12910592
2425999 0
2426258 12910592
2426259 0
2443348 12910592
2443349 0
2443608 12910592
2443609 0
2444188 12910592
2444189 0
2444448 12910592
2444449 0
2461537 12910592
2461538 0
2461767 12910592
2461768 0
2462307 12910592
2462308 0
2462537 12910592
2462538 0
2479727 12910592
2479728 0
2479987 12910592
2479988 0
2480567 12910592
2480568 0
2480827 12910592
2480828 0
2497916 12910592
2497917 0
2498176 12910592
2498177 0
2498756 12910592
2498757 0
2499016 12910592
2499017 0
2534295 12910592
2534296 0
2534555 12910592
2534556 0
2535135 12910592
2535136 0
2535395 12910592
2535396 0
2552485 12910592
2552486 0
2552745 12910592
2552746 0
2553325 12910592
2553326 0
2553585 12910592
2553586 0
2570674 12910592
2570675 0
2570934 12910592
2570935 0
2571514 12910592
2571515 0
2571774 12910592
2571775 0
2588864 12910592
2588865 0
2589124 12910592
2589125 0
2589704 12910592
2589705 0
2589964 12910592
2589965 0
2607053 12910592
2607054 0
2607313 12910592
2607314 0
2607893 12910592
2607894 0
2608153 12910592
2608154 0
2625243 12910592
2625244 0
2625503 12910592
2625504 0
2626083 12910592
2626084 0
2626343 12910592
2626344 0
2643432 12910592
2643433 0
2643692 12910592
2643693 0
2644272 12910592
2644273 0
2644532 12910592
2644533 0
2661022 12910592
2661023 0
2661282 12910592
2661283 0
2661862 12910592
2661863 0
2662122 12910592
2662123 0
2678311 12910592
2678312 0
2678571 12910592
2678572 0
2679151 12910592
2679152 0
2679411 12910592
2679412 0
2698325 12910592
2698326 0
2698555 12910592
2698556 0
2699095 12910592
2699096 0
2699325 12910592
2699326 0
2716840 12910592
2716841 0
2717100 12910592
2717101 0
2717680 12910592
2717681 0
2717940 12910592
2717941 0
2735354 12910592
2735355 0
2735614 12910592
2735615 0
2736194 12910592
2736195 0
2736454 12910592
2736455 0
2753868 12910592
2753869 0
2754128 12910592
2754129 0
2754708 12910592
2754709 0
2754968 12910592
2754969 0
2772382 12910592
2772383 0
2772642 12910592
2772643 0
2773222 12910592
2773223 0
2773482 12910592
2773483 0
2790897 12910592
2790898 0
2791157 12910592
2791158 0
2791737 12910592
2791738 0
2791997 12910592
2791998 0
2809411 12910592
2809412 0
2809671 12910592
2809672 0
2810251 12910592
2810252 0
2810511 12910592
2810512 0
2827925 12910592
2827926 0
2828185 12910592
2828186 0
2828765 12910592
2828766 0
2829025 12910592
2829026 0
2846440 12910592
2846441 0
2846700 12910592
2846701 0
2847280 12910592
2847281 0
2847540 12910592
2847541 0
2864954 12910592
2864955 0
2865214 12910592
2865215 0
2865794 12910592
2865795 0
2866054 12910592
2866055 0
2883468 12910592
2883469 0
2883728 12910592
2883729 0
2884308 12910592
2884309 0
2884568 12910592
2884569 0
2901982 12910592
2901983 0
2902242 12910592
2902243 0
2902822 12910592
2902823 0
2903082 12910592
2903083 0
2919897 12910592
2919898 0
2920157 12910592
2920158 0
2920737 12910592
2920738 0
2920997 12910592
2920998 0
2937511 12910592
2937512 0
2937771 12910592
2937772 0
2938351 12910592
2938352 0
2938611 12910592
2938612 0
2956411 12910592
2956412 0
2956671 12910592
2956672 0
2957251 12910592
2957252 0
2957511 12910592
2957512 0
2975390 12910592
2975391 0
2975650 12910592
2975651 0
2976230 12910592
2976231 0
2976490 12910592
2976491 0
2993579 12910592
2993580 0
2993839 12910592
2993840 0
2994419 12910592
2994420 0
2994679 12910592
2994680 0
3011769 12910592
3011770 0
3012029 12910592
3012030 0
3012609 12910592
3012610 0
3012869 12910592
3012870 0
3029958 12910592
3029959 0
3030218 12910592
3030219 0
3030798 12910592
3030799 0
3031058 12910592
3031059 0
3048148 12910592
3048149 0
3048408 12910592
3048409 0
3048988 12910592
3048989 0
3049248 12910592
3049249 0
3066337 12910592
3066338 0
3066567 12910592
3066568 0
3067107 12910592
3067108 0
3067337 12910592
3067338 0
3084527 12910592
3084528 0
3084787 12910592
3084788 0
3085367 12910592
3085368 0
3085627 12910592
3085628 0
3102716 12910592
3102717 0
3102976 12910592
3102977 0
3103556 12910592
3103557 0
3103816 12910592
3103817 0
3120906 12910592
3120907 0
3121166 12910592
3121167 0
3121746 12910592
3121747 0
3122006 12910592
3122007 0
3137311 12910592
3137312 0
3137541 12910592
3137542 0
3138081 12910592
3138082 0
3138311 12910592
3138312 0
3157285 12910592
3157286 0
3157545 12910592
3157546 0
3158125 12910592
3158126 0
3158385 12910592
3158386 0
3175474 12910592
3175475 0
3175734 12910592
3175735 0
3176314 12910592
3176315 0
3176574 12910592
3176575 0
3193664 12910592
3193665 0
3193924 12910592
3193925 0
3194504 12910592
3194505 0
3194764 12910592
3194765 0
3211853 12910592
3211854 0
3212113 12910592
3212114 0
3212693 12910592
3212694 0
3212953 12910592
3212954 0
3230043 12910592
3230044 0
3230303 12910592
3230304 0
3230883 12910592
3230884 0
3231143 12910592
3231144 0
3248232 12910592
3248233 0
3248492 12910592
3248493 0
3249072 12910592
3249073 0
3249332 12910592
3249333 0
3265822 12910592
3265823 0
3266082 12910592
3266083 0
3266662 12910592
3266663 0
3266922 12910592
3266923 0
3283111 12910592
3283112 0
3283371 12910592
3283372 0
3283951 12910592
3283952 0
3284211 12910592
3284212 0
3303125 12910592
3303126 0
3303355 12910592
3303356 0
3303895 12910592
3303896 0
3304125 12910592
3304126 0
3321640 12910592
3321641 0
3321900 12910592
3321901 0
3322480 12910592
3322481 0
3322740 12910592
3322741 0
3340154 12910592
3340155 0
3340414 12910592
3340415 0
3340994 12910592
3340995 0
3341254 12910592
3341255 0
3358668 12910592
3358669 0
3358928 12910592
3358929 0
3359508 12910592
3359509 0
3359768 12910592
3359769 0
3377182 12910592
3377183 0
3377442 12910592
3377443 0
3378022 12910592
3378023 0
3378282 12910592
3378283 0
3395697 12910592
3395698 0
3395957 12910592
3395958 0
3396537 12910592
3396538 0
3396797 12910592
3396798 0
3414211 12910592
3414212 0
3414471 12910592
3414472 0
3415051 12910592
3415052 0
3415311 12910592
3415312 0
3432725 12910592
3432726 0
3432985 12910592
3432986 0
3433565 12910592
3433566 0
3433825 12910592
3433826 0
3451240 12910592
3451241 0
3451500 12910592
3451501 0
3452080 12910592
3452081 0
3452340 12910592
3452341 0
3469754 12910592
3469755 0
3470014 12910592
3470015 0
3470594 12910592
3470595 0
3470854 12910592
3470855 0
3488268 12910592
3488269 0
3488528 12910592
3488529 0
3489108 12910592
3489109 0
3489368 12910592
3489369 0
3506782 12910592
3506783 0
3507042 12910592
3507043 0
3507622 12910592
3507623 0
3507882 12910592
3507883 0
3524697 12910592
3524698 0
3524957 12910592
3524958 0
3525537 12910592
3525538 0
3525797 12910592
3525798 0
3542311 12910592
3542312 0
3542571 12910592
3542572 0
3543151 12910592
3543152 0
3543411 12910592
3543412 0
3562000 12910592
3562001 0
3562260 12910592
3562261 0
3562840 12910592
3562841 0
3563100 12910592
3563101 0
3582561 12910592
3582562 0
3582821 12910592
3582822 0
3583401 12910592
3583402 0
3583661 12910592
3583662 0
3596961 12910592
3596962 0
3597221 12910592
3597222 0
3597801 12910592
3597802 0
3598061 12910592
3598062 0
3616569 12910592
3616570 0
3616829 12910592
3616830 0
3617409 12910592
3617410 0
3617669 12910592
3617670 0
3634758 12910592
3634759 0
3635018 12910592
3635019 0
3635598 12910592
3635599 0
3635858 12910592
3635859 0
3652948 12910592
3652949 0
3653208 12910592
3653209 0
3653788 12910592
3653789 0
3654048 12910592
3654049 0
3671137 12910592
3671138 0
3671367 12910592
3671368 0
3671907 12910592
3671908 0
3672137 12910592
3672138 0
3689327 12910592
3689328 0
3689587 12910592
3689588 0
3690167 12910592
3690168 0
3690427 12910592
3690428 0
3707516 12910592
3707517 0
3707776 12910592
3707777 0
3708356 12910592
3708357 0
3708616 12910592
3708617 0
3725706 12910592
3725707 0
3725966 12910592
3725967 0
3726546 12910592
3726547 0
3726806 12910592
3726807 0
3743895 12910592
3743896 0
3744155 12910592
3744156 0
3744735 12910592
3744736 0
3744995 12910592
3744996 0
3762085 12910592
3762086 0
3762345 12910592
3762346 0
3762925 12910592
3762926 0
3763185 12910592
3763186 0
3780274 12910592
3780275 0
3780534 12910592
3780535 0
3781114 12910592
3781115 0
3781374 12910592
3781375 0
3798464 12910592
3798465 0
3798724 12910592
3798725 0
3799304 12910592
3799305 0
3799564 12910592
3799565 0
3816653 12910592
3816654 0
3816913 12910592
3816914 0
3817493 12910592
3817494 0
3817753 12910592
3817754 0
3834843 12910592
3834844 0
3835103 12910592
3835104 0
3835683 12910592
3835684 0
3835943 12910592
3835944 0
3853032 12910592
3853033 0
3853292 12910592
3853293 0
3853872 12910592
3853873 0
3854132 12910592
3854133 0
3870622 12910592
3870623 0
3870882 12910592
3870883 0
3871462 12910592
3871463 0
3871722 12910592
3871723 0
3887911 12910592
3887912 0
3888171 12910592
3888172 0
3888751 12910592
3888752 0
3889011 12910592
3889012 0
3906811 12910592
3906812 0
3907041 12910592
3907042 0
3907581 12910592
3907582 0
3907811 12910592
3907812 0
3926440 12910592
3926441 0
3926700 12910592
3926701 0
3927280 12910592
3927281 0
3927540 12910592
3927541 0
3944954 12910592
3944955 0
3945214 12910592
3945215 0
3945794 12910592
3945795 0
3946054 12910592
3946055 0
3963468 12910592
3963469 0
3963728 12910592
3963729 0
3964308 12910592
3964309 0
3964568 12910592
3964569 0
3981982 12910592
3981983 0
3982242 12910592
3982243 0
3982822 12910592
3982823 0
3983082 12910592
3983083 0
4000497 12910592
4000498 0
4000757 12910592
4000758 0
4001337 12910592
4001338 0
4001597 12910592
4001598 0
4019011 12910592
4019012 0
4019271 12910592
4019272 0
4019851 12910592
4019852 0
4020111 12910592
4020112 0
4037525 12910592
4037526 0
4037785 12910592
4037786 0
4038365 12910592
4038366 0
4038625 12910592
4038626 0
4056040 12910592
4056041 0
4056300 12910592
4056301 0
4056880 12910592
4056881 0
4057140 12910592
4057141 0
4074554 12910592
4074555 0
4074814 12910592
4074815 0
4075394 12910592
4075395 0
4075654 12910592
4075655 0
4093068 12910592
4093069 0
4093328 12910592
4093329 0
4093908 12910592
4093909 0
4094168 12910592
4094169 0
4111582 12910592
4111583 0
4111842 12910592
4111843 0
4112422 12910592
4112423 0
4112682 12910592
4112683 0
4129497 12910592
4129498 0
4129757 12910592
4129758 0
4130337 12910592
4130338 0
4130597 12910592
4130598 0
4147111 12910592
4147112 0
4147371 12910592
4147372 0
4147951 12910592
4147952 0
4148211 12910592
4148212 0
4166011 12910592
4166012 0
4166271 12910592
4166272 0
4166851 12910592
4166852 0
4167111 12910592
4167112 0
4184990 12910592
4184991 0
4185250 12910592
4185251 0
4185830 12910592
4185831 0
4186090 12910592
4186091 0
4203179 12910592
4203180 0
4203439 12910592
4203440 0
4204019 12910592
4204020 0
4204279 12910592
4204280 0
4221369 12910592
4221370 0
4221629 12910592
4221630 0
4222209 12910592
4222210 0
4222469 12910592
4222470 0
4239558 12910592
4239559 0
4239818 12910592
4239819 0
4240398 12910592
4240399 0
4240658 12910592
4240659 0
4257748 12910592
4257749 0
4258008 12910592
4258009 0
4258588 12910592
4258589 0
4258848 12910592
4258849 0
4275937 12910592
4275938 0
4276167 12910592
4276168 0
4276707 12910592
4276708 0
4276937 12910592
4276938 0
4363111 12910592
4363112 0
4363371 12910592
4363372 0
3 events for Q
770732 90
781652 3500
805712 0
78 events for R
209204 10000000
209205 0
251133 10000000
251134 0
293781 10000000
293782 0
336699 10000000
336700 0
379677 10000000
379678 0
422534 10000000
422535 0
465064 10000000
465065 0
507049 10000000
507050 0
548542 10000000
548543 0
590192 10000000
590193 0
632649 10000000
632650 0
675950 10000000
675951 0
719865 10000000
719866 0
764221 10000000
764222 0
808958 10000000
808959 0
854180 10000000
854181 0
3325067 1000
3326067 0
3370775 1000
3371775 0
3416674 1000
3417674 0
3462797 1000
3463797 0
3509245 1000
3510245 0
3556052 1000
3557052 0
3620860 1000
3621860 0
3666479 1000
3667479 0
3711354 1000
3712354 0
3751726 1000
3751790 0
3764337 1000
3765337 0
3800944 1000
3801944 0
3845345 1000
3846345 0
3889677 1000
3890677 0
3951530 1000
3952530 0
4013540 1000
4014540 0
4065208 1000
4066208 0
4109040 1000
4110040 0
4152589 1000
4153589 0
4195932 1000
4196932 0
4239042 1000
4240042 0
4281802 1000
4282802 0
4324351 1000
4325351 0
