18 instruments
A 10 100 0 296462475.07613176
B 10 100 2338 640000000
C 10 100 0.00017956089109901502 925410610.77784157
D 10 100 20805.899747385713 886615046.05336845
E 10 100 40786.332763907049 54547276.407707497
F 10 100 0 938631764.34521866
G 10 100 2665037.1650940888 921958803.05957663
H 10 100 199466000 880000000
I 10 100 1289849390.9659207 3398902187.0561032
J 10 100 0.00018113117344584602 933503441.77673233
K 10 100 6499613.0472409306 3333330256.035996
L 10 100 2312500 800000000
M 10 100 1517960000 4000000000
N 10 100 154000 595557000
O 10 100 22090 160000000
P 10 100 40530.039409419333 54204511.969197564
Q 10 100 1991925.5289842244 689098561.3783263
R 10 100 0 888000000
140 downlinks
0 1 23814 18650.039686
1 66256 91871 17801.393711000001
2 92304 95447 18241.361444999999
3 111898 134731 24067.369501000001
4 135896 159879 56712.888793999999
5 185996 194851 58370.132263
6 198367 219207 58005.525035999999
7 220758 258593 24930.123806
8 258594 279767 16739.689300999999
9 325456 350023 18181.419744999999
10 371991 397607 18610.315675999998
11 399049 437437 59847.283359000001
12 438889 454964 18063.419893999999
13 459589 484394 18186.627066000001
14 485446 501293 56843.492619999997
15 523626 557085 9175.5815739999998
16 557086 568575 9288.5908459999991
17 571843 609842 29976.478185
18 611983 629020 8340.6453669999992
19 638383 648686 28164.287346000001
20 671056 693639 9615.6592349999992
21 715781 744277 8936.4976299999998
22 744278 748101 29078.912095
23 763778 771225 8738.7729049999998
24 789406 824795 9283.3064869999998
25 824796 870574 9136.56639
26 870575 886982 8867.2325060000003
27 902409 906815 30843.021497000002
28 930256 947025 8651.5363890000008
29 948572 971479 8598.6086899999991
30 974372 1002868 28620.571626000001
31 1002869 1013789 29488.2804
32 1017029 1039429 29574.456625999999
33 1045469 1058806 8990.2936559999998
34 1061369 1090251 27889.095755999999
35 1092266 1102395 27279.489213000001
36 1105246 1108471 29339.122920000002
37 1114766 1123592 30467.823106
38 1133066 1144616 9273.8508989999991
39 1147871 1169107 28091.132868000001
40 1169969 1214008 9462.077765
41 1214009 1229342 8739.387213
42 1269856 1284760 27177.101999999999
43 1300309 1324418 28867.988366000001
44 1325359 1347887 8757.0573490000006
45 1386610 1428858 30482.278361000001
46 1428859 1465752 9337.789702
47 1465753 1494214 8515.7706749999998
48 1535056 1549939 8900.7025030000004
49 1552149 1577938 8778.3355150000007
50 1577949 1606321 29886.497736000001
51 1608846 1636087 29243.536622
52 1636806 1641019 26517.245249
53 1645515 1659787 8834.4018649999998
54 1679046 1690421 9457.9623840000004
55 1702442 1722338 28164.872808
56 1731817 1774046 30503.298975000002
57 1774047 1796462 8691.2845450000004
58 1796938 1806933 8525.9525360000007
59 1809598 1813351 28086.786929000002
60 1874656 1902600 9305.8530659999997
61 1904424 1908938 9003.7058219999999
62 1934335 1950096 29720.859928999998
63 1983089 1986746 28196.056719
64 1990728 2007441 8724.7512220000008
65 2009031 2036366 9238.0711549999996
66 2037287 2077031 29465.914934
67 2077032 2085008 8736.7051790000005
68 2108027 2122041 8623.2506759999997
69 2133856 2156105 8421.9856619999991
70 2160346 2180205 27549.328343000001
71 2192023 2209282 29572.320551000001
72 2211579 2241718 29086.290951999999
73 2241819 2270494 8813.8421070000004
74 2278719 2295685 29493.047434
75 2303615 2327106 27435.630709000001
76 2327997 2339525 29792.428981000001
77 2342615 2352498 8997.6095590000004
78 2355515 2378702 26654.011493000002
79 2393056 2416181 8664.3956859999998
80 2416411 2442270 8910.3347130000002
81 2485456 2505453 9263.3037550000008
82 2508562 2514794 8194.1372179999998
83 2526507 2539170 8812.3468479999992
84 2558003 2559834 28513.272391999999
85 2586678 2590839 29797.943813000002
86 2594870 2629702 9287.2106050000002
87 2629703 2640455 9493.8769009999996
88 2643859 2679939 29841.66733
89 2681178 2685856 9031.5484039999992
90 2744656 2756286 27058.173078
91 2758395 2761952 27764.822221999999
92 2765895 2782497 8866.3210920000001
93 2794382 2806542 30200.423556999998
94 2809654 2814498 9259.4321029999992
95 2818690 2842761 9457.3783449999992
96 2844490 2848318 29542.407908000001
97 2853796 2868639 8564.5545529999999
98 2877790 2900459 9335.3412189999999
99 2902986 2931712 27874.981927000001
100 2940106 2982261 30587.746092000001
101 2982262 3026414 9231.3874039999992
102 3026415 3042633 8609.2624169999999
103 3043982 3060214 8689.6108280000008
104 3068567 3070614 26609.79682
105 3090256 3109861 8915.2263710000007
106 3112726 3142676 9094.9622560000007
107 3142677 3160391 8333.9255690000009
108 3160973 3167314 27500.430241999999
109 3181391 3197744 8601.7316499999997
110 3199037 3233950 9100.8958739999998
111 3247668 3260957 9427.4328960000003
112 3263928 3274340 27243.904355999999
113 3276768 3298488 8431.3051790000009
114 3327484 3329806 27636.251289
115 3349456 3368744 8831.2619180000002
116 3369852 3386451 8966.6639699999996
117 3394063 3399814 54396.705881000002
118 3403606 3417634 58970.262822999997
119 3420219 3449258 57826.355975999999
120 3449259 3460003 17374.699861000001
121 3475359 3502150 57611.601310999999
122 3502359 3534439 59023.283414999998
123 3535181 3540931 55193.106121999997
124 3544287 3586404 25530.421285
125 3586405 3630600 29269.697155999998
126 3630601 3634691 16830.732371999999
127 3647849 3662516 28226.256141999998
128 3664846 3667397 60093.408818999997
129 3707844 3737543 58272.632834999997
130 3737544 3744818 61499.660580999996
131 3759021 3780318 28538.149495000001
132 3793866 3799688 18090.695755000001
133 3803231 3818443 23661.293665000001
134 3820340 3848294 28757.617953000001
135 3848295 3890591 56137.919716999997
136 3891735 3908629 23437.772314999998
137 3923835 3936475 55980.942202999999
138 3949690 3963542 60635.164006999999
139 3966430 3997357 23619.145155999999
0 opportunities for A
0 opportunities for B
0 opportunities for C
0 opportunities for D
0 opportunities for E
0 opportunities for F
0 opportunities for G
0 opportunities for H
0 opportunities for I
0 opportunities for J
0 opportunities for K
0 opportunities for L
0 opportunities for M
0 opportunities for N
0 opportunities for O
0 opportunities for P
0 opportunities for Q
0 opportunities for R
0 events for A

166 events for B
63856 4096
72056 0
161142 4096
169342 0
235199 4096
243399 0
323056 4096
331256 0
345635 665
374795 0
418393 4096
426593 0
491151 4096
499351 0
582098 4096
590298 0
668656 1365
668836 0
670636 1365
671176 3481
690376 1365
691096 3481
710296 1365
711016 3481
729942 0
765942 873
794742 0
839999 873
868799 0
927856 873
956656 0
1023193 3481
1037593 0
1037608 2252
1041208 0
1041223 2252
1044823 0
1044838 2252
1048438 0
1048453 2252
1052053 0
1085596 3276
1100596 0
1186898 873
1215698 0
1267456 1365
1267636 0
1269436 1365
1269976 3481
1289176 0
1370742 873
1399542 0
1444799 873
1473599 0
1532656 1365
1533376 3481
1552576 0
1612933 3276
1627933 0
1862956 1979
1864156 0
1865956 1979
1879156 0
2048525 8
2048526 0
2049599 1365
2049779 0
2051579 1365
2052119 1979
2066519 1365
2066699 1979
2081099 1365
2081819 1979
2096219 1365
2096399 1979
2110799 1365
2111519 1979
2125919 1365
2126099 1979
2140499 0
2178899 3754
2179619 0
2181419 3754
2185019 0
2218456 3754
2219176 0
2220976 3754
2224576 0
2253556 3754
2254276 0
2256076 3754
2259676 0
2294956 3754
2295676 0
2297476 3754
2301076 0
2338156 3754
2338876 0
2340676 3754
2344276 0
2530756 3754
2531476 0
2533276 3754
2536876 0
2559556 3754
2560276 0
2562076 3754
2565676 0
2601856 3754
2602576 0
2604376 3754
2607976 0
2676556 3754
2677276 0
2679076 3754
2682676 0
2762956 1365
2763136 0
2764936 1365
2765476 1979
2779876 1365
2780056 1979
2794456 1365
2795176 1979
2809576 1365
2809756 1979
2824156 1365
2824876 1979
2839276 1365
2839456 1979
2853856 0
2899756 665
2932156 0
3261796 3276
3276796 0
3291256 3754
3291976 0
3293776 3754
3297376 0
3309256 3754
3309976 0
3311776 3754
3315376 0
3379456 3754
3380176 0
3381976 3754
3385576 0
3401056 1365
3401236 0
3403036 1365
3403576 2935
3417976 1365
3418156 2935
3432556 1365
3433276 2935
3447676 1365
3447856 2935
3462256 1365
3462976 2935
3477376 1365
3477556 2935
3491956 0
3848939 3276
3863939 0
3974435 665
3974436 0
724 events for C
72152 12910592
72153 0
84122 12910592
84123 0
92651 12910592
92652 0
97601 12910592
97602 0
99727 12910592
99728 0
107865 12910592
107866 0
115922 12910592
115923 0
121207 12910592
121208 0
130922 12910592
130923 0
137521 12910592
137522 0
138723 12910592
138724 0
144898 12910592
144899 0
151622 12910592
151623 0
159808 12910592
159809 0
166713 12910592
166714 0
172365 12910592
172366 0
178022 12910592
178023 0
189229 12910592
189230 0
196536 12910592
196537 0
328627 12910592
328628 0
340061 12910592
340062 0
351206 12910592
351207 0
362490 12910592
362491 0
365790 12910592
365791 0
373235 12910592
373236 0
380680 12910592
380681 0
387722 12910592
387723 0
393722 12910592
393723 0
398827 12910592
398828 0
676322 12910592
676323 0
687122 12910592
687123 0
697456 12910592
697457 0
702122 12910592
702123 0
712682 12910592
712683 0
718927 12910592
718928 0
726122 12910592
726123 0
735122 12910592
735123 0
742321 12910592
742322 0
744808 12910592
744809 0
753722 12910592
753723 0
764522 12910592
764523 0
771722 12910592
771723 0
781622 12910592
781623 0
808327 12910592
808328 0
820151 12910592
820152 0
828726 12910592
828727 0
833887 12910592
833888 0
845565 12910592
845566 0
851372 12910592
851373 0
860479 12910592
860480 0
868086 12910592
868087 0
888105 12910592
888106 0
893608 12910592
893609 0
901365 12910592
901366 0
911227 12910592
911228 0
933422 12910592
933423 0
941822 12910592
941823 0
956001 12910592
956002 0
966842 12910592
966843 0
970595 12910592
970596 0
985230 12910592
985231 0
993355 12910592
993356 0
1001521 12910592
1001522 0
1006922 12910592
1006923 0
1017122 12910592
1017123 0
1034408 12910592
1034409 0
1045963 12910592
1045964 0
1056127 12910592
1056128 0
1065722 12910592
1065723 0
1074122 12910592
1074123 0
1081364 12910592
1081365 0
1084922 12910592
1084923 0
1091823 12910592
1091824 0
1105922 12910592
1105923 0
1112274 12910592
1112275 0
1117341 12910592
1117342 0
1124522 12910592
1124523 0
1129341 12910592
1129342 0
1145407 12910592
1145408 0
1156502 12910592
1156503 0
1166587 12910592
1166588 0
1171442 12910592
1171443 0
1175522 12910592
1175523 0
1177982 12910592
1177983 0
1228922 12910592
1228923 0
1234193 12910592
1234194 0
1239533 12910592
1239534 0
1242833 12910592
1242834 0
1249827 12910592
1249828 0
1256827 12910592
1256828 0
1275127 12910592
1275128 0
1276922 12910592
1276923 0
1293122 12910592
1293123 0
1295407 12910592
1295408 0
1487398 12910592
1487399 0
1490393 12910592
1490394 0
1492900 12910592
1492901 0
1495408 12910592
1495409 0
1498408 12910592
1498409 0
1501708 12910592
1501709 0
1504708 12910592
1504709 0
1508870 12910592
1508871 0
1513022 12910592
1513023 0
1516022 12910592
1516023 0
1538527 12910592
1538528 0
1540322 12910592
1540323 0
1542122 12910592
1542123 0
1545722 12910592
1545723 0
1549322 12910592
1549323 0
1553522 12910592
1553523 0
1560727 12910592
1560728 0
1563122 12910592
1563123 0
1566122 12910592
1566123 0
1611889 12910592
1611890 0
1613587 12910592
1613588 0
1619124 12910592
1619125 0
1623359 12910592
1623360 0
1626359 12910592
1626360 0
1634822 12910592
1634823 0
1638127 12910592
1638128 0
1729322 12910592
1729323 0
1735622 12910592
1735623 0
1739222 12910592
1739223 0
1742822 12910592
1742823 0
1746422 12910592
1746423 0
1750081 12910592
1750082 0
1753976 12910592
1753977 0
1761122 12910592
1761123 0
1771867 12910592
1771868 0
1811859 12910592
1811860 0
1815722 12910592
1815723 0
1819322 12910592
1819323 0
1822922 12910592
1822923 0
1826743 12910592
1826744 0
1833648 12910592
1833649 0
1839122 12910592
1839123 0
1843922 12910592
1843923 0
1887057 12910592
1887058 0
1890060 12910592
1890061 0
1893604 12910592
1893605 0
1897151 12910592
1897152 0
1900151 12910592
1900152 0
1907051 12910592
1907052 0
1910051 12910592
1910052 0
1912861 12910592
1912862 0
1915665 12910592
1915666 0
1918665 12910592
1918666 0
1996265 12910592
1996266 0
2001122 12910592
2001123 0
2005922 12910592
2005923 0
2010842 12910592
2010843 0
2018165 12910592
2018166 0
2021702 12910592
2021703 0
2025242 12910592
2025243 0
2029622 12910592
2029623 0
2033102 12910592
2033103 0
2037122 12910592
2037123 0
2039585 12910592
2039586 0
2138466 12910592
2138467 0
2144402 12910592
2144403 0
2152442 12910592
2152443 0
2160485 12910592
2160486 0
2183644 12910592
2183645 0
2188951 12910592
2188952 0
2194480 12910592
2194481 0
2201822 12910592
2201823 0
2206322 12910592
2206323 0
2211122 12910592
2211123 0
2216569 12910592
2216570 0
2224014 12910592
2224015 0
2231342 12910592
2231343 0
2238359 12910592
2238360 0
2244003 12910592
2244004 0
2249648 12910592
2249649 0
2255394 12910592
2255395 0
2261614 12910592
2261615 0
2267838 12910592
2267839 0
2277133 12910592
2277134 0
2438443 12910592
2438444 0
2441443 12910592
2441444 0
2443791 12910592
2443792 0
2446133 12910592
2446134 0
2449133 12910592
2449134 0
2452433 12910592
2452434 0
2455433 12910592
2455434 0
2459427 12910592
2459428 0
2463422 12910592
2463423 0
2466425 12910592
2466426 0
2490757 12910592
2490758 0
2497622 12910592
2497623 0
2504782 12910592
2504783 0
2514122 12910592
2514123 0
2523465 12910592
2523466 0
2526768 12910592
2526769 0
2534265 12910592
2534266 0
2541765 12910592
2541766 0
2549645 12910592
2549646 0
2556721 12910592
2556722 0
2564467 12910592
2564468 0
2571457 12910592
2571458 0
2578202 12910592
2578203 0
2586122 12910592
2586123 0
2596922 12910592
2596923 0
2601125 12910592
2601126 0
2614922 12910592
2614923 0
2624032 12910592
2624033 0
2630586 12910592
2630587 0
2640486 12910592
2640487 0
2647322 12910592
2647323 0
2650922 12910592
2650923 0
2659965 12910592
2659966 0
2664122 12910592
2664123 0
2668205 12910592
2668206 0
2676122 12910592
2676123 0
2679602 12910592
2679603 0
2684522 12910592
2684523 0
2689624 12910592
2689625 0
2706482 12910592
2706483 0
2750822 12910592
2750823 0
2755922 12910592
2755923 0
2763122 12910592
2763123 0
2770923 12910592
2770924 0
2781242 12910592
2781243 0
2784962 12910592
2784963 0
2791471 12910592
2791472 0
2799642 12910592
2799643 0
2809322 12910592
2809323 0
2815862 12910592
2815863 0
2821922 12910592
2821923 0
2828800 12910592
2828801 0
2835122 12910592
2835123 0
2843459 12910592
2843460 0
2848884 12910592
2848885 0
2860502 12910592
2860503 0
2866884 12910592
2866885 0
2873522 12910592
2873523 0
2889272 12910592
2889273 0
2895122 12910592
2895123 0
2910122 12910592
2910123 0
2922722 12910592
2922723 0
2938022 12910592
2938023 0
2948822 12910592
2948823 0
2956144 12910592
2956145 0
2963464 12910592
2963465 0
2967000 12910592
2967001 0
2974348 12910592
2974349 0
2981694 12910592
2981695 0
2988721 12910592
2988722 0
2994723 12910592
2994724 0
2999522 12910592
2999523 0
3010922 12910592
3010923 0
3016923 12910592
3016924 0
3024962 12910592
3024963 0
3035822 12910592
3035823 0
3048588 12910592
3048589 0
3059877 12910592
3059878 0
3066122 12910592
3066123 0
3071222 12910592
3071223 0
3098522 12910592
3098523 0
3106322 12910592
3106323 0
3117124 12910592
3117125 0
3123122 12910592
3123123 0
3128265 12910592
3128266 0
3131565 12910592
3131566 0
3139174 12910592
3139175 0
3146779 12910592
3146780 0
3154322 12910592
3154323 0
3158522 12910592
3158523 0
3162723 12910592
3162724 0
3165122 12910592
3165123 0
3170095 12910592
3170096 0
3174122 12910592
3174123 0
3178322 12910592
3178323 0
3182308 12910592
3182309 0
3190710 12910592
3190711 0
3196515 12910592
3196516 0
3202322 12910592
3202323 0
3206822 12910592
3206823 0
3251102 12910592
3251103 0
3254042 12910592
3254043 0
3257822 12910592
3257823 0
3264767 12910592
3264768 0
3268325 12910592
3268326 0
3271886 12910592
3271887 0
3279722 12910592
3279723 0
3284524 12910592
3284525 0
3289322 12910592
3289323 0
3294122 12910592
3294123 0
3352622 12910592
3352623 0
3358324 12910592
3358325 0
3363722 12910592
3363723 0
3367922 12910592
3367923 0
3375201 12910592
3375202 0
3379703 12910592
3379704 0
3383342 12910592
3383343 0
3411722 12910592
3411723 0
3416150 12910592
3416151 0
3420721 12910592
3420722 0
3426304 12910592
3426305 0
3433502 12910592
3433503 0
3440702 12910592
3440703 0
3448984 12910592
3448985 0
3458642 12910592
3458643 0
3468122 12910592
3468123 0
3475322 12910592
3475323 0
3487922 12910592
3487923 0
3493322 12910592
3493323 0
3501722 12910592
3501723 0
3509522 12910592
3509523 0
3513122 12910592
3513123 0
3523922 12910592
3523923 0
3529322 12910592
3529323 0
3540122 12910592
3540123 0
3547322 12910592
3547323 0
3556504 12910592
3556505 0
3565262 12910592
3565263 0
3577234 12910592
3577235 0
3583622 12910592
3583623 0
3595922 12910592
3595923 0
3601322 12910592
3601323 0
3611666 12910592
3611667 0
3617309 12910592
3617310 0
3622954 12910592
3622955 0
3626522 12910592
3626523 0
3633700 12910592
3633701 0
3641143 12910592
3641144 0
3651122 12910592
3651123 0
3656522 12910592
3656523 0
3693422 12910592
3693423 0
3736322 12910592
3736323 0
3743867 12910592
3743868 0
3751365 12910592
3751366 0
3761522 12910592
3761523 0
3766323 12910592
3766324 0
3773393 12910592
3773394 0
3781000 12910592
3781001 0
3788524 12910592
3788525 0
3797522 12910592
3797523 0
3805922 12910592
3805923 0
3811924 12910592
3811925 0
3820922 12910592
3820923 0
3832322 12910592
3832323 0
3840122 12910592
3840123 0
3850022 12910592
3850023 0
3859202 12910592
3859203 0
3872462 12910592
3872463 0
3880322 12910592
3880323 0
3885724 12910592
3885725 0
3892922 12910592
3892923 0
3908884 12910592
3908885 0
3914822 12910592
3914823 0
3922202 12910592
3922203 0
3927902 12910592
3927903 0
3934742 12910592
3934743 0
3953162 12910592
3953163 0
3958211 12910592
3958212 0
3963122 12910592
3963123 0
3968644 12910592
3968645 0
3981122 12910592
3981123 0
3989524 12910592
3989525 0
4000922 12910592
4000923 0
4008122 12910592
4008123 0
84 events for D
66939 4214960
66943 0
67369 4214960
67373 0
68109 4214960
68113 0
68539 4214960
68543 0
436065 4214960
436069 0
436495 4214960
436499 0
437235 4214960
437239 0
437665 4214960
437669 0
671739 4214960
671743 0
672169 4214960
672173 0
672909 4214960
672913 0
673339 4214960
673343 0
1040865 4214960
1040869 0
1041295 4214960
1041299 0
1042035 4214960
1042039 0
1042465 4214960
1042469 0
1092939 4214960
1092943 0
1093369 4214960
1093373 0
1094109 4214960
1094113 0
1094539 4214960
1094543 0
1277653 4214960
1277657 0
1278083 4214960
1278087 0
1278823 4214960
1278827 0
1279253 4214960
1279257 0
1645665 4214960
1645669 0
1646095 4214960
1646099 0
1646835 4214960
1646839 0
1647265 4214960
1647269 0
1716639 4214960
1716643 0
1717069 4214960
1717073 0
1717809 4214960
1717813 0
1718239 4214960
1718243 0
1882453 4214960
1882457 0
1882883 4214960
1882887 0
1883623 4214960
1883627 0
1884053 4214960
1884057 0
2250465 4214960
2250469 0
2250895 4214960
2250899 0
2251635 4214960
2251639 0
2252065 4214960
2252069 0
2855791 67463256
2855796 0
3460591 47210957
3460596 0
2 events for E
1862156 0
1862157 18
94 events for F
1902722 1000
1903722 0
1948430 1000
1949430 0
1994329 1000
1995329 0
2040452 1000
2041452 0
2086900 1000
2087900 0
2133707 1000
2134707 0
2198515 1000
2199515 0
2244134 1000
2245134 0
2289009 1000
2290009 0
2329381 1000
2329445 0
2341992 1000
2342992 0
2378599 1000
2379599 0
2423000 1000
2424000 0
2467332 1000
2468332 0
2529185 1000
2530185 0
2591195 1000
2592195 0
2642863 1000
2643863 0
2686695 1000
2687695 0
2730244 1000
2731244 0
2773587 1000
2774587 0
2816697 1000
2817697 0
2859457 1000
2860457 0
2902006 1000
2903006 0
2944618 1000
2945618 0
2987550 1000
2988550 0
3030920 1000
3031920 0
3074567 1000
3075567 0
3118243 1000
3119243 0
3161974 1000
3162974 0
3205702 1000
3206702 0
3249854 1000
3250854 0
3288893 1000
3289893 0
3342387 1000
3343387 0
3382759 1000
3383759 0
3428960 1000
3429960 0
3476751 1000
3477751 0
3526259 1000
3527259 0
3574590 1000
3575590 0
3621277 1000
3622277 0
3667440 1000
3668440 0
3712438 1000
3713438 0
3757143 1000
3758143 0
3802060 1000
3803060 0
3847244 1000
3848244 0
3892998 1000
3893998 0
3938333 1000
3939333 0
3982445 1000
3983445 0
45 events for G
48918 700
48963 0
67174 600
67414 1300
308234 700
308279 0
326374 600
326614 1300
653574 700
653619 0
671794 1300
913593 0
930994 1300
1259193 0
1270594 1300
1518393 0
1535794 1300
1863993 0
1875874 600
1876054 1300
2122674 700
2122719 0
2134894 600
2135074 1300
2381814 700
2381859 0
2393974 600
2394154 1300
2468214 700
2468259 0
2486374 600
2486554 1300
2726634 700
2726679 0
2745574 600
2745694 1300
3073194 700
3073239 0
3090994 1300
3332793 0
3350194 1300
3678393 0
3689794 1950
3937593 0
3948994 1950
290 events for H
8979 3917
16178 4944
30556 5195
45879 4168
64778 5195
73800 4944
73811 3662
77389 1471
82779 444
88178 1471
98978 548
118779 444
127778 548
138589 485
138889 548
156579 444
163778 1471
192579 444
203378 548
228579 444
235778 548
268179 444
275378 548
305379 444
307789 382
308089 444
325778 548
340179 444
347378 548
347389 2738
376179 2635
383378 3662
412179 2635
419378 2738
426589 548
426600 798
449979 695
458978 798
480589 736
480600 485
480889 548
485979 444
491378 548
503979 444
512978 548
539979 444
548978 548
575979 444
584978 1471
613779 444
620978 548
650979 444
671378 548
687579 444
692978 548
725379 444
732578 548
761379 444
768578 548
797379 444
806378 548
826489 485
826789 548
833379 444
842378 548
871179 444
880178 548
910179 444
930578 548
946179 444
952178 548
980979 444
988178 548
1016979 444
1024178 548
1055379 444
1060178 548
1088979 444
1103378 548
1144779 444
1153778 548
1171789 2738
1180779 2635
1189778 2738
1191589 548
1218579 444
1225778 548
1255779 444
1258168 240
1268978 344
1272589 2534
1290579 2431
1290589 240
1297778 344
1328379 240
1337378 344
1366179 240
1373378 344
1402179 240
1412978 344
1438179 240
1447178 344
1475979 240
1483178 344
1514979 240
1535378 344
1549779 240
1556978 344
1585779 240
1592978 344
1621779 240
1632578 344
1659579 240
1664978 344
1695579 240
1700978 344
1749579 240
1758578 344
1776889 281
1777189 344
1787379 240
1794578 344
1823379 240
1830578 344
1860579 240
1860856 0
1860857 240
1863889 178
1864189 240
1877378 344
1897179 240
1906178 344
1933179 240
1942178 344
1970979 240
1978178 344
2006979 240
2014178 344
2036689 281
2036989 344
2042979 240
2050178 344
2080779 240
2089778 344
2118579 240
2132978 344
2136649 281
2136949 344
2190579 240
2201378 344
2226579 240
2233778 344
2252689 281
2252989 344
2264379 240
2269778 344
2302179 240
2309378 344
2336379 240
2345378 344
2375979 240
2382289 178
2382589 240
2392178 344
2428179 240
2435378 344
2464179 240
2467768 444
2485778 548
2500179 444
2507378 548
2514578 1471
2536211 2754
2537979 1727
2543378 1830
2548468 1626
2555029 1564
2555329 3817
2557811 2534
2575779 2431
2582978 2534
2611779 2431
2618978 2534
2620129 344
2640568 548
2647779 444
2654978 548
2687379 444
2694578 548
2723379 444
2726968 240
2729269 178
2729569 240
2744978 344
2759379 240
2766578 344
2773778 1267
2795379 240
2806178 344
2833179 240
2838578 344
2838600 594
2838611 1877
2860168 2081
2860178 3004
2881768 2800
2881778 1877
2881811 594
2894379 491
2899800 240
2900749 178
2901049 240
2903378 344
2937579 240
2946578 344
2995179 240
3002378 344
3017678 1267
3032079 240
3040178 1267
3068979 240
3072589 2431
3090578 2534
3106779 2431
3112178 2534
3141011 3817
3142779 3713
3148178 3817
3155389 1626
3180579 1523
3184211 240
3187778 1267
3209378 344
3216579 240
3223778 344
3227368 548
3245368 344
3252579 240
3259778 344
3290379 240
3299378 344
3328179 240
3349778 344
3400179 240
3407378 344
3436179 240
3443378 344
3472179 240
3481178 344
3509979 240
3515378 344
3540578 1267
3547768 1471
3562179 444
3572978 548
3580178 1471
3590989 1409
3591289 1471
3594589 3662
3594611 4944
3601779 3917
3608978 4944
3637779 3917
3637789 1727
3644978 2754
3659411 1471
3674979 444
3677389 2635
3688178 3662
3709779 2635
3716978 3662
3724168 3458
3745779 2431
3754778 2534
3785379 2431
3792578 2534
3821379 2431
3828578 3458
3850168 3662
3857379 2635
3864578 3662
3895179 2635
3904178 3662
3934179 2635
3936568 2431
3947378 2534
3970779 2431
3976178 2534
4004979 2431
4012178 2534
360 events for I
74736 19661
74826 27175
75507 7514
76176 27175
76947 7514
77196 27175
77967 7514
78636 27175
79407 7514
79656 27175
80427 7514
81096 27175
81867 7514
82116 27175
82887 7514
83556 27175
84327 7514
84576 27175
85347 7514
85587 0
90876 19661
90966 27175
91527 7514
91656 27175
92307 7514
92856 27175
93447 7514
93636 27175
94287 7514
94836 27175
95487 7514
95616 27175
96267 7514
96816 27175
97467 7514
97596 27175
98247 7514
98796 27175
99447 7514
99576 27175
100227 7514
100776 27175
101427 7514
101556 27175
102207 7514
102327 0
334026 7514
336096 66496
337467 7514
340656 66496
342027 7514
345147 0
349315 58982
349405 66496
350686 7514
353935 66496
355306 7514
355546 0
355836 58982
355926 66496
357207 7514
360456 66496
361827 7514
363327 0
365404 58982
365494 66496
366775 7514
370024 66496
371395 7514
375355 0
375636 58982
375726 66496
377007 7514
379956 66496
381327 7514
381507 0
385694 58982
385784 66496
387065 7514
388454 66496
389825 7514
390365 0
390636 58982
390726 66496
392007 7514
396996 66496
398367 7514
399687 0
401783 117965
401873 124709
402734 6744
403643 124709
404534 6744
405443 124709
406334 6744
407243 124709
408134 6744
409043 124709
409934 6744
410843 124709
411734 6744
412643 124709
413534 6744
417914 0
422073 117965
422163 124709
423024 6744
423933 124709
424824 6744
425733 124709
426624 6744
427533 124709
428424 6744
429333 124709
430224 6744
431133 124709
432024 6744
432933 124709
433824 6744
434733 124709
435624 6744
436104 0
440262 117965
440352 124709
441213 6744
442122 124709
443013 6744
443913 0
458787 169032
460107 45609
461432 0
637737 7514
644898 0
938556 117965
938646 124709
939447 6744
939576 124709
940282 6744
940287 0
941136 58982
941226 66496
942507 7514
949947 0
954115 58982
954205 7514
962746 0
963036 117965
963126 124709
963987 6744
967707 0
970204 117965
970294 124709
971155 6744
981055 0
990494 117965
990584 124709
991445 6744
1001345 0
1281850 117965
1281940 124709
1282801 6744
1283710 124709
1284601 6744
1285510 124709
1286401 6744
1287310 124709
1288201 6744
1289110 124709
1290001 6744
1290910 124709
1291801 6744
1292701 0
1300365 117965
1300455 124709
1301316 6744
1302225 124709
1303116 6744
1304025 124709
1304916 6744
1305825 124709
1306716 6744
1307616 0
1485597 7514
1499238 0
1501412 7514
1516853 0
1805136 58982
1805226 66496
1806507 6744
1806996 66496
1808367 6744
1808787 0
1811468 58982
1811558 66496
1812839 6744
1813328 66496
1814699 6744
1815128 66496
1816499 6744
1825919 0
1831757 58982
1831847 66496
1833128 6744
1833617 66496
1834988 6744
1835417 66496
1836788 6744
1842608 0
2183036 235930
2183126 242674
2184887 6744
2185076 242674
2186927 6744
2187116 242674
2188967 6744
2189216 242674
2191067 6744
2192087 0
2200094 235930
2200184 242674
2200800 6744
2200805 0
2215587 169032
2217387 45609
2219192 0
2752956 117965
2753046 125479
2754327 7514
2754687 0
2890626 3372
2895807 0
2915826 3372
2924187 0
2933226 3372
2938587 0
2960826 3372
2963787 0
2966704 3372
2982505 0
3122736 117965
3122826 121337
3124347 3372
3124596 121337
3126147 3372
3126387 0
3131179 117965
3131269 121337
3132610 3372
3138439 121337
3139810 3372
3142030 0
3151793 117965
3151883 121337
3153404 3372
3157253 121337
3158804 3372
3159044 0
3358626 3372
3359496 121337
3362247 3372
3363096 121337
3365787 3372
3366687 0
3373315 117965
3373405 121337
3374866 3372
3375175 121337
3376726 3372
3380566 0
3727776 19661
3727866 25951
3729627 6290
3730416 25951
3732267 6290
3732807 0
3736116 19661
3736206 25951
3737967 6290
3738756 25951
3740607 6290
3741576 25951
3743427 6290
3744156 25951
3746007 6290
3746976 25951
3748827 6290
3749556 25951
3751407 6290
3751947 0
3756696 19661
3756786 25951
3758547 6290
3758676 25951
3760527 6290
3760896 25951
3762747 6290
3762876 25951
3764727 6290
3765096 25951
3766947 6290
3767076 25951
3768922 6290
3768927 0
3773007 117965
3773097 124709
3774558 6744
3789258 0
3793622 117965
3793712 124709
3795173 6744
3807953 0
3810036 117965
3810126 124709
3811587 6744
3824367 0
3960036 19661
3960126 25951
3961887 6290
3962016 25951
3963867 6290
3964236 25951
3966087 6290
3966216 25951
3968067 6290
3968436 25951
3970287 6290
3970416 25951
3972262 6290
3972267 0
3978216 19661
3978306 25951
3979167 6290
3979296 25951
3980247 6290
3980616 25951
3981567 6290
3981816 25951
3982767 6290
3983016 25951
3983967 6290
3984096 25951
3985047 6290
3985052 0
3986736 117965
3986826 124709
3988347 6744
3990352 0
3990396 117965
3992007 6744
3992067 0
3994204 117965
3994294 124709
3995815 6744
3999620 0
3999664 117965
4001275 6744
4006735 0
4014494 117965
4014584 124709
4016105 6744
726 events for J
70855 12910592
70856 0
82825 12910592
82826 0
91354 12910592
91355 0
96304 12910592
96305 0
98430 12910592
98431 0
106568 12910592
106569 0
114625 12910592
114626 0
119910 12910592
119911 0
129625 12910592
129626 0
136224 12910592
136225 0
137426 12910592
137427 0
143601 12910592
143602 0
150325 12910592
150326 0
158511 12910592
158512 0
165416 12910592
165417 0
171068 12910592
171069 0
176725 12910592
176726 0
187932 12910592
187933 0
195239 12910592
195240 0
327330 12910592
327331 0
338764 12910592
338765 0
349909 12910592
349910 0
361193 12910592
361194 0
364493 12910592
364494 0
371938 12910592
371939 0
379383 12910592
379384 0
386425 12910592
386426 0
392425 12910592
392426 0
397530 12910592
397531 0
675025 12910592
675026 0
685825 12910592
685826 0
696159 12910592
696160 0
700825 12910592
700826 0
711385 12910592
711386 0
717630 12910592
717631 0
724825 12910592
724826 0
733825 12910592
733826 0
741024 12910592
741025 0
743511 12910592
743512 0
752425 12910592
752426 0
763225 12910592
763226 0
770425 12910592
770426 0
780325 12910592
780326 0
807030 12910592
807031 0
818854 12910592
818855 0
827429 12910592
827430 0
832590 12910592
832591 0
844268 12910592
844269 0
850075 12910592
850076 0
859182 12910592
859183 0
866789 12910592
866790 0
886808 12910592
886809 0
892311 12910592
892312 0
900068 12910592
900069 0
909930 12910592
909931 0
932125 12910592
932126 0
940525 12910592
940526 0
954704 12910592
954705 0
965545 12910592
965546 0
969298 12910592
969299 0
983933 12910592
983934 0
992058 12910592
992059 0
1000224 12910592
1000225 0
1005625 12910592
1005626 0
1015825 12910592
1015826 0
1033111 12910592
1033112 0
1044666 12910592
1044667 0
1054830 12910592
1054831 0
1064425 12910592
1064426 0
1072825 12910592
1072826 0
1080067 12910592
1080068 0
1083625 12910592
1083626 0
1090526 12910592
1090527 0
1104625 12910592
1104626 0
1110977 12910592
1110978 0
1116044 12910592
1116045 0
1123225 12910592
1123226 0
1128044 12910592
1128045 0
1144110 12910592
1144111 0
1155205 12910592
1155206 0
1165290 12910592
1165291 0
1170145 12910592
1170146 0
1174225 12910592
1174226 0
1176685 12910592
1176686 0
1227625 12910592
1227626 0
1232896 12910592
1232897 0
1238236 12910592
1238237 0
1241536 12910592
1241537 0
1248530 12910592
1248531 0
1255530 12910592
1255531 0
1273830 12910592
1273831 0
1275625 12910592
1275626 0
1291825 12910592
1291826 0
1294110 12910592
1294111 0
1486101 12910592
1486102 0
1489096 12910592
1489097 0
1491603 12910592
1491604 0
1494111 12910592
1494112 0
1497111 12910592
1497112 0
1500411 12910592
1500412 0
1503411 12910592
1503412 0
1507573 12910592
1507574 0
1511725 12910592
1511726 0
1514725 12910592
1514726 0
1537230 12910592
1537231 0
1539025 12910592
1539026 0
1540825 12910592
1540826 0
1544425 12910592
1544426 0
1548025 12910592
1548026 0
1552225 12910592
1552226 0
1559430 12910592
1559431 0
1561825 12910592
1561826 0
1564825 12910592
1564826 0
1610592 12910592
1610593 0
1612290 12910592
1612291 0
1617827 12910592
1617828 0
1622062 12910592
1622063 0
1625062 12910592
1625063 0
1633525 12910592
1633526 0
1636830 12910592
1636831 0
1728025 12910592
1728026 0
1734325 12910592
1734326 0
1737925 12910592
1737926 0
1741525 12910592
1741526 0
1745125 12910592
1745126 0
1748784 12910592
1748785 0
1752679 12910592
1752680 0
1759825 12910592
1759826 0
1770570 12910592
1770571 0
1810562 12910592
1810563 0
1814425 12910592
1814426 0
1818025 12910592
1818026 0
1821625 12910592
1821626 0
1825446 12910592
1825447 0
1832351 12910592
1832352 0
1837825 12910592
1837826 0
1842625 12910592
1842626 0
1885760 12910592
1885761 0
1888763 12910592
1888764 0
1892307 12910592
1892308 0
1895854 12910592
1895855 0
1898854 12910592
1898855 0
1905754 12910592
1905755 0
1908754 12910592
1908755 0
1911564 12910592
1911565 0
1914368 12910592
1914369 0
1917368 12910592
1917369 0
1994968 12910592
1994969 0
1999825 12910592
1999826 0
2004625 12910592
2004626 0
2009545 12910592
2009546 0
2016868 12910592
2016869 0
2020405 12910592
2020406 0
2023945 12910592
2023946 0
2028325 12910592
2028326 0
2031805 12910592
2031806 0
2035825 12910592
2035826 0
2038288 12910592
2038289 0
2137169 12910592
2137170 0
2143105 12910592
2143106 0
2151145 12910592
2151146 0
2159188 12910592
2159189 0
2182347 12910592
2182348 0
2187654 12910592
2187655 0
2193183 12910592
2193184 0
2200525 12910592
2200526 0
2205025 12910592
2205026 0
2209825 12910592
2209826 0
2215272 12910592
2215273 0
2222717 12910592
2222718 0
2230045 12910592
2230046 0
2237062 12910592
2237063 0
2242706 12910592
2242707 0
2248351 12910592
2248352 0
2254097 12910592
2254098 0
2260317 12910592
2260318 0
2266541 12910592
2266542 0
2275836 12910592
2275837 0
2437146 12910592
2437147 0
2440146 12910592
2440147 0
2442494 12910592
2442495 0
2444836 12910592
2444837 0
2447836 12910592
2447837 0
2451136 12910592
2451137 0
2454136 12910592
2454137 0
2458130 12910592
2458131 0
2462125 12910592
2462126 0
2465128 12910592
2465129 0
2489460 12910592
2489461 0
2496325 12910592
2496326 0
2503485 12910592
2503486 0
2512825 12910592
2512826 0
2522168 12910592
2522169 0
2525471 12910592
2525472 0
2532968 12910592
2532969 0
2540468 12910592
2540469 0
2548348 12910592
2548349 0
2555424 12910592
2555425 0
2563170 12910592
2563171 0
2570160 12910592
2570161 0
2576905 12910592
2576906 0
2584825 12910592
2584826 0
2595625 12910592
2595626 0
2599828 12910592
2599829 0
2613625 12910592
2613626 0
2622735 12910592
2622736 0
2629289 12910592
2629290 0
2639189 12910592
2639190 0
2646025 12910592
2646026 0
2649625 12910592
2649626 0
2658668 12910592
2658669 0
2662825 12910592
2662826 0
2666908 12910592
2666909 0
2674825 12910592
2674826 0
2678305 12910592
2678306 0
2683225 12910592
2683226 0
2688327 12910592
2688328 0
2705185 12910592
2705186 0
2749525 12910592
2749526 0
2754625 12910592
2754626 0
2761825 12910592
2761826 0
2769626 12910592
2769627 0
2779945 12910592
2779946 0
2783665 12910592
2783666 0
2790174 12910592
2790175 0
2798345 12910592
2798346 0
2808025 12910592
2808026 0
2814565 12910592
2814566 0
2820625 12910592
2820626 0
2827503 12910592
2827504 0
2833825 12910592
2833826 0
2842162 12910592
2842163 0
2847587 12910592
2847588 0
2859205 12910592
2859206 0
2865587 12910592
2865588 0
2872225 12910592
2872226 0
2887975 12910592
2887976 0
2893825 12910592
2893826 0
2908825 12910592
2908826 0
2921425 12910592
2921426 0
2936725 12910592
2936726 0
2947525 12910592
2947526 0
2954847 12910592
2954848 0
2962167 12910592
2962168 0
2965703 12910592
2965704 0
2973051 12910592
2973052 0
2980397 12910592
2980398 0
2987424 12910592
2987425 0
2993426 12910592
2993427 0
2998225 12910592
2998226 0
3009625 12910592
3009626 0
3015626 12910592
3015627 0
3023665 12910592
3023666 0
3034525 12910592
3034526 0
3047291 12910592
3047292 0
3058580 12910592
3058581 0
3064825 12910592
3064826 0
3069925 12910592
3069926 0
3097225 12910592
3097226 0
3105025 12910592
3105026 0
3115827 12910592
3115828 0
3121825 12910592
3121826 0
3126968 12910592
3126969 0
3130268 12910592
3130269 0
3137877 12910592
3137878 0
3145482 12910592
3145483 0
3153025 12910592
3153026 0
3157225 12910592
3157226 0
3161426 12910592
3161427 0
3163825 12910592
3163826 0
3168798 12910592
3168799 0
3172825 12910592
3172826 0
3177025 12910592
3177026 0
3181011 12910592
3181012 0
3189413 12910592
3189414 0
3195218 12910592
3195219 0
3201025 12910592
3201026 0
3205525 12910592
3205526 0
3249805 12910592
3249806 0
3252745 12910592
3252746 0
3256525 12910592
3256526 0
3263470 12910592
3263471 0
3267028 12910592
3267029 0
3270589 12910592
3270590 0
3278425 12910592
3278426 0
3283227 12910592
3283228 0
3288025 12910592
3288026 0
3292825 12910592
3292826 0
3351325 12910592
3351326 0
3357027 12910592
3357028 0
3362425 12910592
3362426 0
3366625 12910592
3366626 0
3373904 12910592
3373905 0
3378406 12910592
3378407 0
3382045 12910592
3382046 0
3410425 12910592
3410426 0
3414853 12910592
3414854 0
3419424 12910592
3419425 0
3425007 12910592
3425008 0
3432205 12910592
3432206 0
3439405 12910592
3439406 0
3447687 12910592
3447688 0
3457345 12910592
3457346 0
3466825 12910592
3466826 0
3474025 12910592
3474026 0
3486625 12910592
3486626 0
3492025 12910592
3492026 0
3500425 12910592
3500426 0
3508225 12910592
3508226 0
3511825 12910592
3511826 0
3522625 12910592
3522626 0
3528025 12910592
3528026 0
3538825 12910592
3538826 0
3546025 12910592
3546026 0
3555207 12910592
3555208 0
3563965 12910592
3563966 0
3575937 12910592
3575938 0
3582325 12910592
3582326 0
3594625 12910592
3594626 0
3600025 12910592
3600026 0
3610369 12910592
3610370 0
3616012 12910592
3616013 0
3621657 12910592
3621658 0
3625225 12910592
3625226 0
3632403 12910592
3632404 0
3639846 12910592
3639847 0
3649825 12910592
3649826 0
3655225 12910592
3655226 0
3692125 12910592
3692126 0
3735025 12910592
3735026 0
3742570 12910592
3742571 0
3750068 12910592
3750069 0
3760225 12910592
3760226 0
3765026 12910592
3765027 0
3772096 12910592
3772097 0
3779703 12910592
3779704 0
3787227 12910592
3787228 0
3796225 12910592
3796226 0
3804625 12910592
3804626 0
3810627 12910592
3810628 0
3819625 12910592
3819626 0
3831025 12910592
3831026 0
3838825 12910592
3838826 0
3848725 12910592
3848726 0
3857905 12910592
3857906 0
3871165 12910592
3871166 0
3879025 12910592
3879026 0
3884427 12910592
3884428 0
3891625 12910592
3891626 0
3907587 12910592
3907588 0
3913525 12910592
3913526 0
3920905 12910592
3920906 0
3926605 12910592
3926606 0
3933445 12910592
3933446 0
3951865 12910592
3951866 0
3956914 12910592
3956915 0
3961825 12910592
3961826 0
3967347 12910592
3967348 0
3979825 12910592
3979826 0
3988227 12910592
3988228 0
3999625 12910592
3999626 0
4006825 12910592
4006826 0
4017625 12910592
4017626 0
2 events for K
1862716 0
1862717 2650
45 events for L
45780 700
45825 0
64036 600
64276 1300
305096 700
305141 0
323236 600
323476 1300
650436 700
650481 0
668656 1300
910455 0
927856 1300
1256055 0
1267456 1300
1515255 0
1532656 1300
1860855 0
1872736 600
1872916 1300
2119536 700
2119581 0
2131756 600
2131936 1300
2378676 700
2378721 0
2390836 600
2391016 1300
2465076 700
2465121 0
2483236 600
2483416 1300
2723496 700
2723541 0
2742436 600
2742556 1300
3070056 700
3070101 0
3087856 1300
3329655 0
3347056 1300
3675255 0
3686656 1950
3934455 0
3945856 1950
363 events for M
71305 19661
71395 27175
72076 7514
72745 27175
73516 7514
73765 27175
74536 7514
75205 27175
75976 7514
76225 27175
76996 7514
77665 27175
78436 7514
78685 27175
79456 7514
80125 27175
80896 7514
81145 27175
81916 7514
82156 0
87445 19661
87535 27175
88096 7514
88225 27175
88876 7514
89425 27175
90016 7514
90205 27175
90856 7514
91405 27175
92056 7514
92185 27175
92836 7514
93385 27175
94036 7514
94165 27175
94816 7514
95365 27175
96016 7514
96145 27175
96796 7514
97345 27175
97996 7514
98125 27175
98776 7514
98896 0
330595 7514
332665 66496
334036 7514
337225 66496
338596 7514
341716 0
345884 58982
345974 66496
347255 7514
350504 66496
351875 7514
352115 0
352405 58982
352495 66496
353776 7514
357025 66496
358396 7514
359896 0
361973 58982
362063 66496
363344 7514
366593 66496
367964 7514
371924 0
372205 58982
372295 66496
373576 7514
376525 66496
377896 7514
378076 0
382263 58982
382353 66496
383634 7514
385023 66496
386394 7514
386934 0
387205 58982
387295 66496
388576 7514
393565 66496
394936 7514
396256 0
398352 117965
398442 124709
399303 6744
400212 124709
401103 6744
402012 124709
402903 6744
403812 124709
404703 6744
405612 124709
406503 6744
407412 124709
408303 6744
409212 124709
410103 6744
414483 0
418642 117965
418732 124709
419593 6744
420502 124709
421393 6744
422302 124709
423193 6744
424102 124709
424993 6744
425902 124709
426793 6744
427702 124709
428593 6744
429502 124709
430393 6744
431302 124709
432193 6744
432673 0
436831 117965
436921 124709
437782 6744
438691 124709
439582 6744
440482 0
455356 169032
456676 45609
458001 0
634306 7514
641467 0
935125 117965
935215 124709
936016 6744
936145 124709
936851 6744
936856 0
937705 58982
937795 66496
939076 7514
946516 0
950684 58982
950774 7514
959315 0
959605 117965
959695 124709
960556 6744
964276 0
966773 117965
966863 124709
967724 6744
977624 0
987063 117965
987153 124709
988014 6744
997914 0
1278419 117965
1278509 124709
1279370 6744
1280279 124709
1281170 6744
1282079 124709
1282970 6744
1283879 124709
1284770 6744
1285679 124709
1286570 6744
1287479 124709
1288370 6744
1289270 0
1296934 117965
1297024 124709
1297885 6744
1298794 124709
1299685 6744
1300594 124709
1301485 6744
1302394 124709
1303285 6744
1304185 0
1482166 7514
1495807 0
1497981 7514
1513422 0
1801705 58982
1801795 66496
1803076 6744
1803565 66496
1804936 6744
1805356 0
1808037 58982
1808127 66496
1809408 6744
1809897 66496
1811268 6744
1811697 66496
1813068 6744
1822488 0
1828326 58982
1828416 66496
1829697 6744
1830186 66496
1831557 6744
1831986 66496
1833357 6744
1839177 0
2179605 235930
2179695 242674
2181456 6744
2181645 242674
2183496 6744
2183685 242674
2185536 6744
2185785 242674
2187636 6744
2188656 0
2196663 235930
2196753 242674
2197369 6744
2197374 0
2212156 169032
2213956 45609
2215761 0
2749525 117965
2749615 125479
2750896 7514
2751256 0
2887195 3372
2892376 0
2912395 3372
2920756 0
2929795 3372
2935156 0
2957395 3372
2960356 0
2963273 3372
2979074 0
3119305 117965
3119395 121337
3120916 3372
3121165 121337
3122716 3372
3122956 0
3127748 117965
3127838 121337
3129179 3372
3135008 121337
3136379 3372
3138599 0
3148362 117965
3148452 121337
3149973 3372
3153822 121337
3155373 3372
3155613 0
3355195 3372
3356065 121337
3358816 3372
3359665 121337
3362356 3372
3363256 0
3369884 117965
3369974 121337
3371435 3372
3371744 121337
3373295 3372
3377135 0
3724345 19661
3724435 25951
3726196 6290
3726985 25951
3728836 6290
3729376 0
3732685 19661
3732775 25951
3734536 6290
3735325 25951
3737176 6290
3738145 25951
3739996 6290
3740725 25951
3742576 6290
3743545 25951
3745396 6290
3746125 25951
3747976 6290
3748516 0
3753265 19661
3753355 25951
3755116 6290
3755245 25951
3757096 6290
3757465 25951
3759316 6290
3759445 25951
3761296 6290
3761665 25951
3763516 6290
3763645 25951
3765491 6290
3765496 0
3769576 117965
3769666 124709
3771127 6744
3785827 0
3790191 117965
3790281 124709
3791742 6744
3804522 0
3806605 117965
3806695 124709
3808156 6744
3820936 0
3956605 19661
3956695 25951
3958456 6290
3958585 25951
3960436 6290
3960805 25951
3962656 6290
3962785 25951
3964636 6290
3965005 25951
3966856 6290
3966985 25951
3968831 6290
3968836 0
3974785 19661
3974875 25951
3975736 6290
3975865 25951
3976816 6290
3977185 25951
3978136 6290
3978385 25951
3979336 6290
3979585 25951
3980536 6290
3980665 25951
3981616 6290
3981621 0
3983305 117965
3983395 124709
3984916 6744
3986921 0
3986965 117965
3988576 6744
3988636 0
3990773 117965
3990863 124709
3992384 6744
3996189 0
3996233 117965
3997844 6744
4003304 0
4011063 117965
4011153 124709
4012674 6744
4014679 0
4014723 117965
4016334 6744
2 events for N
1860856 0
1860857 74
366 events for O
15767 1500
20946 0
26446 479
27686 0
29166 479
31276 1500
37256 0
42916 479
44976 0
67016 906
82158 0
89476 906
98906 0
104099 906
119733 0
126213 906
138247 0
141127 906
157062 0
163242 906
175276 0
178156 906
193790 0
199756 1087
202466 0
202970 215
214390 0
274316 1600
284501 0
289456 906
290356 1500
296839 0
297906 1500
300806 0
325156 906
341555 0
347735 906
359744 0
361244 906
377934 0
384114 906
396123 0
421803 906
422543 0
502803 906
503553 0
620737 593
631426 0
634266 906
635016 593
647856 0
671816 906
686776 0
693985 906
706319 0
708599 906
724833 0
731013 906
743347 0
745627 906
761862 0
768042 906
780376 0
783416 906
799055 0
805070 906
817405 0
819685 906
835105 0
842099 906
854433 0
855973 906
872947 0
879127 906
890862 0
893442 906
908476 0
929956 906
946355 0
952535 906
964096 0
966084 906
982484 0
988914 906
1000794 0
1003203 906
1019113 0
1025293 906
1037302 0
1040942 906
1055492 0
1061672 906
1073681 0
1075961 906
1089376 0
1102756 906
1110060 0
1112340 906
1127830 0
1129910 906
1146259 0
1152619 906
1164509 0
1167029 906
1174876 0
1225377 1714
1236787 0
1238327 906
1239067 1714
1254076 0
1271356 1714
1274090 0
1274270 215
1285746 0
1289570 1714
1292605 0
1315776 1500
1321791 0
1335966 1500
1341976 0
1374016 906
1374766 0
1483927 906
1495662 0
1497202 906
1513276 0
1534756 906
1551155 0
1557335 906
1564296 0
1608123 906
1623613 0
1630876 906
1637196 0
1725595 906
1733050 0
1734590 906
1751239 0
1757479 906
1769429 0
1807348 906
1823997 0
1830177 906
1841587 0
1882551 906
1897405 0
1903585 906
1915919 0
1926599 1500
1932711 0
1940673 1500
1946785 0
1991516 906
2008490 0
2014670 906
2026945 0
2029285 906
2037162 0
2079256 906
2080022 0
2133556 1714
2137165 0
2140636 1714
2157930 0
2164506 1714
2173006 0
2178916 906
2179656 1714
2191734 0
2198514 1714
2210523 0
2212803 1714
2228713 0
2234893 1714
2246902 0
2250885 906
2251625 1714
2265092 0
2271272 1714
2276776 0
2307651 215
2319071 0
2424856 906
2425596 0
2434977 906
2446387 0
2448667 906
2463676 0
2486983 906
2502205 0
2509342 906
2520719 0
2522259 906
2539019 0
2546013 906
2557533 0
2560701 906
2575701 0
2582442 906
2594776 0
2596316 906
2613290 0
2619470 906
2622376 0
2622856 906
2631805 0
2634085 906
2650019 0
2656499 906
2665576 0
2665756 1087
2668466 0
2671413 906
2687347 0
2693501 593
2699168 0
2701187 906
2704147 0
2708622 593
2722183 0
2744356 906
2751076 0
2752156 906
2760738 0
2766935 906
2778916 0
2780512 906
2795176 0
2795656 906
2797116 0
2803314 906
2815258 0
2817667 906
2833419 0
2839693 1714
2851561 0
2855741 906
2856481 1714
2892376 0
2905156 1714
2935576 0
2945056 1714
2960718 0
2962494 906
2963234 1714
2978948 0
2981686 1714
2997162 0
3003398 1714
3011176 0
3011656 906
3015396 0
3016965 906
3033597 0
3039777 906
3051187 0
3053467 906
3059776 0
3060556 906
3068476 0
3091887 906
3107000 0
3113185 906
3125519 0
3127059 906
3144033 0
3150213 906
3162547 0
3166327 906
3179562 0
3187242 906
3199576 0
3201116 906
3205276 0
3247242 906
3255119 0
3261299 906
3269140 0
3275216 906
3291376 0
3298327 1600
3308468 0
3313566 1500
3319824 0
3320886 1500
3323228 0
3349156 906
3365555 0
3371735 906
3376955 0
3377435 906
3380176 0
3387534 906
3388291 1500
3393566 0
3394891 1500
3400176 0
3408114 906
3420123 0
3422403 906
3438313 0
3444493 906
3456502 0
3460262 906
3474572 0
3480872 906
3492879 0
3495161 906
3507976 0
3508456 906
3511071 0
3517251 906
3529260 0
3531540 906
3547450 0
3548990 906
3565578 0
3571819 906
3583769 0
3586109 906
3602018 0
3608198 906
3620208 0
3621748 906
3638397 0
3644577 906
3655987 0
3660663 1500
3664678 0
3666363 1500
3670388 0
3688756 906
3691876 0
3698956 215
3710476 0
3732899 906
3748619 0
3755013 906
3767347 0
3769627 906
3785862 0
3792042 906
3804376 0
3805916 906
3822890 0
3829070 906
3841405 0
3843685 906
3859919 0
3866099 906
3878433 0
3879973 906
3896947 0
3903127 906
3914862 0
3917142 906
3932476 0
3947956 906
3952156 0
3954445 906
3970355 0
3976535 906
3988544 0
3990084 906
4006734 0
4012914 906
2 events for P
1863224 0
1863225 18
45 events for Q
49304 700
49349 0
67560 600
67800 1300
308620 700
308665 0
326760 600
327000 1300
653960 700
654005 0
672180 1300
913979 0
931380 1300
1259579 0
1270980 1300
1518779 0
1536180 1300
1864379 0
1876260 600
1876440 1300
2123060 700
2123105 0
2135280 600
2135460 1300
2382200 700
2382245 0
2394360 600
2394540 1300
2468600 700
2468645 0
2486760 600
2486940 1300
2727020 700
2727065 0
2745960 600
2746080 1300
3073580 700
3073625 0
3091380 1300
3333179 0
3350580 1300
3678779 0
3690180 1950
3937979 0
3949380 1950
94 events for R
1901041 1000
1902041 0
1946749 1000
1947749 0
1992648 1000
1993648 0
2038771 1000
2039771 0
2085219 1000
2086219 0
2132026 1000
2133026 0
2196834 1000
2197834 0
2242453 1000
2243453 0
2287328 1000
2288328 0
2327700 1000
2327764 0
2340311 1000
2341311 0
2376918 1000
2377918 0
2421319 1000
2422319 0
2465651 1000
2466651 0
2527504 1000
2528504 0
2589514 1000
2590514 0
2641182 1000
2642182 0
2685014 1000
2686014 0
2728563 1000
2729563 0
2771906 1000
2772906 0
2815016 1000
2816016 0
2857776 1000
2858776 0
2900325 1000
2901325 0
2942937 1000
2943937 0
2985869 1000
2986869 0
3029239 1000
3030239 0
3072886 1000
3073886 0
3116562 1000
3117562 0
3160293 1000
3161293 0
3204021 1000
3205021 0
3248173 1000
3249173 0
3287212 1000
3288212 0
3340706 1000
3341706 0
3381078 1000
3382078 0
3427279 1000
3428279 0
3475070 1000
3476070 0
3524578 1000
3525578 0
3572909 1000
3573909 0
3619596 1000
3620596 0
3665759 1000
3666759 0
3710757 1000
3711757 0
3755462 1000
3756462 0
3800379 1000
3801379 0
3845563 1000
3846563 0
3891317 1000
3892317 0
3936652 1000
3937652 0
3980764 1000
3981764 0
