18 instruments
A 10 100 177168740.44080633 781629408.46013641
B 10 100 0.000155227 800000000
C 10 100 22090 160000000
D 10 100 376310 320000000
E 10 100 431759.25152321503 367151977.05994737
F 10 100 192158478.34180248 847760826.1096437
G 10 100 22528 960000000
H 10 100 0 275897579.9041419
I 10 100 54084010.43300014 1720684275.4783733
J 10 100 5910082.7758317869 3030989320.3134623
K 10 100 763800535.41096985 7041040280.2382517
L 10 100 20805.899747385713 886615046.05336845
M 10 100 0 974485132.8010211
N 10 100 154000 595557000
O 10 100 128045.25187067324 495183416.02819836
P 10 100 2312500 800000000
Q 10 100 4367744.2331614867 2240000119.5770016
R 10 100 7196.0339286610251 2810950753.383213
60 downlinks
0 1 23814 18650.039686
1 66256 91871 17801.393711000001
2 92304 95447 18241.361444999999
3 111898 134731 24067.369501000001
4 135896 159879 56712.888793999999
5 185996 194851 58370.132263
6 198367 219207 58005.525035999999
7 220758 258593 24930.123806
8 258594 279767 16739.689300999999
9 325456 350023 18181.419744999999
10 371991 397607 18610.315675999998
11 399049 437437 59847.283359000001
12 438889 454964 18063.419893999999
13 459589 484394 18186.627066000001
14 485446 501293 56843.492619999997
15 523626 557085 9175.5815739999998
16 557086 568575 9288.5908459999991
17 571843 609842 29976.478185
18 611983 629020 8340.6453669999992
19 638383 648686 28164.287346000001
20 671056 693639 9615.6592349999992
21 715781 744277 8936.4976299999998
22 744278 748101 29078.912095
23 763778 771225 8738.7729049999998
24 789406 824795 9283.3064869999998
25 824796 870574 9136.56639
26 870575 886982 8867.2325060000003
27 902409 906815 30843.021497000002
28 930256 947025 8651.5363890000008
29 948572 971479 8598.6086899999991
30 974372 1002868 28620.571626000001
31 1002869 1013789 29488.2804
32 1017029 1039429 29574.456625999999
33 1045469 1058806 8990.2936559999998
34 1061369 1090251 27889.095755999999
35 1092266 1102395 27279.489213000001
36 1105246 1108471 29339.122920000002
37 1114766 1123592 30467.823106
38 1133066 1144616 9273.8508989999991
39 1147871 1169107 28091.132868000001
40 1169969 1214008 9462.077765
41 1214009 1229342 8739.387213
42 1269856 1284760 27177.101999999999
43 1300309 1324418 28867.988366000001
44 1325359 1347887 8757.0573490000006
45 1386610 1428858 30482.278361000001
46 1428859 1465752 9337.789702
47 1465753 1494214 8515.7706749999998
48 1535056 1549939 8900.7025030000004
49 1552149 1577938 8778.3355150000007
50 1577949 1606321 29886.497736000001
51 1608846 1636087 29243.536622
52 1636806 1641019 26517.245249
53 1645515 1659787 8834.4018649999998
54 1679046 1690421 9457.9623840000004
55 1702442 1722338 28164.872808
56 1731817 1774046 30503.298975000002
57 1774047 1796462 8691.2845450000004
58 1796938 1806933 8525.9525360000007
59 1809598 1813351 28086.786929000002
0 opportunities for A
0 opportunities for B
0 opportunities for C
0 opportunities for D
0 opportunities for E
0 opportunities for F
0 opportunities for G
0 opportunities for H
0 opportunities for I
0 opportunities for J
0 opportunities for K
0 opportunities for L
0 opportunities for M
0 opportunities for N
0 opportunities for O
0 opportunities for P
0 opportunities for Q
0 opportunities for R
129 events for A
9049 3917
16248 4944
30626 5195
45949 4168
64848 5195
73870 4944
73881 3662
77459 1471
82849 444
88248 1471
99048 548
118849 444
127848 548
138659 485
138959 548
156649 444
163848 1471
192649 444
203448 548
228649 444
235848 548
268249 444
275448 548
305449 444
307859 382
308159 444
325848 548
340249 444
347448 548
347459 2738
376249 2635
383448 3662
412249 2635
419448 2738
426659 548
426670 798
450049 695
459048 798
480659 736
480670 485
480959 548
486049 444
491448 548
504049 444
513048 548
540049 444
549048 548
576049 444
585048 1471
613849 444
621048 548
651049 444
671448 548
687649 444
693048 548
725449 444
732648 548
761449 444
768648 548
797449 444
806448 548
826559 485
826859 548
833449 444
842448 548
871249 444
880248 548
910249 444
930648 548
946249 444
952248 548
981049 444
988248 548
1017049 444
1024248 548
1055449 444
1060248 548
1089049 444
1103448 548
1144849 444
1153848 548
1171859 2738
1180849 2635
1189848 2738
1191659 548
1218649 444
1225848 548
1255849 444
1258238 240
1269048 344
1272659 2534
1290649 2431
1290659 240
1297848 344
1328449 240
1337448 344
1366249 240
1373448 344
1402249 240
1413048 344
1438249 240
1447248 344
1476049 240
1483248 344
1515049 240
1535448 344
1549849 240
1557048 344
1585849 240
1593048 344
1621849 240
1632648 344
1659649 240
1665048 344
1695649 240
1701048 344
1749649 240
1758648 344
1776959 281
1777259 344
1787449 240
1794648 344
1823449 240
1830648 344
1860649 240
1860926 0
1860927 240
1863959 178
1864259 240
274 events for B
68986 12910592
68987 0
80956 12910592
80957 0
89485 12910592
89486 0
94435 12910592
94436 0
96561 12910592
96562 0
104699 12910592
104700 0
112756 12910592
112757 0
118041 12910592
118042 0
127756 12910592
127757 0
134355 12910592
134356 0
135557 12910592
135558 0
141732 12910592
141733 0
148456 12910592
148457 0
156642 12910592
156643 0
163547 12910592
163548 0
169199 12910592
169200 0
174856 12910592
174857 0
186063 12910592
186064 0
193370 12910592
193371 0
325461 12910592
325462 0
336895 12910592
336896 0
348040 12910592
348041 0
359324 12910592
359325 0
362624 12910592
362625 0
370069 12910592
370070 0
377514 12910592
377515 0
384556 12910592
384557 0
390556 12910592
390557 0
395661 12910592
395662 0
673156 12910592
673157 0
683956 12910592
683957 0
694290 12910592
694291 0
698956 12910592
698957 0
709516 12910592
709517 0
715761 12910592
715762 0
722956 12910592
722957 0
731956 12910592
731957 0
739155 12910592
739156 0
741642 12910592
741643 0
750556 12910592
750557 0
761356 12910592
761357 0
768556 12910592
768557 0
778456 12910592
778457 0
805161 12910592
805162 0
816985 12910592
816986 0
825560 12910592
825561 0
830721 12910592
830722 0
842399 12910592
842400 0
848206 12910592
848207 0
857313 12910592
857314 0
864920 12910592
864921 0
884939 12910592
884940 0
890442 12910592
890443 0
898199 12910592
898200 0
908061 12910592
908062 0
930256 12910592
930257 0
938656 12910592
938657 0
952835 12910592
952836 0
963676 12910592
963677 0
967429 12910592
967430 0
982064 12910592
982065 0
990189 12910592
990190 0
998355 12910592
998356 0
1003756 12910592
1003757 0
1013956 12910592
1013957 0
1031242 12910592
1031243 0
1042797 12910592
1042798 0
1052961 12910592
1052962 0
1062556 12910592
1062557 0
1070956 12910592
1070957 0
1078198 12910592
1078199 0
1081756 12910592
1081757 0
1088657 12910592
1088658 0
1102756 12910592
1102757 0
1109108 12910592
1109109 0
1114175 12910592
1114176 0
1121356 12910592
1121357 0
1126175 12910592
1126176 0
1142241 12910592
1142242 0
1153336 12910592
1153337 0
1163421 12910592
1163422 0
1168276 12910592
1168277 0
1172356 12910592
1172357 0
1174816 12910592
1174817 0
1225756 12910592
1225757 0
1231027 12910592
1231028 0
1236367 12910592
1236368 0
1239667 12910592
1239668 0
1246661 12910592
1246662 0
1253661 12910592
1253662 0
1271961 12910592
1271962 0
1273756 12910592
1273757 0
1289956 12910592
1289957 0
1292241 12910592
1292242 0
1484232 12910592
1484233 0
1487227 12910592
1487228 0
1489734 12910592
1489735 0
1492242 12910592
1492243 0
1495242 12910592
1495243 0
1498542 12910592
1498543 0
1501542 12910592
1501543 0
1505704 12910592
1505705 0
1509856 12910592
1509857 0
1512856 12910592
1512857 0
1535361 12910592
1535362 0
1537156 12910592
1537157 0
1538956 12910592
1538957 0
1542556 12910592
1542557 0
1546156 12910592
1546157 0
1550356 12910592
1550357 0
1557561 12910592
1557562 0
1559956 12910592
1559957 0
1562956 12910592
1562957 0
1608723 12910592
1608724 0
1610421 12910592
1610422 0
1615958 12910592
1615959 0
1620193 12910592
1620194 0
1623193 12910592
1623194 0
1631656 12910592
1631657 0
1634961 12910592
1634962 0
1726156 12910592
1726157 0
1732456 12910592
1732457 0
1736056 12910592
1736057 0
1739656 12910592
1739657 0
1743256 12910592
1743257 0
1746915 12910592
1746916 0
1750810 12910592
1750811 0
1757956 12910592
1757957 0
1768701 12910592
1768702 0
1808693 12910592
1808694 0
1812556 12910592
1812557 0
1816156 12910592
1816157 0
1819756 12910592
1819757 0
1823577 12910592
1823578 0
1830482 12910592
1830483 0
1835956 12910592
1835957 0
1840756 12910592
1840757 0
144 events for C
15767 1500
20946 0
26446 479
27686 0
29166 479
31276 1500
37256 0
42916 479
44976 0
67016 906
82158 0
89476 906
98906 0
104099 906
119733 0
126213 906
138247 0
141127 906
157062 0
163242 906
175276 0
178156 906
193790 0
199756 1087
202466 0
202970 215
214390 0
274316 1600
284501 0
289456 906
290356 1500
296839 0
297906 1500
300806 0
325156 906
341555 0
347735 906
359744 0
361244 906
377934 0
384114 906
396123 0
421803 906
422543 0
502803 906
503553 0
620737 593
631426 0
634266 906
635016 593
647856 0
671816 906
686776 0
693985 906
706319 0
708599 906
724833 0
731013 906
743347 0
745627 906
761862 0
768042 906
780376 0
783416 906
799055 0
805070 906
817405 0
819685 906
835105 0
842099 906
854433 0
855973 906
872947 0
879127 906
890862 0
893442 906
908476 0
929956 906
946355 0
952535 906
964096 0
966084 906
982484 0
988914 906
1000794 0
1003203 906
1019113 0
1025293 906
1037302 0
1040942 906
1055492 0
1061672 906
1073681 0
1075961 906
1089376 0
1102756 906
1110060 0
1112340 906
1127830 0
1129910 906
1146259 0
1152619 906
1164509 0
1167029 906
1174876 0
1225377 1714
1236787 0
1238327 906
1239067 1714
1254076 0
1271356 1714
1274090 0
1274270 215
1285746 0
1289570 1714
1292605 0
1315776 1500
1321791 0
1335966 1500
1341976 0
1374016 906
1374766 0
1483927 906
1495662 0
1497202 906
1513276 0
1534756 906
1551155 0
1557335 906
1564296 0
1608123 906
1623613 0
1630876 906
1637196 0
1725595 906
1733050 0
1734590 906
1751239 0
1757479 906
1769429 0
1807348 906
1823997 0
1830177 906
1841587 0
20 events for D
31576 0
31696 20
31876 252
46096 0
323716 20
323896 0
326056 20
326236 0
326296 28
580096 0
580756 20
580936 0
583096 20
583276 0
583336 56
651016 0
651256 243
1255456 0
1256056 224
1860256 0
20 events for E
34116 0
34236 20
34416 252
48636 0
326256 20
326436 0
328596 20
328776 0
328836 28
582636 0
583296 20
583476 0
585636 20
585816 0
585876 56
653556 0
653796 243
1257996 0
1258596 224
1862796 0
129 events for F
9990 3917
17189 4944
31567 5195
46890 4168
65789 5195
74811 4944
74822 3662
78400 1471
83790 444
89189 1471
99989 548
119790 444
128789 548
139600 485
139900 548
157590 444
164789 1471
193590 444
204389 548
229590 444
236789 548
269190 444
276389 548
306390 444
308800 382
309100 444
326789 548
341190 444
348389 548
348400 2738
377190 2635
384389 3662
413190 2635
420389 2738
427600 548
427611 798
450990 695
459989 798
481600 736
481611 485
481900 548
486990 444
492389 548
504990 444
513989 548
540990 444
549989 548
576990 444
585989 1471
614790 444
621989 548
651990 444
672389 548
688590 444
693989 548
726390 444
733589 548
762390 444
769589 548
798390 444
807389 548
827500 485
827800 548
834390 444
843389 548
872190 444
881189 548
911190 444
931589 548
947190 444
953189 548
981990 444
989189 548
1017990 444
1025189 548
1056390 444
1061189 548
1089990 444
1104389 548
1145790 444
1154789 548
1172800 2738
1181790 2635
1190789 2738
1192600 548
1219590 444
1226789 548
1256790 444
1259179 240
1269989 344
1273600 2534
1291590 2431
1291600 240
1298789 344
1329390 240
1338389 344
1367190 240
1374389 344
1403190 240
1413989 344
1439190 240
1448189 344
1476990 240
1484189 344
1515990 240
1536389 344
1550790 240
1557989 344
1586790 240
1593989 344
1622790 240
1633589 344
1660590 240
1665989 344
1696590 240
1701989 344
1750590 240
1759589 344
1777900 281
1778200 344
1788390 240
1795589 344
1824390 240
1831589 344
1861590 240
1861867 0
1861868 240
1864900 178
1865200 240
64 events for G
65666 4214960
65670 0
66096 4214960
66100 0
66836 4214960
66840 0
67266 4214960
67270 0
434792 4214960
434796 0
435222 4214960
435226 0
435962 4214960
435966 0
436392 4214960
436396 0
670466 4214960
670470 0
670896 4214960
670900 0
671636 4214960
671640 0
672066 4214960
672070 0
1039592 4214960
1039596 0
1040022 4214960
1040026 0
1040762 4214960
1040766 0
1041192 4214960
1041196 0
1091666 4214960
1091670 0
1092096 4214960
1092100 0
1092836 4214960
1092840 0
1093266 4214960
1093270 0
1276380 4214960
1276384 0
1276810 4214960
1276814 0
1277550 4214960
1277554 0
1277980 4214960
1277984 0
1644392 4214960
1644396 0
1644822 4214960
1644826 0
1645562 4214960
1645566 0
1645992 4214960
1645996 0
1715366 4214960
1715370 0
1715796 4214960
1715800 0
1716536 4214960
1716540 0
1716966 4214960
1716970 0
0 events for H

47 events for I
65601 2414
67441 1285
434727 2414
436567 1285
455217 2057
505585 706
619541 2057
651401 706
670401 2414
672241 706
692330 1285
725158 706
1039527 2414
1041367 706
1091601 2414
1098961 706
1101254 1772
1130795 1285
1146584 706
1150964 1285
1183143 706
1187343 1285
1219522 706
1276315 2414
1278155 706
1304921 1285
1310501 706
1324632 1285
1326612 706
1564301 1285
1587859 706
1592059 1285
1606048 706
1608268 1772
1623938 706
1628558 1772
1644327 2414
1646687 1772
1660317 706
1715301 2414
1725061 706
1757144 1285
1787921 706
1792143 1285
1801601 706
1861001 0
1861002 487
2 events for J
1862493 0
1862494 2650
30 events for K
23917 90225847
23918 99456
23919 17992937
23924 0
92855 36047367
92860 0
114455 39436416
114460 0
222455 79610631
222460 0
244055 77494701
244060 0
352055 73767533
352060 0
373655 221441780
373660 0
632855 47723996
632860 0
649805 12683312
649810 0
805654 9037466
805659 0
848854 270264152
848859 0
1734454 26968906
1734459 0
1756054 134824032
1756059 0
1758980 20221556
1758985 0
64 events for L
66939 4214960
66943 0
67369 4214960
67373 0
68109 4214960
68113 0
68539 4214960
68543 0
436065 4214960
436069 0
436495 4214960
436499 0
437235 4214960
437239 0
437665 4214960
437669 0
671739 4214960
671743 0
672169 4214960
672173 0
672909 4214960
672913 0
673339 4214960
673343 0
1040865 4214960
1040869 0
1041295 4214960
1041299 0
1042035 4214960
1042039 0
1042465 4214960
1042469 0
1092939 4214960
1092943 0
1093369 4214960
1093373 0
1094109 4214960
1094113 0
1094539 4214960
1094543 0
1277653 4214960
1277657 0
1278083 4214960
1278087 0
1278823 4214960
1278827 0
1279253 4214960
1279257 0
1645665 4214960
1645669 0
1646095 4214960
1646099 0
1646835 4214960
1646839 0
1647265 4214960
1647269 0
1716639 4214960
1716643 0
1717069 4214960
1717073 0
1717809 4214960
1717813 0
1718239 4214960
1718243 0
0 events for M

2 events for N
1860856 0
1860857 74
2 events for O
1863099 0
1863100 74
20 events for P
45780 700
45825 0
64036 600
64276 1300
305096 700
305141 0
323236 600
323476 1300
650436 700
650481 0
668656 1300
910455 0
927856 1300
1256055 0
1267456 1300
1515255 0
1532656 1300
1860855 0
1872736 600
1872916 1300
2 events for Q
1863679 0
1863680 2650
808 events for R
13573 12910592
13574 0
13833 12910592
13834 0
14413 12910592
14414 0
14673 12910592
14674 0
31163 12910592
31164 0
31423 12910592
31424 0
32003 12910592
32004 0
32263 12910592
32264 0
48452 12910592
48453 0
48712 12910592
48713 0
49292 12910592
49293 0
49552 12910592
49553 0
67352 12910592
67353 0
67582 12910592
67583 0
68122 12910592
68123 0
68352 12910592
68353 0
86981 12910592
86982 0
87241 12910592
87242 0
87821 12910592
87822 0
88081 12910592
88082 0
105495 12910592
105496 0
105755 12910592
105756 0
106335 12910592
106336 0
106595 12910592
106596 0
124009 12910592
124010 0
124269 12910592
124270 0
124849 12910592
124850 0
125109 12910592
125110 0
142523 12910592
142524 0
142783 12910592
142784 0
143363 12910592
143364 0
143623 12910592
143624 0
161038 12910592
161039 0
161298 12910592
161299 0
161878 12910592
161879 0
162138 12910592
162139 0
179552 12910592
179553 0
179812 12910592
179813 0
180392 12910592
180393 0
180652 12910592
180653 0
198066 12910592
198067 0
198326 12910592
198327 0
198906 12910592
198907 0
199166 12910592
199167 0
216581 12910592
216582 0
216841 12910592
216842 0
217421 12910592
217422 0
217681 12910592
217682 0
235095 12910592
235096 0
235355 12910592
235356 0
235935 12910592
235936 0
236195 12910592
236196 0
253609 12910592
253610 0
253869 12910592
253870 0
254449 12910592
254450 0
254709 12910592
254710 0
272123 12910592
272124 0
272383 12910592
272384 0
272963 12910592
272964 0
273223 12910592
273224 0
290038 12910592
290039 0
290298 12910592
290299 0
290878 12910592
290879 0
291138 12910592
291139 0
307652 12910592
307653 0
307912 12910592
307913 0
308492 12910592
308493 0
308752 12910592
308753 0
326552 12910592
326553 0
326812 12910592
326813 0
327392 12910592
327393 0
327652 12910592
327653 0
345531 12910592
345532 0
345791 12910592
345792 0
346371 12910592
346372 0
346631 12910592
346632 0
363720 12910592
363721 0
363980 12910592
363981 0
364560 12910592
364561 0
364820 12910592
364821 0
381910 12910592
381911 0
382170 12910592
382171 0
382750 12910592
382751 0
383010 12910592
383011 0
400099 12910592
400100 0
400359 12910592
400360 0
400939 12910592
400940 0
401199 12910592
401200 0
418289 12910592
418290 0
418549 12910592
418550 0
419129 12910592
419130 0
419389 12910592
419390 0
436478 12910592
436479 0
436708 12910592
436709 0
437248 12910592
437249 0
437478 12910592
437479 0
454668 12910592
454669 0
454928 12910592
454929 0
455508 12910592
455509 0
455768 12910592
455769 0
472857 12910592
472858 0
473117 12910592
473118 0
473697 12910592
473698 0
473957 12910592
473958 0
491047 12910592
491048 0
491307 12910592
491308 0
491887 12910592
491888 0
492147 12910592
492148 0
509236 12910592
509237 0
509496 12910592
509497 0
510076 12910592
510077 0
510336 12910592
510337 0
527426 12910592
527427 0
527686 12910592
527687 0
528266 12910592
528267 0
528526 12910592
528527 0
545615 12910592
545616 0
545875 12910592
545876 0
546455 12910592
546456 0
546715 12910592
546716 0
563805 12910592
563806 0
564065 12910592
564066 0
564645 12910592
564646 0
564905 12910592
564906 0
581994 12910592
581995 0
582254 12910592
582255 0
582834 12910592
582835 0
583094 12910592
583095 0
600184 12910592
600185 0
600444 12910592
600445 0
601024 12910592
601025 0
601284 12910592
601285 0
618373 12910592
618374 0
618633 12910592
618634 0
619213 12910592
619214 0
619473 12910592
619474 0
635963 12910592
635964 0
636223 12910592
636224 0
636803 12910592
636804 0
637063 12910592
637064 0
653252 12910592
653253 0
653512 12910592
653513 0
654092 12910592
654093 0
654352 12910592
654353 0
672152 12910592
672153 0
672382 12910592
672383 0
672922 12910592
672923 0
673152 12910592
673153 0
691781 12910592
691782 0
692041 12910592
692042 0
692621 12910592
692622 0
692881 12910592
692882 0
710295 12910592
710296 0
710555 12910592
710556 0
711135 12910592
711136 0
711395 12910592
711396 0
728809 12910592
728810 0
729069 12910592
729070 0
729649 12910592
729650 0
729909 12910592
729910 0
747323 12910592
747324 0
747583 12910592
747584 0
748163 12910592
748164 0
748423 12910592
748424 0
765838 12910592
765839 0
766098 12910592
766099 0
766678 12910592
766679 0
766938 12910592
766939 0
784352 12910592
784353 0
784612 12910592
784613 0
785192 12910592
785193 0
785452 12910592
785453 0
802866 12910592
802867 0
803126 12910592
803127 0
803706 12910592
803707 0
803966 12910592
803967 0
821381 12910592
821382 0
821641 12910592
821642 0
822221 12910592
822222 0
822481 12910592
822482 0
839895 12910592
839896 0
840155 12910592
840156 0
840735 12910592
840736 0
840995 12910592
840996 0
858409 12910592
858410 0
858669 12910592
858670 0
859249 12910592
859250 0
859509 12910592
859510 0
876923 12910592
876924 0
877183 12910592
877184 0
877763 12910592
877764 0
878023 12910592
878024 0
894838 12910592
894839 0
895098 12910592
895099 0
895678 12910592
895679 0
895938 12910592
895939 0
912452 12910592
912453 0
912712 12910592
912713 0
913292 12910592
913293 0
913552 12910592
913553 0
931352 12910592
931353 0
931612 12910592
931613 0
932192 12910592
932193 0
932452 12910592
932453 0
950331 12910592
950332 0
950591 12910592
950592 0
951171 12910592
951172 0
951431 12910592
951432 0
968520 12910592
968521 0
968780 12910592
968781 0
969360 12910592
969361 0
969620 12910592
969621 0
986710 12910592
986711 0
986970 12910592
986971 0
987550 12910592
987551 0
987810 12910592
987811 0
1004899 12910592
1004900 0
1005159 12910592
1005160 0
1005739 12910592
1005740 0
1005999 12910592
1006000 0
1023089 12910592
1023090 0
1023349 12910592
1023350 0
1023929 12910592
1023930 0
1024189 12910592
1024190 0
1041278 12910592
1041279 0
1041508 12910592
1041509 0
1042048 12910592
1042049 0
1042278 12910592
1042279 0
1059468 12910592
1059469 0
1059728 12910592
1059729 0
1060308 12910592
1060309 0
1060568 12910592
1060569 0
1077657 12910592
1077658 0
1077917 12910592
1077918 0
1078497 12910592
1078498 0
1078757 12910592
1078758 0
1114036 12910592
1114037 0
1114296 12910592
1114297 0
1114876 12910592
1114877 0
1115136 12910592
1115137 0
1132226 12910592
1132227 0
1132486 12910592
1132487 0
1133066 12910592
1133067 0
1133326 12910592
1133327 0
1150415 12910592
1150416 0
1150675 12910592
1150676 0
1151255 12910592
1151256 0
1151515 12910592
1151516 0
1168605 12910592
1168606 0
1168865 12910592
1168866 0
1169445 12910592
1169446 0
1169705 12910592
1169706 0
1186794 12910592
1186795 0
1187054 12910592
1187055 0
1187634 12910592
1187635 0
1187894 12910592
1187895 0
1204984 12910592
1204985 0
1205244 12910592
1205245 0
1205824 12910592
1205825 0
1206084 12910592
1206085 0
1223173 12910592
1223174 0
1223433 12910592
1223434 0
1224013 12910592
1224014 0
1224273 12910592
1224274 0
1240763 12910592
1240764 0
1241023 12910592
1241024 0
1241603 12910592
1241604 0
1241863 12910592
1241864 0
1258052 12910592
1258053 0
1258312 12910592
1258313 0
1258892 12910592
1258893 0
1259152 12910592
1259153 0
1278066 12910592
1278067 0
1278296 12910592
1278297 0
1278836 12910592
1278837 0
1279066 12910592
1279067 0
1296581 12910592
1296582 0
1296841 12910592
1296842 0
1297421 12910592
1297422 0
1297681 12910592
1297682 0
1315095 12910592
1315096 0
1315355 12910592
1315356 0
1315935 12910592
1315936 0
1316195 12910592
1316196 0
1333609 12910592
1333610 0
1333869 12910592
1333870 0
1334449 12910592
1334450 0
1334709 12910592
1334710 0
1352123 12910592
1352124 0
1352383 12910592
1352384 0
1352963 12910592
1352964 0
1353223 12910592
1353224 0
1370638 12910592
1370639 0
1370898 12910592
1370899 0
1371478 12910592
1371479 0
1371738 12910592
1371739 0
1389152 12910592
1389153 0
1389412 12910592
1389413 0
1389992 12910592
1389993 0
1390252 12910592
1390253 0
1407666 12910592
1407667 0
1407926 12910592
1407927 0
1408506 12910592
1408507 0
1408766 12910592
1408767 0
1426181 12910592
1426182 0
1426441 12910592
1426442 0
1427021 12910592
1427022 0
1427281 12910592
1427282 0
1444695 12910592
1444696 0
1444955 12910592
1444956 0
1445535 12910592
1445536 0
1445795 12910592
1445796 0
1463209 12910592
1463210 0
1463469 12910592
1463470 0
1464049 12910592
1464050 0
1464309 12910592
1464310 0
1481723 12910592
1481724 0
1481983 12910592
1481984 0
1482563 12910592
1482564 0
1482823 12910592
1482824 0
1499638 12910592
1499639 0
1499898 12910592
1499899 0
1500478 12910592
1500479 0
1500738 12910592
1500739 0
1517252 12910592
1517253 0
1517512 12910592
1517513 0
1518092 12910592
1518093 0
1518352 12910592
1518353 0
1536152 12910592
1536153 0
1536412 12910592
1536413 0
1536992 12910592
1536993 0
1537252 12910592
1537253 0
1555131 12910592
1555132 0
1555391 12910592
1555392 0
1555971 12910592
1555972 0
1556231 12910592
1556232 0
1573320 12910592
1573321 0
1573580 12910592
1573581 0
1574160 12910592
1574161 0
1574420 12910592
1574421 0
1591510 12910592
1591511 0
1591770 12910592
1591771 0
1592350 12910592
1592351 0
1592610 12910592
1592611 0
1609699 12910592
1609700 0
1609959 12910592
1609960 0
1610539 12910592
1610540 0
1610799 12910592
1610800 0
1627889 12910592
1627890 0
1628149 12910592
1628150 0
1628729 12910592
1628730 0
1628989 12910592
1628990 0
1646078 12910592
1646079 0
1646308 12910592
1646309 0
1646848 12910592
1646849 0
1647078 12910592
1647079 0
1664268 12910592
1664269 0
1664528 12910592
1664529 0
1665108 12910592
1665109 0
1665368 12910592
1665369 0
1682457 12910592
1682458 0
1682717 12910592
1682718 0
1683297 12910592
1683298 0
1683557 12910592
1683558 0
1700647 12910592
1700648 0
1700907 12910592
1700908 0
1701487 12910592
1701488 0
1701747 12910592
1701748 0
1717052 12910592
1717053 0
1717282 12910592
1717283 0
1717822 12910592
1717823 0
1718052 12910592
1718053 0
1737026 12910592
1737027 0
1737286 12910592
1737287 0
1737866 12910592
1737867 0
1738126 12910592
1738127 0
1755215 12910592
1755216 0
1755475 12910592
1755476 0
1756055 12910592
1756056 0
1756315 12910592
1756316 0
1773405 12910592
1773406 0
1773665 12910592
1773666 0
1774245 12910592
1774246 0
1774505 12910592
1774506 0
1791594 12910592
1791595 0
1791854 12910592
1791855 0
1792434 12910592
1792435 0
1792694 12910592
1792695 0
1809784 12910592
1809785 0
1810044 12910592
1810045 0
1810624 12910592
1810625 0
1810884 12910592
1810885 0
1827973 12910592
1827974 0
1828233 12910592
1828234 0
1828813 12910592
1828814 0
1829073 12910592
1829074 0
1845563 12910592
1845564 0
1845823 12910592
1845824 0
1846403 12910592
1846404 0
1846663 12910592
1846664 0
1862852 12910592
1862853 0
1863112 12910592
1863113 0
1863692 12910592
1863693 0
1863952 12910592
1863953 0
