18 instruments
A 10 100 763800535.41096985 7041040280.2382517
B 10 100 2312500 800000000
C 10 100 2238.0782914523293 612647607.58318675
D 10 100 183507440.74517861 809594356.20986629
E 10 100 0.00018113117344584602 933503441.77673233
F 10 100 1517960000 4000000000
G 10 100 0 276873309.16802311
H 10 100 0 320000000
I 10 100 141644.34804627756 547774564.8662138
J 10 100 177168740.44080633 781629408.46013641
K 10 100 352362.70723718189 299636114.68177354
L 10 100 6499613.0472409306 3333330256.035996
M 10 100 0.00017956089109901502 925410610.77784157
N 10 100 50290700 1600000000
O 10 100 0 895660078.44187188
P 10 100 192158478.34180248 847760826.1096437
Q 10 100 0.000155227 800000000
R 10 100 0.00018444817663405244 950598422.35720563
100 downlinks
0 1 23814 18650.039686
1 66256 91871 17801.393711000001
2 92304 95447 18241.361444999999
3 111898 134731 24067.369501000001
4 135896 159879 56712.888793999999
5 185996 194851 58370.132263
6 198367 219207 58005.525035999999
7 220758 258593 24930.123806
8 258594 279767 16739.689300999999
9 325456 350023 18181.419744999999
10 371991 397607 18610.315675999998
11 399049 437437 59847.283359000001
12 438889 454964 18063.419893999999
13 459589 484394 18186.627066000001
14 485446 501293 56843.492619999997
15 523626 557085 9175.5815739999998
16 557086 568575 9288.5908459999991
17 571843 609842 29976.478185
18 611983 629020 8340.6453669999992
19 638383 648686 28164.287346000001
20 671056 693639 9615.6592349999992
21 715781 744277 8936.4976299999998
22 744278 748101 29078.912095
23 763778 771225 8738.7729049999998
24 789406 824795 9283.3064869999998
25 824796 870574 9136.56639
26 870575 886982 8867.2325060000003
27 902409 906815 30843.021497000002
28 930256 947025 8651.5363890000008
29 948572 971479 8598.6086899999991
30 974372 1002868 28620.571626000001
31 1002869 1013789 29488.2804
32 1017029 1039429 29574.456625999999
33 1045469 1058806 8990.2936559999998
34 1061369 1090251 27889.095755999999
35 1092266 1102395 27279.489213000001
36 1105246 1108471 29339.122920000002
37 1114766 1123592 30467.823106
38 1133066 1144616 9273.8508989999991
39 1147871 1169107 28091.132868000001
40 1169969 1214008 9462.077765
41 1214009 1229342 8739.387213
42 1269856 1284760 27177.101999999999
43 1300309 1324418 28867.988366000001
44 1325359 1347887 8757.0573490000006
45 1386610 1428858 30482.278361000001
46 1428859 1465752 9337.789702
47 1465753 1494214 8515.7706749999998
48 1535056 1549939 8900.7025030000004
49 1552149 1577938 8778.3355150000007
50 1577949 1606321 29886.497736000001
51 1608846 1636087 29243.536622
52 1636806 1641019 26517.245249
53 1645515 1659787 8834.4018649999998
54 1679046 1690421 9457.9623840000004
55 1702442 1722338 28164.872808
56 1731817 1774046 30503.298975000002
57 1774047 1796462 8691.2845450000004
58 1796938 1806933 8525.9525360000007
59 1809598 1813351 28086.786929000002
60 1874656 1902600 9305.8530659999997
61 1904424 1908938 9003.7058219999999
62 1934335 1950096 29720.859928999998
63 1983089 1986746 28196.056719
64 1990728 2007441 8724.7512220000008
65 2009031 2036366 9238.0711549999996
66 2037287 2077031 29465.914934
67 2077032 2085008 8736.7051790000005
68 2108027 2122041 8623.2506759999997
69 2133856 2156105 8421.9856619999991
70 2160346 2180205 27549.328343000001
71 2192023 2209282 29572.320551000001
72 2211579 2241718 29086.290951999999
73 2241819 2270494 8813.8421070000004
74 2278719 2295685 29493.047434
75 2303615 2327106 27435.630709000001
76 2327997 2339525 29792.428981000001
77 2342615 2352498 8997.6095590000004
78 2355515 2378702 26654.011493000002
79 2393056 2416181 8664.3956859999998
80 2416411 2442270 8910.3347130000002
81 2485456 2505453 9263.3037550000008
82 2508562 2514794 8194.1372179999998
83 2526507 2539170 8812.3468479999992
84 2558003 2559834 28513.272391999999
85 2586678 2590839 29797.943813000002
86 2594870 2629702 9287.2106050000002
87 2629703 2640455 9493.8769009999996
88 2643859 2679939 29841.66733
89 2681178 2685856 9031.5484039999992
90 2744656 2756286 27058.173078
91 2758395 2761952 27764.822221999999
92 2765895 2782497 8866.3210920000001
93 2794382 2806542 30200.423556999998
94 2809654 2814498 9259.4321029999992
95 2818690 2842761 9457.3783449999992
96 2844490 2848318 29542.407908000001
97 2853796 2868639 8564.5545529999999
98 2877790 2900459 9335.3412189999999
99 2902986 2931712 27874.981927000001
0 opportunities for A
0 opportunities for B
0 opportunities for C
0 opportunities for D
0 opportunities for E
0 opportunities for F
0 opportunities for G
0 opportunities for H
0 opportunities for I
0 opportunities for J
0 opportunities for K
0 opportunities for L
0 opportunities for M
0 opportunities for N
0 opportunities for O
0 opportunities for P
0 opportunities for Q
0 opportunities for R
54 events for A
23917 90225847
23918 99456
23919 17992937
23924 0
92855 36047367
92860 0
114455 39436416
114460 0
222455 79610631
222460 0
244055 77494701
244060 0
352055 73767533
352060 0
373655 221441780
373660 0
632855 47723996
632860 0
649805 12683312
649810 0
805654 9037466
805659 0
848854 270264152
848859 0
1734454 26968906
1734459 0
1756054 134824032
1756059 0
1758980 20221556
1758985 0
1950394 83191028
1950399 0
2144794 38234987
2144799 0
2166394 107957608
2166399 0
2187994 350862225
2187999 0
2188000 4498234
2188005 0
2209594 38234987
2209599 0
2533654 42873674
2533659 0
2555254 60808152
2555259 0
2641654 123650191
2641659 0
2663254 112353360
2663259 0
2684854 191051956
2684859 0
2706454 148359728
2706459 0
36 events for B
45780 700
45825 0
64036 600
64276 1300
305096 700
305141 0
323236 600
323476 1300
650436 700
650481 0
668656 1300
910455 0
927856 1300
1256055 0
1267456 1300
1515255 0
1532656 1300
1860855 0
1872736 600
1872916 1300
2119536 700
2119581 0
2131756 600
2131936 1300
2378676 700
2378721 0
2390836 600
2391016 1300
2465076 700
2465121 0
2483236 600
2483416 1300
2723496 700
2723541 0
2742436 600
2742556 1300
133 events for C
64198 4096
72398 0
161484 4096
169684 0
235541 4096
243741 0
323398 4096
331598 0
345977 665
375137 0
418735 4096
426935 0
491493 4096
499693 0
582440 4096
590640 0
668998 1365
669178 0
670978 1365
671518 3481
690718 1365
691438 3481
710638 1365
711358 3481
730284 0
766284 873
795084 0
840341 873
869141 0
928198 873
956998 0
1023535 3481
1037935 0
1037950 2252
1041550 0
1041565 2252
1045165 0
1045180 2252
1048780 0
1048795 2252
1052395 0
1085938 3276
1100938 0
1187240 873
1216040 0
1267798 1365
1267978 0
1269778 1365
1270318 3481
1289518 0
1371084 873
1399884 0
1445141 873
1473941 0
1532998 1365
1533718 3481
1552918 0
1613275 3276
1628275 0
1863298 1979
1864498 0
1866298 1979
1879498 0
2048867 8
2048868 0
2049941 1365
2050121 0
2051921 1365
2052461 1979
2066861 1365
2067041 1979
2081441 1365
2082161 1979
2096561 1365
2096741 1979
2111141 1365
2111861 1979
2126261 1365
2126441 1979
2140841 0
2179241 3754
2179961 0
2181761 3754
2185361 0
2218798 3754
2219518 0
2221318 3754
2224918 0
2253898 3754
2254618 0
2256418 3754
2260018 0
2295298 3754
2296018 0
2297818 3754
2301418 0
2338498 3754
2339218 0
2341018 3754
2344618 0
2531098 3754
2531818 0
2533618 3754
2537218 0
2559898 3754
2560618 0
2562418 3754
2566018 0
2602198 3754
2602918 0
2604718 3754
2608318 0
2676898 3754
2677618 0
2679418 3754
2683018 0
2763298 1365
2763478 0
2765278 1365
2765818 1979
2780218 1365
2780398 1979
2794798 1365
2795518 1979
2809918 1365
2810098 1979
2824498 1365
2825218 1979
2839618 1365
2839798 1979
2854198 0
2900098 665
2932498 0
214 events for D
9229 3917
16428 4944
30806 5195
46129 4168
65028 5195
74050 4944
74061 3662
77639 1471
83029 444
88428 1471
99228 548
119029 444
128028 548
138839 485
139139 548
156829 444
164028 1471
192829 444
203628 548
228829 444
236028 548
268429 444
275628 548
305629 444
308039 382
308339 444
326028 548
340429 444
347628 548
347639 2738
376429 2635
383628 3662
412429 2635
419628 2738
426839 548
426850 798
450229 695
459228 798
480839 736
480850 485
481139 548
486229 444
491628 548
504229 444
513228 548
540229 444
549228 548
576229 444
585228 1471
614029 444
621228 548
651229 444
671628 548
687829 444
693228 548
725629 444
732828 548
761629 444
768828 548
797629 444
806628 548
826739 485
827039 548
833629 444
842628 548
871429 444
880428 548
910429 444
930828 548
946429 444
952428 548
981229 444
988428 548
1017229 444
1024428 548
1055629 444
1060428 548
1089229 444
1103628 548
1145029 444
1154028 548
1172039 2738
1181029 2635
1190028 2738
1191839 548
1218829 444
1226028 548
1256029 444
1258418 240
1269228 344
1272839 2534
1290829 2431
1290839 240
1298028 344
1328629 240
1337628 344
1366429 240
1373628 344
1402429 240
1413228 344
1438429 240
1447428 344
1476229 240
1483428 344
1515229 240
1535628 344
1550029 240
1557228 344
1586029 240
1593228 344
1622029 240
1632828 344
1659829 240
1665228 344
1695829 240
1701228 344
1749829 240
1758828 344
1777139 281
1777439 344
1787629 240
1794828 344
1823629 240
1830828 344
1860829 240
1861106 0
1861107 240
1864139 178
1864439 240
1877628 344
1897429 240
1906428 344
1933429 240
1942428 344
1971229 240
1978428 344
2007229 240
2014428 344
2036939 281
2037239 344
2043229 240
2050428 344
2081029 240
2090028 344
2118829 240
2133228 344
2136899 281
2137199 344
2190829 240
2201628 344
2226829 240
2234028 344
2252939 281
2253239 344
2264629 240
2270028 344
2302429 240
2309628 344
2336629 240
2345628 344
2376229 240
2382539 178
2382839 240
2392428 344
2428429 240
2435628 344
2464429 240
2468018 444
2486028 548
2500429 444
2507628 548
2514828 1471
2536461 2754
2538229 1727
2543628 1830
2548718 1626
2555279 1564
2555579 3817
2558061 2534
2576029 2431
2583228 2534
2612029 2431
2619228 2534
2620379 344
2640818 548
2648029 444
2655228 548
2687629 444
2694828 548
2723629 444
2727218 240
2729519 178
2729819 240
2745228 344
2759629 240
2766828 344
2774028 1267
2795629 240
2806428 344
2833429 240
2838828 344
2838850 594
2838861 1877
2860418 2081
2860428 3004
2882018 2800
2882028 1877
2882061 594
2894629 491
2900050 240
2900999 178
2901299 240
2903628 344
2937829 240
482 events for E
70855 12910592
70856 0
82825 12910592
82826 0
91354 12910592
91355 0
96304 12910592
96305 0
98430 12910592
98431 0
106568 12910592
106569 0
114625 12910592
114626 0
119910 12910592
119911 0
129625 12910592
129626 0
136224 12910592
136225 0
137426 12910592
137427 0
143601 12910592
143602 0
150325 12910592
150326 0
158511 12910592
158512 0
165416 12910592
165417 0
171068 12910592
171069 0
176725 12910592
176726 0
187932 12910592
187933 0
195239 12910592
195240 0
327330 12910592
327331 0
338764 12910592
338765 0
349909 12910592
349910 0
361193 12910592
361194 0
364493 12910592
364494 0
371938 12910592
371939 0
379383 12910592
379384 0
386425 12910592
386426 0
392425 12910592
392426 0
397530 12910592
397531 0
675025 12910592
675026 0
685825 12910592
685826 0
696159 12910592
696160 0
700825 12910592
700826 0
711385 12910592
711386 0
717630 12910592
717631 0
724825 12910592
724826 0
733825 12910592
733826 0
741024 12910592
741025 0
743511 12910592
743512 0
752425 12910592
752426 0
763225 12910592
763226 0
770425 12910592
770426 0
780325 12910592
780326 0
807030 12910592
807031 0
818854 12910592
818855 0
827429 12910592
827430 0
832590 12910592
832591 0
844268 12910592
844269 0
850075 12910592
850076 0
859182 12910592
859183 0
866789 12910592
866790 0
886808 12910592
886809 0
892311 12910592
892312 0
900068 12910592
900069 0
909930 12910592
909931 0
932125 12910592
932126 0
940525 12910592
940526 0
954704 12910592
954705 0
965545 12910592
965546 0
969298 12910592
969299 0
983933 12910592
983934 0
992058 12910592
992059 0
1000224 12910592
1000225 0
1005625 12910592
1005626 0
1015825 12910592
1015826 0
1033111 12910592
1033112 0
1044666 12910592
1044667 0
1054830 12910592
1054831 0
1064425 12910592
1064426 0
1072825 12910592
1072826 0
1080067 12910592
1080068 0
1083625 12910592
1083626 0
1090526 12910592
1090527 0
1104625 12910592
1104626 0
1110977 12910592
1110978 0
1116044 12910592
1116045 0
1123225 12910592
1123226 0
1128044 12910592
1128045 0
1144110 12910592
1144111 0
1155205 12910592
1155206 0
1165290 12910592
1165291 0
1170145 12910592
1170146 0
1174225 12910592
1174226 0
1176685 12910592
1176686 0
1227625 12910592
1227626 0
1232896 12910592
1232897 0
1238236 12910592
1238237 0
1241536 12910592
1241537 0
1248530 12910592
1248531 0
1255530 12910592
1255531 0
1273830 12910592
1273831 0
1275625 12910592
1275626 0
1291825 12910592
1291826 0
1294110 12910592
1294111 0
1486101 12910592
1486102 0
1489096 12910592
1489097 0
1491603 12910592
1491604 0
1494111 12910592
1494112 0
1497111 12910592
1497112 0
1500411 12910592
1500412 0
1503411 12910592
1503412 0
1507573 12910592
1507574 0
1511725 12910592
1511726 0
1514725 12910592
1514726 0
1537230 12910592
1537231 0
1539025 12910592
1539026 0
1540825 12910592
1540826 0
1544425 12910592
1544426 0
1548025 12910592
1548026 0
1552225 12910592
1552226 0
1559430 12910592
1559431 0
1561825 12910592
1561826 0
1564825 12910592
1564826 0
1610592 12910592
1610593 0
1612290 12910592
1612291 0
1617827 12910592
1617828 0
1622062 12910592
1622063 0
1625062 12910592
1625063 0
1633525 12910592
1633526 0
1636830 12910592
1636831 0
1728025 12910592
1728026 0
1734325 12910592
1734326 0
1737925 12910592
1737926 0
1741525 12910592
1741526 0
1745125 12910592
1745126 0
1748784 12910592
1748785 0
1752679 12910592
1752680 0
1759825 12910592
1759826 0
1770570 12910592
1770571 0
1810562 12910592
1810563 0
1814425 12910592
1814426 0
1818025 12910592
1818026 0
1821625 12910592
1821626 0
1825446 12910592
1825447 0
1832351 12910592
1832352 0
1837825 12910592
1837826 0
1842625 12910592
1842626 0
1885760 12910592
1885761 0
1888763 12910592
1888764 0
1892307 12910592
1892308 0
1895854 12910592
1895855 0
1898854 12910592
1898855 0
1905754 12910592
1905755 0
1908754 12910592
1908755 0
1911564 12910592
1911565 0
1914368 12910592
1914369 0
1917368 12910592
1917369 0
1994968 12910592
1994969 0
1999825 12910592
1999826 0
2004625 12910592
2004626 0
2009545 12910592
2009546 0
2016868 12910592
2016869 0
2020405 12910592
2020406 0
2023945 12910592
2023946 0
2028325 12910592
2028326 0
2031805 12910592
2031806 0
2035825 12910592
2035826 0
2038288 12910592
2038289 0
2137169 12910592
2137170 0
2143105 12910592
2143106 0
2151145 12910592
2151146 0
2159188 12910592
2159189 0
2182347 12910592
2182348 0
2187654 12910592
2187655 0
2193183 12910592
2193184 0
2200525 12910592
2200526 0
2205025 12910592
2205026 0
2209825 12910592
2209826 0
2215272 12910592
2215273 0
2222717 12910592
2222718 0
2230045 12910592
2230046 0
2237062 12910592
2237063 0
2242706 12910592
2242707 0
2248351 12910592
2248352 0
2254097 12910592
2254098 0
2260317 12910592
2260318 0
2266541 12910592
2266542 0
2275836 12910592
2275837 0
2437146 12910592
2437147 0
2440146 12910592
2440147 0
2442494 12910592
2442495 0
2444836 12910592
2444837 0
2447836 12910592
2447837 0
2451136 12910592
2451137 0
2454136 12910592
2454137 0
2458130 12910592
2458131 0
2462125 12910592
2462126 0
2465128 12910592
2465129 0
2489460 12910592
2489461 0
2496325 12910592
2496326 0
2503485 12910592
2503486 0
2512825 12910592
2512826 0
2522168 12910592
2522169 0
2525471 12910592
2525472 0
2532968 12910592
2532969 0
2540468 12910592
2540469 0
2548348 12910592
2548349 0
2555424 12910592
2555425 0
2563170 12910592
2563171 0
2570160 12910592
2570161 0
2576905 12910592
2576906 0
2584825 12910592
2584826 0
2595625 12910592
2595626 0
2599828 12910592
2599829 0
2613625 12910592
2613626 0
2622735 12910592
2622736 0
2629289 12910592
2629290 0
2639189 12910592
2639190 0
2646025 12910592
2646026 0
2649625 12910592
2649626 0
2658668 12910592
2658669 0
2662825 12910592
2662826 0
2666908 12910592
2666909 0
2674825 12910592
2674826 0
2678305 12910592
2678306 0
2683225 12910592
2683226 0
2688327 12910592
2688328 0
2705185 12910592
2705186 0
2749525 12910592
2749526 0
2754625 12910592
2754626 0
2761825 12910592
2761826 0
2769626 12910592
2769627 0
2779945 12910592
2779946 0
2783665 12910592
2783666 0
2790174 12910592
2790175 0
2798345 12910592
2798346 0
2808025 12910592
2808026 0
2814565 12910592
2814566 0
2820625 12910592
2820626 0
2827503 12910592
2827504 0
2833825 12910592
2833826 0
2842162 12910592
2842163 0
2847587 12910592
2847588 0
2859205 12910592
2859206 0
2865587 12910592
2865588 0
2872225 12910592
2872226 0
2887975 12910592
2887976 0
2893825 12910592
2893826 0
2908825 12910592
2908826 0
2921425 12910592
2921426 0
2936725 12910592
2936726 0
235 events for F
71305 19661
71395 27175
72076 7514
72745 27175
73516 7514
73765 27175
74536 7514
75205 27175
75976 7514
76225 27175
76996 7514
77665 27175
78436 7514
78685 27175
79456 7514
80125 27175
80896 7514
81145 27175
81916 7514
82156 0
87445 19661
87535 27175
88096 7514
88225 27175
88876 7514
89425 27175
90016 7514
90205 27175
90856 7514
91405 27175
92056 7514
92185 27175
92836 7514
93385 27175
94036 7514
94165 27175
94816 7514
95365 27175
96016 7514
96145 27175
96796 7514
97345 27175
97996 7514
98125 27175
98776 7514
98896 0
330595 7514
332665 66496
334036 7514
337225 66496
338596 7514
341716 0
345884 58982
345974 66496
347255 7514
350504 66496
351875 7514
352115 0
352405 58982
352495 66496
353776 7514
357025 66496
358396 7514
359896 0
361973 58982
362063 66496
363344 7514
366593 66496
367964 7514
371924 0
372205 58982
372295 66496
373576 7514
376525 66496
377896 7514
378076 0
382263 58982
382353 66496
383634 7514
385023 66496
386394 7514
386934 0
387205 58982
387295 66496
388576 7514
393565 66496
394936 7514
396256 0
398352 117965
398442 124709
399303 6744
400212 124709
401103 6744
402012 124709
402903 6744
403812 124709
404703 6744
405612 124709
406503 6744
407412 124709
408303 6744
409212 124709
410103 6744
414483 0
418642 117965
418732 124709
419593 6744
420502 124709
421393 6744
422302 124709
423193 6744
424102 124709
424993 6744
425902 124709
426793 6744
427702 124709
428593 6744
429502 124709
430393 6744
431302 124709
432193 6744
432673 0
436831 117965
436921 124709
437782 6744
438691 124709
439582 6744
440482 0
455356 169032
456676 45609
458001 0
634306 7514
641467 0
935125 117965
935215 124709
936016 6744
936145 124709
936851 6744
936856 0
937705 58982
937795 66496
939076 7514
946516 0
950684 58982
950774 7514
959315 0
959605 117965
959695 124709
960556 6744
964276 0
966773 117965
966863 124709
967724 6744
977624 0
987063 117965
987153 124709
988014 6744
997914 0
1278419 117965
1278509 124709
1279370 6744
1280279 124709
1281170 6744
1282079 124709
1282970 6744
1283879 124709
1284770 6744
1285679 124709
1286570 6744
1287479 124709
1288370 6744
1289270 0
1296934 117965
1297024 124709
1297885 6744
1298794 124709
1299685 6744
1300594 124709
1301485 6744
1302394 124709
1303285 6744
1304185 0
1482166 7514
1495807 0
1497981 7514
1513422 0
1801705 58982
1801795 66496
1803076 6744
1803565 66496
1804936 6744
1805356 0
1808037 58982
1808127 66496
1809408 6744
1809897 66496
1811268 6744
1811697 66496
1813068 6744
1822488 0
1828326 58982
1828416 66496
1829697 6744
1830186 66496
1831557 6744
1831986 66496
1833357 6744
1839177 0
2179605 235930
2179695 242674
2181456 6744
2181645 242674
2183496 6744
2183685 242674
2185536 6744
2185785 242674
2187636 6744
2188656 0
2196663 235930
2196753 242674
2197369 6744
2197374 0
2212156 169032
2213956 45609
2215761 0
2749525 117965
2749615 125479
2750896 7514
2751256 0
2887195 3372
2892376 0
2912395 3372
2920756 0
2929795 3372
2935156 0
0 events for G

0 events for H

2 events for I
1863976 0
1863977 74
214 events for J
9049 3917
16248 4944
30626 5195
45949 4168
64848 5195
73870 4944
73881 3662
77459 1471
82849 444
88248 1471
99048 548
118849 444
127848 548
138659 485
138959 548
156649 444
163848 1471
192649 444
203448 548
228649 444
235848 548
268249 444
275448 548
305449 444
307859 382
308159 444
325848 548
340249 444
347448 548
347459 2738
376249 2635
383448 3662
412249 2635
419448 2738
426659 548
426670 798
450049 695
459048 798
480659 736
480670 485
480959 548
486049 444
491448 548
504049 444
513048 548
540049 444
549048 548
576049 444
585048 1471
613849 444
621048 548
651049 444
671448 548
687649 444
693048 548
725449 444
732648 548
761449 444
768648 548
797449 444
806448 548
826559 485
826859 548
833449 444
842448 548
871249 444
880248 548
910249 444
930648 548
946249 444
952248 548
981049 444
988248 548
1017049 444
1024248 548
1055449 444
1060248 548
1089049 444
1103448 548
1144849 444
1153848 548
1171859 2738
1180849 2635
1189848 2738
1191659 548
1218649 444
1225848 548
1255849 444
1258238 240
1269048 344
1272659 2534
1290649 2431
1290659 240
1297848 344
1328449 240
1337448 344
1366249 240
1373448 344
1402249 240
1413048 344
1438249 240
1447248 344
1476049 240
1483248 344
1515049 240
1535448 344
1549849 240
1557048 344
1585849 240
1593048 344
1621849 240
1632648 344
1659649 240
1665048 344
1695649 240
1701048 344
1749649 240
1758648 344
1776959 281
1777259 344
1787449 240
1794648 344
1823449 240
1830648 344
1860649 240
1860926 0
1860927 240
1863959 178
1864259 240
1877448 344
1897249 240
1906248 344
1933249 240
1942248 344
1971049 240
1978248 344
2007049 240
2014248 344
2036759 281
2037059 344
2043049 240
2050248 344
2080849 240
2089848 344
2118649 240
2133048 344
2136719 281
2137019 344
2190649 240
2201448 344
2226649 240
2233848 344
2252759 281
2253059 344
2264449 240
2269848 344
2302249 240
2309448 344
2336449 240
2345448 344
2376049 240
2382359 178
2382659 240
2392248 344
2428249 240
2435448 344
2464249 240
2467838 444
2485848 548
2500249 444
2507448 548
2514648 1471
2536281 2754
2538049 1727
2543448 1830
2548538 1626
2555099 1564
2555399 3817
2557881 2534
2575849 2431
2583048 2534
2611849 2431
2619048 2534
2620199 344
2640638 548
2647849 444
2655048 548
2687449 444
2694648 548
2723449 444
2727038 240
2729339 178
2729639 240
2745048 344
2759449 240
2766648 344
2773848 1267
2795449 240
2806248 344
2833249 240
2838648 344
2838670 594
2838681 1877
2860238 2081
2860248 3004
2881838 2800
2881848 1877
2881881 594
2894449 491
2899870 240
2900819 178
2901119 240
2903448 344
2937649 240
33 events for K
32698 0
32818 20
32998 252
47218 0
324838 20
325018 0
327178 20
327358 0
327418 28
581218 0
581878 20
582058 0
584218 20
584398 0
584458 56
652138 0
652378 243
1256578 0
1257178 224
1861378 0
2211418 20
2211598 0
2213758 20
2213938 0
2213998 28
2380138 0
2392438 20
2392618 0
2394778 20
2394958 0
2395018 126
2466538 0
2466778 305
2 events for L
1862716 0
1862717 2650
482 events for M
72152 12910592
72153 0
84122 12910592
84123 0
92651 12910592
92652 0
97601 12910592
97602 0
99727 12910592
99728 0
107865 12910592
107866 0
115922 12910592
115923 0
121207 12910592
121208 0
130922 12910592
130923 0
137521 12910592
137522 0
138723 12910592
138724 0
144898 12910592
144899 0
151622 12910592
151623 0
159808 12910592
159809 0
166713 12910592
166714 0
172365 12910592
172366 0
178022 12910592
178023 0
189229 12910592
189230 0
196536 12910592
196537 0
328627 12910592
328628 0
340061 12910592
340062 0
351206 12910592
351207 0
362490 12910592
362491 0
365790 12910592
365791 0
373235 12910592
373236 0
380680 12910592
380681 0
387722 12910592
387723 0
393722 12910592
393723 0
398827 12910592
398828 0
676322 12910592
676323 0
687122 12910592
687123 0
697456 12910592
697457 0
702122 12910592
702123 0
712682 12910592
712683 0
718927 12910592
718928 0
726122 12910592
726123 0
735122 12910592
735123 0
742321 12910592
742322 0
744808 12910592
744809 0
753722 12910592
753723 0
764522 12910592
764523 0
771722 12910592
771723 0
781622 12910592
781623 0
808327 12910592
808328 0
820151 12910592
820152 0
828726 12910592
828727 0
833887 12910592
833888 0
845565 12910592
845566 0
851372 12910592
851373 0
860479 12910592
860480 0
868086 12910592
868087 0
888105 12910592
888106 0
893608 12910592
893609 0
901365 12910592
901366 0
911227 12910592
911228 0
933422 12910592
933423 0
941822 12910592
941823 0
956001 12910592
956002 0
966842 12910592
966843 0
970595 12910592
970596 0
985230 12910592
985231 0
993355 12910592
993356 0
1001521 12910592
1001522 0
1006922 12910592
1006923 0
1017122 12910592
1017123 0
1034408 12910592
1034409 0
1045963 12910592
1045964 0
1056127 12910592
1056128 0
1065722 12910592
1065723 0
1074122 12910592
1074123 0
1081364 12910592
1081365 0
1084922 12910592
1084923 0
1091823 12910592
1091824 0
1105922 12910592
1105923 0
1112274 12910592
1112275 0
1117341 12910592
1117342 0
1124522 12910592
1124523 0
1129341 12910592
1129342 0
1145407 12910592
1145408 0
1156502 12910592
1156503 0
1166587 12910592
1166588 0
1171442 12910592
1171443 0
1175522 12910592
1175523 0
1177982 12910592
1177983 0
1228922 12910592
1228923 0
1234193 12910592
1234194 0
1239533 12910592
1239534 0
1242833 12910592
1242834 0
1249827 12910592
1249828 0
1256827 12910592
1256828 0
1275127 12910592
1275128 0
1276922 12910592
1276923 0
1293122 12910592
1293123 0
1295407 12910592
1295408 0
1487398 12910592
1487399 0
1490393 12910592
1490394 0
1492900 12910592
1492901 0
1495408 12910592
1495409 0
1498408 12910592
1498409 0
1501708 12910592
1501709 0
1504708 12910592
1504709 0
1508870 12910592
1508871 0
1513022 12910592
1513023 0
1516022 12910592
1516023 0
1538527 12910592
1538528 0
1540322 12910592
1540323 0
1542122 12910592
1542123 0
1545722 12910592
1545723 0
1549322 12910592
1549323 0
1553522 12910592
1553523 0
1560727 12910592
1560728 0
1563122 12910592
1563123 0
1566122 12910592
1566123 0
1611889 12910592
1611890 0
1613587 12910592
1613588 0
1619124 12910592
1619125 0
1623359 12910592
1623360 0
1626359 12910592
1626360 0
1634822 12910592
1634823 0
1638127 12910592
1638128 0
1729322 12910592
1729323 0
1735622 12910592
1735623 0
1739222 12910592
1739223 0
1742822 12910592
1742823 0
1746422 12910592
1746423 0
1750081 12910592
1750082 0
1753976 12910592
1753977 0
1761122 12910592
1761123 0
1771867 12910592
1771868 0
1811859 12910592
1811860 0
1815722 12910592
1815723 0
1819322 12910592
1819323 0
1822922 12910592
1822923 0
1826743 12910592
1826744 0
1833648 12910592
1833649 0
1839122 12910592
1839123 0
1843922 12910592
1843923 0
1887057 12910592
1887058 0
1890060 12910592
1890061 0
1893604 12910592
1893605 0
1897151 12910592
1897152 0
1900151 12910592
1900152 0
1907051 12910592
1907052 0
1910051 12910592
1910052 0
1912861 12910592
1912862 0
1915665 12910592
1915666 0
1918665 12910592
1918666 0
1996265 12910592
1996266 0
2001122 12910592
2001123 0
2005922 12910592
2005923 0
2010842 12910592
2010843 0
2018165 12910592
2018166 0
2021702 12910592
2021703 0
2025242 12910592
2025243 0
2029622 12910592
2029623 0
2033102 12910592
2033103 0
2037122 12910592
2037123 0
2039585 12910592
2039586 0
2138466 12910592
2138467 0
2144402 12910592
2144403 0
2152442 12910592
2152443 0
2160485 12910592
2160486 0
2183644 12910592
2183645 0
2188951 12910592
2188952 0
2194480 12910592
2194481 0
2201822 12910592
2201823 0
2206322 12910592
2206323 0
2211122 12910592
2211123 0
2216569 12910592
2216570 0
2224014 12910592
2224015 0
2231342 12910592
2231343 0
2238359 12910592
2238360 0
2244003 12910592
2244004 0
2249648 12910592
2249649 0
2255394 12910592
2255395 0
2261614 12910592
2261615 0
2267838 12910592
2267839 0
2277133 12910592
2277134 0
2438443 12910592
2438444 0
2441443 12910592
2441444 0
2443791 12910592
2443792 0
2446133 12910592
2446134 0
2449133 12910592
2449134 0
2452433 12910592
2452434 0
2455433 12910592
2455434 0
2459427 12910592
2459428 0
2463422 12910592
2463423 0
2466425 12910592
2466426 0
2490757 12910592
2490758 0
2497622 12910592
2497623 0
2504782 12910592
2504783 0
2514122 12910592
2514123 0
2523465 12910592
2523466 0
2526768 12910592
2526769 0
2534265 12910592
2534266 0
2541765 12910592
2541766 0
2549645 12910592
2549646 0
2556721 12910592
2556722 0
2564467 12910592
2564468 0
2571457 12910592
2571458 0
2578202 12910592
2578203 0
2586122 12910592
2586123 0
2596922 12910592
2596923 0
2601125 12910592
2601126 0
2614922 12910592
2614923 0
2624032 12910592
2624033 0
2630586 12910592
2630587 0
2640486 12910592
2640487 0
2647322 12910592
2647323 0
2650922 12910592
2650923 0
2659965 12910592
2659966 0
2664122 12910592
2664123 0
2668205 12910592
2668206 0
2676122 12910592
2676123 0
2679602 12910592
2679603 0
2684522 12910592
2684523 0
2689624 12910592
2689625 0
2706482 12910592
2706483 0
2750822 12910592
2750823 0
2755922 12910592
2755923 0
2763122 12910592
2763123 0
2770923 12910592
2770924 0
2781242 12910592
2781243 0
2784962 12910592
2784963 0
2791471 12910592
2791472 0
2799642 12910592
2799643 0
2809322 12910592
2809323 0
2815862 12910592
2815863 0
2821922 12910592
2821923 0
2828800 12910592
2828801 0
2835122 12910592
2835123 0
2843459 12910592
2843460 0
2848884 12910592
2848885 0
2860502 12910592
2860503 0
2866884 12910592
2866885 0
2873522 12910592
2873523 0
2889272 12910592
2889273 0
2895122 12910592
2895123 0
2910122 12910592
2910123 0
2922722 12910592
2922723 0
2938022 12910592
2938023 0
81 events for N
65456 2414
67296 1285
434582 2414
436422 1285
455072 2057
505440 706
619396 2057
651256 706
670256 2414
672096 706
692185 1285
725013 706
1039382 2414
1041222 706
1091456 2414
1098816 706
1101109 1772
1130650 1285
1146439 706
1150819 1285
1182998 706
1187198 1285
1219377 706
1276170 2414
1278010 706
1304776 1285
1310356 706
1324487 1285
1326467 706
1564156 1285
1587714 706
1591914 1285
1605903 706
1608123 1772
1623793 706
1628413 1772
1644182 2414
1646542 1772
1660172 706
1715156 2414
1724916 706
1756999 1285
1787776 706
1791998 1285
1801456 706
1860856 0
1860857 487
1880970 2414
1882810 487
1955227 2414
1971427 487
1975842 2414
2008670 487
2012870 2414
2045699 487
2248982 2414
2250822 487
2277256 2414
2301650 487
2305851 2414
2338029 487
2342230 2414
2345830 487
2363830 2414
2367430 487
2377109 2414
2379256 487
2390656 2414
2428977 487
2484656 2414
2502385 487
2506585 2414
2514556 487
2560096 2414
2575881 487
2765135 2414
2772556 487
2801559 2414
2833599 487
2853782 2414
2855622 487
46 events for O
1901286 1000
1902286 0
1946994 1000
1947994 0
1992893 1000
1993893 0
2039016 1000
2040016 0
2085464 1000
2086464 0
2132271 1000
2133271 0
2197079 1000
2198079 0
2242698 1000
2243698 0
2287573 1000
2288573 0
2327945 1000
2328009 0
2340556 1000
2341556 0
2377163 1000
2378163 0
2421564 1000
2422564 0
2465896 1000
2466896 0
2527749 1000
2528749 0
2589759 1000
2590759 0
2641427 1000
2642427 0
2685259 1000
2686259 0
2728808 1000
2729808 0
2772151 1000
2773151 0
2815261 1000
2816261 0
2858021 1000
2859021 0
2900570 1000
2901570 0
214 events for P
9990 3917
17189 4944
31567 5195
46890 4168
65789 5195
74811 4944
74822 3662
78400 1471
83790 444
89189 1471
99989 548
119790 444
128789 548
139600 485
139900 548
157590 444
164789 1471
193590 444
204389 548
229590 444
236789 548
269190 444
276389 548
306390 444
308800 382
309100 444
326789 548
341190 444
348389 548
348400 2738
377190 2635
384389 3662
413190 2635
420389 2738
427600 548
427611 798
450990 695
459989 798
481600 736
481611 485
481900 548
486990 444
492389 548
504990 444
513989 548
540990 444
549989 548
576990 444
585989 1471
614790 444
621989 548
651990 444
672389 548
688590 444
693989 548
726390 444
733589 548
762390 444
769589 548
798390 444
807389 548
827500 485
827800 548
834390 444
843389 548
872190 444
881189 548
911190 444
931589 548
947190 444
953189 548
981990 444
989189 548
1017990 444
1025189 548
1056390 444
1061189 548
1089990 444
1104389 548
1145790 444
1154789 548
1172800 2738
1181790 2635
1190789 2738
1192600 548
1219590 444
1226789 548
1256790 444
1259179 240
1269989 344
1273600 2534
1291590 2431
1291600 240
1298789 344
1329390 240
1338389 344
1367190 240
1374389 344
1403190 240
1413989 344
1439190 240
1448189 344
1476990 240
1484189 344
1515990 240
1536389 344
1550790 240
1557989 344
1586790 240
1593989 344
1622790 240
1633589 344
1660590 240
1665989 344
1696590 240
1701989 344
1750590 240
1759589 344
1777900 281
1778200 344
1788390 240
1795589 344
1824390 240
1831589 344
1861590 240
1861867 0
1861868 240
1864900 178
1865200 240
1878389 344
1898190 240
1907189 344
1934190 240
1943189 344
1971990 240
1979189 344
2007990 240
2015189 344
2037700 281
2038000 344
2043990 240
2051189 344
2081790 240
2090789 344
2119590 240
2133989 344
2137660 281
2137960 344
2191590 240
2202389 344
2227590 240
2234789 344
2253700 281
2254000 344
2265390 240
2270789 344
2303190 240
2310389 344
2337390 240
2346389 344
2376990 240
2383300 178
2383600 240
2393189 344
2429190 240
2436389 344
2465190 240
2468779 444
2486789 548
2501190 444
2508389 548
2515589 1471
2537222 2754
2538990 1727
2544389 1830
2549479 1626
2556040 1564
2556340 3817
2558822 2534
2576790 2431
2583989 2534
2612790 2431
2619989 2534
2621140 344
2641579 548
2648790 444
2655989 548
2688390 444
2695589 548
2724390 444
2727979 240
2730280 178
2730580 240
2745989 344
2760390 240
2767589 344
2774789 1267
2796390 240
2807189 344
2834190 240
2839589 344
2839611 594
2839622 1877
2861179 2081
2861189 3004
2882779 2800
2882789 1877
2882822 594
2895390 491
2900811 240
2901760 178
2902060 240
2904389 344
2938590 240
482 events for Q
68986 12910592
68987 0
80956 12910592
80957 0
89485 12910592
89486 0
94435 12910592
94436 0
96561 12910592
96562 0
104699 12910592
104700 0
112756 12910592
112757 0
118041 12910592
118042 0
127756 12910592
127757 0
134355 12910592
134356 0
135557 12910592
135558 0
141732 12910592
141733 0
148456 12910592
148457 0
156642 12910592
156643 0
163547 12910592
163548 0
169199 12910592
169200 0
174856 12910592
174857 0
186063 12910592
186064 0
193370 12910592
193371 0
325461 12910592
325462 0
336895 12910592
336896 0
348040 12910592
348041 0
359324 12910592
359325 0
362624 12910592
362625 0
370069 12910592
370070 0
377514 12910592
377515 0
384556 12910592
384557 0
390556 12910592
390557 0
395661 12910592
395662 0
673156 12910592
673157 0
683956 12910592
683957 0
694290 12910592
694291 0
698956 12910592
698957 0
709516 12910592
709517 0
715761 12910592
715762 0
722956 12910592
722957 0
731956 12910592
731957 0
739155 12910592
739156 0
741642 12910592
741643 0
750556 12910592
750557 0
761356 12910592
761357 0
768556 12910592
768557 0
778456 12910592
778457 0
805161 12910592
805162 0
816985 12910592
816986 0
825560 12910592
825561 0
830721 12910592
830722 0
842399 12910592
842400 0
848206 12910592
848207 0
857313 12910592
857314 0
864920 12910592
864921 0
884939 12910592
884940 0
890442 12910592
890443 0
898199 12910592
898200 0
908061 12910592
908062 0
930256 12910592
930257 0
938656 12910592
938657 0
952835 12910592
952836 0
963676 12910592
963677 0
967429 12910592
967430 0
982064 12910592
982065 0
990189 12910592
990190 0
998355 12910592
998356 0
1003756 12910592
1003757 0
1013956 12910592
1013957 0
1031242 12910592
1031243 0
1042797 12910592
1042798 0
1052961 12910592
1052962 0
1062556 12910592
1062557 0
1070956 12910592
1070957 0
1078198 12910592
1078199 0
1081756 12910592
1081757 0
1088657 12910592
1088658 0
1102756 12910592
1102757 0
1109108 12910592
1109109 0
1114175 12910592
1114176 0
1121356 12910592
1121357 0
1126175 12910592
1126176 0
1142241 12910592
1142242 0
1153336 12910592
1153337 0
1163421 12910592
1163422 0
1168276 12910592
1168277 0
1172356 12910592
1172357 0
1174816 12910592
1174817 0
1225756 12910592
1225757 0
1231027 12910592
1231028 0
1236367 12910592
1236368 0
1239667 12910592
1239668 0
1246661 12910592
1246662 0
1253661 12910592
1253662 0
1271961 12910592
1271962 0
1273756 12910592
1273757 0
1289956 12910592
1289957 0
1292241 12910592
1292242 0
1484232 12910592
1484233 0
1487227 12910592
1487228 0
1489734 12910592
1489735 0
1492242 12910592
1492243 0
1495242 12910592
1495243 0
1498542 12910592
1498543 0
1501542 12910592
1501543 0
1505704 12910592
1505705 0
1509856 12910592
1509857 0
1512856 12910592
1512857 0
1535361 12910592
1535362 0
1537156 12910592
1537157 0
1538956 12910592
1538957 0
1542556 12910592
1542557 0
1546156 12910592
1546157 0
1550356 12910592
1550357 0
1557561 12910592
1557562 0
1559956 12910592
1559957 0
1562956 12910592
1562957 0
1608723 12910592
1608724 0
1610421 12910592
1610422 0
1615958 12910592
1615959 0
1620193 12910592
1620194 0
1623193 12910592
1623194 0
1631656 12910592
1631657 0
1634961 12910592
1634962 0
1726156 12910592
1726157 0
1732456 12910592
1732457 0
1736056 12910592
1736057 0
1739656 12910592
1739657 0
1743256 12910592
1743257 0
1746915 12910592
1746916 0
1750810 12910592
1750811 0
1757956 12910592
1757957 0
1768701 12910592
1768702 0
1808693 12910592
1808694 0
1812556 12910592
1812557 0
1816156 12910592
1816157 0
1819756 12910592
1819757 0
1823577 12910592
1823578 0
1830482 12910592
1830483 0
1835956 12910592
1835957 0
1840756 12910592
1840757 0
1883891 12910592
1883892 0
1886894 12910592
1886895 0
1890438 12910592
1890439 0
1893985 12910592
1893986 0
1896985 12910592
1896986 0
1903885 12910592
1903886 0
1906885 12910592
1906886 0
1909695 12910592
1909696 0
1912499 12910592
1912500 0
1915499 12910592
1915500 0
1993099 12910592
1993100 0
1997956 12910592
1997957 0
2002756 12910592
2002757 0
2007676 12910592
2007677 0
2014999 12910592
2015000 0
2018536 12910592
2018537 0
2022076 12910592
2022077 0
2026456 12910592
2026457 0
2029936 12910592
2029937 0
2033956 12910592
2033957 0
2036419 12910592
2036420 0
2135300 12910592
2135301 0
2141236 12910592
2141237 0
2149276 12910592
2149277 0
2157319 12910592
2157320 0
2180478 12910592
2180479 0
2185785 12910592
2185786 0
2191314 12910592
2191315 0
2198656 12910592
2198657 0
2203156 12910592
2203157 0
2207956 12910592
2207957 0
2213403 12910592
2213404 0
2220848 12910592
2220849 0
2228176 12910592
2228177 0
2235193 12910592
2235194 0
2240837 12910592
2240838 0
2246482 12910592
2246483 0
2252228 12910592
2252229 0
2258448 12910592
2258449 0
2264672 12910592
2264673 0
2273967 12910592
2273968 0
2435277 12910592
2435278 0
2438277 12910592
2438278 0
2440625 12910592
2440626 0
2442967 12910592
2442968 0
2445967 12910592
2445968 0
2449267 12910592
2449268 0
2452267 12910592
2452268 0
2456261 12910592
2456262 0
2460256 12910592
2460257 0
2463259 12910592
2463260 0
2487591 12910592
2487592 0
2494456 12910592
2494457 0
2501616 12910592
2501617 0
2510956 12910592
2510957 0
2520299 12910592
2520300 0
2523602 12910592
2523603 0
2531099 12910592
2531100 0
2538599 12910592
2538600 0
2546479 12910592
2546480 0
2553555 12910592
2553556 0
2561301 12910592
2561302 0
2568291 12910592
2568292 0
2575036 12910592
2575037 0
2582956 12910592
2582957 0
2593756 12910592
2593757 0
2597959 12910592
2597960 0
2611756 12910592
2611757 0
2620866 12910592
2620867 0
2627420 12910592
2627421 0
2637320 12910592
2637321 0
2644156 12910592
2644157 0
2647756 12910592
2647757 0
2656799 12910592
2656800 0
2660956 12910592
2660957 0
2665039 12910592
2665040 0
2672956 12910592
2672957 0
2676436 12910592
2676437 0
2681356 12910592
2681357 0
2686458 12910592
2686459 0
2703316 12910592
2703317 0
2747656 12910592
2747657 0
2752756 12910592
2752757 0
2759956 12910592
2759957 0
2767757 12910592
2767758 0
2778076 12910592
2778077 0
2781796 12910592
2781797 0
2788305 12910592
2788306 0
2796476 12910592
2796477 0
2806156 12910592
2806157 0
2812696 12910592
2812697 0
2818756 12910592
2818757 0
2825634 12910592
2825635 0
2831956 12910592
2831957 0
2840293 12910592
2840294 0
2845718 12910592
2845719 0
2857336 12910592
2857337 0
2863718 12910592
2863719 0
2870356 12910592
2870357 0
2886106 12910592
2886107 0
2891956 12910592
2891957 0
2906956 12910592
2906957 0
2919556 12910592
2919557 0
2934856 12910592
2934857 0
482 events for R
69681 12910592
69682 0
81651 12910592
81652 0
90180 12910592
90181 0
95130 12910592
95131 0
97256 12910592
97257 0
105394 12910592
105395 0
113451 12910592
113452 0
118736 12910592
118737 0
128451 12910592
128452 0
135050 12910592
135051 0
136252 12910592
136253 0
142427 12910592
142428 0
149151 12910592
149152 0
157337 12910592
157338 0
164242 12910592
164243 0
169894 12910592
169895 0
175551 12910592
175552 0
186758 12910592
186759 0
194065 12910592
194066 0
326156 12910592
326157 0
337590 12910592
337591 0
348735 12910592
348736 0
360019 12910592
360020 0
363319 12910592
363320 0
370764 12910592
370765 0
378209 12910592
378210 0
385251 12910592
385252 0
391251 12910592
391252 0
396356 12910592
396357 0
673851 12910592
673852 0
684651 12910592
684652 0
694985 12910592
694986 0
699651 12910592
699652 0
710211 12910592
710212 0
716456 12910592
716457 0
723651 12910592
723652 0
732651 12910592
732652 0
739850 12910592
739851 0
742337 12910592
742338 0
751251 12910592
751252 0
762051 12910592
762052 0
769251 12910592
769252 0
779151 12910592
779152 0
805856 12910592
805857 0
817680 12910592
817681 0
826255 12910592
826256 0
831416 12910592
831417 0
843094 12910592
843095 0
848901 12910592
848902 0
858008 12910592
858009 0
865615 12910592
865616 0
885634 12910592
885635 0
891137 12910592
891138 0
898894 12910592
898895 0
908756 12910592
908757 0
930951 12910592
930952 0
939351 12910592
939352 0
953530 12910592
953531 0
964371 12910592
964372 0
968124 12910592
968125 0
982759 12910592
982760 0
990884 12910592
990885 0
999050 12910592
999051 0
1004451 12910592
1004452 0
1014651 12910592
1014652 0
1031937 12910592
1031938 0
1043492 12910592
1043493 0
1053656 12910592
1053657 0
1063251 12910592
1063252 0
1071651 12910592
1071652 0
1078893 12910592
1078894 0
1082451 12910592
1082452 0
1089352 12910592
1089353 0
1103451 12910592
1103452 0
1109803 12910592
1109804 0
1114870 12910592
1114871 0
1122051 12910592
1122052 0
1126870 12910592
1126871 0
1142936 12910592
1142937 0
1154031 12910592
1154032 0
1164116 12910592
1164117 0
1168971 12910592
1168972 0
1173051 12910592
1173052 0
1175511 12910592
1175512 0
1226451 12910592
1226452 0
1231722 12910592
1231723 0
1237062 12910592
1237063 0
1240362 12910592
1240363 0
1247356 12910592
1247357 0
1254356 12910592
1254357 0
1272656 12910592
1272657 0
1274451 12910592
1274452 0
1290651 12910592
1290652 0
1292936 12910592
1292937 0
1484927 12910592
1484928 0
1487922 12910592
1487923 0
1490429 12910592
1490430 0
1492937 12910592
1492938 0
1495937 12910592
1495938 0
1499237 12910592
1499238 0
1502237 12910592
1502238 0
1506399 12910592
1506400 0
1510551 12910592
1510552 0
1513551 12910592
1513552 0
1536056 12910592
1536057 0
1537851 12910592
1537852 0
1539651 12910592
1539652 0
1543251 12910592
1543252 0
1546851 12910592
1546852 0
1551051 12910592
1551052 0
1558256 12910592
1558257 0
1560651 12910592
1560652 0
1563651 12910592
1563652 0
1609418 12910592
1609419 0
1611116 12910592
1611117 0
1616653 12910592
1616654 0
1620888 12910592
1620889 0
1623888 12910592
1623889 0
1632351 12910592
1632352 0
1635656 12910592
1635657 0
1726851 12910592
1726852 0
1733151 12910592
1733152 0
1736751 12910592
1736752 0
1740351 12910592
1740352 0
1743951 12910592
1743952 0
1747610 12910592
1747611 0
1751505 12910592
1751506 0
1758651 12910592
1758652 0
1769396 12910592
1769397 0
1809388 12910592
1809389 0
1813251 12910592
1813252 0
1816851 12910592
1816852 0
1820451 12910592
1820452 0
1824272 12910592
1824273 0
1831177 12910592
1831178 0
1836651 12910592
1836652 0
1841451 12910592
1841452 0
1884586 12910592
1884587 0
1887589 12910592
1887590 0
1891133 12910592
1891134 0
1894680 12910592
1894681 0
1897680 12910592
1897681 0
1904580 12910592
1904581 0
1907580 12910592
1907581 0
1910390 12910592
1910391 0
1913194 12910592
1913195 0
1916194 12910592
1916195 0
1993794 12910592
1993795 0
1998651 12910592
1998652 0
2003451 12910592
2003452 0
2008371 12910592
2008372 0
2015694 12910592
2015695 0
2019231 12910592
2019232 0
2022771 12910592
2022772 0
2027151 12910592
2027152 0
2030631 12910592
2030632 0
2034651 12910592
2034652 0
2037114 12910592
2037115 0
2135995 12910592
2135996 0
2141931 12910592
2141932 0
2149971 12910592
2149972 0
2158014 12910592
2158015 0
2181173 12910592
2181174 0
2186480 12910592
2186481 0
2192009 12910592
2192010 0
2199351 12910592
2199352 0
2203851 12910592
2203852 0
2208651 12910592
2208652 0
2214098 12910592
2214099 0
2221543 12910592
2221544 0
2228871 12910592
2228872 0
2235888 12910592
2235889 0
2241532 12910592
2241533 0
2247177 12910592
2247178 0
2252923 12910592
2252924 0
2259143 12910592
2259144 0
2265367 12910592
2265368 0
2274662 12910592
2274663 0
2435972 12910592
2435973 0
2438972 12910592
2438973 0
2441320 12910592
2441321 0
2443662 12910592
2443663 0
2446662 12910592
2446663 0
2449962 12910592
2449963 0
2452962 12910592
2452963 0
2456956 12910592
2456957 0
2460951 12910592
2460952 0
2463954 12910592
2463955 0
2488286 12910592
2488287 0
2495151 12910592
2495152 0
2502311 12910592
2502312 0
2511651 12910592
2511652 0
2520994 12910592
2520995 0
2524297 12910592
2524298 0
2531794 12910592
2531795 0
2539294 12910592
2539295 0
2547174 12910592
2547175 0
2554250 12910592
2554251 0
2561996 12910592
2561997 0
2568986 12910592
2568987 0
2575731 12910592
2575732 0
2583651 12910592
2583652 0
2594451 12910592
2594452 0
2598654 12910592
2598655 0
2612451 12910592
2612452 0
2621561 12910592
2621562 0
2628115 12910592
2628116 0
2638015 12910592
2638016 0
2644851 12910592
2644852 0
2648451 12910592
2648452 0
2657494 12910592
2657495 0
2661651 12910592
2661652 0
2665734 12910592
2665735 0
2673651 12910592
2673652 0
2677131 12910592
2677132 0
2682051 12910592
2682052 0
2687153 12910592
2687154 0
2704011 12910592
2704012 0
2748351 12910592
2748352 0
2753451 12910592
2753452 0
2760651 12910592
2760652 0
2768452 12910592
2768453 0
2778771 12910592
2778772 0
2782491 12910592
2782492 0
2789000 12910592
2789001 0
2797171 12910592
2797172 0
2806851 12910592
2806852 0
2813391 12910592
2813392 0
2819451 12910592
2819452 0
2826329 12910592
2826330 0
2832651 12910592
2832652 0
2840988 12910592
2840989 0
2846413 12910592
2846414 0
2858031 12910592
2858032 0
2864413 12910592
2864414 0
2871051 12910592
2871052 0
2886801 12910592
2886802 0
2892651 12910592
2892652 0
2907651 12910592
2907652 0
2920251 12910592
2920252 0
2935551 12910592
2935552 0
