20 instruments
A 10 100 309096.09667920991 262843801.48639998
B 10 100 0.00018113117344584602 933503441.77673233
C 10 100 177168740.44080633 781629408.46013641
D 10 100 1517960000 4000000000
E 10 100 45126217.813212499 1435691857.5629289
F 10 100 38499.176269411204 51488453.781630412
G 10 100 20805.899747385713 886615046.05336845
H 10 100 0 296462475.07613176
I 10 100 2312500 800000000
J 10 100 763800535.41096985 7041040280.2382517
K 10 100 24955.266722182481 180753403.14844713
L 10 100 47192398.279190399 1501427445.7644184
M 10 100 23264.147255000564 168504461.78361657
N 10 100 0.000155227 800000000
O 10 100 1935.2198577632046 529743673.63920057
P 10 100 192158478.34180248 847760826.1096437
Q 10 100 0.00018444817663405244 950598422.35720563
R 10 100 183507440.74517861 809594356.20986629
S 10 100 7196.0339286610251 2810950753.383213
T 10 100 40786.332763907049 54547276.407707497
100 downlinks
0 19800 49577 17825.048205999999
1 49578 67745 16584.801629000001
2 91816 96499 56583.634539999999
3 120738 135056 54510.231771999999
4 137178 152542 17937.152144
5 178088 221962 61000.683803
6 221963 249338 18467.928540000001
7 264361 308238 25417.817937
8 308239 327328 19015.030229
9 330078 347128 24567.032964000002
10 365400 394577 17828.859713000002
11 394578 411962 17701.536620999999
12 436911 480795 25418.320157999999
13 480796 501418 17542.270487000002
14 502578 528436 23159.729212999999
15 528437 567073 59981.281416999998
16 567074 597076 17972.728726000001
17 597077 613056 22999.291153999999
18 614837 654623 56629.461013
19 667800 674336 23614.41446
20 679877 701139 22122.706344999999
21 701176 739875 59998.788971000002
22 739876 757341 17624.346496999999
23 782015 826275 61074.347796000002
24 826276 843861 17138.572087
25 868291 913175 61181.460402999997
26 913176 932357 17433.778816999999
27 933675 950344 23082.352213999999
28 970200 999423 17883.640805999999
29 999424 1023140 17543.785331999999
30 1023675 1046233 22376.399878
31 1046234 1080073 58655.879155000002
32 1080074 1103435 17582.023593000002
33 1105574 1117118 58623.309652000004
34 1127127 1168572 15119.160288999999
35 1168573 1190199 16914.110455999999
36 1194973 1207189 55409.676240000001
37 1213406 1243421 14837.924851
38 1244310 1247704 18937.599925999999
39 1278072 1294888 56160.945200000002
40 1299686 1347970 56661.696495999997
41 1347971 1360266 56748.807657999998
42 1364471 1376676 58852.465277000003
43 1396870 1423170 17334.486729
44 1429871 1472246 60764.045818999999
45 1472247 1519663 24005.080918
46 1527369 1531566 18969.341575999999
47 1536969 1558329 18036.499982000001
48 1581368 1593440 52719.905522000001
49 1602442 1633051 54389.954824
50 1656966 1668740 17991.02982
51 1688727 1730446 61717.871531999997
52 1731094 1776643 24930.695499000001
53 1795565 1819204 22398.438724
54 1834200 1862647 17244.778962
55 1865463 1877801 18220.925300999999
56 1894563 1906123 58678.576760000004
57 1909322 1949161 58555.537063999996
58 1949162 1964047 18992.23504
59 1981862 2018383 13796.402593000001
60 2033878 2072159 59962.626314000001
61 2072160 2078069 23204.996364999999
62 2095500 2118635 60314.874481999999
63 2121059 2137467 18020.649063000001
64 2179800 2207240 17416.188300000002
65 2233257 2253543 17116.766715000002
66 2254255 2260753 60234.572946
67 2264755 2284848 16963.427941999998
68 2292746 2335084 60809.052052999999
69 2335085 2360164 23716.228502000002
70 2360753 2368255 18029.108412000001
71 2371913 2374993 60100.563959999999
72 2439000 2465425 17729.224104000001
73 2498751 2510833 17589.138943000002
74 2513509 2545848 58302.529763999999
75 2545849 2563293 18080.346756999999
76 2571649 2599285 55874.873438000002
77 2605247 2628473 60291.091052000003
78 2637912 2680234 60832.041154999999
79 2680235 2718344 24945.773354000001
80 2718345 2742158 18650.039686
81 2784600 2810215 17801.393711000001
82 2810648 2813791 18241.361444999999
83 2830242 2853075 24067.369501000001
84 2854240 2878223 56712.888793999999
85 2904340 2913195 58370.132263
86 2916711 2937551 58005.525035999999
87 2939102 2976937 24930.123806
88 2976938 2998111 16739.689300999999
89 3043800 3068367 18181.419744999999
90 3090335 3115951 18610.315675999998
91 3117393 3155781 59847.283359000001
92 3157233 3173308 18063.419893999999
93 3177933 3202738 18186.627066000001
94 3203790 3219637 56843.492619999997
95 3241970 3275429 9175.5815739999998
96 3275430 3286919 9288.5908459999991
97 3290187 3328186 29976.478185
98 3330327 3347364 8340.6453669999992
99 3356727 3367030 28164.287346000001
0 opportunities for A
0 opportunities for B
0 opportunities for C
0 opportunities for D
0 opportunities for E
0 opportunities for F
0 opportunities for G
0 opportunities for H
0 opportunities for I
0 opportunities for J
0 opportunities for K
0 opportunities for L
0 opportunities for M
0 opportunities for N
0 opportunities for O
0 opportunities for P
0 opportunities for Q
0 opportunities for R
0 opportunities for S
0 opportunities for T
73 events for A
5790 185
345090 0
345690 185
949890 0
950490 185
1554690 0
1555290 185
2159490 0
2178150 20
2178330 0
2180490 20
2180670 0
2180730 62
2227170 0
2227830 20
2228010 0
2230170 20
2230350 0
2230410 62
2276850 0
2276970 20
2277150 289
2290410 0
2309790 20
2324362 0
2325022 20
2325202 0
2327362 20
2327542 0
2327602 62
2374042 0
2374822 20
2523090 0
2523870 20
2524050 0
2526210 20
2526390 0
2526450 53
2579910 0
2580570 20
2580750 0
2582910 20
2583090 0
2583150 53
2636610 0
2637270 20
2637450 0
2639610 20
2639790 0
2639850 53
2693310 0
2693970 20
2694150 0
2696310 20
2696490 0
2696550 53
2750010 0
2750130 20
2750310 252
2764530 0
3042150 20
3042330 0
3044490 20
3044670 0
3044730 28
3298530 0
3299190 20
3299370 0
3301530 20
3301710 0
3301770 56
3369450 0
3369690 243
458 events for B
25569 12910592
25570 0
32774 12910592
32775 0
53774 12910592
53775 0
59169 12910592
59170 0
62769 12910592
62770 0
66669 12910592
66670 0
70569 12910592
70570 0
80589 12910592
80590 0
84369 12910592
84370 0
88269 12910592
88270 0
95229 12910592
95230 0
105249 12910592
105250 0
117609 12910592
117610 0
124149 12910592
124150 0
133689 12910592
133690 0
140894 12910592
140895 0
153369 12910592
153370 0
160574 12910592
160575 0
167949 1089536
167950 0
172269 12910592
172270 0
177074 12910592
177075 0
180069 1089536
180070 0
182834 12910592
182835 0
367269 12910592
367270 0
374649 12910592
374650 0
382089 12910592
382090 0
388994 12910592
388995 0
399969 12910592
399970 0
410774 12910592
410775 0
424869 12910592
424870 0
428769 12910592
428770 0
432369 12910592
432370 0
435189 12910592
435190 0
442569 12910592
442570 0
446769 12910592
446770 0
463874 12910592
463875 0
467589 12910592
467590 0
479709 12910592
479710 0
482949 12910592
482950 0
486134 12910592
486135 0
495729 12910592
495730 0
499509 12910592
499510 0
515169 12910592
515170 0
522854 12910592
522855 0
528069 1089536
528070 0
531489 12910592
531490 0
535269 12910592
535270 0
538749 1089536
538750 0
541754 12910592
541755 0
669674 12910592
669675 0
673269 12910592
673270 0
676869 12910592
676870 0
680469 12910592
680470 0
684489 12910592
684490 0
691394 12910592
691395 0
694989 12910592
694990 0
711854 12910592
711855 0
718269 1089536
718270 0
726969 12910592
726970 0
734774 12910592
734775 0
744249 1089536
744250 0
752769 12910592
752770 0
762669 12910592
762670 0
772569 1089536
772570 0
780069 12910592
780070 0
789669 12910592
789670 0
798134 12910592
798135 0
803769 1089536
803770 0
813969 12910592
813970 0
821474 12910592
821475 0
830589 1089536
830590 0
839169 12910592
839170 0
851529 12910592
851530 0
858669 1089536
858670 0
862389 12910592
862390 0
1043589 12910592
1043590 0
1055169 1089536
1055170 0
1064949 12910592
1064950 0
1075509 12910592
1075510 0
1082174 12910592
1082175 0
1091169 1089536
1091170 0
1101134 12910592
1101135 0
1110369 12910592
1110370 0
1117569 1089536
1117570 0
1124469 12910592
1124470 0
1134549 12910592
1134550 0
1138389 1089536
1138390 0
1140609 12910592
1140610 0
1146729 12910592
1146730 0
1204034 12910592
1204035 0
1207569 1089536
1207570 0
1211174 12910592
1211175 0
1214769 1089536
1214770 0
1217714 12910592
1217715 0
1238654 12910592
1238655 0
1244169 1089536
1244170 0
1248369 12910592
1248370 0
1252269 12910592
1252270 0
1274769 1089536
1274770 0
1278489 12910592
1278490 0
1283169 1089536
1283170 0
1288569 12910592
1288570 0
1300269 12910592
1300270 0
1312509 1089536
1312510 0
1321574 12910592
1321575 0
1331769 12910592
1331770 0
1341374 12910592
1341375 0
1350369 12910592
1350370 0
1359369 1089536
1359370 0
1368669 12910592
1368670 0
1377069 1089536
1377070 0
1384569 12910592
1384570 0
1388474 12910592
1388475 0
1527494 12910592
1527495 0
1530369 1089536
1530370 0
1533969 12910592
1533970 0
1537749 12910592
1537750 0
1544769 1089536
1544770 0
1548074 12910592
1548075 0
1551369 12910592
1551370 0
1578969 12910592
1578970 0
1586049 1089536
1586050 0
1593189 12910592
1593190 0
1600094 12910592
1600095 0
1605369 1089536
1605370 0
1611669 12910592
1611670 0
1614969 12910592
1614970 0
1620374 12910592
1620375 0
1625769 1089536
1625770 0
1630209 12910592
1630210 0
1674129 12910592
1674130 0
1677969 1089536
1677970 0
1681574 12910592
1681575 0
1685769 1089536
1685770 0
1689069 12910592
1689070 0
1691769 12910592
1691770 0
1697769 1089536
1697770 0
1700594 12910592
1700595 0
1763414 12910592
1763415 0
1767969 12910592
1767970 0
1773069 1089536
1773070 0
1777569 12910592
1777570 0
1785794 12910592
1785795 0
1800129 12910592
1800130 0
1803969 1089536
1803970 0
1807569 12910592
1807570 0
1811169 1089536
1811170 0
1813869 12910592
1813870 0
1873209 12910592
1873210 0
1877174 12910592
1877175 0
1880769 1089536
1880770 0
1884369 12910592
1884370 0
1888089 1089536
1888090 0
1894989 12910592
1894990 0
1898594 12910592
1898595 0
1902189 1089536
1902190 0
1906269 12910592
1906270 0
2004129 12910592
2004130 0
2007734 12910592
2007735 0
2011329 1089536
2011330 0
2015409 12910592
2015410 0
2018709 1089536
2018710 0
2022309 12910592
2022310 0
2025909 1089536
2025910 0
2029514 12910592
2029515 0
2033589 12910592
2033590 0
2184674 12910592
2184675 0
2189319 12910592
2189320 0
2196969 12910592
2196970 0
2204903 12910592
2204904 0
2216362 12910592
2216363 0
2235026 12910592
2235027 0
2241926 12910592
2241927 0
2244407 12910592
2244408 0
2248569 12910592
2248570 0
2252170 12910592
2252171 0
2256845 12910592
2256846 0
2264447 12910592
2264448 0
2272055 12910592
2272056 0
2279187 12910592
2279188 0
2286369 12910592
2286370 0
2296569 12910592
2296570 0
2440869 12910592
2440870 0
2448708 12910592
2448709 0
2463448 12910592
2463449 0
2469074 12910592
2469075 0
2478337 12910592
2478338 0
2485632 12910592
2485633 0
2491274 12910592
2491275 0
2502369 12910592
2502370 0
2510170 12910592
2510171 0
2514416 12910592
2514417 0
2518141 12910592
2518142 0
2521741 12910592
2521742 0
2529066 12910592
2529067 0
2536631 12910592
2536632 0
2545575 12910592
2545576 0
2553075 12910592
2553076 0
2559254 12910592
2559255 0
2565265 12910592
2565266 0
2789199 12910592
2789200 0
2801169 12910592
2801170 0
2809698 12910592
2809699 0
2814648 12910592
2814649 0
2816774 12910592
2816775 0
2824912 12910592
2824913 0
2832969 12910592
2832970 0
2838254 12910592
2838255 0
2847969 12910592
2847970 0
2854568 12910592
2854569 0
2855770 12910592
2855771 0
2861945 12910592
2861946 0
2868669 12910592
2868670 0
2876855 12910592
2876856 0
2883760 12910592
2883761 0
2889412 12910592
2889413 0
2895069 12910592
2895070 0
2906276 12910592
2906277 0
2913583 12910592
2913584 0
3045674 12910592
3045675 0
3057108 12910592
3057109 0
3068253 12910592
3068254 0
3079537 12910592
3079538 0
3082837 12910592
3082838 0
3090282 12910592
3090283 0
3097727 12910592
3097728 0
3104769 12910592
3104770 0
3110769 12910592
3110770 0
3115874 12910592
3115875 0
252 events for C
71 240
2182 444
20192 1471
36393 444
41792 1471
64593 444
77792 548
108393 444
113792 548
128203 2738
144393 2635
156992 3662
178593 2635
185792 2738
200203 548
234393 444
243392 548
246965 1830
262003 1768
262303 1830
270393 1727
279392 1830
306393 1727
324392 2754
345393 1727
365792 1830
380193 1727
387392 1830
414393 1727
421592 1830
450393 1727
457592 1830
484565 548
486393 444
493592 548
540393 444
545792 1471
567392 548
574593 444
581792 548
612393 444
617792 548
646603 2738
647793 2635
666392 2738
682593 2635
696992 3662
718593 2635
718603 444
723992 1471
738392 548
752793 444
759992 1471
788793 444
795992 548
842793 444
848192 548
876993 444
884192 548
914793 444
920192 548
941814 494
950193 391
956203 2581
968792 3608
984993 2581
990392 3608
991434 3662
1019193 2635
1026392 3662
1028203 1471
1054593 444
1062392 1471
1071403 3662
1091193 2635
1100192 3662
1125403 1471
1125703 1409
1126003 1471
1130143 3662
1130196 3912
1145193 2885
1145863 695
1150614 444
1152392 548
1179393 444
1186592 548
1215393 444
1222592 548
1233365 1830
1251993 1727
1271192 1830
1285593 1727
1292792 1830
1321593 1727
1328792 2754
1357593 1727
1364792 2754
1393593 1727
1400792 2754
1445793 1727
1454792 1830
1481793 1727
1490792 1830
1517793 1727
1517803 3917
1526792 4021
1537592 4944
1539403 2754
1553493 1727
1575392 2754
1589793 1727
1596992 2754
1625793 1727
1632992 1830
1665393 1727
1672592 1830
1701393 1727
1708592 1830
1737393 1727
1744592 2754
1775193 1727
1782392 2754
1814193 1727
1816903 1664
1817203 1727
1820203 3917
1832792 4944
1850793 3917
1856192 4944
1883193 3917
1885003 1727
1893992 2754
1906565 1471
1922793 444
1929992 1471
1958793 444
1965992 1471
1994793 444
2001992 1471
2003803 3662
2046993 2635
2055992 2738
2058594 2685
2084793 2581
2095592 3608
2107794 3662
2108203 1471
2120793 444
2127992 548
2159793 444
2160070 0
2160071 444
2162203 382
2162503 444
2178392 548
2196393 444
2201792 1471
2209003 3662
2209025 4944
2230593 3917
2241392 4944
2245003 2754
2252225 1471
2261192 548
2270193 444
2277392 548
2291574 798
2306193 695
2313392 798
2335014 548
2342193 444
2352992 1471
2381793 444
2388992 1471
2418693 444
2439392 1471
2453793 444
2460992 1471
2489793 444
2496992 1471
2507803 1409
2508103 1471
2525793 444
2534792 548
2558203 2738
2563593 2635
2570792 2738
2594203 548
2599593 444
2604992 548
2617593 444
2626592 548
2653593 444
2662592 548
2680603 485
2680903 2738
2689593 2635
2698592 3662
2705825 4944
2727393 3917
2734592 4944
2748970 5195
2764293 4168
2783192 5195
2792214 4944
2792225 3662
2795803 1471
2801193 444
2806592 1471
2817392 548
2837193 444
2846192 548
2857003 485
2857303 548
2874993 444
2882192 1471
2910993 444
2921792 548
2946993 444
2954192 548
2986593 444
2993792 548
3023793 444
3026203 382
3026503 444
3044192 548
3058593 444
3065792 548
3065803 2738
3094593 2635
3101792 3662
3130593 2635
3137792 2738
3145003 548
3145014 798
3168393 695
3177392 798
3199003 736
3199014 485
3199303 548
3204393 444
3209792 548
3222393 444
3231392 548
3258393 444
3267392 548
3294393 444
3303392 1471
3332193 444
3339392 548
3369393 444
513 events for D
25449 117965
25538 328745
25650 117965
25719 125479
26220 7514
27129 125479
27900 7414
27905 7514
28989 125479
29760 7514
30729 125479
31500 7514
32589 125479
33360 7514
34389 125479
35160 7514
36060 0
40228 117965
40318 125479
41059 7514
43888 125479
44659 7514
47488 125479
48259 7514
48679 0
92829 58982
92919 66496
94200 7514
94440 0
94569 58982
94659 66496
95940 7514
96180 0
96729 58982
96819 66496
98100 7514
98340 0
98469 58982
98559 66496
99840 7514
100080 0
100629 58982
100719 66496
102000 7514
102240 0
102369 58982
102459 66496
103740 7514
103980 0
104829 58982
104919 66496
106200 7514
106440 0
106569 58982
106659 66496
107940 7514
108180 0
113109 58982
113199 66496
114480 7514
114720 0
115089 58982
115179 66496
116460 7514
116700 0
117489 58982
117579 66496
118860 7514
119100 0
119469 58982
119559 66496
120840 7514
121080 0
121869 58982
121959 66496
123240 7514
123480 0
123849 58982
123939 66496
125220 7514
125460 0
131289 58982
131379 66496
132660 7514
132780 0
132969 58982
133059 66496
134340 7514
134580 0
370599 125479
370945 0
370989 117965
371700 7514
372009 125479
372780 7414
372785 7514
373869 125479
374640 7514
375609 125479
376380 7514
377469 125479
378240 7514
379269 125479
380040 7514
380400 0
385025 117965
385115 125479
385856 7514
388685 125479
389456 7514
392285 125479
393056 7514
393476 0
394449 117965
394539 125479
395280 7514
396309 125479
397080 7514
398100 0
400714 117965
400804 125479
401545 7514
402574 125479
403345 7514
404374 125479
405145 7514
406174 125479
406945 7514
407974 125479
408745 7514
416365 0
673209 117965
673299 125479
673980 7514
674409 125479
675180 7514
676209 125479
676980 7514
678009 125479
678780 7514
679809 125479
680580 7514
682800 0
687425 117965
687515 125479
688256 7514
689285 125479
690056 7514
691085 125479
691856 7514
692885 125479
693656 7514
696476 0
761739 6744
768900 0
774357 6744
789918 0
794245 6744
804600 0
1278219 6744
1287600 0
1292315 6744
1294705 0
1301949 117965
1302039 125479
1302780 7514
1303809 125479
1304580 7514
1305600 0
1310014 117965
1310104 119538
1310845 1573
1311874 119538
1312645 1573
1313674 119538
1314445 1573
1315474 119538
1316245 1573
1317274 119538
1318045 1573
1323265 0
1327802 117965
1327892 119538
1328633 1573
1329662 119538
1330433 1573
1331462 119538
1332233 1573
1333262 119538
1334033 7514
1335062 119538
1335833 1573
1341053 0
1343490 117965
1343580 125479
1344321 7514
1344741 0
1582689 117965
1582839 125479
1583460 7514
1583889 125479
1584660 7514
1585089 125479
1585860 7514
1586469 125479
1587240 7514
1591500 0
1596078 117965
1596168 125479
1596909 7514
1597338 125479
1598109 7514
1598538 125479
1599309 7514
1599738 125479
1600509 7514
1603329 0
1604349 117965
1604439 124709
1605180 6744
1605609 124709
1606380 6744
1606809 124709
1607580 6744
1608009 124709
1608780 6744
1609800 0
1612492 117965
1612582 124709
1613323 6744
1613752 124709
1614523 6744
1614952 124709
1615723 6744
1616152 124709
1616923 6744
1617952 124709
1618723 6744
1619752 124709
1620523 6744
1621552 124709
1622323 6744
1628743 0
1633106 117965
1633196 124709
1633937 6744
1634366 124709
1635137 6744
1635566 124709
1636337 6744
1636766 124709
1637537 6744
1638566 124709
1639337 6744
1646957 0
1649520 117965
1649610 124709
1650351 7514
1650356 6744
1650780 124709
1651551 6744
1651980 124709
1652751 6744
1653180 124709
1653951 6744
1654980 124709
1655751 6744
1656780 124709
1657551 6744
1665771 0
1670135 117965
1670225 124709
1670966 6744
1671395 124709
1672166 6744
1672595 124709
1673366 6744
1673795 124709
1674566 6744
1674995 124709
1675766 6744
1677395 124709
1678166 6744
1683986 0
1686549 117965
1686639 124709
1687380 6744
1687809 124709
1688580 6744
1689009 124709
1689780 6744
1690200 0
1839789 117965
1839939 119538
1839960 1573
1840989 119538
1841760 1573
1842189 119538
1842960 1573
1843569 119538
1844340 1573
1844769 119538
1845540 1573
1846029 119538
1846800 1573
1847229 119538
1848000 1573
1849200 0
1854628 117965
1854718 119538
1855459 1573
1855888 119538
1856659 1573
1857088 119538
1857859 1573
1858288 119538
1859059 1573
1859488 119538
1860259 1573
1863079 0
2185599 14189
2186280 58982
2186379 7514
2186665 0
2186709 73171
2188080 7514
2193429 66496
2194800 7514
2195700 0
2200878 58982
2200968 66496
2202309 7514
2204538 66496
2205909 7514
2206338 66496
2207709 7514
2208129 0
2208849 58982
2208939 66496
2210280 7514
2210665 0
2210709 58982
2212080 7514
2215200 0
2217292 58982
2217382 66496
2218723 7514
2219108 0
2219152 58982
2220523 7514
2223943 0
2224226 58982
2224316 66496
2225657 7514
2226042 0
2226086 58982
2227457 7514
2233757 0
2237906 58982
2237996 66496
2239337 7514
2243657 0
2243949 58982
2244039 66496
2245380 7514
2249700 0
2445639 7514
2455260 0
2459518 7514
2462659 0
2463039 7514
2468100 0
2576139 7514
2582580 0
2584743 179338
2584845 0
2586434 7514
2600785 0
2605034 7514
2618975 0
2789649 19661
2789739 27175
2790420 7514
2791089 27175
2791860 7514
2792109 27175
2792880 7514
2793549 27175
2794320 7514
2794569 27175
2795340 7514
2796009 27175
2796780 7514
2797029 27175
2797800 7514
2798469 27175
2799240 7514
2799489 27175
2800260 7514
2800500 0
2805789 19661
2805879 27175
2806440 7514
2806569 27175
2807220 7514
2807769 27175
2808360 7514
2808549 27175
2809200 7514
2809749 27175
2810400 7514
2810529 27175
2811180 7514
2811729 27175
2812380 7514
2812509 27175
2813160 7514
2813709 27175
2814360 7514
2814489 27175
2815140 7514
2815689 27175
2816340 7514
2816469 27175
2817120 7514
2817240 0
3048939 7514
3051009 66496
3052380 7514
3055569 66496
3056940 7514
3060060 0
3064228 58982
3064318 66496
3065599 7514
3068848 66496
3070219 7514
3070459 0
3070749 58982
3070839 66496
3072120 7514
3075369 66496
3076740 7514
3078240 0
3080317 58982
3080407 66496
3081688 7514
3084937 66496
3086308 7514
3090268 0
3090549 58982
3090639 66496
3091920 7514
3094869 66496
3096240 7514
3096420 0
3100607 58982
3100697 66496
3101978 7514
3103367 66496
3104738 7514
3105278 0
3105549 58982
3105639 66496
3106920 7514
3111909 66496
3113280 7514
3114600 0
3116696 117965
3116786 124709
3117647 6744
3118556 124709
3119447 6744
3120356 124709
3121247 6744
3122156 124709
3123047 6744
3123956 124709
3124847 6744
3125756 124709
3126647 6744
3127556 124709
3128447 6744
3132827 0
3136986 117965
3137076 124709
3137937 6744
3138846 124709
3139737 6744
3140646 124709
3141537 6744
3142446 124709
3143337 6744
3144246 124709
3145137 6744
3146046 124709
3146937 6744
3147846 124709
3148737 6744
3149646 124709
3150537 6744
3151017 0
3155175 117965
3155265 124709
3156126 6744
3157035 124709
3157926 6744
3158826 0
3173700 169032
3175020 45609
3176345 0
3352650 7514
3359811 0
54 events for E
405 1642
20324 2414
36483 1642
40683 2414
72862 1642
78562 2414
90751 1642
129330 2414
131170 1642
365204 2414
416504 1642
422857 2414
452433 1642
458433 2414
488010 1642
493710 2414
541375 1642
697604 2414
737045 1642
1041545 2414
1085984 1642
1221528 2414
1251404 1642
1272404 2414
1302104 1642
1308169 2414
1310009 1642
1345604 2414
1388204 1642
1574604 2414
1576444 1642
1707618 2414
1777304 1642
1943730 2414
1945570 1642
2160404 0
2160405 1285
2179404 2414
2181244 1285
2512351 2057
2528201 1285
2532641 2057
2548530 2414
2550770 2057
2564400 1285
2784204 2414
2786044 1285
3153330 2414
3155170 1285
3173820 2057
3224188 706
3338144 2057
3370004 706
3389004 2414
3 events for F
1619 18
2161618 0
2161619 18
88 events for G
130409 4214960
130413 0
130839 4214960
130843 0
131579 4214960
131583 0
132009 4214960
132013 0
473201 4214960
473205 0
473631 4214960
473635 0
474371 4214960
474375 0
474801 4214960
474805 0
704448 4214960
704452 0
704878 4214960
704882 0
705618 4214960
705622 0
706048 4214960
706052 0
1078001 4214960
1078005 0
1078431 4214960
1078435 0
1079171 4214960
1079175 0
1079601 4214960
1079605 0
1309248 4214960
1309252 0
1309678 4214960
1309682 0
1310418 4214960
1310422 0
1310848 4214960
1310852 0
1575683 4214960
1575687 0
1576113 4214960
1576117 0
1576853 4214960
1576857 0
1577283 4214960
1577287 0
1944809 4214960
1944813 0
1945239 4214960
1945243 0
1945979 4214960
1945983 0
1946409 4214960
1946413 0
2180483 4214960
2180487 0
2180913 4214960
2180917 0
2181653 4214960
2181657 0
2182083 4214960
2182087 0
2549609 4214960
2549613 0
2550039 4214960
2550043 0
2550779 4214960
2550783 0
2551209 4214960
2551213 0
2785283 4214960
2785287 0
2785713 4214960
2785717 0
2786453 4214960
2786457 0
2786883 4214960
2786887 0
3154409 4214960
3154413 0
3154839 4214960
3154843 0
3155579 4214960
3155583 0
3156009 4214960
3156013 0
6 events for H
948686 90
959606 3500
985226 0
2066606 90
2077526 3500
2101586 0
31 events for I
17400 1370
345480 0
363000 1370
647880 0
665400 1370
950280 0
967800 1370
1252680 0
1270200 1370
1555080 0
1572600 1370
1814280 0
1831800 1370
2159880 0
2177580 600
2177760 1300
2417640 600
2417840 0
2436780 600
2436960 1300
2764124 700
2764169 0
2782380 600
2782620 1300
3023440 700
3023485 0
3041580 600
3041820 1300
3368780 700
3368825 0
3387000 1300
1554 events for J
23058 4707014
23064 0
23078 2824208
23079 0
23978 2824208
23979 0
24278 2824208
24279 0
25178 2824208
25179 0
25478 2824208
25479 0
26658 4707014
26664 0
30258 4707014
30264 0
33858 4707014
33864 0
37458 4707014
37464 0
43417 4707014
43423 0
46397 1882806
46400 0
47017 4707014
47023 0
50617 4707014
50623 0
52878 4707014
52884 0
60108 4707014
60114 0
63918 4707014
63924 0
67668 4707014
67674 0
67997 1412104
67999 0
71478 4707014
71484 0
81320 82880
81321 0
81330 82880
81331 0
81340 82880
81341 0
81371 82880
81372 0
81381 82880
81382 0
81391 82880
81392 0
226338 4313184
226339 2310336
226340 0
226469 4313184
226471 0
226614 192528
226615 0
226919 2156592
226920 0
227238 3594320
227239 962640
227240 0
227286 3594320
227287 962640
227288 0
227557 718864
227558 0
227567 718864
227568 0
227577 718864
227578 0
227587 718864
227588 0
227597 718864
227598 0
227607 718864
227608 0
227617 718864
227618 0
227627 718864
227628 0
227637 718864
227638 0
227647 718864
227648 0
227657 718864
227658 0
227667 718864
227668 0
227677 718864
227678 0
227687 718864
227688 0
227697 718864
227698 0
227707 718864
227708 0
227717 718864
227718 0
227737 192528
227738 0
227747 192528
227748 0
227757 192528
227758 0
227767 192528
227768 0
227777 192528
227778 0
227787 192528
227788 0
227797 192528
227798 0
227807 192528
227808 0
227817 192528
227818 0
227827 192528
227828 0
227837 192528
227838 0
227847 192528
227848 0
227857 192528
227858 0
240797 1412104
240799 0
244050 4313184
244051 2117808
244052 0
244771 4313184
244773 0
246591 1437728
246592 0
316652 3748528
316655 0
316662 3748528
316665 0
317252 3748528
317255 0
317262 3748528
317265 0
318452 3748528
318455 0
318462 3748528
318465 0
319052 3748528
319055 0
319062 3748528
319065 0
320252 3748528
320255 0
320262 3748528
320265 0
320852 3748528
320855 0
320862 3748528
320865 0
322052 3748528
322055 0
322062 3748528
322065 0
322652 3748528
322655 0
322662 3748528
322665 0
323852 3748528
323855 0
323862 3748528
323865 0
324452 3748528
324455 0
324462 3748528
324465 0
325652 3748528
325655 0
325662 3748528
325665 0
326252 3748528
326255 0
326262 3748528
326265 0
327197 1882806
327200 0
327462 3748528
327465 0
327472 3748528
327475 0
328062 3748528
328065 0
328072 3748528
328075 0
332142 3748528
332145 0
332152 3748528
332155 0
332742 3748528
332745 0
332752 3748528
332755 0
336042 3748528
336045 0
336052 3748528
336055 0
336642 3748528
336645 0
336652 3748528
336655 0
340242 3748528
340245 0
340252 3748528
340255 0
340842 3748528
340845 0
340852 3748528
340855 0
342231 3748528
342234 0
342241 3748528
342244 0
342831 3748528
342834 0
342841 3748528
342844 0
344442 3748528
344445 0
344452 3748528
344455 0
345042 3748528
345045 0
345052 3748528
345055 0
367938 4236312
367942 0
369738 4236312
369742 0
371538 4236312
371542 0
373338 4236312
373342 0
375138 4236312
375142 0
376938 4236312
376942 0
378738 4236312
378742 0
380538 4236312
380542 0
382338 4236312
382342 0
388214 4236312
388218 0
390014 4236312
390018 0
391814 4236312
391818 0
393614 4236312
393618 0
395414 4236312
395418 0
397638 4236312
397642 0
399438 4236312
399442 0
403903 4236312
403907 0
405703 4236312
405707 0
407503 4236312
407507 0
409303 4236312
409307 0
411103 4236312
411107 0
412903 4236312
412907 0
414703 4236312
414707 0
416503 4236312
416507 0
418303 4236312
418307 0
425898 4236312
425902 0
429558 4236312
429562 0
433218 4236312
433222 0
440118 4236312
440122 0
443838 4236312
443842 0
447558 4236312
447562 0
451278 4236312
451282 0
599597 82880
599598 0
599607 82880
599608 0
599617 82880
599618 0
599648 82880
599649 0
599658 82880
599659 0
599668 82880
599669 0
603233 5000000
603257 0
604503 5000000
604527 0
605773 5000000
605797 0
622162 4494818
622163 3748528
622166 0
622172 4494818
622177 0
622222 4494818
622227 0
622282 4494818
622283 3748528
622286 0
622292 4494818
622297 0
622342 4494818
622347 0
622402 4494818
622407 0
622412 4494818
622417 0
622462 4494818
622463 3748528
622466 0
626362 4494818
626363 3748528
626366 0
626372 4494818
626377 0
626422 4494818
626427 0
626482 4494818
626483 3748528
626486 0
626492 4494818
626497 0
626542 4494818
626547 0
626602 4494818
626607 0
626612 4494818
626617 0
626662 4494818
626663 3748528
626666 0
744827 3748528
744830 0
744867 3748528
744870 0
744907 4494818
744912 0
744947 4494818
744952 0
744987 3748528
744990 0
745027 3748528
745030 0
745067 4494818
745072 0
745107 4494818
745112 0
745147 3748528
745150 0
745187 3748528
745190 0
745227 4494818
745232 0
745267 4494818
745272 0
764857 3748528
764860 0
764877 3748528
764880 0
764897 3748528
764900 0
771157 3748528
771160 0
771177 3748528
771180 0
771197 3748528
771200 0
777475 3748528
777478 0
777495 3748528
777498 0
777515 3748528
777518 0
782275 3748528
782278 0
782295 3748528
782298 0
782315 3748528
782318 0
785575 2824208
785576 0
785666 3748528
785669 0
785935 2824208
785936 0
786005 2824208
786006 0
786075 2824208
786076 0
786395 3748528
786398 0
786410 5000000
786428 0
787075 3748528
787078 0
787095 3748528
787098 0
787115 3748528
787118 0
790375 2824208
790376 0
790466 3748528
790469 0
790735 2824208
790736 0
790805 2824208
790806 0
790875 2824208
790876 0
791195 3748528
791198 0
791210 5000000
791228 0
791875 3748528
791878 0
791895 3748528
791898 0
791915 3748528
791918 0
797363 3748528
797366 0
797383 3748528
797386 0
797403 3748528
797406 0
800663 2824208
800664 0
800754 3748528
800757 0
801023 2824208
801024 0
801093 2824208
801094 0
801163 2824208
801164 0
801483 3748528
801486 0
801498 5000000
801516 0
802163 3748528
802166 0
802183 3748528
802186 0
802203 3748528
802206 0
804457 2824208
804458 0
804548 3748528
804551 0
804817 2824208
804818 0
804887 2824208
804888 0
804957 2824208
804958 0
805277 3748528
805280 0
805292 5000000
805310 0
807157 3748528
807160 0
807177 3748528
807180 0
807197 3748528
807200 0
808057 2824208
808058 0
808148 3748528
808151 0
808417 2824208
808418 0
808487 2824208
808488 0
808557 2824208
808558 0
808877 3748528
808880 0
808892 5000000
808910 0
813051 2824208
813052 0
813142 3748528
813145 0
813411 2824208
813412 0
813481 2824208
813482 0
813551 2824208
813552 0
813871 3748528
813874 0
813886 5000000
813904 0
816801 2824208
816802 0
816892 3748528
816895 0
817161 2824208
817162 0
817231 2824208
817232 0
817301 2824208
817302 0
817621 3748528
817624 0
817636 5000000
817654 0
820551 2824208
820552 0
820642 3748528
820645 0
820911 2824208
820912 0
820981 2824208
820982 0
821051 2824208
821052 0
821371 3748528
821374 0
821386 5000000
821404 0
824301 2824208
824302 0
824392 3748528
824395 0
824661 2824208
824662 0
824731 2824208
824732 0
824801 2824208
824802 0
825121 3748528
825124 0
825136 5000000
825154 0
827601 2824208
827602 0
827692 3748528
827695 0
827961 2824208
827962 0
828031 2824208
828032 0
828101 2824208
828102 0
828421 3748528
828424 0
828436 5000000
828454 0
831289 2824208
831290 0
831380 3748528
831383 0
831649 2824208
831650 0
831719 2824208
831720 0
831789 2824208
831790 0
835039 2824208
835040 0
835130 3748528
835133 0
835399 2824208
835400 0
835469 2824208
835470 0
835539 2824208
835540 0
835859 3748528
835862 0
835874 5000000
835892 0
838170 3748528
838171 4498234
838176 0
838181 3748528
838184 0
838770 3748528
838771 4498234
838776 0
838781 3748528
838784 0
839370 3748528
839371 4498234
839376 0
839381 3748528
839384 0
839970 3748528
839971 4498234
839976 0
839981 3748528
839984 0
840570 3748528
840571 4498234
840576 0
840581 3748528
840584 0
841170 3748528
841171 4498234
841176 0
841181 3748528
841184 0
841770 3748528
841771 4498234
841776 0
841781 3748528
841784 0
842370 3748528
842371 4498234
842376 0
842381 3748528
842384 0
842970 3748528
842971 4498234
842976 0
842981 3748528
842984 0
843570 3748528
843571 4498234
843576 0
843581 3748528
843584 0
844170 3748528
844171 4498234
844176 0
844181 3748528
844184 0
844770 3748528
844771 4498234
844776 0
844781 3748528
844784 0
845373 5000000
845418 0
845583 5000000
845595 0
852259 3748528
852262 0
852299 3748528
852302 0
852339 4494818
852344 0
852379 4494818
852384 0
852419 3748528
852422 0
852459 3748528
852462 0
852499 4494818
852504 0
852539 4494818
852544 0
852579 3748528
852582 0
852619 3748528
852622 0
852659 4494818
852664 0
852699 4494818
852704 0
859338 5000000
859354 0
861138 5000000
861154 0
862938 5000000
862954 0
866397 5000000
866413 0
866696 3748528
866699 0
866711 5000000
866729 0
868197 5000000
868213 0
868496 3748528
868499 0
868511 5000000
868529 0
869997 5000000
870013 0
870296 3748528
870299 0
870311 5000000
870329 0
871797 5000000
871813 0
872096 3748528
872099 0
872111 5000000
872129 0
873597 5000000
873613 0
873896 3748528
873899 0
873911 5000000
873929 0
875397 5000000
875413 0
875696 3748528
875699 0
875711 5000000
875729 0
877197 5000000
877213 0
877496 3748528
877499 0
877511 5000000
877529 0
878997 5000000
879013 0
879296 3748528
879299 0
879311 5000000
879329 0
880797 5000000
880813 0
881096 3748528
881099 0
881111 5000000
881129 0
886285 5000000
886301 0
888085 5000000
888101 0
889885 5000000
889901 0
891685 5000000
891701 0
893485 5000000
893501 0
895285 5000000
895301 0
897085 5000000
897101 0
898885 5000000
898901 0
901973 5000000
901989 0
903773 5000000
903789 0
905573 5000000
905589 0
907373 5000000
907389 0
909173 5000000
909189 0
910973 5000000
910989 0
912773 5000000
912789 0
914573 5000000
914589 0
916373 5000000
916389 0
921862 5000000
921878 0
972757 3748528
972760 0
972777 3748528
972780 0
972797 3748528
972800 0
975457 3748528
975460 0
975477 3748528
975480 0
975497 3748528
975500 0
977857 3748528
977860 0
977877 3748528
977880 0
977897 3748528
977900 0
980557 3748528
980560 0
980577 3748528
980580 0
980597 3748528
980600 0
982657 3748528
982660 0
982677 3748528
982680 0
982697 3748528
982700 0
985357 3748528
985360 0
985377 3748528
985380 0
985397 3748528
985400 0
987457 3748528
987460 0
987477 3748528
987480 0
987497 3748528
987500 0
993633 3748528
993636 0
993653 3748528
993656 0
993673 3748528
993676 0
999933 3748528
999936 0
999953 3748528
999956 0
999973 3748528
999976 0
1089231 3748528
1089234 0
1089241 3748528
1089244 0
1089831 3748528
1089834 0
1089841 3748528
1089844 0
1094031 3748528
1094034 0
1094041 3748528
1094044 0
1094631 3748528
1094634 0
1094641 3748528
1094644 0
1100137 3748528
1100140 0
1100147 3748528
1100150 0
1100737 3748528
1100740 0
1100747 3748528
1100750 0
1104637 3748528
1104640 0
1104647 3748528
1104650 0
1105237 3748528
1105240 0
1105247 3748528
1105250 0
1109437 3748528
1109440 0
1109447 3748528
1109450 0
1110037 3748528
1110040 0
1110047 3748528
1110050 0
1115825 3748528
1115828 0
1115835 3748528
1115838 0
1116425 3748528
1116428 0
1116435 3748528
1116438 0
1120325 3748528
1120328 0
1120335 3748528
1120338 0
1120925 3748528
1120928 0
1120935 3748528
1120938 0
1122032 3748528
1122036 0
1122043 4992344
1122052 0
1122063 4992344
1122072 0
1122392 3748528
1122396 0
1122403 4992344
1122412 0
1122423 4992344
1122432 0
1122752 3748528
1122756 0
1122763 4992344
1122772 0
1122783 4992344
1122792 0
1123112 3748528
1123116 0
1123123 4992344
1123132 0
1123143 4992344
1123152 0
1123472 3748528
1123476 0
1123483 4992344
1123492 0
1123503 4992344
1123512 0
1123832 3748528
1123836 0
1123843 4992344
1123852 0
1123863 4992344
1123872 0
1124192 3748528
1124196 0
1124203 4992344
1124212 0
1124223 4992344
1124232 0
1124552 3748528
1124556 0
1124563 4992344
1124572 0
1124583 4992344
1124592 0
1124912 3748528
1124916 0
1124923 4992344
1124932 0
1124943 4992344
1124952 0
1125272 3748528
1125276 0
1125283 4992344
1125292 0
1125303 4992344
1125312 0
1125632 3748528
1125636 0
1125643 4992344
1125652 0
1125663 4992344
1125672 0
1125992 3748528
1125996 0
1126003 4992344
1126012 0
1126023 4992344
1126032 0
1126352 3748528
1126356 0
1126363 4992344
1126372 0
1126383 4992344
1126392 0
1126925 3748528
1126928 0
1126935 3748528
1126938 0
1127525 3748528
1127528 0
1127535 3748528
1127538 0
1129713 3748528
1129716 0
1129723 3748528
1129726 0
1130313 3748528
1130316 0
1130323 3748528
1130326 0
1147322 3748528
1147325 0
1147332 3748528
1147335 0
1148012 3748528
1148015 0
1148022 3748528
1148025 0
1204692 2824208
1204693 0
1204783 3748528
1204786 0
1204992 2824208
1204993 0
1205062 2824208
1205063 0
1205273 3765611
1205276 0
1208292 2824208
1208293 0
1208383 3748528
1208386 0
1208592 2824208
1208593 0
1208662 2824208
1208663 0
1208873 3765611
1208876 0
1211892 2824208
1211893 0
1211983 3748528
1211986 0
1212192 2824208
1212193 0
1212262 2824208
1212263 0
1212473 3765611
1212476 0
1215492 2824208
1215493 0
1215583 3748528
1215586 0
1215792 2824208
1215793 0
1215862 2824208
1215863 0
1216073 3765611
1216076 0
1218792 2824208
1218793 0
1218883 3748528
1218886 0
1219092 2824208
1219093 0
1219162 2824208
1219163 0
1219373 3765611
1219376 0
1391917 718864
1391918 0
1392527 718864
1392528 0
1393158 3748528
1393161 0
1393417 718864
1393418 0
1394027 718864
1394028 0
1394658 3748528
1394661 0
1394917 718864
1394918 0
1395527 718864
1395528 0
1396158 3748528
1396161 0
1403677 718864
1403678 0
1404287 718864
1404288 0
1404918 3748528
1404921 0
1405177 718864
1405178 0
1405787 718864
1405788 0
1406418 3748528
1406421 0
1406677 718864
1406678 0
1407287 718864
1407288 0
1407918 3748528
1407921 0
1438338 4313184
1438339 2310336
1438340 0
1438469 4313184
1438471 0
1438614 192528
1438615 0
1438919 2156592
1438920 0
1439238 3594320
1439239 962640
1439240 0
1439286 3594320
1439287 962640
1439288 0
1439557 718864
1439558 0
1439567 718864
1439568 0
1439577 718864
1439578 0
1439587 718864
1439588 0
1439597 718864
1439598 0
1439607 718864
1439608 0
1439617 718864
1439618 0
1439627 718864
1439628 0
1439637 718864
1439638 0
1439647 718864
1439648 0
1439657 718864
1439658 0
1439667 718864
1439668 0
1439677 718864
1439678 0
1439687 718864
1439688 0
1439697 718864
1439698 0
1439707 718864
1439708 0
1439717 718864
1439718 0
1439737 192528
1439738 0
1439747 192528
1439748 0
1439757 192528
1439758 0
1439767 192528
1439768 0
1439777 192528
1439778 0
1439787 192528
1439788 0
1439797 192528
1439798 0
1439807 192528
1439808 0
1439817 192528
1439818 0
1439827 192528
1439828 0
1439837 192528
1439838 0
1439847 192528
1439848 0
1439857 192528
1439858 0
1545438 4494818
1545439 3748528
1545442 0
1545448 4494818
1545453 0
1545498 4494818
1545503 0
1545558 4494818
1545559 3748528
1545562 0
1545568 4494818
1545573 0
1545618 4494818
1545623 0
1545678 4494818
1545683 0
1545688 4494818
1545693 0
1545738 4494818
1545739 3748528
1545742 0
1549638 4494818
1549639 3748528
1549642 0
1549648 4494818
1549653 0
1549698 4494818
1549703 0
1549758 4494818
1549759 3748528
1549762 0
1549768 4494818
1549773 0
1549818 4494818
1549823 0
1549878 4494818
1549883 0
1549888 4494818
1549893 0
1549938 4494818
1549939 3748528
1549942 0
1586862 82880
1586863 0
1586872 82880
1586873 0
1586882 82880
1586883 0
1586913 82880
1586914 0
1586923 82880
1586924 0
1586933 82880
1586934 0
1636314 3748528
1636317 0
1639914 3748528
1639917 0
1643514 3748528
1643517 0
1647114 3748528
1647117 0
1650534 3748528
1650537 0
1652728 3748528
1652731 0
1656328 3748528
1656331 0
1659928 3748528
1659931 0
1663528 3748528
1663531 0
1667128 3748528
1667131 0
1673343 3748528
1673346 0
1676943 3748528
1676946 0
1680543 3748528
1680546 0
1684143 3748528
1684146 0
1687563 3748528
1687566 0
1689757 3748528
1689760 0
1693357 3748528
1693360 0
1694931 3748528
1694934 0
1694941 3748528
1694944 0
1695531 3748528
1695534 0
1695541 3748528
1695544 0
1697845 3748528
1697848 0
1697855 3748528
1697858 0
1698445 3748528
1698448 0
1698455 3748528
1698458 0
1704745 3748528
1704748 0
1704755 3748528
1704758 0
1705345 3748528
1705348 0
1705355 3748528
1705358 0
1723345 3748528
1723348 0
1723355 3748528
1723358 0
1723945 3748528
1723948 0
1723955 3748528
1723958 0
1786828 2824208
1786829 0
1786948 2824208
1786949 0
1787068 2824208
1787069 0
1787548 2824208
1787549 0
1787668 2824208
1787669 0
1787788 2824208
1787789 0
1788268 2824208
1788269 0
1788388 2824208
1788389 0
1788508 2824208
1788509 0
1788988 2824208
1788989 0
1789108 2824208
1789109 0
1789228 2824208
1789229 0
1789708 2824208
1789709 0
1789828 2824208
1789829 0
1789948 2824208
1789949 0
1790428 2824208
1790429 0
1790548 2824208
1790549 0
1790668 2824208
1790669 0
1791148 2824208
1791149 0
1791268 2824208
1791269 0
1791388 2824208
1791389 0
1791868 2824208
1791869 0
1791988 2824208
1791989 0
1792108 2824208
1792109 0
1792588 2824208
1792589 0
1792708 2824208
1792709 0
1792828 2824208
1792829 0
1793248 2824208
1793249 0
1793368 2824208
1793369 0
1793488 2824208
1793489 0
1794028 2824208
1794029 0
1794148 2824208
1794149 0
1794268 2824208
1794269 0
1796943 2824208
1796944 0
1797034 3748528
1797037 0
1797243 2824208
1797244 0
1797313 2824208
1797314 0
1797524 3765611
1797527 0
1800843 2824208
1800844 0
1800934 3748528
1800937 0
1801143 2824208
1801144 0
1801213 2824208
1801214 0
1801424 3765611
1801427 0
1802943 2824208
1802944 0
1803034 3748528
1803037 0
1803243 2824208
1803244 0
1803313 2824208
1803314 0
1803524 3765611
1803527 0
1804443 2824208
1804444 0
1804534 3748528
1804537 0
1804743 2824208
1804744 0
1804813 2824208
1804814 0
1805024 3765611
1805027 0
1814557 2824208
1814558 0
1814648 3748528
1814651 0
1814857 2824208
1814858 0
1814927 2824208
1814928 0
1815138 3765611
1815141 0
1873905 3748528
1873908 0
1873920 5000000
1873938 0
1875705 3748528
1875708 0
1875720 5000000
1875738 0
1877505 3748528
1877508 0
1877520 5000000
1877538 0
1879305 3748528
1879308 0
1879320 5000000
1879338 0
1881105 3748528
1881108 0
1881120 5000000
1881138 0
1882905 3748528
1882908 0
1882920 5000000
1882938 0
1884705 3748528
1884708 0
1884720 5000000
1884738 0
1886505 3748528
1886508 0
1886520 5000000
1886538 0
1888305 3748528
1888308 0
1888320 5000000
1888338 0
1894195 3748528
1894198 0
1894210 5000000
1894228 0
1895995 3748528
1895998 0
1896010 5000000
1896028 0
1897795 3748528
1897798 0
1897810 5000000
1897828 0
1899595 3748528
1899598 0
1899610 5000000
1899628 0
1901395 3748528
1901398 0
1901410 5000000
1901428 0
1903195 3748528
1903198 0
1903210 5000000
1903228 0
1904995 3748528
1904998 0
1905010 5000000
1905028 0
1906795 3748528
1906798 0
1906810 5000000
1906828 0
1952857 3748528
1952860 0
1952877 3748528
1952880 0
1952897 3748528
1952900 0
1959157 3748528
1959160 0
1959177 3748528
1959180 0
1959197 3748528
1959200 0
1966973 3748528
1966976 0
1966993 3748528
1966996 0
1967013 3748528
1967016 0
1973273 3748528
1973276 0
1973293 3748528
1973296 0
1973313 3748528
1973316 0
1979573 3748528
1979576 0
1979593 3748528
1979596 0
1979613 3748528
1979616 0
1984973 3748528
1984976 0
1984993 3748528
1984996 0
1985013 3748528
1985016 0
1989773 3748528
1989776 0
1989793 3748528
1989796 0
1989813 3748528
1989816 0
1994573 3748528
1994576 0
1994593 3748528
1994596 0
1994613 3748528
1994616 0
1998552 3748528
1998555 0
1998572 3748528
1998575 0
1998592 3748528
1998595 0
2357598 226158674
2357603 0
2379198 20242052
2379203 0
2400798 20242052
2400803 0
2465598 178452312
2465600 8996469
2465605 0
2595198 18598775
2595203 0
2616798 22542416
2616803 0
2638398 57946826
2638403 0
2659998 112491168
2660003 0
2681598 89992935
2681603 0
2742261 90225847
2742262 99456
2742263 17992937
2742268 0
2811199 36047367
2811204 0
2832799 39436416
2832804 0
2940799 79610631
2940804 0
2962399 77494701
2962404 0
3070399 73767533
3070404 0
3091999 221441780
3092004 0
3351199 47723996
3351204 0
3368149 12683312
3368154 0
246 events for K
20442 906
36841 0
49662 906
54730 0
57610 906
73220 0
79400 906
91109 0
93822 593
109122 0
115759 593
126642 0
131388 906
132282 593
136068 906
145978 0
152158 906
164167 0
166447 906
182357 0
221382 906
222132 1500
228144 0
229472 1500
235472 0
294942 215
306362 0
366042 906
381638 0
387818 906
399607 0
400927 906
416862 0
423695 906
434703 0
437583 906
452791 0
458971 906
470280 0
474480 906
488368 0
494548 906
502662 0
508436 906
523944 0
525444 906
541733 0
644142 906
644922 0
668442 906
684038 0
690218 906
701827 0
706207 906
719615 0
725795 906
737403 0
738903 906
755191 0
761371 906
772980 0
775260 906
790080 0
796948 906
808556 0
810056 906
826344 0
829074 906
844133 0
850313 906
861921 0
910242 1087
912952 0
914142 906
914922 0
978942 906
979722 0
1042083 906
1057591 0
1063771 906
1075002 0
1078980 906
1092762 0
1099648 906
1110956 0
1113536 906
1128444 0
1130844 906
1146233 0
1202477 906
1217297 0
1223866 906
1234874 0
1236374 906
1251762 0
1273242 906
1288838 0
1295018 906
1306627 0
1311007 906
1324415 0
1330595 906
1342203 0
1345362 906
1359991 0
1366171 906
1377780 0
1380060 906
1388562 0
1389942 593
1394572 0
1401448 593
1405292 0
1406982 593
1412872 0
1416582 593
1420532 0
1422342 593
1428823 0
1434132 1500
1440152 0
1441452 1500
1447472 0
1457742 215
1469162 0
1526266 906
1537274 0
1542462 906
1550862 0
1577742 906
1592691 0
1598871 906
1611205 0
1612705 906
1629719 0
1672928 906
1685262 0
1686762 906
1703476 0
1761899 906
1777662 0
1784313 906
1791462 0
1793202 906
1795748 0
1797848 906
1813362 0
1864542 906
1865322 0
1872010 906
1887620 0
1893800 906
1905809 0
1950942 906
1951722 0
2002937 906
2014946 0
2017226 906
2034081 0
2112942 906
2113722 0
2182542 906
2196462 0
2203671 906
2234519 0
2240699 906
2252862 0
2255313 906
2271548 0
2277728 906
2290062 0
2291562 906
2296062 0
2342142 906
2343192 0
2439642 906
2456041 0
2462221 906
2468862 0
2469882 906
2473902 0
2476382 906
2492382 0
2498600 906
2510309 0
2512889 906
2528559 0
2534979 906
2546628 0
2550588 906
2564758 0
2615528 906
2616558 0
2699363 906
2700103 0
2735053 1500
2740232 0
2745732 479
2746972 0
2748452 479
2750562 1500
2756542 0
2762202 479
2764262 0
2786302 906
2801444 0
2808762 906
2818192 0
2823385 906
2839019 0
2845499 906
2857533 0
2860413 906
2876348 0
2882528 906
2894562 0
2897442 906
2913076 0
2919042 1087
2921752 0
2922256 215
2933676 0
2993602 1600
3003787 0
3008742 906
3009642 1500
3016125 0
3017192 1500
3020092 0
3044442 906
3060841 0
3067021 906
3079030 0
3080530 906
3097220 0
3103400 906
3115409 0
3141089 906
3141829 0
3222089 906
3222839 0
3340023 593
3350712 0
3353552 906
3354302 593
3367142 0
53 events for L
1946 1642
21865 2414
38024 1642
42224 2414
74403 1642
80103 2414
92292 1642
130871 2414
132711 1642
366745 2414
418045 1642
424398 2414
453974 1642
459974 2414
489551 1642
495251 2414
542916 1642
699145 2414
738586 1642
1043086 2414
1087525 1642
1223069 2414
1252945 1642
1273945 2414
1303645 1642
1309710 2414
1311550 1642
1347145 2414
1389745 1642
1576145 2414
1577985 1642
1709159 2414
1778845 1642
1945271 2414
1947111 1642
2161945 0
2161946 1285
2180945 2414
2182785 1285
2513892 2057
2529742 1285
2534182 2057
2550071 2414
2552311 2057
2565941 1285
2785745 2414
2787585 1285
3154871 2414
3156711 1285
3175361 2057
3225729 706
3339685 2057
3371545 706
246 events for M
22393 906
38792 0
51613 906
56681 0
59561 906
75171 0
81351 906
93060 0
95773 593
111073 0
117710 593
128593 0
133339 906
134233 593
138019 906
147929 0
154109 906
166118 0
168398 906
184308 0
223333 906
224083 1500
230095 0
231423 1500
237423 0
296893 215
308313 0
367993 906
383589 0
389769 906
401558 0
402878 906
418813 0
425646 906
436654 0
439534 906
454742 0
460922 906
472231 0
476431 906
490319 0
496499 906
504613 0
510387 906
525895 0
527395 906
543684 0
646093 906
646873 0
670393 906
685989 0
692169 906
703778 0
708158 906
721566 0
727746 906
739354 0
740854 906
757142 0
763322 906
774931 0
777211 906
792031 0
798899 906
810507 0
812007 906
828295 0
831025 906
846084 0
852264 906
863872 0
912193 1087
914903 0
916093 906
916873 0
980893 906
981673 0
1044034 906
1059542 0
1065722 906
1076953 0
1080931 906
1094713 0
1101599 906
1112907 0
1115487 906
1130395 0
1132795 906
1148184 0
1204428 906
1219248 0
1225817 906
1236825 0
1238325 906
1253713 0
1275193 906
1290789 0
1296969 906
1308578 0
1312958 906
1326366 0
1332546 906
1344154 0
1347313 906
1361942 0
1368122 906
1379731 0
1382011 906
1390513 0
1391893 593
1396523 0
1403399 593
1407243 0
1408933 593
1414823 0
1418533 593
1422483 0
1424293 593
1430774 0
1436083 1500
1442103 0
1443403 1500
1449423 0
1459693 215
1471113 0
1528217 906
1539225 0
1544413 906
1552813 0
1579693 906
1594642 0
1600822 906
1613156 0
1614656 906
1631670 0
1674879 906
1687213 0
1688713 906
1705427 0
1763850 906
1779613 0
1786264 906
1793413 0
1795153 906
1797699 0
1799799 906
1815313 0
1866493 906
1867273 0
1873961 906
1889571 0
1895751 906
1907760 0
1952893 906
1953673 0
2004888 906
2016897 0
2019177 906
2036032 0
2114893 906
2115673 0
2184493 906
2198413 0
2205622 906
2236470 0
2242650 906
2254813 0
2257264 906
2273499 0
2279679 906
2292013 0
2293513 906
2298013 0
2344093 906
2345143 0
2441593 906
2457992 0
2464172 906
2470813 0
2471833 906
2475853 0
2478333 906
2494333 0
2500551 906
2512260 0
2514840 906
2530510 0
2536930 906
2548579 0
2552539 906
2566709 0
2617479 906
2618509 0
2701314 906
2702054 0
2737004 1500
2742183 0
2747683 479
2748923 0
2750403 479
2752513 1500
2758493 0
2764153 479
2766213 0
2788253 906
2803395 0
2810713 906
2820143 0
2825336 906
2840970 0
2847450 906
2859484 0
2862364 906
2878299 0
2884479 906
2896513 0
2899393 906
2915027 0
2920993 1087
2923703 0
2924207 215
2935627 0
2995553 1600
3005738 0
3010693 906
3011593 1500
3018076 0
3019143 1500
3022043 0
3046393 906
3062792 0
3068972 906
3080981 0
3082481 906
3099171 0
3105351 906
3117360 0
3143040 906
3143780 0
3224040 906
3224790 0
3341974 593
3352663 0
3355503 906
3356253 593
3369093 0
458 events for N
23700 12910592
23701 0
30905 12910592
30906 0
51905 12910592
51906 0
57300 12910592
57301 0
60900 12910592
60901 0
64800 12910592
64801 0
68700 12910592
68701 0
78720 12910592
78721 0
82500 12910592
82501 0
86400 12910592
86401 0
93360 12910592
93361 0
103380 12910592
103381 0
115740 12910592
115741 0
122280 12910592
122281 0
131820 12910592
131821 0
139025 12910592
139026 0
151500 12910592
151501 0
158705 12910592
158706 0
166080 1089536
166081 0
170400 12910592
170401 0
175205 12910592
175206 0
178200 1089536
178201 0
180965 12910592
180966 0
365400 12910592
365401 0
372780 12910592
372781 0
380220 12910592
380221 0
387125 12910592
387126 0
398100 12910592
398101 0
408905 12910592
408906 0
423000 12910592
423001 0
426900 12910592
426901 0
430500 12910592
430501 0
433320 12910592
433321 0
440700 12910592
440701 0
444900 12910592
444901 0
462005 12910592
462006 0
465720 12910592
465721 0
477840 12910592
477841 0
481080 12910592
481081 0
484265 12910592
484266 0
493860 12910592
493861 0
497640 12910592
497641 0
513300 12910592
513301 0
520985 12910592
520986 0
526200 1089536
526201 0
529620 12910592
529621 0
533400 12910592
533401 0
536880 1089536
536881 0
539885 12910592
539886 0
667805 12910592
667806 0
671400 12910592
671401 0
675000 12910592
675001 0
678600 12910592
678601 0
682620 12910592
682621 0
689525 12910592
689526 0
693120 12910592
693121 0
709985 12910592
709986 0
716400 1089536
716401 0
725100 12910592
725101 0
732905 12910592
732906 0
742380 1089536
742381 0
750900 12910592
750901 0
760800 12910592
760801 0
770700 1089536
770701 0
778200 12910592
778201 0
787800 12910592
787801 0
796265 12910592
796266 0
801900 1089536
801901 0
812100 12910592
812101 0
819605 12910592
819606 0
828720 1089536
828721 0
837300 12910592
837301 0
849660 12910592
849661 0
856800 1089536
856801 0
860520 12910592
860521 0
1041720 12910592
1041721 0
1053300 1089536
1053301 0
1063080 12910592
1063081 0
1073640 12910592
1073641 0
1080305 12910592
1080306 0
1089300 1089536
1089301 0
1099265 12910592
1099266 0
1108500 12910592
1108501 0
1115700 1089536
1115701 0
1122600 12910592
1122601 0
1132680 12910592
1132681 0
1136520 1089536
1136521 0
1138740 12910592
1138741 0
1144860 12910592
1144861 0
1202165 12910592
1202166 0
1205700 1089536
1205701 0
1209305 12910592
1209306 0
1212900 1089536
1212901 0
1215845 12910592
1215846 0
1236785 12910592
1236786 0
1242300 1089536
1242301 0
1246500 12910592
1246501 0
1250400 12910592
1250401 0
1272900 1089536
1272901 0
1276620 12910592
1276621 0
1281300 1089536
1281301 0
1286700 12910592
1286701 0
1298400 12910592
1298401 0
1310640 1089536
1310641 0
1319705 12910592
1319706 0
1329900 12910592
1329901 0
1339505 12910592
1339506 0
1348500 12910592
1348501 0
1357500 1089536
1357501 0
1366800 12910592
1366801 0
1375200 1089536
1375201 0
1382700 12910592
1382701 0
1386605 12910592
1386606 0
1525625 12910592
1525626 0
1528500 1089536
1528501 0
1532100 12910592
1532101 0
1535880 12910592
1535881 0
1542900 1089536
1542901 0
1546205 12910592
1546206 0
1549500 12910592
1549501 0
1577100 12910592
1577101 0
1584180 1089536
1584181 0
1591320 12910592
1591321 0
1598225 12910592
1598226 0
1603500 1089536
1603501 0
1609800 12910592
1609801 0
1613100 12910592
1613101 0
1618505 12910592
1618506 0
1623900 1089536
1623901 0
1628340 12910592
1628341 0
1672260 12910592
1672261 0
1676100 1089536
1676101 0
1679705 12910592
1679706 0
1683900 1089536
1683901 0
1687200 12910592
1687201 0
1689900 12910592
1689901 0
1695900 1089536
1695901 0
1698725 12910592
1698726 0
1761545 12910592
1761546 0
1766100 12910592
1766101 0
1771200 1089536
1771201 0
1775700 12910592
1775701 0
1783925 12910592
1783926 0
1798260 12910592
1798261 0
1802100 1089536
1802101 0
1805700 12910592
1805701 0
1809300 1089536
1809301 0
1812000 12910592
1812001 0
1871340 12910592
1871341 0
1875305 12910592
1875306 0
1878900 1089536
1878901 0
1882500 12910592
1882501 0
1886220 1089536
1886221 0
1893120 12910592
1893121 0
1896725 12910592
1896726 0
1900320 1089536
1900321 0
1904400 12910592
1904401 0
2002260 12910592
2002261 0
2005865 12910592
2005866 0
2009460 1089536
2009461 0
2013540 12910592
2013541 0
2016840 1089536
2016841 0
2020440 12910592
2020441 0
2024040 1089536
2024041 0
2027645 12910592
2027646 0
2031720 12910592
2031721 0
2182805 12910592
2182806 0
2187450 12910592
2187451 0
2195100 12910592
2195101 0
2203034 12910592
2203035 0
2214493 12910592
2214494 0
2233157 12910592
2233158 0
2240057 12910592
2240058 0
2242538 12910592
2242539 0
2246700 12910592
2246701 0
2250301 12910592
2250302 0
2254976 12910592
2254977 0
2262578 12910592
2262579 0
2270186 12910592
2270187 0
2277318 12910592
2277319 0
2284500 12910592
2284501 0
2294700 12910592
2294701 0
2439000 12910592
2439001 0
2446839 12910592
2446840 0
2461579 12910592
2461580 0
2467205 12910592
2467206 0
2476468 12910592
2476469 0
2483763 12910592
2483764 0
2489405 12910592
2489406 0
2500500 12910592
2500501 0
2508301 12910592
2508302 0
2512547 12910592
2512548 0
2516272 12910592
2516273 0
2519872 12910592
2519873 0
2527197 12910592
2527198 0
2534762 12910592
2534763 0
2543706 12910592
2543707 0
2551206 12910592
2551207 0
2557385 12910592
2557386 0
2563396 12910592
2563397 0
2787330 12910592
2787331 0
2799300 12910592
2799301 0
2807829 12910592
2807830 0
2812779 12910592
2812780 0
2814905 12910592
2814906 0
2823043 12910592
2823044 0
2831100 12910592
2831101 0
2836385 12910592
2836386 0
2846100 12910592
2846101 0
2852699 12910592
2852700 0
2853901 12910592
2853902 0
2860076 12910592
2860077 0
2866800 12910592
2866801 0
2874986 12910592
2874987 0
2881891 12910592
2881892 0
2887543 12910592
2887544 0
2893200 12910592
2893201 0
2904407 12910592
2904408 0
2911714 12910592
2911715 0
3043805 12910592
3043806 0
3055239 12910592
3055240 0
3066384 12910592
3066385 0
3077668 12910592
3077669 0
3080968 12910592
3080969 0
3088413 12910592
3088414 0
3095858 12910592
3095859 0
3102900 12910592
3102901 0
3108900 12910592
3108901 0
3114005 12910592
3114006 0
88 events for O
41510 873
70310 0
262913 3276
277913 0
546402 3481
547602 0
549402 3481
567402 0
688707 873
717507 0
780377 3276
795377 0
795437 873
824237 0
1011624 3276
1026624 0
1026684 873
1055484 0
1082777 3276
1097777 0
1097837 873
1126637 0
1171718 3276
1186718 0
1186778 873
1215578 0
1278447 3276
1293447 0
1293507 873
1322307 0
1349600 3276
1364600 0
1364660 873
1393460 0
1438542 3276
1453542 0
1453602 873
1482402 0
1509695 3276
1524695 0
1524755 873
1553555 0
1693385 3276
1708385 0
1708445 873
1737245 0
1855910 873
1884710 0
1928668 873
1957468 0
2077313 3276
2092313 0
2092373 873
2121173 0
2178931 4096
2187131 0
2276217 4096
2284417 0
2350274 4096
2358474 0
2438131 4096
2446331 0
2460710 665
2489870 0
2533468 4096
2541668 0
2606226 4096
2614426 0
2697173 4096
2705373 0
2783731 4096
2791931 0
2881017 4096
2889217 0
2955074 4096
2963274 0
3042931 4096
3051131 0
3065510 665
3094670 0
3138268 4096
3146468 0
3211026 4096
3219226 0
3301973 4096
3310173 0
3388531 1365
3388711 0
252 events for P
1012 240
3123 444
21133 1471
37334 444
42733 1471
65534 444
78733 548
109334 444
114733 548
129144 2738
145334 2635
157933 3662
179534 2635
186733 2738
201144 548
235334 444
244333 548
247906 1830
262944 1768
263244 1830
271334 1727
280333 1830
307334 1727
325333 2754
346334 1727
366733 1830
381134 1727
388333 1830
415334 1727
422533 1830
451334 1727
458533 1830
485506 548
487334 444
494533 548
541334 444
546733 1471
568333 548
575534 444
582733 548
613334 444
618733 548
647544 2738
648734 2635
667333 2738
683534 2635
697933 3662
719534 2635
719544 444
724933 1471
739333 548
753734 444
760933 1471
789734 444
796933 548
843734 444
849133 548
877934 444
885133 548
915734 444
921133 548
942755 494
951134 391
957144 2581
969733 3608
985934 2581
991333 3608
992375 3662
1020134 2635
1027333 3662
1029144 1471
1055534 444
1063333 1471
1072344 3662
1092134 2635
1101133 3662
1126344 1471
1126644 1409
1126944 1471
1131084 3662
1131137 3912
1146134 2885
1146804 695
1151555 444
1153333 548
1180334 444
1187533 548
1216334 444
1223533 548
1234306 1830
1252934 1727
1272133 1830
1286534 1727
1293733 1830
1322534 1727
1329733 2754
1358534 1727
1365733 2754
1394534 1727
1401733 2754
1446734 1727
1455733 1830
1482734 1727
1491733 1830
1518734 1727
1518744 3917
1527733 4021
1538533 4944
1540344 2754
1554434 1727
1576333 2754
1590734 1727
1597933 2754
1626734 1727
1633933 1830
1666334 1727
1673533 1830
1702334 1727
1709533 1830
1738334 1727
1745533 2754
1776134 1727
1783333 2754
1815134 1727
1817844 1664
1818144 1727
1821144 3917
1833733 4944
1851734 3917
1857133 4944
1884134 3917
1885944 1727
1894933 2754
1907506 1471
1923734 444
1930933 1471
1959734 444
1966933 1471
1995734 444
2002933 1471
2004744 3662
2047934 2635
2056933 2738
2059535 2685
2085734 2581
2096533 3608
2108735 3662
2109144 1471
2121734 444
2128933 548
2160734 444
2161011 0
2161012 444
2163144 382
2163444 444
2179333 548
2197334 444
2202733 1471
2209944 3662
2209966 4944
2231534 3917
2242333 4944
2245944 2754
2253166 1471
2262133 548
2271134 444
2278333 548
2292515 798
2307134 695
2314333 798
2335955 548
2343134 444
2353933 1471
2382734 444
2389933 1471
2419634 444
2440333 1471
2454734 444
2461933 1471
2490734 444
2497933 1471
2508744 1409
2509044 1471
2526734 444
2535733 548
2559144 2738
2564534 2635
2571733 2738
2595144 548
2600534 444
2605933 548
2618534 444
2627533 548
2654534 444
2663533 548
2681544 485
2681844 2738
2690534 2635
2699533 3662
2706766 4944
2728334 3917
2735533 4944
2749911 5195
2765234 4168
2784133 5195
2793155 4944
2793166 3662
2796744 1471
2802134 444
2807533 1471
2818333 548
2838134 444
2847133 548
2857944 485
2858244 548
2875934 444
2883133 1471
2911934 444
2922733 548
2947934 444
2955133 548
2987534 444
2994733 548
3024734 444
3027144 382
3027444 444
3045133 548
3059534 444
3066733 548
3066744 2738
3095534 2635
3102733 3662
3131534 2635
3138733 2738
3145944 548
3145955 798
3169334 695
3178333 798
3199944 736
3199955 485
3200244 548
3205334 444
3210733 548
3223334 444
3232333 548
3259334 444
3268333 548
3295334 444
3304333 1471
3333134 444
3340333 548
3370334 444
458 events for Q
24395 12910592
24396 0
31600 12910592
31601 0
52600 12910592
52601 0
57995 12910592
57996 0
61595 12910592
61596 0
65495 12910592
65496 0
69395 12910592
69396 0
79415 12910592
79416 0
83195 12910592
83196 0
87095 12910592
87096 0
94055 12910592
94056 0
104075 12910592
104076 0
116435 12910592
116436 0
122975 12910592
122976 0
132515 12910592
132516 0
139720 12910592
139721 0
152195 12910592
152196 0
159400 12910592
159401 0
166775 1089536
166776 0
171095 12910592
171096 0
175900 12910592
175901 0
178895 1089536
178896 0
181660 12910592
181661 0
366095 12910592
366096 0
373475 12910592
373476 0
380915 12910592
380916 0
387820 12910592
387821 0
398795 12910592
398796 0
409600 12910592
409601 0
423695 12910592
423696 0
427595 12910592
427596 0
431195 12910592
431196 0
434015 12910592
434016 0
441395 12910592
441396 0
445595 12910592
445596 0
462700 12910592
462701 0
466415 12910592
466416 0
478535 12910592
478536 0
481775 12910592
481776 0
484960 12910592
484961 0
494555 12910592
494556 0
498335 12910592
498336 0
513995 12910592
513996 0
521680 12910592
521681 0
526895 1089536
526896 0
530315 12910592
530316 0
534095 12910592
534096 0
537575 1089536
537576 0
540580 12910592
540581 0
668500 12910592
668501 0
672095 12910592
672096 0
675695 12910592
675696 0
679295 12910592
679296 0
683315 12910592
683316 0
690220 12910592
690221 0
693815 12910592
693816 0
710680 12910592
710681 0
717095 1089536
717096 0
725795 12910592
725796 0
733600 12910592
733601 0
743075 1089536
743076 0
751595 12910592
751596 0
761495 12910592
761496 0
771395 1089536
771396 0
778895 12910592
778896 0
788495 12910592
788496 0
796960 12910592
796961 0
802595 1089536
802596 0
812795 12910592
812796 0
820300 12910592
820301 0
829415 1089536
829416 0
837995 12910592
837996 0
850355 12910592
850356 0
857495 1089536
857496 0
861215 12910592
861216 0
1042415 12910592
1042416 0
1053995 1089536
1053996 0
1063775 12910592
1063776 0
1074335 12910592
1074336 0
1081000 12910592
1081001 0
1089995 1089536
1089996 0
1099960 12910592
1099961 0
1109195 12910592
1109196 0
1116395 1089536
1116396 0
1123295 12910592
1123296 0
1133375 12910592
1133376 0
1137215 1089536
1137216 0
1139435 12910592
1139436 0
1145555 12910592
1145556 0
1202860 12910592
1202861 0
1206395 1089536
1206396 0
1210000 12910592
1210001 0
1213595 1089536
1213596 0
1216540 12910592
1216541 0
1237480 12910592
1237481 0
1242995 1089536
1242996 0
1247195 12910592
1247196 0
1251095 12910592
1251096 0
1273595 1089536
1273596 0
1277315 12910592
1277316 0
1281995 1089536
1281996 0
1287395 12910592
1287396 0
1299095 12910592
1299096 0
1311335 1089536
1311336 0
1320400 12910592
1320401 0
1330595 12910592
1330596 0
1340200 12910592
1340201 0
1349195 12910592
1349196 0
1358195 1089536
1358196 0
1367495 12910592
1367496 0
1375895 1089536
1375896 0
1383395 12910592
1383396 0
1387300 12910592
1387301 0
1526320 12910592
1526321 0
1529195 1089536
1529196 0
1532795 12910592
1532796 0
1536575 12910592
1536576 0
1543595 1089536
1543596 0
1546900 12910592
1546901 0
1550195 12910592
1550196 0
1577795 12910592
1577796 0
1584875 1089536
1584876 0
1592015 12910592
1592016 0
1598920 12910592
1598921 0
1604195 1089536
1604196 0
1610495 12910592
1610496 0
1613795 12910592
1613796 0
1619200 12910592
1619201 0
1624595 1089536
1624596 0
1629035 12910592
1629036 0
1672955 12910592
1672956 0
1676795 1089536
1676796 0
1680400 12910592
1680401 0
1684595 1089536
1684596 0
1687895 12910592
1687896 0
1690595 12910592
1690596 0
1696595 1089536
1696596 0
1699420 12910592
1699421 0
1762240 12910592
1762241 0
1766795 12910592
1766796 0
1771895 1089536
1771896 0
1776395 12910592
1776396 0
1784620 12910592
1784621 0
1798955 12910592
1798956 0
1802795 1089536
1802796 0
1806395 12910592
1806396 0
1809995 1089536
1809996 0
1812695 12910592
1812696 0
1872035 12910592
1872036 0
1876000 12910592
1876001 0
1879595 1089536
1879596 0
1883195 12910592
1883196 0
1886915 1089536
1886916 0
1893815 12910592
1893816 0
1897420 12910592
1897421 0
1901015 1089536
1901016 0
1905095 12910592
1905096 0
2002955 12910592
2002956 0
2006560 12910592
2006561 0
2010155 1089536
2010156 0
2014235 12910592
2014236 0
2017535 1089536
2017536 0
2021135 12910592
2021136 0
2024735 1089536
2024736 0
2028340 12910592
2028341 0
2032415 12910592
2032416 0
2183500 12910592
2183501 0
2188145 12910592
2188146 0
2195795 12910592
2195796 0
2203729 12910592
2203730 0
2215188 12910592
2215189 0
2233852 12910592
2233853 0
2240752 12910592
2240753 0
2243233 12910592
2243234 0
2247395 12910592
2247396 0
2250996 12910592
2250997 0
2255671 12910592
2255672 0
2263273 12910592
2263274 0
2270881 12910592
2270882 0
2278013 12910592
2278014 0
2285195 12910592
2285196 0
2295395 12910592
2295396 0
2439695 12910592
2439696 0
2447534 12910592
2447535 0
2462274 12910592
2462275 0
2467900 12910592
2467901 0
2477163 12910592
2477164 0
2484458 12910592
2484459 0
2490100 12910592
2490101 0
2501195 12910592
2501196 0
2508996 12910592
2508997 0
2513242 12910592
2513243 0
2516967 12910592
2516968 0
2520567 12910592
2520568 0
2527892 12910592
2527893 0
2535457 12910592
2535458 0
2544401 12910592
2544402 0
2551901 12910592
2551902 0
2558080 12910592
2558081 0
2564091 12910592
2564092 0
2788025 12910592
2788026 0
2799995 12910592
2799996 0
2808524 12910592
2808525 0
2813474 12910592
2813475 0
2815600 12910592
2815601 0
2823738 12910592
2823739 0
2831795 12910592
2831796 0
2837080 12910592
2837081 0
2846795 12910592
2846796 0
2853394 12910592
2853395 0
2854596 12910592
2854597 0
2860771 12910592
2860772 0
2867495 12910592
2867496 0
2875681 12910592
2875682 0
2882586 12910592
2882587 0
2888238 12910592
2888239 0
2893895 12910592
2893896 0
2905102 12910592
2905103 0
2912409 12910592
2912410 0
3044500 12910592
3044501 0
3055934 12910592
3055935 0
3067079 12910592
3067080 0
3078363 12910592
3078364 0
3081663 12910592
3081664 0
3089108 12910592
3089109 0
3096553 12910592
3096554 0
3103595 12910592
3103596 0
3109595 12910592
3109596 0
3114700 12910592
3114701 0
252 events for R
251 240
2362 444
20372 1471
36573 444
41972 1471
64773 444
77972 548
108573 444
113972 548
128383 2738
144573 2635
157172 3662
178773 2635
185972 2738
200383 548
234573 444
243572 548
247145 1830
262183 1768
262483 1830
270573 1727
279572 1830
306573 1727
324572 2754
345573 1727
365972 1830
380373 1727
387572 1830
414573 1727
421772 1830
450573 1727
457772 1830
484745 548
486573 444
493772 548
540573 444
545972 1471
567572 548
574773 444
581972 548
612573 444
617972 548
646783 2738
647973 2635
666572 2738
682773 2635
697172 3662
718773 2635
718783 444
724172 1471
738572 548
752973 444
760172 1471
788973 444
796172 548
842973 444
848372 548
877173 444
884372 548
914973 444
920372 548
941994 494
950373 391
956383 2581
968972 3608
985173 2581
990572 3608
991614 3662
1019373 2635
1026572 3662
1028383 1471
1054773 444
1062572 1471
1071583 3662
1091373 2635
1100372 3662
1125583 1471
1125883 1409
1126183 1471
1130323 3662
1130376 3912
1145373 2885
1146043 695
1150794 444
1152572 548
1179573 444
1186772 548
1215573 444
1222772 548
1233545 1830
1252173 1727
1271372 1830
1285773 1727
1292972 1830
1321773 1727
1328972 2754
1357773 1727
1364972 2754
1393773 1727
1400972 2754
1445973 1727
1454972 1830
1481973 1727
1490972 1830
1517973 1727
1517983 3917
1526972 4021
1537772 4944
1539583 2754
1553673 1727
1575572 2754
1589973 1727
1597172 2754
1625973 1727
1633172 1830
1665573 1727
1672772 1830
1701573 1727
1708772 1830
1737573 1727
1744772 2754
1775373 1727
1782572 2754
1814373 1727
1817083 1664
1817383 1727
1820383 3917
1832972 4944
1850973 3917
1856372 4944
1883373 3917
1885183 1727
1894172 2754
1906745 1471
1922973 444
1930172 1471
1958973 444
1966172 1471
1994973 444
2002172 1471
2003983 3662
2047173 2635
2056172 2738
2058774 2685
2084973 2581
2095772 3608
2107974 3662
2108383 1471
2120973 444
2128172 548
2159973 444
2160250 0
2160251 444
2162383 382
2162683 444
2178572 548
2196573 444
2201972 1471
2209183 3662
2209205 4944
2230773 3917
2241572 4944
2245183 2754
2252405 1471
2261372 548
2270373 444
2277572 548
2291754 798
2306373 695
2313572 798
2335194 548
2342373 444
2353172 1471
2381973 444
2389172 1471
2418873 444
2439572 1471
2453973 444
2461172 1471
2489973 444
2497172 1471
2507983 1409
2508283 1471
2525973 444
2534972 548
2558383 2738
2563773 2635
2570972 2738
2594383 548
2599773 444
2605172 548
2617773 444
2626772 548
2653773 444
2662772 548
2680783 485
2681083 2738
2689773 2635
2698772 3662
2706005 4944
2727573 3917
2734772 4944
2749150 5195
2764473 4168
2783372 5195
2792394 4944
2792405 3662
2795983 1471
2801373 444
2806772 1471
2817572 548
2837373 444
2846372 548
2857183 485
2857483 548
2875173 444
2882372 1471
2911173 444
2921972 548
2947173 444
2954372 548
2986773 444
2993972 548
3023973 444
3026383 382
3026683 444
3044372 548
3058773 444
3065972 548
3065983 2738
3094773 2635
3101972 3662
3130773 2635
3137972 2738
3145183 548
3145194 798
3168573 695
3177572 798
3199183 736
3199194 485
3199483 548
3204573 444
3209972 548
3222573 444
3231572 548
3258573 444
3267572 548
3294573 444
3303572 1471
3332373 444
3339572 548
3369573 444
1488 events for S
20896 12910592
20897 0
21156 12910592
21157 0
21736 12910592
21737 0
21996 12910592
21997 0
39875 12910592
39876 0
40135 12910592
40136 0
40715 12910592
40716 0
40975 12910592
40976 0
58064 12910592
58065 0
58324 12910592
58325 0
58904 12910592
58905 0
59164 12910592
59165 0
76254 12910592
76255 0
76514 12910592
76515 0
77094 12910592
77095 0
77354 12910592
77355 0
94443 12910592
94444 0
94703 12910592
94704 0
95283 12910592
95284 0
95543 12910592
95544 0
112633 12910592
112634 0
112893 12910592
112894 0
113473 12910592
113474 0
113733 12910592
113734 0
130822 12910592
130823 0
131052 12910592
131053 0
131592 12910592
131593 0
131822 12910592
131823 0
149012 12910592
149013 0
149272 12910592
149273 0
149852 12910592
149853 0
150112 12910592
150113 0
167201 12910592
167202 0
167461 12910592
167462 0
168041 12910592
168042 0
168301 12910592
168302 0
185391 12910592
185392 0
185651 12910592
185652 0
186231 12910592
186232 0
186491 12910592
186492 0
203580 12910592
203581 0
203840 12910592
203841 0
204420 12910592
204421 0
204680 12910592
204681 0
221770 12910592
221771 0
222030 12910592
222031 0
222610 12910592
222611 0
222870 12910592
222871 0
239959 12910592
239960 0
240219 12910592
240220 0
240799 12910592
240800 0
241059 12910592
241060 0
258149 12910592
258150 0
258409 12910592
258410 0
258989 12910592
258990 0
259249 12910592
259250 0
276338 12910592
276339 0
276598 12910592
276599 0
277178 12910592
277179 0
277438 12910592
277439 0
294528 12910592
294529 0
294788 12910592
294789 0
295368 12910592
295369 0
295628 12910592
295629 0
312717 12910592
312718 0
312977 12910592
312978 0
313557 12910592
313558 0
313817 12910592
313818 0
330307 12910592
330308 0
330567 12910592
330568 0
331147 12910592
331148 0
331407 12910592
331408 0
347596 12910592
347597 0
347856 12910592
347857 0
348436 12910592
348437 0
348696 12910592
348697 0
366496 12910592
366497 0
366756 12910592
366757 0
367336 12910592
367337 0
367596 12910592
367597 0
384672 12910592
384673 0
384932 12910592
384933 0
385512 12910592
385513 0
385772 12910592
385773 0
402461 12910592
402462 0
402721 12910592
402722 0
403301 12910592
403302 0
403561 12910592
403562 0
420249 12910592
420250 0
420509 12910592
420510 0
421089 12910592
421090 0
421349 12910592
421350 0
438037 12910592
438038 0
438297 12910592
438298 0
438877 12910592
438878 0
439137 12910592
439138 0
455825 12910592
455826 0
456085 12910592
456086 0
456665 12910592
456666 0
456925 12910592
456926 0
473614 12910592
473615 0
473844 12910592
473845 0
474384 12910592
474385 0
474614 12910592
474615 0
491402 12910592
491403 0
491662 12910592
491663 0
492242 12910592
492243 0
492502 12910592
492503 0
509190 12910592
509191 0
509450 12910592
509451 0
510030 12910592
510031 0
510290 12910592
510291 0
526978 12910592
526979 0
527238 12910592
527239 0
527818 12910592
527819 0
528078 12910592
528079 0
544767 12910592
544768 0
545027 12910592
545028 0
545607 12910592
545608 0
545867 12910592
545868 0
562555 12910592
562556 0
562815 12910592
562816 0
563395 12910592
563396 0
563655 12910592
563656 0
580343 12910592
580344 0
580603 12910592
580604 0
581183 12910592
581184 0
581443 12910592
581444 0
598131 12910592
598132 0
598391 12910592
598392 0
598971 12910592
598972 0
599231 12910592
599232 0
615920 12910592
615921 0
616180 12910592
616181 0
616760 12910592
616761 0
617020 12910592
617021 0
633108 12910592
633109 0
633368 12910592
633369 0
633948 12910592
633949 0
634208 12910592
634209 0
649996 12910592
649997 0
650256 12910592
650257 0
650836 12910592
650837 0
651096 12910592
651097 0
668896 12910592
668897 0
669156 12910592
669157 0
669736 12910592
669737 0
669996 12910592
669997 0
687072 12910592
687073 0
687332 12910592
687333 0
687912 12910592
687913 0
688172 12910592
688173 0
704861 12910592
704862 0
705091 12910592
705092 0
705631 12910592
705632 0
705861 12910592
705862 0
722649 12910592
722650 0
722909 12910592
722910 0
723489 12910592
723490 0
723749 12910592
723750 0
740437 12910592
740438 0
740697 12910592
740698 0
741277 12910592
741278 0
741537 12910592
741538 0
758225 12910592
758226 0
758485 12910592
758486 0
759065 12910592
759066 0
759325 12910592
759326 0
776014 12910592
776015 0
776274 12910592
776275 0
776854 12910592
776855 0
777114 12910592
777115 0
793802 12910592
793803 0
794062 12910592
794063 0
794642 12910592
794643 0
794902 12910592
794903 0
811590 12910592
811591 0
811850 12910592
811851 0
812430 12910592
812431 0
812690 12910592
812691 0
829378 12910592
829379 0
829638 12910592
829639 0
830218 12910592
830219 0
830478 12910592
830479 0
847167 12910592
847168 0
847427 12910592
847428 0
848007 12910592
848008 0
848267 12910592
848268 0
864955 12910592
864956 0
865215 12910592
865216 0
865795 12910592
865796 0
866055 12910592
866056 0
882743 12910592
882744 0
883003 12910592
883004 0
883583 12910592
883584 0
883843 12910592
883844 0
900531 12910592
900532 0
900791 12910592
900792 0
901371 12910592
901372 0
901631 12910592
901632 0
918320 12910592
918321 0
918580 12910592
918581 0
919160 12910592
919161 0
919420 12910592
919421 0
935508 12910592
935509 0
935768 12910592
935769 0
936348 12910592
936349 0
936608 12910592
936609 0
952396 12910592
952397 0
952656 12910592
952657 0
953236 12910592
953237 0
953496 12910592
953497 0
971296 12910592
971297 0
971556 12910592
971557 0
972136 12910592
972137 0
972396 12910592
972397 0
989472 12910592
989473 0
989732 12910592
989733 0
990312 12910592
990313 0
990572 12910592
990573 0
1007261 12910592
1007262 0
1007521 12910592
1007522 0
1008101 12910592
1008102 0
1008361 12910592
1008362 0
1025049 12910592
1025050 0
1025309 12910592
1025310 0
1025889 12910592
1025890 0
1026149 12910592
1026150 0
1042837 12910592
1042838 0
1043097 12910592
1043098 0
1043677 12910592
1043678 0
1043937 12910592
1043938 0
1060625 12910592
1060626 0
1060885 12910592
1060886 0
1061465 12910592
1061466 0
1061725 12910592
1061726 0
1078414 12910592
1078415 0
1078644 12910592
1078645 0
1079184 12910592
1079185 0
1079414 12910592
1079415 0
1096202 12910592
1096203 0
1096462 12910592
1096463 0
1097042 12910592
1097043 0
1097302 12910592
1097303 0
1113990 12910592
1113991 0
1114250 12910592
1114251 0
1114830 12910592
1114831 0
1115090 12910592
1115091 0
1131778 12910592
1131779 0
1132038 12910592
1132039 0
1132618 12910592
1132619 0
1132878 12910592
1132879 0
1149567 12910592
1149568 0
1149827 12910592
1149828 0
1150407 12910592
1150408 0
1150667 12910592
1150668 0
1167355 12910592
1167356 0
1167615 12910592
1167616 0
1168195 12910592
1168196 0
1168455 12910592
1168456 0
1185143 12910592
1185144 0
1185403 12910592
1185404 0
1185983 12910592
1185984 0
1186243 12910592
1186244 0
1202931 12910592
1202932 0
1203191 12910592
1203192 0
1203771 12910592
1203772 0
1204031 12910592
1204032 0
1220720 12910592
1220721 0
1220980 12910592
1220981 0
1221560 12910592
1221561 0
1221820 12910592
1221821 0
1237908 12910592
1237909 0
1238168 12910592
1238169 0
1238748 12910592
1238749 0
1239008 12910592
1239009 0
1254796 12910592
1254797 0
1255056 12910592
1255057 0
1255636 12910592
1255637 0
1255896 12910592
1255897 0
1273696 12910592
1273697 0
1273956 12910592
1273957 0
1274536 12910592
1274537 0
1274796 12910592
1274797 0
1291872 12910592
1291873 0
1292132 12910592
1292133 0
1292712 12910592
1292713 0
1292972 12910592
1292973 0
1309661 12910592
1309662 0
1309891 12910592
1309892 0
1310431 12910592
1310432 0
1310661 12910592
1310662 0
1327449 12910592
1327450 0
1327709 12910592
1327710 0
1328289 12910592
1328290 0
1328549 12910592
1328550 0
1345237 12910592
1345238 0
1345497 12910592
1345498 0
1346077 12910592
1346078 0
1346337 12910592
1346338 0
1363025 12910592
1363026 0
1363285 12910592
1363286 0
1363865 12910592
1363866 0
1364125 12910592
1364126 0
1380814 12910592
1380815 0
1381074 12910592
1381075 0
1381654 12910592
1381655 0
1381914 12910592
1381915 0
1398602 12910592
1398603 0
1398862 12910592
1398863 0
1399442 12910592
1399443 0
1399702 12910592
1399703 0
1416390 12910592
1416391 0
1416650 12910592
1416651 0
1417230 12910592
1417231 0
1417490 12910592
1417491 0
1434178 12910592
1434179 0
1434438 12910592
1434439 0
1435018 12910592
1435019 0
1435278 12910592
1435279 0
1451967 12910592
1451968 0
1452227 12910592
1452228 0
1452807 12910592
1452808 0
1453067 12910592
1453068 0
1469755 12910592
1469756 0
1470015 12910592
1470016 0
1470595 12910592
1470596 0
1470855 12910592
1470856 0
1487543 12910592
1487544 0
1487803 12910592
1487804 0
1488383 12910592
1488384 0
1488643 12910592
1488644 0
1505331 12910592
1505332 0
1505591 12910592
1505592 0
1506171 12910592
1506172 0
1506431 12910592
1506432 0
1523120 12910592
1523121 0
1523380 12910592
1523381 0
1523960 12910592
1523961 0
1524220 12910592
1524221 0
1540308 12910592
1540309 0
1540568 12910592
1540569 0
1541148 12910592
1541149 0
1541408 12910592
1541409 0
1557196 12910592
1557197 0
1557456 12910592
1557457 0
1558036 12910592
1558037 0
1558296 12910592
1558297 0
1576096 12910592
1576097 0
1576326 12910592
1576327 0
1576866 12910592
1576867 0
1577096 12910592
1577097 0
1595725 12910592
1595726 0
1595985 12910592
1595986 0
1596565 12910592
1596566 0
1596825 12910592
1596826 0
1614239 12910592
1614240 0
1614499 12910592
1614500 0
1615079 12910592
1615080 0
1615339 12910592
1615340 0
1632753 12910592
1632754 0
1633013 12910592
1633014 0
1633593 12910592
1633594 0
1633853 12910592
1633854 0
1651267 12910592
1651268 0
1651527 12910592
1651528 0
1652107 12910592
1652108 0
1652367 12910592
1652368 0
1669782 12910592
1669783 0
1670042 12910592
1670043 0
1670622 12910592
1670623 0
1670882 12910592
1670883 0
1688296 12910592
1688297 0
1688556 12910592
1688557 0
1689136 12910592
1689137 0
1689396 12910592
1689397 0
1706810 12910592
1706811 0
1707070 12910592
1707071 0
1707650 12910592
1707651 0
1707910 12910592
1707911 0
1725325 12910592
1725326 0
1725585 12910592
1725586 0
1726165 12910592
1726166 0
1726425 12910592
1726426 0
1743839 12910592
1743840 0
1744099 12910592
1744100 0
1744679 12910592
1744680 0
1744939 12910592
1744940 0
1762353 12910592
1762354 0
1762613 12910592
1762614 0
1763193 12910592
1763194 0
1763453 12910592
1763454 0
1780867 12910592
1780868 0
1781127 12910592
1781128 0
1781707 12910592
1781708 0
1781967 12910592
1781968 0
1798782 12910592
1798783 0
1799042 12910592
1799043 0
1799622 12910592
1799623 0
1799882 12910592
1799883 0
1816396 12910592
1816397 0
1816656 12910592
1816657 0
1817236 12910592
1817237 0
1817496 12910592
1817497 0
1835296 12910592
1835297 0
1835556 12910592
1835557 0
1836136 12910592
1836137 0
1836396 12910592
1836397 0
1854275 12910592
1854276 0
1854535 12910592
1854536 0
1855115 12910592
1855116 0
1855375 12910592
1855376 0
1872464 12910592
1872465 0
1872724 12910592
1872725 0
1873304 12910592
1873305 0
1873564 12910592
1873565 0
1890654 12910592
1890655 0
1890914 12910592
1890915 0
1891494 12910592
1891495 0
1891754 12910592
1891755 0
1908843 12910592
1908844 0
1909103 12910592
1909104 0
1909683 12910592
1909684 0
1909943 12910592
1909944 0
1927033 12910592
1927034 0
1927293 12910592
1927294 0
1927873 12910592
1927874 0
1928133 12910592
1928134 0
1945222 12910592
1945223 0
1945452 12910592
1945453 0
1945992 12910592
1945993 0
1946222 12910592
1946223 0
1963412 12910592
1963413 0
1963672 12910592
1963673 0
1964252 12910592
1964253 0
1964512 12910592
1964513 0
1981601 12910592
1981602 0
1981861 12910592
1981862 0
1982441 12910592
1982442 0
1982701 12910592
1982702 0
1999791 12910592
1999792 0
2000051 12910592
2000052 0
2000631 12910592
2000632 0
2000891 12910592
2000892 0
2017980 12910592
2017981 0
2018240 12910592
2018241 0
2018820 12910592
2018821 0
2019080 12910592
2019081 0
2036170 12910592
2036171 0
2036430 12910592
2036431 0
2037010 12910592
2037011 0
2037270 12910592
2037271 0
2054359 12910592
2054360 0
2054619 12910592
2054620 0
2055199 12910592
2055200 0
2055459 12910592
2055460 0
2072549 12910592
2072550 0
2072809 12910592
2072810 0
2073389 12910592
2073390 0
2073649 12910592
2073650 0
2090738 12910592
2090739 0
2090998 12910592
2090999 0
2091578 12910592
2091579 0
2091838 12910592
2091839 0
2108928 12910592
2108929 0
2109188 12910592
2109189 0
2109768 12910592
2109769 0
2110028 12910592
2110029 0
2127117 12910592
2127118 0
2127377 12910592
2127378 0
2127957 12910592
2127958 0
2128217 12910592
2128218 0
2144707 12910592
2144708 0
2144967 12910592
2144968 0
2145547 12910592
2145548 0
2145807 12910592
2145808 0
2161996 12910592
2161997 0
2162256 12910592
2162257 0
2162836 12910592
2162837 0
2163096 12910592
2163097 0
2180896 12910592
2180897 0
2181126 12910592
2181127 0
2181666 12910592
2181667 0
2181896 12910592
2181897 0
2200525 12910592
2200526 0
2200785 12910592
2200786 0
2201365 12910592
2201366 0
2201625 12910592
2201626 0
2219039 12910592
2219040 0
2219299 12910592
2219300 0
2219879 12910592
2219880 0
2220139 12910592
2220140 0
2237553 12910592
2237554 0
2237813 12910592
2237814 0
2238393 12910592
2238394 0
2238653 12910592
2238654 0
2256067 12910592
2256068 0
2256327 12910592
2256328 0
2256907 12910592
2256908 0
2257167 12910592
2257168 0
2274582 12910592
2274583 0
2274842 12910592
2274843 0
2275422 12910592
2275423 0
2275682 12910592
2275683 0
2293096 12910592
2293097 0
2293356 12910592
2293357 0
2293936 12910592
2293937 0
2294196 12910592
2294197 0
2311610 12910592
2311611 0
2311870 12910592
2311871 0
2312450 12910592
2312451 0
2312710 12910592
2312711 0
2330125 12910592
2330126 0
2330385 12910592
2330386 0
2330965 12910592
2330966 0
2331225 12910592
2331226 0
2348639 12910592
2348640 0
2348899 12910592
2348900 0
2349479 12910592
2349480 0
2349739 12910592
2349740 0
2367153 12910592
2367154 0
2367413 12910592
2367414 0
2367993 12910592
2367994 0
2368253 12910592
2368254 0
2385667 12910592
2385668 0
2385927 12910592
2385928 0
2386507 12910592
2386508 0
2386767 12910592
2386768 0
2403582 12910592
2403583 0
2403842 12910592
2403843 0
2404422 12910592
2404423 0
2404682 12910592
2404683 0
2421196 12910592
2421197 0
2421456 12910592
2421457 0
2422036 12910592
2422037 0
2422296 12910592
2422297 0
2440096 12910592
2440097 0
2440356 12910592
2440357 0
2440936 12910592
2440937 0
2441196 12910592
2441197 0
2459075 12910592
2459076 0
2459335 12910592
2459336 0
2459915 12910592
2459916 0
2460175 12910592
2460176 0
2477264 12910592
2477265 0
2477524 12910592
2477525 0
2478104 12910592
2478105 0
2478364 12910592
2478365 0
2495454 12910592
2495455 0
2495714 12910592
2495715 0
2496294 12910592
2496295 0
2496554 12910592
2496555 0
2513643 12910592
2513644 0
2513903 12910592
2513904 0
2514483 12910592
2514484 0
2514743 12910592
2514744 0
2531833 12910592
2531834 0
2532093 12910592
2532094 0
2532673 12910592
2532674 0
2532933 12910592
2532934 0
2550022 12910592
2550023 0
2550252 12910592
2550253 0
2550792 12910592
2550793 0
2551022 12910592
2551023 0
2568212 12910592
2568213 0
2568472 12910592
2568473 0
2569052 12910592
2569053 0
2569312 12910592
2569313 0
2586401 12910592
2586402 0
2586661 12910592
2586662 0
2587241 12910592
2587242 0
2587501 12910592
2587502 0
2604591 12910592
2604592 0
2604851 12910592
2604852 0
2605431 12910592
2605432 0
2605691 12910592
2605692 0
2622780 12910592
2622781 0
2623040 12910592
2623041 0
2623620 12910592
2623621 0
2623880 12910592
2623881 0
2640970 12910592
2640971 0
2641230 12910592
2641231 0
2641810 12910592
2641811 0
2642070 12910592
2642071 0
2659159 12910592
2659160 0
2659419 12910592
2659420 0
2659999 12910592
2660000 0
2660259 12910592
2660260 0
2677349 12910592
2677350 0
2677609 12910592
2677610 0
2678189 12910592
2678190 0
2678449 12910592
2678450 0
2695538 12910592
2695539 0
2695798 12910592
2695799 0
2696378 12910592
2696379 0
2696638 12910592
2696639 0
2713728 12910592
2713729 0
2713988 12910592
2713989 0
2714568 12910592
2714569 0
2714828 12910592
2714829 0
2731917 12910592
2731918 0
2732177 12910592
2732178 0
2732757 12910592
2732758 0
2733017 12910592
2733018 0
2749507 12910592
2749508 0
2749767 12910592
2749768 0
2750347 12910592
2750348 0
2750607 12910592
2750608 0
2766796 12910592
2766797 0
2767056 12910592
2767057 0
2767636 12910592
2767637 0
2767896 12910592
2767897 0
2785696 12910592
2785697 0
2785926 12910592
2785927 0
2786466 12910592
2786467 0
2786696 12910592
2786697 0
2805325 12910592
2805326 0
2805585 12910592
2805586 0
2806165 12910592
2806166 0
2806425 12910592
2806426 0
2823839 12910592
2823840 0
2824099 12910592
2824100 0
2824679 12910592
2824680 0
2824939 12910592
2824940 0
2842353 12910592
2842354 0
2842613 12910592
2842614 0
2843193 12910592
2843194 0
2843453 12910592
2843454 0
2860867 12910592
2860868 0
2861127 12910592
2861128 0
2861707 12910592
2861708 0
2861967 12910592
2861968 0
2879382 12910592
2879383 0
2879642 12910592
2879643 0
2880222 12910592
2880223 0
2880482 12910592
2880483 0
2897896 12910592
2897897 0
2898156 12910592
2898157 0
2898736 12910592
2898737 0
2898996 12910592
2898997 0
2916410 12910592
2916411 0
2916670 12910592
2916671 0
2917250 12910592
2917251 0
2917510 12910592
2917511 0
2934925 12910592
2934926 0
2935185 12910592
2935186 0
2935765 12910592
2935766 0
2936025 12910592
2936026 0
2953439 12910592
2953440 0
2953699 12910592
2953700 0
2954279 12910592
2954280 0
2954539 12910592
2954540 0
2971953 12910592
2971954 0
2972213 12910592
2972214 0
2972793 12910592
2972794 0
2973053 12910592
2973054 0
2990467 12910592
2990468 0
2990727 12910592
2990728 0
2991307 12910592
2991308 0
2991567 12910592
2991568 0
3008382 12910592
3008383 0
3008642 12910592
3008643 0
3009222 12910592
3009223 0
3009482 12910592
3009483 0
3025996 12910592
3025997 0
3026256 12910592
3026257 0
3026836 12910592
3026837 0
3027096 12910592
3027097 0
3044896 12910592
3044897 0
3045156 12910592
3045157 0
3045736 12910592
3045737 0
3045996 12910592
3045997 0
3063875 12910592
3063876 0
3064135 12910592
3064136 0
3064715 12910592
3064716 0
3064975 12910592
3064976 0
3082064 12910592
3082065 0
3082324 12910592
3082325 0
3082904 12910592
3082905 0
3083164 12910592
3083165 0
3100254 12910592
3100255 0
3100514 12910592
3100515 0
3101094 12910592
3101095 0
3101354 12910592
3101355 0
3118443 12910592
3118444 0
3118703 12910592
3118704 0
3119283 12910592
3119284 0
3119543 12910592
3119544 0
3136633 12910592
3136634 0
3136893 12910592
3136894 0
3137473 12910592
3137474 0
3137733 12910592
3137734 0
3154822 12910592
3154823 0
3155052 12910592
3155053 0
3155592 12910592
3155593 0
3155822 12910592
3155823 0
3173012 12910592
3173013 0
3173272 12910592
3173273 0
3173852 12910592
3173853 0
3174112 12910592
3174113 0
3191201 12910592
3191202 0
3191461 12910592
3191462 0
3192041 12910592
3192042 0
3192301 12910592
3192302 0
3209391 12910592
3209392 0
3209651 12910592
3209652 0
3210231 12910592
3210232 0
3210491 12910592
3210492 0
3227580 12910592
3227581 0
3227840 12910592
3227841 0
3228420 12910592
3228421 0
3228680 12910592
3228681 0
3245770 12910592
3245771 0
3246030 12910592
3246031 0
3246610 12910592
3246611 0
3246870 12910592
3246871 0
3263959 12910592
3263960 0
3264219 12910592
3264220 0
3264799 12910592
3264800 0
3265059 12910592
3265060 0
3282149 12910592
3282150 0
3282409 12910592
3282410 0
3282989 12910592
3282990 0
3283249 12910592
3283250 0
3300338 12910592
3300339 0
3300598 12910592
3300599 0
3301178 12910592
3301179 0
3301438 12910592
3301439 0
3318528 12910592
3318529 0
3318788 12910592
3318789 0
3319368 12910592
3319369 0
3319628 12910592
3319629 0
3336717 12910592
3336718 0
3336977 12910592
3336978 0
3337557 12910592
3337558 0
3337817 12910592
3337818 0
3354307 12910592
3354308 0
3354567 12910592
3354568 0
3355147 12910592
3355148 0
3355407 12910592
3355408 0
3371596 12910592
3371597 0
3371856 12910592
3371857 0
3372436 12910592
3372437 0
3372696 12910592
3372697 0
3 events for T
1301 18
2161300 0
2161301 18
