20 instruments
A 10 100 45126217.813212499 1435691857.5629289
B 10 100 23264.147255000564 168504461.78361657
C 10 100 815344000 7516190000
D 10 100 431759.25152321503 367151977.05994737
E 10 100 0.00018113117344584602 933503441.77673233
F 10 100 20412.132877845776 869835207.86274612
G 10 100 154000 595557000
H 10 100 1935.2198577632046 529743673.63920057
I 10 100 183507440.74517861 809594356.20986629
J 10 100 0 296462475.07613176
K 10 100 1517960000 4000000000
L 10 100 1801610371.8348846 4747451505.5334387
M 10 100 1538660356.7547786 4054547831.9712734
N 10 100 177168740.44080633 781629408.46013641
O 10 100 24955.266722182481 180753403.14844713
P 10 100 309096.09667920991 262843801.48639998
Q 10 100 0 938631764.34521866
R 10 100 2665037.1650940888 921958803.05957663
S 10 100 0.00017956089109901502 925410610.77784157
T 10 100 22018.298358889329 159480658.09969637
140 downlinks
0 19800 49577 17825.048205999999
1 49578 67745 16584.801629000001
2 91816 96499 56583.634539999999
3 120738 135056 54510.231771999999
4 137178 152542 17937.152144
5 178088 221962 61000.683803
6 221963 249338 18467.928540000001
7 264361 308238 25417.817937
8 308239 327328 19015.030229
9 330078 347128 24567.032964000002
10 365400 394577 17828.859713000002
11 394578 411962 17701.536620999999
12 436911 480795 25418.320157999999
13 480796 501418 17542.270487000002
14 502578 528436 23159.729212999999
15 528437 567073 59981.281416999998
16 567074 597076 17972.728726000001
17 597077 613056 22999.291153999999
18 614837 654623 56629.461013
19 667800 674336 23614.41446
20 679877 701139 22122.706344999999
21 701176 739875 59998.788971000002
22 739876 757341 17624.346496999999
23 782015 826275 61074.347796000002
24 826276 843861 17138.572087
25 868291 913175 61181.460402999997
26 913176 932357 17433.778816999999
27 933675 950344 23082.352213999999
28 970200 999423 17883.640805999999
29 999424 1023140 17543.785331999999
30 1023675 1046233 22376.399878
31 1046234 1080073 58655.879155000002
32 1080074 1103435 17582.023593000002
33 1105574 1117118 58623.309652000004
34 1127127 1168572 15119.160288999999
35 1168573 1190199 16914.110455999999
36 1194973 1207189 55409.676240000001
37 1213406 1243421 14837.924851
38 1244310 1247704 18937.599925999999
39 1278072 1294888 56160.945200000002
40 1299686 1347970 56661.696495999997
41 1347971 1360266 56748.807657999998
42 1364471 1376676 58852.465277000003
43 1396870 1423170 17334.486729
44 1429871 1472246 60764.045818999999
45 1472247 1519663 24005.080918
46 1527369 1531566 18969.341575999999
47 1536969 1558329 18036.499982000001
48 1581368 1593440 52719.905522000001
49 1602442 1633051 54389.954824
50 1656966 1668740 17991.02982
51 1688727 1730446 61717.871531999997
52 1731094 1776643 24930.695499000001
53 1795565 1819204 22398.438724
54 1834200 1862647 17244.778962
55 1865463 1877801 18220.925300999999
56 1894563 1906123 58678.576760000004
57 1909322 1949161 58555.537063999996
58 1949162 1964047 18992.23504
59 1981862 2018383 13796.402593000001
60 2033878 2072159 59962.626314000001
61 2072160 2078069 23204.996364999999
62 2095500 2118635 60314.874481999999
63 2121059 2137467 18020.649063000001
64 2179800 2207240 17416.188300000002
65 2233257 2253543 17116.766715000002
66 2254255 2260753 60234.572946
67 2264755 2284848 16963.427941999998
68 2292746 2335084 60809.052052999999
69 2335085 2360164 23716.228502000002
70 2360753 2368255 18029.108412000001
71 2371913 2374993 60100.563959999999
72 2439000 2465425 17729.224104000001
73 2498751 2510833 17589.138943000002
74 2513509 2545848 58302.529763999999
75 2545849 2563293 18080.346756999999
76 2571649 2599285 55874.873438000002
77 2605247 2628473 60291.091052000003
78 2637912 2680234 60832.041154999999
79 2680235 2718344 24945.773354000001
80 2718345 2742158 18650.039686
81 2784600 2810215 17801.393711000001
82 2810648 2813791 18241.361444999999
83 2830242 2853075 24067.369501000001
84 2854240 2878223 56712.888793999999
85 2904340 2913195 58370.132263
86 2916711 2937551 58005.525035999999
87 2939102 2976937 24930.123806
88 2976938 2998111 16739.689300999999
89 3043800 3068367 18181.419744999999
90 3090335 3115951 18610.315675999998
91 3117393 3155781 59847.283359000001
92 3157233 3173308 18063.419893999999
93 3177933 3202738 18186.627066000001
94 3203790 3219637 56843.492619999997
95 3241970 3275429 9175.5815739999998
96 3275430 3286919 9288.5908459999991
97 3290187 3328186 29976.478185
98 3330327 3347364 8340.6453669999992
99 3356727 3367030 28164.287346000001
100 3389400 3411983 9615.6592349999992
101 3434125 3462621 8936.4976299999998
102 3462622 3466445 29078.912095
103 3482122 3489569 8738.7729049999998
104 3507750 3543139 9283.3064869999998
105 3543140 3588918 9136.56639
106 3588919 3605326 8867.2325060000003
107 3620753 3625159 30843.021497000002
108 3648600 3665369 8651.5363890000008
109 3666916 3689823 8598.6086899999991
110 3692716 3721212 28620.571626000001
111 3721213 3732133 29488.2804
112 3735373 3757773 29574.456625999999
113 3763813 3777150 8990.2936559999998
114 3779713 3808595 27889.095755999999
115 3810610 3820739 27279.489213000001
116 3823590 3826815 29339.122920000002
117 3833110 3841936 30467.823106
118 3851410 3862960 9273.8508989999991
119 3866215 3887451 28091.132868000001
120 3888313 3932352 9462.077765
121 3932353 3947686 8739.387213
122 3988200 4003104 27177.101999999999
123 4018653 4042762 28867.988366000001
124 4043703 4066231 8757.0573490000006
125 4104954 4147202 30482.278361000001
126 4147203 4184096 9337.789702
127 4184097 4212558 8515.7706749999998
128 4253400 4268283 8900.7025030000004
129 4270493 4296282 8778.3355150000007
130 4296293 4324665 29886.497736000001
131 4327190 4354431 29243.536622
132 4355150 4359363 26517.245249
133 4363859 4378131 8834.4018649999998
134 4397390 4408765 9457.9623840000004
135 4420786 4440682 28164.872808
136 4450161 4492390 30503.298975000002
137 4492391 4514806 8691.2845450000004
138 4515282 4525277 8525.9525360000007
139 4527942 4531695 28086.786929000002
0 opportunities for A
0 opportunities for B
0 opportunities for C
0 opportunities for D
0 opportunities for E
0 opportunities for F
0 opportunities for G
0 opportunities for H
0 opportunities for I
0 opportunities for J
0 opportunities for K
0 opportunities for L
0 opportunities for M
0 opportunities for N
0 opportunities for O
0 opportunities for P
0 opportunities for Q
0 opportunities for R
0 opportunities for S
0 opportunities for T
92 events for A
405 1642
20324 2414
36483 1642
40683 2414
72862 1642
78562 2414
90751 1642
129330 2414
131170 1642
365204 2414
416504 1642
422857 2414
452433 1642
458433 2414
488010 1642
493710 2414
541375 1642
697604 2414
737045 1642
1041545 2414
1085984 1642
1221528 2414
1251404 1642
1272404 2414
1302104 1642
1308169 2414
1310009 1642
1345604 2414
1388204 1642
1574604 2414
1576444 1642
1707618 2414
1777304 1642
1943730 2414
1945570 1642
2160404 0
2160405 1285
2179404 2414
2181244 1285
2512351 2057
2528201 1285
2532641 2057
2548530 2414
2550770 2057
2564400 1285
2784204 2414
2786044 1285
3153330 2414
3155170 1285
3173820 2057
3224188 706
3338144 2057
3370004 706
3389004 2414
3390844 706
3410933 1285
3443761 706
3758130 2414
3759970 706
3810204 2414
3817564 706
3819857 1772
3849398 1285
3865187 706
3869567 1285
3901746 706
3905946 1285
3938125 706
3994918 2414
3996758 706
4023524 1285
4029104 706
4043235 1285
4045215 706
4282904 1285
4306462 706
4310662 1285
4324651 706
4326871 1772
4342541 706
4347161 1772
4362930 2414
4365290 1772
4378920 706
4433904 2414
4443664 706
4475747 1285
4506524 706
4510746 1285
4520204 706
4579604 0
4579605 487
339 events for B
22393 906
38792 0
51613 906
56681 0
59561 906
75171 0
81351 906
93060 0
95773 593
111073 0
117710 593
128593 0
133339 906
134233 593
138019 906
147929 0
154109 906
166118 0
168398 906
184308 0
223333 906
224083 1500
230095 0
231423 1500
237423 0
296893 215
308313 0
367993 906
383589 0
389769 906
401558 0
402878 906
418813 0
425646 906
436654 0
439534 906
454742 0
460922 906
472231 0
476431 906
490319 0
496499 906
504613 0
510387 906
525895 0
527395 906
543684 0
646093 906
646873 0
670393 906
685989 0
692169 906
703778 0
708158 906
721566 0
727746 906
739354 0
740854 906
757142 0
763322 906
774931 0
777211 906
792031 0
798899 906
810507 0
812007 906
828295 0
831025 906
846084 0
852264 906
863872 0
912193 1087
914903 0
916093 906
916873 0
980893 906
981673 0
1044034 906
1059542 0
1065722 906
1076953 0
1080931 906
1094713 0
1101599 906
1112907 0
1115487 906
1130395 0
1132795 906
1148184 0
1204428 906
1219248 0
1225817 906
1236825 0
1238325 906
1253713 0
1275193 906
1290789 0
1296969 906
1308578 0
1312958 906
1326366 0
1332546 906
1344154 0
1347313 906
1361942 0
1368122 906
1379731 0
1382011 906
1390513 0
1391893 593
1396523 0
1403399 593
1407243 0
1408933 593
1414823 0
1418533 593
1422483 0
1424293 593
1430774 0
1436083 1500
1442103 0
1443403 1500
1449423 0
1459693 215
1471113 0
1528217 906
1539225 0
1544413 906
1552813 0
1579693 906
1594642 0
1600822 906
1613156 0
1614656 906
1631670 0
1674879 906
1687213 0
1688713 906
1705427 0
1763850 906
1779613 0
1786264 906
1793413 0
1795153 906
1797699 0
1799799 906
1815313 0
1866493 906
1867273 0
1873961 906
1889571 0
1895751 906
1907760 0
1952893 906
1953673 0
2004888 906
2016897 0
2019177 906
2036032 0
2114893 906
2115673 0
2184493 906
2198413 0
2205622 906
2236470 0
2242650 906
2254813 0
2257264 906
2273499 0
2279679 906
2292013 0
2293513 906
2298013 0
2344093 906
2345143 0
2441593 906
2457992 0
2464172 906
2470813 0
2471833 906
2475853 0
2478333 906
2494333 0
2500551 906
2512260 0
2514840 906
2530510 0
2536930 906
2548579 0
2552539 906
2566709 0
2617479 906
2618509 0
2701314 906
2702054 0
2737004 1500
2742183 0
2747683 479
2748923 0
2750403 479
2752513 1500
2758493 0
2764153 479
2766213 0
2788253 906
2803395 0
2810713 906
2820143 0
2825336 906
2840970 0
2847450 906
2859484 0
2862364 906
2878299 0
2884479 906
2896513 0
2899393 906
2915027 0
2920993 1087
2923703 0
2924207 215
2935627 0
2995553 1600
3005738 0
3010693 906
3011593 1500
3018076 0
3019143 1500
3022043 0
3046393 906
3062792 0
3068972 906
3080981 0
3082481 906
3099171 0
3105351 906
3117360 0
3143040 906
3143780 0
3224040 906
3224790 0
3341974 593
3352663 0
3355503 906
3356253 593
3369093 0
3393053 906
3408013 0
3415222 906
3427556 0
3429836 906
3446070 0
3452250 906
3464584 0
3466864 906
3483099 0
3489279 906
3501613 0
3504653 906
3520292 0
3526307 906
3538642 0
3540922 906
3556342 0
3563336 906
3575670 0
3577210 906
3594184 0
3600364 906
3612099 0
3614679 906
3629713 0
3651193 906
3667592 0
3673772 906
3685333 0
3687321 906
3703721 0
3710151 906
3722031 0
3724440 906
3740350 0
3746530 906
3758539 0
3762179 906
3776729 0
3782909 906
3794918 0
3797198 906
3810613 0
3823993 906
3831297 0
3833577 906
3849067 0
3851147 906
3867496 0
3873856 906
3885746 0
3888266 906
3896113 0
3946614 1714
3958024 0
3959564 906
3960304 1714
3975313 0
3992593 1714
3995327 0
3995507 215
4006983 0
4010807 1714
4013842 0
4037013 1500
4043028 0
4057203 1500
4063213 0
4095253 906
4096003 0
4205164 906
4216899 0
4218439 906
4234513 0
4255993 906
4272392 0
4278572 906
4285533 0
4329360 906
4344850 0
4352113 906
4358433 0
4446832 906
4454287 0
4455827 906
4472476 0
4478716 906
4490666 0
4528585 906
4545234 0
4551414 906
4562824 0
1564 events for C
19922 4707014
19928 0
19942 2824208
19943 0
20842 2824208
20843 0
21142 2824208
21143 0
22042 2824208
22043 0
22342 2824208
22343 0
23522 4707014
23528 0
27122 4707014
27128 0
30722 4707014
30728 0
34322 4707014
34328 0
40281 4707014
40287 0
43261 1882806
43264 0
43881 4707014
43887 0
47481 4707014
47487 0
49742 4707014
49748 0
56972 4707014
56978 0
60782 4707014
60788 0
64532 4707014
64538 0
64861 1412104
64863 0
68342 4707014
68348 0
78184 82880
78185 0
78194 82880
78195 0
78204 82880
78205 0
78235 82880
78236 0
78245 82880
78246 0
78255 82880
78256 0
223202 4313184
223203 2310336
223204 0
223333 4313184
223335 0
223478 192528
223479 0
223783 2156592
223784 0
224102 3594320
224103 962640
224104 0
224150 3594320
224151 962640
224152 0
224421 718864
224422 0
224431 718864
224432 0
224441 718864
224442 0
224451 718864
224452 0
224461 718864
224462 0
224471 718864
224472 0
224481 718864
224482 0
224491 718864
224492 0
224501 718864
224502 0
224511 718864
224512 0
224521 718864
224522 0
224531 718864
224532 0
224541 718864
224542 0
224551 718864
224552 0
224561 718864
224562 0
224571 718864
224572 0
224581 718864
224582 0
224601 192528
224602 0
224611 192528
224612 0
224621 192528
224622 0
224631 192528
224632 0
224641 192528
224642 0
224651 192528
224652 0
224661 192528
224662 0
224671 192528
224672 0
224681 192528
224682 0
224691 192528
224692 0
224701 192528
224702 0
224711 192528
224712 0
224721 192528
224722 0
237661 1412104
237663 0
240914 4313184
240915 2117808
240916 0
241635 4313184
241637 0
243455 1437728
243456 0
313516 3748528
313519 0
313526 3748528
313529 0
314116 3748528
314119 0
314126 3748528
314129 0
315316 3748528
315319 0
315326 3748528
315329 0
315916 3748528
315919 0
315926 3748528
315929 0
317116 3748528
317119 0
317126 3748528
317129 0
317716 3748528
317719 0
317726 3748528
317729 0
318916 3748528
318919 0
318926 3748528
318929 0
319516 3748528
319519 0
319526 3748528
319529 0
320716 3748528
320719 0
320726 3748528
320729 0
321316 3748528
321319 0
321326 3748528
321329 0
322516 3748528
322519 0
322526 3748528
322529 0
323116 3748528
323119 0
323126 3748528
323129 0
324061 1882806
324064 0
324326 3748528
324329 0
324336 3748528
324339 0
324926 3748528
324929 0
324936 3748528
324939 0
329006 3748528
329009 0
329016 3748528
329019 0
329606 3748528
329609 0
329616 3748528
329619 0
332906 3748528
332909 0
332916 3748528
332919 0
333506 3748528
333509 0
333516 3748528
333519 0
337106 3748528
337109 0
337116 3748528
337119 0
337706 3748528
337709 0
337716 3748528
337719 0
339095 3748528
339098 0
339105 3748528
339108 0
339695 3748528
339698 0
339705 3748528
339708 0
341306 3748528
341309 0
341316 3748528
341319 0
341906 3748528
341909 0
341916 3748528
341919 0
364802 4236312
364806 0
366602 4236312
366606 0
368402 4236312
368406 0
370202 4236312
370206 0
372002 4236312
372006 0
373802 4236312
373806 0
375602 4236312
375606 0
377402 4236312
377406 0
379202 4236312
379206 0
385078 4236312
385082 0
386878 4236312
386882 0
388678 4236312
388682 0
390478 4236312
390482 0
392278 4236312
392282 0
394502 4236312
394506 0
396302 4236312
396306 0
400767 4236312
400771 0
402567 4236312
402571 0
404367 4236312
404371 0
406167 4236312
406171 0
407967 4236312
407971 0
409767 4236312
409771 0
411567 4236312
411571 0
413367 4236312
413371 0
415167 4236312
415171 0
422762 4236312
422766 0
426422 4236312
426426 0
430082 4236312
430086 0
436982 4236312
436986 0
440702 4236312
440706 0
444422 4236312
444426 0
448142 4236312
448146 0
596461 82880
596462 0
596471 82880
596472 0
596481 82880
596482 0
596512 82880
596513 0
596522 82880
596523 0
596532 82880
596533 0
600097 5000000
600121 0
601367 5000000
601391 0
602637 5000000
602661 0
619026 4494818
619027 3748528
619030 0
619036 4494818
619041 0
619086 4494818
619091 0
619146 4494818
619147 3748528
619150 0
619156 4494818
619161 0
619206 4494818
619211 0
619266 4494818
619271 0
619276 4494818
619281 0
619326 4494818
619327 3748528
619330 0
623226 4494818
623227 3748528
623230 0
623236 4494818
623241 0
623286 4494818
623291 0
623346 4494818
623347 3748528
623350 0
623356 4494818
623361 0
623406 4494818
623411 0
623466 4494818
623471 0
623476 4494818
623481 0
623526 4494818
623527 3748528
623530 0
741691 3748528
741694 0
741731 3748528
741734 0
741771 4494818
741776 0
741811 4494818
741816 0
741851 3748528
741854 0
741891 3748528
741894 0
741931 4494818
741936 0
741971 4494818
741976 0
742011 3748528
742014 0
742051 3748528
742054 0
742091 4494818
742096 0
742131 4494818
742136 0
761721 3748528
761724 0
761741 3748528
761744 0
761761 3748528
761764 0
768021 3748528
768024 0
768041 3748528
768044 0
768061 3748528
768064 0
774339 3748528
774342 0
774359 3748528
774362 0
774379 3748528
774382 0
779139 3748528
779142 0
779159 3748528
779162 0
779179 3748528
779182 0
782439 2824208
782440 0
782530 3748528
782533 0
782799 2824208
782800 0
782869 2824208
782870 0
782939 2824208
782940 0
783259 3748528
783262 0
783274 5000000
783292 0
783939 3748528
783942 0
783959 3748528
783962 0
783979 3748528
783982 0
787239 2824208
787240 0
787330 3748528
787333 0
787599 2824208
787600 0
787669 2824208
787670 0
787739 2824208
787740 0
788059 3748528
788062 0
788074 5000000
788092 0
788739 3748528
788742 0
788759 3748528
788762 0
788779 3748528
788782 0
794227 3748528
794230 0
794247 3748528
794250 0
794267 3748528
794270 0
797527 2824208
797528 0
797618 3748528
797621 0
797887 2824208
797888 0
797957 2824208
797958 0
798027 2824208
798028 0
798347 3748528
798350 0
798362 5000000
798380 0
799027 3748528
799030 0
799047 3748528
799050 0
799067 3748528
799070 0
801321 2824208
801322 0
801412 3748528
801415 0
801681 2824208
801682 0
801751 2824208
801752 0
801821 2824208
801822 0
802141 3748528
802144 0
802156 5000000
802174 0
804021 3748528
804024 0
804041 3748528
804044 0
804061 3748528
804064 0
804921 2824208
804922 0
805012 3748528
805015 0
805281 2824208
805282 0
805351 2824208
805352 0
805421 2824208
805422 0
805741 3748528
805744 0
805756 5000000
805774 0
809915 2824208
809916 0
810006 3748528
810009 0
810275 2824208
810276 0
810345 2824208
810346 0
810415 2824208
810416 0
810735 3748528
810738 0
810750 5000000
810768 0
813665 2824208
813666 0
813756 3748528
813759 0
814025 2824208
814026 0
814095 2824208
814096 0
814165 2824208
814166 0
814485 3748528
814488 0
814500 5000000
814518 0
817415 2824208
817416 0
817506 3748528
817509 0
817775 2824208
817776 0
817845 2824208
817846 0
817915 2824208
817916 0
818235 3748528
818238 0
818250 5000000
818268 0
821165 2824208
821166 0
821256 3748528
821259 0
821525 2824208
821526 0
821595 2824208
821596 0
821665 2824208
821666 0
821985 3748528
821988 0
822000 5000000
822018 0
824465 2824208
824466 0
824556 3748528
824559 0
824825 2824208
824826 0
824895 2824208
824896 0
824965 2824208
824966 0
825285 3748528
825288 0
825300 5000000
825318 0
828153 2824208
828154 0
828244 3748528
828247 0
828513 2824208
828514 0
828583 2824208
828584 0
828653 2824208
828654 0
831903 2824208
831904 0
831994 3748528
831997 0
832263 2824208
832264 0
832333 2824208
832334 0
832403 2824208
832404 0
832723 3748528
832726 0
832738 5000000
832756 0
835034 3748528
835035 4498234
835040 0
835045 3748528
835048 0
835634 3748528
835635 4498234
835640 0
835645 3748528
835648 0
836234 3748528
836235 4498234
836240 0
836245 3748528
836248 0
836834 3748528
836835 4498234
836840 0
836845 3748528
836848 0
837434 3748528
837435 4498234
837440 0
837445 3748528
837448 0
838034 3748528
838035 4498234
838040 0
838045 3748528
838048 0
838634 3748528
838635 4498234
838640 0
838645 3748528
838648 0
839234 3748528
839235 4498234
839240 0
839245 3748528
839248 0
839834 3748528
839835 4498234
839840 0
839845 3748528
839848 0
840434 3748528
840435 4498234
840440 0
840445 3748528
840448 0
841034 3748528
841035 4498234
841040 0
841045 3748528
841048 0
841634 3748528
841635 4498234
841640 0
841645 3748528
841648 0
842237 5000000
842282 0
842447 5000000
842459 0
849123 3748528
849126 0
849163 3748528
849166 0
849203 4494818
849208 0
849243 4494818
849248 0
849283 3748528
849286 0
849323 3748528
849326 0
849363 4494818
849368 0
849403 4494818
849408 0
849443 3748528
849446 0
849483 3748528
849486 0
849523 4494818
849528 0
849563 4494818
849568 0
856202 5000000
856218 0
858002 5000000
858018 0
859802 5000000
859818 0
863261 5000000
863277 0
863560 3748528
863563 0
863575 5000000
863593 0
865061 5000000
865077 0
865360 3748528
865363 0
865375 5000000
865393 0
866861 5000000
866877 0
867160 3748528
867163 0
867175 5000000
867193 0
868661 5000000
868677 0
868960 3748528
868963 0
868975 5000000
868993 0
870461 5000000
870477 0
870760 3748528
870763 0
870775 5000000
870793 0
872261 5000000
872277 0
872560 3748528
872563 0
872575 5000000
872593 0
874061 5000000
874077 0
874360 3748528
874363 0
874375 5000000
874393 0
875861 5000000
875877 0
876160 3748528
876163 0
876175 5000000
876193 0
877661 5000000
877677 0
877960 3748528
877963 0
877975 5000000
877993 0
883149 5000000
883165 0
884949 5000000
884965 0
886749 5000000
886765 0
888549 5000000
888565 0
890349 5000000
890365 0
892149 5000000
892165 0
893949 5000000
893965 0
895749 5000000
895765 0
898837 5000000
898853 0
900637 5000000
900653 0
902437 5000000
902453 0
904237 5000000
904253 0
906037 5000000
906053 0
907837 5000000
907853 0
909637 5000000
909653 0
911437 5000000
911453 0
913237 5000000
913253 0
918726 5000000
918742 0
969621 3748528
969624 0
969641 3748528
969644 0
969661 3748528
969664 0
972321 3748528
972324 0
972341 3748528
972344 0
972361 3748528
972364 0
974721 3748528
974724 0
974741 3748528
974744 0
974761 3748528
974764 0
977421 3748528
977424 0
977441 3748528
977444 0
977461 3748528
977464 0
979521 3748528
979524 0
979541 3748528
979544 0
979561 3748528
979564 0
982221 3748528
982224 0
982241 3748528
982244 0
982261 3748528
982264 0
984321 3748528
984324 0
984341 3748528
984344 0
984361 3748528
984364 0
990497 3748528
990500 0
990517 3748528
990520 0
990537 3748528
990540 0
996797 3748528
996800 0
996817 3748528
996820 0
996837 3748528
996840 0
1086095 3748528
1086098 0
1086105 3748528
1086108 0
1086695 3748528
1086698 0
1086705 3748528
1086708 0
1090895 3748528
1090898 0
1090905 3748528
1090908 0
1091495 3748528
1091498 0
1091505 3748528
1091508 0
1097001 3748528
1097004 0
1097011 3748528
1097014 0
1097601 3748528
1097604 0
1097611 3748528
1097614 0
1101501 3748528
1101504 0
1101511 3748528
1101514 0
1102101 3748528
1102104 0
1102111 3748528
1102114 0
1106301 3748528
1106304 0
1106311 3748528
1106314 0
1106901 3748528
1106904 0
1106911 3748528
1106914 0
1112689 3748528
1112692 0
1112699 3748528
1112702 0
1113289 3748528
1113292 0
1113299 3748528
1113302 0
1117189 3748528
1117192 0
1117199 3748528
1117202 0
1117789 3748528
1117792 0
1117799 3748528
1117802 0
1118896 3748528
1118900 0
1118907 4992344
1118916 0
1118927 4992344
1118936 0
1119256 3748528
1119260 0
1119267 4992344
1119276 0
1119287 4992344
1119296 0
1119616 3748528
1119620 0
1119627 4992344
1119636 0
1119647 4992344
1119656 0
1119976 3748528
1119980 0
1119987 4992344
1119996 0
1120007 4992344
1120016 0
1120336 3748528
1120340 0
1120347 4992344
1120356 0
1120367 4992344
1120376 0
1120696 3748528
1120700 0
1120707 4992344
1120716 0
1120727 4992344
1120736 0
1121056 3748528
1121060 0
1121067 4992344
1121076 0
1121087 4992344
1121096 0
1121416 3748528
1121420 0
1121427 4992344
1121436 0
1121447 4992344
1121456 0
1121776 3748528
1121780 0
1121787 4992344
1121796 0
1121807 4992344
1121816 0
1122136 3748528
1122140 0
1122147 4992344
1122156 0
1122167 4992344
1122176 0
1122496 3748528
1122500 0
1122507 4992344
1122516 0
1122527 4992344
1122536 0
1122856 3748528
1122860 0
1122867 4992344
1122876 0
1122887 4992344
1122896 0
1123216 3748528
1123220 0
1123227 4992344
1123236 0
1123247 4992344
1123256 0
1123789 3748528
1123792 0
1123799 3748528
1123802 0
1124389 3748528
1124392 0
1124399 3748528
1124402 0
1126577 3748528
1126580 0
1126587 3748528
1126590 0
1127177 3748528
1127180 0
1127187 3748528
1127190 0
1144186 3748528
1144189 0
1144196 3748528
1144199 0
1144876 3748528
1144879 0
1144886 3748528
1144889 0
1201556 2824208
1201557 0
1201647 3748528
1201650 0
1201856 2824208
1201857 0
1201926 2824208
1201927 0
1202137 3765611
1202140 0
1205156 2824208
1205157 0
1205247 3748528
1205250 0
1205456 2824208
1205457 0
1205526 2824208
1205527 0
1205737 3765611
1205740 0
1208756 2824208
1208757 0
1208847 3748528
1208850 0
1209056 2824208
1209057 0
1209126 2824208
1209127 0
1209337 3765611
1209340 0
1212356 2824208
1212357 0
1212447 3748528
1212450 0
1212656 2824208
1212657 0
1212726 2824208
1212727 0
1212937 3765611
1212940 0
1215656 2824208
1215657 0
1215747 3748528
1215750 0
1215956 2824208
1215957 0
1216026 2824208
1216027 0
1216237 3765611
1216240 0
1388781 718864
1388782 0
1389391 718864
1389392 0
1390022 3748528
1390025 0
1390281 718864
1390282 0
1390891 718864
1390892 0
1391522 3748528
1391525 0
1391781 718864
1391782 0
1392391 718864
1392392 0
1393022 3748528
1393025 0
1400541 718864
1400542 0
1401151 718864
1401152 0
1401782 3748528
1401785 0
1402041 718864
1402042 0
1402651 718864
1402652 0
1403282 3748528
1403285 0
1403541 718864
1403542 0
1404151 718864
1404152 0
1404782 3748528
1404785 0
1435202 4313184
1435203 2310336
1435204 0
1435333 4313184
1435335 0
1435478 192528
1435479 0
1435783 2156592
1435784 0
1436102 3594320
1436103 962640
1436104 0
1436150 3594320
1436151 962640
1436152 0
1436421 718864
1436422 0
1436431 718864
1436432 0
1436441 718864
1436442 0
1436451 718864
1436452 0
1436461 718864
1436462 0
1436471 718864
1436472 0
1436481 718864
1436482 0
1436491 718864
1436492 0
1436501 718864
1436502 0
1436511 718864
1436512 0
1436521 718864
1436522 0
1436531 718864
1436532 0
1436541 718864
1436542 0
1436551 718864
1436552 0
1436561 718864
1436562 0
1436571 718864
1436572 0
1436581 718864
1436582 0
1436601 192528
1436602 0
1436611 192528
1436612 0
1436621 192528
1436622 0
1436631 192528
1436632 0
1436641 192528
1436642 0
1436651 192528
1436652 0
1436661 192528
1436662 0
1436671 192528
1436672 0
1436681 192528
1436682 0
1436691 192528
1436692 0
1436701 192528
1436702 0
1436711 192528
1436712 0
1436721 192528
1436722 0
1542302 4494818
1542303 3748528
1542306 0
1542312 4494818
1542317 0
1542362 4494818
1542367 0
1542422 4494818
1542423 3748528
1542426 0
1542432 4494818
1542437 0
1542482 4494818
1542487 0
1542542 4494818
1542547 0
1542552 4494818
1542557 0
1542602 4494818
1542603 3748528
1542606 0
1546502 4494818
1546503 3748528
1546506 0
1546512 4494818
1546517 0
1546562 4494818
1546567 0
1546622 4494818
1546623 3748528
1546626 0
1546632 4494818
1546637 0
1546682 4494818
1546687 0
1546742 4494818
1546747 0
1546752 4494818
1546757 0
1546802 4494818
1546803 3748528
1546806 0
1583726 82880
1583727 0
1583736 82880
1583737 0
1583746 82880
1583747 0
1583777 82880
1583778 0
1583787 82880
1583788 0
1583797 82880
1583798 0
1633178 3748528
1633181 0
1636778 3748528
1636781 0
1640378 3748528
1640381 0
1643978 3748528
1643981 0
1647398 3748528
1647401 0
1649592 3748528
1649595 0
1653192 3748528
1653195 0
1656792 3748528
1656795 0
1660392 3748528
1660395 0
1663992 3748528
1663995 0
1670207 3748528
1670210 0
1673807 3748528
1673810 0
1677407 3748528
1677410 0
1681007 3748528
1681010 0
1684427 3748528
1684430 0
1686621 3748528
1686624 0
1690221 3748528
1690224 0
1691795 3748528
1691798 0
1691805 3748528
1691808 0
1692395 3748528
1692398 0
1692405 3748528
1692408 0
1694709 3748528
1694712 0
1694719 3748528
1694722 0
1695309 3748528
1695312 0
1695319 3748528
1695322 0
1701609 3748528
1701612 0
1701619 3748528
1701622 0
1702209 3748528
1702212 0
1702219 3748528
1702222 0
1720209 3748528
1720212 0
1720219 3748528
1720222 0
1720809 3748528
1720812 0
1720819 3748528
1720822 0
1783692 2824208
1783693 0
1783812 2824208
1783813 0
1783932 2824208
1783933 0
1784412 2824208
1784413 0
1784532 2824208
1784533 0
1784652 2824208
1784653 0
1785132 2824208
1785133 0
1785252 2824208
1785253 0
1785372 2824208
1785373 0
1785852 2824208
1785853 0
1785972 2824208
1785973 0
1786092 2824208
1786093 0
1786572 2824208
1786573 0
1786692 2824208
1786693 0
1786812 2824208
1786813 0
1787292 2824208
1787293 0
1787412 2824208
1787413 0
1787532 2824208
1787533 0
1788012 2824208
1788013 0
1788132 2824208
1788133 0
1788252 2824208
1788253 0
1788732 2824208
1788733 0
1788852 2824208
1788853 0
1788972 2824208
1788973 0
1789452 2824208
1789453 0
1789572 2824208
1789573 0
1789692 2824208
1789693 0
1790112 2824208
1790113 0
1790232 2824208
1790233 0
1790352 2824208
1790353 0
1790892 2824208
1790893 0
1791012 2824208
1791013 0
1791132 2824208
1791133 0
1793807 2824208
1793808 0
1793898 3748528
1793901 0
1794107 2824208
1794108 0
1794177 2824208
1794178 0
1794388 3765611
1794391 0
1797707 2824208
1797708 0
1797798 3748528
1797801 0
1798007 2824208
1798008 0
1798077 2824208
1798078 0
1798288 3765611
1798291 0
1799807 2824208
1799808 0
1799898 3748528
1799901 0
1800107 2824208
1800108 0
1800177 2824208
1800178 0
1800388 3765611
1800391 0
1801307 2824208
1801308 0
1801398 3748528
1801401 0
1801607 2824208
1801608 0
1801677 2824208
1801678 0
1801888 3765611
1801891 0
1811421 2824208
1811422 0
1811512 3748528
1811515 0
1811721 2824208
1811722 0
1811791 2824208
1811792 0
1812002 3765611
1812005 0
1870769 3748528
1870772 0
1870784 5000000
1870802 0
1872569 3748528
1872572 0
1872584 5000000
1872602 0
1874369 3748528
1874372 0
1874384 5000000
1874402 0
1876169 3748528
1876172 0
1876184 5000000
1876202 0
1877969 3748528
1877972 0
1877984 5000000
1878002 0
1879769 3748528
1879772 0
1879784 5000000
1879802 0
1881569 3748528
1881572 0
1881584 5000000
1881602 0
1883369 3748528
1883372 0
1883384 5000000
1883402 0
1885169 3748528
1885172 0
1885184 5000000
1885202 0
1891059 3748528
1891062 0
1891074 5000000
1891092 0
1892859 3748528
1892862 0
1892874 5000000
1892892 0
1894659 3748528
1894662 0
1894674 5000000
1894692 0
1896459 3748528
1896462 0
1896474 5000000
1896492 0
1898259 3748528
1898262 0
1898274 5000000
1898292 0
1900059 3748528
1900062 0
1900074 5000000
1900092 0
1901859 3748528
1901862 0
1901874 5000000
1901892 0
1903659 3748528
1903662 0
1903674 5000000
1903692 0
1949721 3748528
1949724 0
1949741 3748528
1949744 0
1949761 3748528
1949764 0
1956021 3748528
1956024 0
1956041 3748528
1956044 0
1956061 3748528
1956064 0
1963837 3748528
1963840 0
1963857 3748528
1963860 0
1963877 3748528
1963880 0
1970137 3748528
1970140 0
1970157 3748528
1970160 0
1970177 3748528
1970180 0
1976437 3748528
1976440 0
1976457 3748528
1976460 0
1976477 3748528
1976480 0
1981837 3748528
1981840 0
1981857 3748528
1981860 0
1981877 3748528
1981880 0
1986637 3748528
1986640 0
1986657 3748528
1986660 0
1986677 3748528
1986680 0
1991437 3748528
1991440 0
1991457 3748528
1991460 0
1991477 3748528
1991480 0
1995416 3748528
1995419 0
1995436 3748528
1995439 0
1995456 3748528
1995459 0
2354462 226158674
2354467 0
2376062 20242052
2376067 0
2397662 20242052
2397667 0
2462462 178452312
2462464 8996469
2462469 0
2592062 18598775
2592067 0
2613662 22542416
2613667 0
2635262 57946826
2635267 0
2656862 112491168
2656867 0
2678462 89992935
2678467 0
2739125 90225847
2739126 99456
2739127 17992937
2739132 0
2808063 36047367
2808068 0
2829663 39436416
2829668 0
2937663 79610631
2937668 0
2959263 77494701
2959268 0
3067263 73767533
3067268 0
3088863 221441780
3088868 0
3348063 47723996
3348068 0
3365013 12683312
3365018 0
3520862 9037466
3520867 0
3564062 270264152
3564067 0
4449662 26968906
4449667 0
4471262 134824032
4471267 0
4474188 20221556
4474193 0
76 events for D
8240 185
347540 0
348140 185
952340 0
952940 185
1557140 0
1557740 185
2161940 0
2180600 20
2180780 0
2182940 20
2183120 0
2183180 62
2229620 0
2230280 20
2230460 0
2232620 20
2232800 0
2232860 62
2279300 0
2279420 20
2279600 289
2292860 0
2312240 20
2326812 0
2327472 20
2327652 0
2329812 20
2329992 0
2330052 62
2376492 0
2377272 20
2525540 0
2526320 20
2526500 0
2528660 20
2528840 0
2528900 53
2582360 0
2583020 20
2583200 0
2585360 20
2585540 0
2585600 53
2639060 0
2639720 20
2639900 0
2642060 20
2642240 0
2642300 53
2695760 0
2696420 20
2696600 0
2698760 20
2698940 0
2699000 53
2752460 0
2752580 20
2752760 252
2766980 0
3044600 20
3044780 0
3046940 20
3047120 0
3047180 28
3300980 0
3301640 20
3301820 0
3303980 20
3304160 0
3304220 56
3371900 0
3372140 243
3976340 0
3976940 224
4581140 0
674 events for E
25569 12910592
25570 0
32774 12910592
32775 0
53774 12910592
53775 0
59169 12910592
59170 0
62769 12910592
62770 0
66669 12910592
66670 0
70569 12910592
70570 0
80589 12910592
80590 0
84369 12910592
84370 0
88269 12910592
88270 0
95229 12910592
95230 0
105249 12910592
105250 0
117609 12910592
117610 0
124149 12910592
124150 0
133689 12910592
133690 0
140894 12910592
140895 0
153369 12910592
153370 0
160574 12910592
160575 0
167949 1089536
167950 0
172269 12910592
172270 0
177074 12910592
177075 0
180069 1089536
180070 0
182834 12910592
182835 0
367269 12910592
367270 0
374649 12910592
374650 0
382089 12910592
382090 0
388994 12910592
388995 0
399969 12910592
399970 0
410774 12910592
410775 0
424869 12910592
424870 0
428769 12910592
428770 0
432369 12910592
432370 0
435189 12910592
435190 0
442569 12910592
442570 0
446769 12910592
446770 0
463874 12910592
463875 0
467589 12910592
467590 0
479709 12910592
479710 0
482949 12910592
482950 0
486134 12910592
486135 0
495729 12910592
495730 0
499509 12910592
499510 0
515169 12910592
515170 0
522854 12910592
522855 0
528069 1089536
528070 0
531489 12910592
531490 0
535269 12910592
535270 0
538749 1089536
538750 0
541754 12910592
541755 0
669674 12910592
669675 0
673269 12910592
673270 0
676869 12910592
676870 0
680469 12910592
680470 0
684489 12910592
684490 0
691394 12910592
691395 0
694989 12910592
694990 0
711854 12910592
711855 0
718269 1089536
718270 0
726969 12910592
726970 0
734774 12910592
734775 0
744249 1089536
744250 0
752769 12910592
752770 0
762669 12910592
762670 0
772569 1089536
772570 0
780069 12910592
780070 0
789669 12910592
789670 0
798134 12910592
798135 0
803769 1089536
803770 0
813969 12910592
813970 0
821474 12910592
821475 0
830589 1089536
830590 0
839169 12910592
839170 0
851529 12910592
851530 0
858669 1089536
858670 0
862389 12910592
862390 0
1043589 12910592
1043590 0
1055169 1089536
1055170 0
1064949 12910592
1064950 0
1075509 12910592
1075510 0
1082174 12910592
1082175 0
1091169 1089536
1091170 0
1101134 12910592
1101135 0
1110369 12910592
1110370 0
1117569 1089536
1117570 0
1124469 12910592
1124470 0
1134549 12910592
1134550 0
1138389 1089536
1138390 0
1140609 12910592
1140610 0
1146729 12910592
1146730 0
1204034 12910592
1204035 0
1207569 1089536
1207570 0
1211174 12910592
1211175 0
1214769 1089536
1214770 0
1217714 12910592
1217715 0
1238654 12910592
1238655 0
1244169 1089536
1244170 0
1248369 12910592
1248370 0
1252269 12910592
1252270 0
1274769 1089536
1274770 0
1278489 12910592
1278490 0
1283169 1089536
1283170 0
1288569 12910592
1288570 0
1300269 12910592
1300270 0
1312509 1089536
1312510 0
1321574 12910592
1321575 0
1331769 12910592
1331770 0
1341374 12910592
1341375 0
1350369 12910592
1350370 0
1359369 1089536
1359370 0
1368669 12910592
1368670 0
1377069 1089536
1377070 0
1384569 12910592
1384570 0
1388474 12910592
1388475 0
1527494 12910592
1527495 0
1530369 1089536
1530370 0
1533969 12910592
1533970 0
1537749 12910592
1537750 0
1544769 1089536
1544770 0
1548074 12910592
1548075 0
1551369 12910592
1551370 0
1578969 12910592
1578970 0
1586049 1089536
1586050 0
1593189 12910592
1593190 0
1600094 12910592
1600095 0
1605369 1089536
1605370 0
1611669 12910592
1611670 0
1614969 12910592
1614970 0
1620374 12910592
1620375 0
1625769 1089536
1625770 0
1630209 12910592
1630210 0
1674129 12910592
1674130 0
1677969 1089536
1677970 0
1681574 12910592
1681575 0
1685769 1089536
1685770 0
1689069 12910592
1689070 0
1691769 12910592
1691770 0
1697769 1089536
1697770 0
1700594 12910592
1700595 0
1763414 12910592
1763415 0
1767969 12910592
1767970 0
1773069 1089536
1773070 0
1777569 12910592
1777570 0
1785794 12910592
1785795 0
1800129 12910592
1800130 0
1803969 1089536
1803970 0
1807569 12910592
1807570 0
1811169 1089536
1811170 0
1813869 12910592
1813870 0
1873209 12910592
1873210 0
1877174 12910592
1877175 0
1880769 1089536
1880770 0
1884369 12910592
1884370 0
1888089 1089536
1888090 0
1894989 12910592
1894990 0
1898594 12910592
1898595 0
1902189 1089536
1902190 0
1906269 12910592
1906270 0
2004129 12910592
2004130 0
2007734 12910592
2007735 0
2011329 1089536
2011330 0
2015409 12910592
2015410 0
2018709 1089536
2018710 0
2022309 12910592
2022310 0
2025909 1089536
2025910 0
2029514 12910592
2029515 0
2033589 12910592
2033590 0
2184674 12910592
2184675 0
2189319 12910592
2189320 0
2196969 12910592
2196970 0
2204903 12910592
2204904 0
2216362 12910592
2216363 0
2235026 12910592
2235027 0
2241926 12910592
2241927 0
2244407 12910592
2244408 0
2248569 12910592
2248570 0
2252170 12910592
2252171 0
2256845 12910592
2256846 0
2264447 12910592
2264448 0
2272055 12910592
2272056 0
2279187 12910592
2279188 0
2286369 12910592
2286370 0
2296569 12910592
2296570 0
2440869 12910592
2440870 0
2448708 12910592
2448709 0
2463448 12910592
2463449 0
2469074 12910592
2469075 0
2478337 12910592
2478338 0
2485632 12910592
2485633 0
2491274 12910592
2491275 0
2502369 12910592
2502370 0
2510170 12910592
2510171 0
2514416 12910592
2514417 0
2518141 12910592
2518142 0
2521741 12910592
2521742 0
2529066 12910592
2529067 0
2536631 12910592
2536632 0
2545575 12910592
2545576 0
2553075 12910592
2553076 0
2559254 12910592
2559255 0
2565265 12910592
2565266 0
2789199 12910592
2789200 0
2801169 12910592
2801170 0
2809698 12910592
2809699 0
2814648 12910592
2814649 0
2816774 12910592
2816775 0
2824912 12910592
2824913 0
2832969 12910592
2832970 0
2838254 12910592
2838255 0
2847969 12910592
2847970 0
2854568 12910592
2854569 0
2855770 12910592
2855771 0
2861945 12910592
2861946 0
2868669 12910592
2868670 0
2876855 12910592
2876856 0
2883760 12910592
2883761 0
2889412 12910592
2889413 0
2895069 12910592
2895070 0
2906276 12910592
2906277 0
2913583 12910592
2913584 0
3045674 12910592
3045675 0
3057108 12910592
3057109 0
3068253 12910592
3068254 0
3079537 12910592
3079538 0
3082837 12910592
3082838 0
3090282 12910592
3090283 0
3097727 12910592
3097728 0
3104769 12910592
3104770 0
3110769 12910592
3110770 0
3115874 12910592
3115875 0
3393369 12910592
3393370 0
3404169 12910592
3404170 0
3414503 12910592
3414504 0
3419169 12910592
3419170 0
3429729 12910592
3429730 0
3435974 12910592
3435975 0
3443169 12910592
3443170 0
3452169 12910592
3452170 0
3459368 12910592
3459369 0
3461855 12910592
3461856 0
3470769 12910592
3470770 0
3481569 12910592
3481570 0
3488769 12910592
3488770 0
3498669 12910592
3498670 0
3525374 12910592
3525375 0
3537198 12910592
3537199 0
3545773 12910592
3545774 0
3550934 12910592
3550935 0
3562612 12910592
3562613 0
3568419 12910592
3568420 0
3577526 12910592
3577527 0
3585133 12910592
3585134 0
3605152 12910592
3605153 0
3610655 12910592
3610656 0
3618412 12910592
3618413 0
3628274 12910592
3628275 0
3650469 12910592
3650470 0
3658869 12910592
3658870 0
3673048 12910592
3673049 0
3683889 12910592
3683890 0
3687642 12910592
3687643 0
3702277 12910592
3702278 0
3710402 12910592
3710403 0
3718568 12910592
3718569 0
3723969 12910592
3723970 0
3734169 12910592
3734170 0
3751455 12910592
3751456 0
3763010 12910592
3763011 0
3773174 12910592
3773175 0
3782769 12910592
3782770 0
3791169 12910592
3791170 0
3798411 12910592
3798412 0
3801969 12910592
3801970 0
3808870 12910592
3808871 0
3822969 12910592
3822970 0
3829321 12910592
3829322 0
3834388 12910592
3834389 0
3841569 12910592
3841570 0
3846388 12910592
3846389 0
3862454 12910592
3862455 0
3873549 12910592
3873550 0
3883634 12910592
3883635 0
3888489 12910592
3888490 0
3892569 12910592
3892570 0
3895029 12910592
3895030 0
3945969 12910592
3945970 0
3951240 12910592
3951241 0
3956580 12910592
3956581 0
3959880 12910592
3959881 0
3966874 12910592
3966875 0
3973874 12910592
3973875 0
3992174 12910592
3992175 0
3993969 12910592
3993970 0
4010169 12910592
4010170 0
4012454 12910592
4012455 0
4204445 12910592
4204446 0
4207440 12910592
4207441 0
4209947 12910592
4209948 0
4212455 12910592
4212456 0
4215455 12910592
4215456 0
4218755 12910592
4218756 0
4221755 12910592
4221756 0
4225917 12910592
4225918 0
4230069 12910592
4230070 0
4233069 12910592
4233070 0
4255574 12910592
4255575 0
4257369 12910592
4257370 0
4259169 12910592
4259170 0
4262769 12910592
4262770 0
4266369 12910592
4266370 0
4270569 12910592
4270570 0
4277774 12910592
4277775 0
4280169 12910592
4280170 0
4283169 12910592
4283170 0
4328936 12910592
4328937 0
4330634 12910592
4330635 0
4336171 12910592
4336172 0
4340406 12910592
4340407 0
4343406 12910592
4343407 0
4351869 12910592
4351870 0
4355174 12910592
4355175 0
4446369 12910592
4446370 0
4452669 12910592
4452670 0
4456269 12910592
4456270 0
4459869 12910592
4459870 0
4463469 12910592
4463470 0
4467128 12910592
4467129 0
4471023 12910592
4471024 0
4478169 12910592
4478170 0
4488914 12910592
4488915 0
4528906 12910592
4528907 0
4532769 12910592
4532770 0
4536369 12910592
4536370 0
4539969 12910592
4539970 0
4543790 12910592
4543791 0
4550695 12910592
4550696 0
4556169 12910592
4556170 0
4560969 12910592
4560970 0
136 events for F
132220 4214960
132224 0
132650 4214960
132654 0
133390 4214960
133394 0
133820 4214960
133824 0
475012 4214960
475016 0
475442 4214960
475446 0
476182 4214960
476186 0
476612 4214960
476616 0
706259 4214960
706263 0
706689 4214960
706693 0
707429 4214960
707433 0
707859 4214960
707863 0
1079812 4214960
1079816 0
1080242 4214960
1080246 0
1080982 4214960
1080986 0
1081412 4214960
1081416 0
1311059 4214960
1311063 0
1311489 4214960
1311493 0
1312229 4214960
1312233 0
1312659 4214960
1312663 0
1577494 4214960
1577498 0
1577924 4214960
1577928 0
1578664 4214960
1578668 0
1579094 4214960
1579098 0
1946620 4214960
1946624 0
1947050 4214960
1947054 0
1947790 4214960
1947794 0
1948220 4214960
1948224 0
2182294 4214960
2182298 0
2182724 4214960
2182728 0
2183464 4214960
2183468 0
2183894 4214960
2183898 0
2551420 4214960
2551424 0
2551850 4214960
2551854 0
2552590 4214960
2552594 0
2553020 4214960
2553024 0
2787094 4214960
2787098 0
2787524 4214960
2787528 0
2788264 4214960
2788268 0
2788694 4214960
2788698 0
3156220 4214960
3156224 0
3156650 4214960
3156654 0
3157390 4214960
3157394 0
3157820 4214960
3157824 0
3391894 4214960
3391898 0
3392324 4214960
3392328 0
3393064 4214960
3393068 0
3393494 4214960
3393498 0
3761020 4214960
3761024 0
3761450 4214960
3761454 0
3762190 4214960
3762194 0
3762620 4214960
3762624 0
3813094 4214960
3813098 0
3813524 4214960
3813528 0
3814264 4214960
3814268 0
3814694 4214960
3814698 0
3997808 4214960
3997812 0
3998238 4214960
3998242 0
3998978 4214960
3998982 0
3999408 4214960
3999412 0
4365820 4214960
4365824 0
4366250 4214960
4366254 0
4366990 4214960
4366994 0
4367420 4214960
4367424 0
4436794 4214960
4436798 0
4437224 4214960
4437228 0
4437964 4214960
4437968 0
4438394 4214960
4438398 0
5 events for G
1 74
2160000 0
2160001 74
4579200 0
4579201 74
132 events for H
41510 873
70310 0
262913 3276
277913 0
546402 3481
547602 0
549402 3481
567402 0
688707 873
717507 0
780377 3276
795377 0
795437 873
824237 0
1011624 3276
1026624 0
1026684 873
1055484 0
1082777 3276
1097777 0
1097837 873
1126637 0
1171718 3276
1186718 0
1186778 873
1215578 0
1278447 3276
1293447 0
1293507 873
1322307 0
1349600 3276
1364600 0
1364660 873
1393460 0
1438542 3276
1453542 0
1453602 873
1482402 0
1509695 3276
1524695 0
1524755 873
1553555 0
1693385 3276
1708385 0
1708445 873
1737245 0
1855910 873
1884710 0
1928668 873
1957468 0
2077313 3276
2092313 0
2092373 873
2121173 0
2178931 4096
2187131 0
2276217 4096
2284417 0
2350274 4096
2358474 0
2438131 4096
2446331 0
2460710 665
2489870 0
2533468 4096
2541668 0
2606226 4096
2614426 0
2697173 4096
2705373 0
2783731 4096
2791931 0
2881017 4096
2889217 0
2955074 4096
2963274 0
3042931 4096
3051131 0
3065510 665
3094670 0
3138268 4096
3146468 0
3211026 4096
3219226 0
3301973 4096
3310173 0
3388531 1365
3388711 0
3390511 1365
3391051 3481
3410251 1365
3410971 3481
3430171 1365
3430891 3481
3449817 0
3485817 873
3514617 0
3559874 873
3588674 0
3647731 873
3676531 0
3743068 3481
3757468 0
3757483 2252
3761083 0
3761098 2252
3764698 0
3764713 2252
3768313 0
3768328 2252
3771928 0
3805471 3276
3820471 0
3906773 873
3935573 0
3987331 1365
3987511 0
3989311 1365
3989851 3481
4009051 0
4090617 873
4119417 0
4164674 873
4193474 0
4252531 1365
4253251 3481
4272451 0
4332808 3276
4347808 0
4582831 1979
4584031 0
4585831 1979
329 events for I
251 240
2362 444
20372 1471
36573 444
41972 1471
64773 444
77972 548
108573 444
113972 548
128383 2738
144573 2635
157172 3662
178773 2635
185972 2738
200383 548
234573 444
243572 548
247145 1830
262183 1768
262483 1830
270573 1727
279572 1830
306573 1727
324572 2754
345573 1727
365972 1830
380373 1727
387572 1830
414573 1727
421772 1830
450573 1727
457772 1830
484745 548
486573 444
493772 548
540573 444
545972 1471
567572 548
574773 444
581972 548
612573 444
617972 548
646783 2738
647973 2635
666572 2738
682773 2635
697172 3662
718773 2635
718783 444
724172 1471
738572 548
752973 444
760172 1471
788973 444
796172 548
842973 444
848372 548
877173 444
884372 548
914973 444
920372 548
941994 494
950373 391
956383 2581
968972 3608
985173 2581
990572 3608
991614 3662
1019373 2635
1026572 3662
1028383 1471
1054773 444
1062572 1471
1071583 3662
1091373 2635
1100372 3662
1125583 1471
1125883 1409
1126183 1471
1130323 3662
1130376 3912
1145373 2885
1146043 695
1150794 444
1152572 548
1179573 444
1186772 548
1215573 444
1222772 548
1233545 1830
1252173 1727
1271372 1830
1285773 1727
1292972 1830
1321773 1727
1328972 2754
1357773 1727
1364972 2754
1393773 1727
1400972 2754
1445973 1727
1454972 1830
1481973 1727
1490972 1830
1517973 1727
1517983 3917
1526972 4021
1537772 4944
1539583 2754
1553673 1727
1575572 2754
1589973 1727
1597172 2754
1625973 1727
1633172 1830
1665573 1727
1672772 1830
1701573 1727
1708772 1830
1737573 1727
1744772 2754
1775373 1727
1782572 2754
1814373 1727
1817083 1664
1817383 1727
1820383 3917
1832972 4944
1850973 3917
1856372 4944
1883373 3917
1885183 1727
1894172 2754
1906745 1471
1922973 444
1930172 1471
1958973 444
1966172 1471
1994973 444
2002172 1471
2003983 3662
2047173 2635
2056172 2738
2058774 2685
2084973 2581
2095772 3608
2107974 3662
2108383 1471
2120973 444
2128172 548
2159973 444
2160250 0
2160251 444
2162383 382
2162683 444
2178572 548
2196573 444
2201972 1471
2209183 3662
2209205 4944
2230773 3917
2241572 4944
2245183 2754
2252405 1471
2261372 548
2270373 444
2277572 548
2291754 798
2306373 695
2313572 798
2335194 548
2342373 444
2353172 1471
2381973 444
2389172 1471
2418873 444
2439572 1471
2453973 444
2461172 1471
2489973 444
2497172 1471
2507983 1409
2508283 1471
2525973 444
2534972 548
2558383 2738
2563773 2635
2570972 2738
2594383 548
2599773 444
2605172 548
2617773 444
2626772 548
2653773 444
2662772 548
2680783 485
2681083 2738
2689773 2635
2698772 3662
2706005 4944
2727573 3917
2734772 4944
2749150 5195
2764473 4168
2783372 5195
2792394 4944
2792405 3662
2795983 1471
2801373 444
2806772 1471
2817572 548
2837373 444
2846372 548
2857183 485
2857483 548
2875173 444
2882372 1471
2911173 444
2921972 548
2947173 444
2954372 548
2986773 444
2993972 548
3023973 444
3026383 382
3026683 444
3044372 548
3058773 444
3065972 548
3065983 2738
3094773 2635
3101972 3662
3130773 2635
3137972 2738
3145183 548
3145194 798
3168573 695
3177572 798
3199183 736
3199194 485
3199483 548
3204573 444
3209972 548
3222573 444
3231572 548
3258573 444
3267572 548
3294573 444
3303572 1471
3332373 444
3339572 548
3369573 444
3389972 548
3406173 444
3411572 548
3443973 444
3451172 548
3479973 444
3487172 548
3515973 444
3524972 548
3545083 485
3545383 548
3551973 444
3560972 548
3589773 444
3598772 548
3628773 444
3649172 548
3664773 444
3670772 548
3699573 444
3706772 548
3735573 444
3742772 548
3773973 444
3778772 548
3807573 444
3821972 548
3863373 444
3872372 548
3890383 2738
3899373 2635
3908372 2738
3910183 548
3937173 444
3944372 548
3974373 444
3976762 240
3987572 344
3991183 2534
4009173 2431
4009183 240
4016372 344
4046973 240
4055972 344
4084773 240
4091972 344
4120773 240
4131572 344
4156773 240
4165772 344
4194573 240
4201772 344
4233573 240
4253972 344
4268373 240
4275572 344
4304373 240
4311572 344
4340373 240
4351172 344
4378173 240
4383572 344
4414173 240
4419572 344
4468173 240
4477172 344
4495483 281
4495783 344
4505973 240
4513172 344
4541973 240
4549172 344
4579173 240
4579450 0
4579451 240
4582483 178
4582783 240
6 events for J
948686 90
959606 3500
985226 0
2066606 90
2077526 3500
2101586 0
588 events for K
25449 117965
25538 328745
25650 117965
25719 125479
26220 7514
27129 125479
27900 7414
27905 7514
28989 125479
29760 7514
30729 125479
31500 7514
32589 125479
33360 7514
34389 125479
35160 7514
36060 0
40228 117965
40318 125479
41059 7514
43888 125479
44659 7514
47488 125479
48259 7514
48679 0
92829 58982
92919 66496
94200 7514
94440 0
94569 58982
94659 66496
95940 7514
96180 0
96729 58982
96819 66496
98100 7514
98340 0
98469 58982
98559 66496
99840 7514
100080 0
100629 58982
100719 66496
102000 7514
102240 0
102369 58982
102459 66496
103740 7514
103980 0
104829 58982
104919 66496
106200 7514
106440 0
106569 58982
106659 66496
107940 7514
108180 0
113109 58982
113199 66496
114480 7514
114720 0
115089 58982
115179 66496
116460 7514
116700 0
117489 58982
117579 66496
118860 7514
119100 0
119469 58982
119559 66496
120840 7514
121080 0
121869 58982
121959 66496
123240 7514
123480 0
123849 58982
123939 66496
125220 7514
125460 0
131289 58982
131379 66496
132660 7514
132780 0
132969 58982
133059 66496
134340 7514
134580 0
370599 125479
370945 0
370989 117965
371700 7514
372009 125479
372780 7414
372785 7514
373869 125479
374640 7514
375609 125479
376380 7514
377469 125479
378240 7514
379269 125479
380040 7514
380400 0
385025 117965
385115 125479
385856 7514
388685 125479
389456 7514
392285 125479
393056 7514
393476 0
394449 117965
394539 125479
395280 7514
396309 125479
397080 7514
398100 0
400714 117965
400804 125479
401545 7514
402574 125479
403345 7514
404374 125479
405145 7514
406174 125479
406945 7514
407974 125479
408745 7514
416365 0
673209 117965
673299 125479
673980 7514
674409 125479
675180 7514
676209 125479
676980 7514
678009 125479
678780 7514
679809 125479
680580 7514
682800 0
687425 117965
687515 125479
688256 7514
689285 125479
690056 7514
691085 125479
691856 7514
692885 125479
693656 7514
696476 0
761739 6744
768900 0
774357 6744
789918 0
794245 6744
804600 0
1278219 6744
1287600 0
1292315 6744
1294705 0
1301949 117965
1302039 125479
1302780 7514
1303809 125479
1304580 7514
1305600 0
1310014 117965
1310104 119538
1310845 1573
1311874 119538
1312645 1573
1313674 119538
1314445 1573
1315474 119538
1316245 1573
1317274 119538
1318045 1573
1323265 0
1327802 117965
1327892 119538
1328633 1573
1329662 119538
1330433 1573
1331462 119538
1332233 1573
1333262 119538
1334033 7514
1335062 119538
1335833 1573
1341053 0
1343490 117965
1343580 125479
1344321 7514
1344741 0
1582689 117965
1582839 125479
1583460 7514
1583889 125479
1584660 7514
1585089 125479
1585860 7514
1586469 125479
1587240 7514
1591500 0
1596078 117965
1596168 125479
1596909 7514
1597338 125479
1598109 7514
1598538 125479
1599309 7514
1599738 125479
1600509 7514
1603329 0
1604349 117965
1604439 124709
1605180 6744
1605609 124709
1606380 6744
1606809 124709
1607580 6744
1608009 124709
1608780 6744
1609800 0
1612492 117965
1612582 124709
1613323 6744
1613752 124709
1614523 6744
1614952 124709
1615723 6744
1616152 124709
1616923 6744
1617952 124709
1618723 6744
1619752 124709
1620523 6744
1621552 124709
1622323 6744
1628743 0
1633106 117965
1633196 124709
1633937 6744
1634366 124709
1635137 6744
1635566 124709
1636337 6744
1636766 124709
1637537 6744
1638566 124709
1639337 6744
1646957 0
1649520 117965
1649610 124709
1650351 7514
1650356 6744
1650780 124709
1651551 6744
1651980 124709
1652751 6744
1653180 124709
1653951 6744
1654980 124709
1655751 6744
1656780 124709
1657551 6744
1665771 0
1670135 117965
1670225 124709
1670966 6744
1671395 124709
1672166 6744
1672595 124709
1673366 6744
1673795 124709
1674566 6744
1674995 124709
1675766 6744
1677395 124709
1678166 6744
1683986 0
1686549 117965
1686639 124709
1687380 6744
1687809 124709
1688580 6744
1689009 124709
1689780 6744
1690200 0
1839789 117965
1839939 119538
1839960 1573
1840989 119538
1841760 1573
1842189 119538
1842960 1573
1843569 119538
1844340 1573
1844769 119538
1845540 1573
1846029 119538
1846800 1573
1847229 119538
1848000 1573
1849200 0
1854628 117965
1854718 119538
1855459 1573
1855888 119538
1856659 1573
1857088 119538
1857859 1573
1858288 119538
1859059 1573
1859488 119538
1860259 1573
1863079 0
2185599 14189
2186280 58982
2186379 7514
2186665 0
2186709 73171
2188080 7514
2193429 66496
2194800 7514
2195700 0
2200878 58982
2200968 66496
2202309 7514
2204538 66496
2205909 7514
2206338 66496
2207709 7514
2208129 0
2208849 58982
2208939 66496
2210280 7514
2210665 0
2210709 58982
2212080 7514
2215200 0
2217292 58982
2217382 66496
2218723 7514
2219108 0
2219152 58982
2220523 7514
2223943 0
2224226 58982
2224316 66496
2225657 7514
2226042 0
2226086 58982
2227457 7514
2233757 0
2237906 58982
2237996 66496
2239337 7514
2243657 0
2243949 58982
2244039 66496
2245380 7514
2249700 0
2445639 7514
2455260 0
2459518 7514
2462659 0
2463039 7514
2468100 0
2576139 7514
2582580 0
2584743 179338
2584845 0
2586434 7514
2600785 0
2605034 7514
2618975 0
2789649 19661
2789739 27175
2790420 7514
2791089 27175
2791860 7514
2792109 27175
2792880 7514
2793549 27175
2794320 7514
2794569 27175
2795340 7514
2796009 27175
2796780 7514
2797029 27175
2797800 7514
2798469 27175
2799240 7514
2799489 27175
2800260 7514
2800500 0
2805789 19661
2805879 27175
2806440 7514
2806569 27175
2807220 7514
2807769 27175
2808360 7514
2808549 27175
2809200 7514
2809749 27175
2810400 7514
2810529 27175
2811180 7514
2811729 27175
2812380 7514
2812509 27175
2813160 7514
2813709 27175
2814360 7514
2814489 27175
2815140 7514
2815689 27175
2816340 7514
2816469 27175
2817120 7514
2817240 0
3048939 7514
3051009 66496
3052380 7514
3055569 66496
3056940 7514
3060060 0
3064228 58982
3064318 66496
3065599 7514
3068848 66496
3070219 7514
3070459 0
3070749 58982
3070839 66496
3072120 7514
3075369 66496
3076740 7514
3078240 0
3080317 58982
3080407 66496
3081688 7514
3084937 66496
3086308 7514
3090268 0
3090549 58982
3090639 66496
3091920 7514
3094869 66496
3096240 7514
3096420 0
3100607 58982
3100697 66496
3101978 7514
3103367 66496
3104738 7514
3105278 0
3105549 58982
3105639 66496
3106920 7514
3111909 66496
3113280 7514
3114600 0
3116696 117965
3116786 124709
3117647 6744
3118556 124709
3119447 6744
3120356 124709
3121247 6744
3122156 124709
3123047 6744
3123956 124709
3124847 6744
3125756 124709
3126647 6744
3127556 124709
3128447 6744
3132827 0
3136986 117965
3137076 124709
3137937 6744
3138846 124709
3139737 6744
3140646 124709
3141537 6744
3142446 124709
3143337 6744
3144246 124709
3145137 6744
3146046 124709
3146937 6744
3147846 124709
3148737 6744
3149646 124709
3150537 6744
3151017 0
3155175 117965
3155265 124709
3156126 6744
3157035 124709
3157926 6744
3158826 0
3173700 169032
3175020 45609
3176345 0
3352650 7514
3359811 0
3653469 117965
3653559 124709
3654360 6744
3654489 124709
3655195 6744
3655200 0
3656049 58982
3656139 66496
3657420 7514
3664860 0
3669028 58982
3669118 7514
3677659 0
3677949 117965
3678039 124709
3678900 6744
3682620 0
3685117 117965
3685207 124709
3686068 6744
3695968 0
3705407 117965
3705497 124709
3706358 6744
3716258 0
3996763 117965
3996853 124709
3997714 6744
3998623 124709
3999514 6744
4000423 124709
4001314 6744
4002223 124709
4003114 6744
4004023 124709
4004914 6744
4005823 124709
4006714 6744
4007614 0
4015278 117965
4015368 124709
4016229 6744
4017138 124709
4018029 6744
4018938 124709
4019829 6744
4020738 124709
4021629 6744
4022529 0
4200510 7514
4214151 0
4216325 7514
4231766 0
4520049 58982
4520139 66496
4521420 6744
4521909 66496
4523280 6744
4523700 0
4526381 58982
4526471 66496
4527752 6744
4528241 66496
4529612 6744
4530041 66496
4531412 6744
4540832 0
4546670 58982
4546760 66496
4548041 6744
4548530 66496
4549901 6744
4550330 66496
4551701 6744
4557521 0
588 events for L
26888 117965
26977 328745
27089 117965
27158 125479
27659 7514
28568 125479
29339 7414
29344 7514
30428 125479
31199 7514
32168 125479
32939 7514
34028 125479
34799 7514
35828 125479
36599 7514
37499 0
41667 117965
41757 125479
42498 7514
45327 125479
46098 7514
48927 125479
49698 7514
50118 0
94268 58982
94358 66496
95639 7514
95879 0
96008 58982
96098 66496
97379 7514
97619 0
98168 58982
98258 66496
99539 7514
99779 0
99908 58982
99998 66496
101279 7514
101519 0
102068 58982
102158 66496
103439 7514
103679 0
103808 58982
103898 66496
105179 7514
105419 0
106268 58982
106358 66496
107639 7514
107879 0
108008 58982
108098 66496
109379 7514
109619 0
114548 58982
114638 66496
115919 7514
116159 0
116528 58982
116618 66496
117899 7514
118139 0
118928 58982
119018 66496
120299 7514
120539 0
120908 58982
120998 66496
122279 7514
122519 0
123308 58982
123398 66496
124679 7514
124919 0
125288 58982
125378 66496
126659 7514
126899 0
132728 58982
132818 66496
134099 7514
134219 0
134408 58982
134498 66496
135779 7514
136019 0
372038 125479
372384 0
372428 117965
373139 7514
373448 125479
374219 7414
374224 7514
375308 125479
376079 7514
377048 125479
377819 7514
378908 125479
379679 7514
380708 125479
381479 7514
381839 0
386464 117965
386554 125479
387295 7514
390124 125479
390895 7514
393724 125479
394495 7514
394915 0
395888 117965
395978 125479
396719 7514
397748 125479
398519 7514
399539 0
402153 117965
402243 125479
402984 7514
404013 125479
404784 7514
405813 125479
406584 7514
407613 125479
408384 7514
409413 125479
410184 7514
417804 0
674648 117965
674738 125479
675419 7514
675848 125479
676619 7514
677648 125479
678419 7514
679448 125479
680219 7514
681248 125479
682019 7514
684239 0
688864 117965
688954 125479
689695 7514
690724 125479
691495 7514
692524 125479
693295 7514
694324 125479
695095 7514
697915 0
763178 6744
770339 0
775796 6744
791357 0
795684 6744
806039 0
1279658 6744
1289039 0
1293754 6744
1296144 0
1303388 117965
1303478 125479
1304219 7514
1305248 125479
1306019 7514
1307039 0
1311453 117965
1311543 119538
1312284 1573
1313313 119538
1314084 1573
1315113 119538
1315884 1573
1316913 119538
1317684 1573
1318713 119538
1319484 1573
1324704 0
1329241 117965
1329331 119538
1330072 1573
1331101 119538
1331872 1573
1332901 119538
1333672 1573
1334701 119538
1335472 7514
1336501 119538
1337272 1573
1342492 0
1344929 117965
1345019 125479
1345760 7514
1346180 0
1584128 117965
1584278 125479
1584899 7514
1585328 125479
1586099 7514
1586528 125479
1587299 7514
1587908 125479
1588679 7514
1592939 0
1597517 117965
1597607 125479
1598348 7514
1598777 125479
1599548 7514
1599977 125479
1600748 7514
1601177 125479
1601948 7514
1604768 0
1605788 117965
1605878 124709
1606619 6744
1607048 124709
1607819 6744
1608248 124709
1609019 6744
1609448 124709
1610219 6744
1611239 0
1613931 117965
1614021 124709
1614762 6744
1615191 124709
1615962 6744
1616391 124709
1617162 6744
1617591 124709
1618362 6744
1619391 124709
1620162 6744
1621191 124709
1621962 6744
1622991 124709
1623762 6744
1630182 0
1634545 117965
1634635 124709
1635376 6744
1635805 124709
1636576 6744
1637005 124709
1637776 6744
1638205 124709
1638976 6744
1640005 124709
1640776 6744
1648396 0
1650959 117965
1651049 124709
1651790 7514
1651795 6744
1652219 124709
1652990 6744
1653419 124709
1654190 6744
1654619 124709
1655390 6744
1656419 124709
1657190 6744
1658219 124709
1658990 6744
1667210 0
1671574 117965
1671664 124709
1672405 6744
1672834 124709
1673605 6744
1674034 124709
1674805 6744
1675234 124709
1676005 6744
1676434 124709
1677205 6744
1678834 124709
1679605 6744
1685425 0
1687988 117965
1688078 124709
1688819 6744
1689248 124709
1690019 6744
1690448 124709
1691219 6744
1691639 0
1841228 117965
1841378 119538
1841399 1573
1842428 119538
1843199 1573
1843628 119538
1844399 1573
1845008 119538
1845779 1573
1846208 119538
1846979 1573
1847468 119538
1848239 1573
1848668 119538
1849439 1573
1850639 0
1856067 117965
1856157 119538
1856898 1573
1857327 119538
1858098 1573
1858527 119538
1859298 1573
1859727 119538
1860498 1573
1860927 119538
1861698 1573
1864518 0
2187038 14189
2187719 58982
2187818 7514
2188104 0
2188148 73171
2189519 7514
2194868 66496
2196239 7514
2197139 0
2202317 58982
2202407 66496
2203748 7514
2205977 66496
2207348 7514
2207777 66496
2209148 7514
2209568 0
2210288 58982
2210378 66496
2211719 7514
2212104 0
2212148 58982
2213519 7514
2216639 0
2218731 58982
2218821 66496
2220162 7514
2220547 0
2220591 58982
2221962 7514
2225382 0
2225665 58982
2225755 66496
2227096 7514
2227481 0
2227525 58982
2228896 7514
2235196 0
2239345 58982
2239435 66496
2240776 7514
2245096 0
2245388 58982
2245478 66496
2246819 7514
2251139 0
2447078 7514
2456699 0
2460957 7514
2464098 0
2464478 7514
2469539 0
2577578 7514
2584019 0
2586182 179338
2586284 0
2587873 7514
2602224 0
2606473 7514
2620414 0
2791088 19661
2791178 27175
2791859 7514
2792528 27175
2793299 7514
2793548 27175
2794319 7514
2794988 27175
2795759 7514
2796008 27175
2796779 7514
2797448 27175
2798219 7514
2798468 27175
2799239 7514
2799908 27175
2800679 7514
2800928 27175
2801699 7514
2801939 0
2807228 19661
2807318 27175
2807879 7514
2808008 27175
2808659 7514
2809208 27175
2809799 7514
2809988 27175
2810639 7514
2811188 27175
2811839 7514
2811968 27175
2812619 7514
2813168 27175
2813819 7514
2813948 27175
2814599 7514
2815148 27175
2815799 7514
2815928 27175
2816579 7514
2817128 27175
2817779 7514
2817908 27175
2818559 7514
2818679 0
3050378 7514
3052448 66496
3053819 7514
3057008 66496
3058379 7514
3061499 0
3065667 58982
3065757 66496
3067038 7514
3070287 66496
3071658 7514
3071898 0
3072188 58982
3072278 66496
3073559 7514
3076808 66496
3078179 7514
3079679 0
3081756 58982
3081846 66496
3083127 7514
3086376 66496
3087747 7514
3091707 0
3091988 58982
3092078 66496
3093359 7514
3096308 66496
3097679 7514
3097859 0
3102046 58982
3102136 66496
3103417 7514
3104806 66496
3106177 7514
3106717 0
3106988 58982
3107078 66496
3108359 7514
3113348 66496
3114719 7514
3116039 0
3118135 117965
3118225 124709
3119086 6744
3119995 124709
3120886 6744
3121795 124709
3122686 6744
3123595 124709
3124486 6744
3125395 124709
3126286 6744
3127195 124709
3128086 6744
3128995 124709
3129886 6744
3134266 0
3138425 117965
3138515 124709
3139376 6744
3140285 124709
3141176 6744
3142085 124709
3142976 6744
3143885 124709
3144776 6744
3145685 124709
3146576 6744
3147485 124709
3148376 6744
3149285 124709
3150176 6744
3151085 124709
3151976 6744
3152456 0
3156614 117965
3156704 124709
3157565 6744
3158474 124709
3159365 6744
3160265 0
3175139 169032
3176459 45609
3177784 0
3354089 7514
3361250 0
3654908 117965
3654998 124709
3655799 6744
3655928 124709
3656634 6744
3656639 0
3657488 58982
3657578 66496
3658859 7514
3666299 0
3670467 58982
3670557 7514
3679098 0
3679388 117965
3679478 124709
3680339 6744
3684059 0
3686556 117965
3686646 124709
3687507 6744
3697407 0
3706846 117965
3706936 124709
3707797 6744
3717697 0
3998202 117965
3998292 124709
3999153 6744
4000062 124709
4000953 6744
4001862 124709
4002753 6744
4003662 124709
4004553 6744
4005462 124709
4006353 6744
4007262 124709
4008153 6744
4009053 0
4016717 117965
4016807 124709
4017668 6744
4018577 124709
4019468 6744
4020377 124709
4021268 6744
4022177 124709
4023068 6744
4023968 0
4201949 7514
4215590 0
4217764 7514
4233205 0
4521488 58982
4521578 66496
4522859 6744
4523348 66496
4524719 6744
4525139 0
4527820 58982
4527910 66496
4529191 6744
4529680 66496
4531051 6744
4531480 66496
4532851 6744
4542271 0
4548109 58982
4548199 66496
4549480 6744
4549969 66496
4551340 6744
4551769 66496
4553140 6744
4558960 0
588 events for M
27322 117965
27411 328745
27523 117965
27592 125479
28093 7514
29002 125479
29773 7414
29778 7514
30862 125479
31633 7514
32602 125479
33373 7514
34462 125479
35233 7514
36262 125479
37033 7514
37933 0
42101 117965
42191 125479
42932 7514
45761 125479
46532 7514
49361 125479
50132 7514
50552 0
94702 58982
94792 66496
96073 7514
96313 0
96442 58982
96532 66496
97813 7514
98053 0
98602 58982
98692 66496
99973 7514
100213 0
100342 58982
100432 66496
101713 7514
101953 0
102502 58982
102592 66496
103873 7514
104113 0
104242 58982
104332 66496
105613 7514
105853 0
106702 58982
106792 66496
108073 7514
108313 0
108442 58982
108532 66496
109813 7514
110053 0
114982 58982
115072 66496
116353 7514
116593 0
116962 58982
117052 66496
118333 7514
118573 0
119362 58982
119452 66496
120733 7514
120973 0
121342 58982
121432 66496
122713 7514
122953 0
123742 58982
123832 66496
125113 7514
125353 0
125722 58982
125812 66496
127093 7514
127333 0
133162 58982
133252 66496
134533 7514
134653 0
134842 58982
134932 66496
136213 7514
136453 0
372472 125479
372818 0
372862 117965
373573 7514
373882 125479
374653 7414
374658 7514
375742 125479
376513 7514
377482 125479
378253 7514
379342 125479
380113 7514
381142 125479
381913 7514
382273 0
386898 117965
386988 125479
387729 7514
390558 125479
391329 7514
394158 125479
394929 7514
395349 0
396322 117965
396412 125479
397153 7514
398182 125479
398953 7514
399973 0
402587 117965
402677 125479
403418 7514
404447 125479
405218 7514
406247 125479
407018 7514
408047 125479
408818 7514
409847 125479
410618 7514
418238 0
675082 117965
675172 125479
675853 7514
676282 125479
677053 7514
678082 125479
678853 7514
679882 125479
680653 7514
681682 125479
682453 7514
684673 0
689298 117965
689388 125479
690129 7514
691158 125479
691929 7514
692958 125479
693729 7514
694758 125479
695529 7514
698349 0
763612 6744
770773 0
776230 6744
791791 0
796118 6744
806473 0
1280092 6744
1289473 0
1294188 6744
1296578 0
1303822 117965
1303912 125479
1304653 7514
1305682 125479
1306453 7514
1307473 0
1311887 117965
1311977 119538
1312718 1573
1313747 119538
1314518 1573
1315547 119538
1316318 1573
1317347 119538
1318118 1573
1319147 119538
1319918 1573
1325138 0
1329675 117965
1329765 119538
1330506 1573
1331535 119538
1332306 1573
1333335 119538
1334106 1573
1335135 119538
1335906 7514
1336935 119538
1337706 1573
1342926 0
1345363 117965
1345453 125479
1346194 7514
1346614 0
1584562 117965
1584712 125479
1585333 7514
1585762 125479
1586533 7514
1586962 125479
1587733 7514
1588342 125479
1589113 7514
1593373 0
1597951 117965
1598041 125479
1598782 7514
1599211 125479
1599982 7514
1600411 125479
1601182 7514
1601611 125479
1602382 7514
1605202 0
1606222 117965
1606312 124709
1607053 6744
1607482 124709
1608253 6744
1608682 124709
1609453 6744
1609882 124709
1610653 6744
1611673 0
1614365 117965
1614455 124709
1615196 6744
1615625 124709
1616396 6744
1616825 124709
1617596 6744
1618025 124709
1618796 6744
1619825 124709
1620596 6744
1621625 124709
1622396 6744
1623425 124709
1624196 6744
1630616 0
1634979 117965
1635069 124709
1635810 6744
1636239 124709
1637010 6744
1637439 124709
1638210 6744
1638639 124709
1639410 6744
1640439 124709
1641210 6744
1648830 0
1651393 117965
1651483 124709
1652224 7514
1652229 6744
1652653 124709
1653424 6744
1653853 124709
1654624 6744
1655053 124709
1655824 6744
1656853 124709
1657624 6744
1658653 124709
1659424 6744
1667644 0
1672008 117965
1672098 124709
1672839 6744
1673268 124709
1674039 6744
1674468 124709
1675239 6744
1675668 124709
1676439 6744
1676868 124709
1677639 6744
1679268 124709
1680039 6744
1685859 0
1688422 117965
1688512 124709
1689253 6744
1689682 124709
1690453 6744
1690882 124709
1691653 6744
1692073 0
1841662 117965
1841812 119538
1841833 1573
1842862 119538
1843633 1573
1844062 119538
1844833 1573
1845442 119538
1846213 1573
1846642 119538
1847413 1573
1847902 119538
1848673 1573
1849102 119538
1849873 1573
1851073 0
1856501 117965
1856591 119538
1857332 1573
1857761 119538
1858532 1573
1858961 119538
1859732 1573
1860161 119538
1860932 1573
1861361 119538
1862132 1573
1864952 0
2187472 14189
2188153 58982
2188252 7514
2188538 0
2188582 73171
2189953 7514
2195302 66496
2196673 7514
2197573 0
2202751 58982
2202841 66496
2204182 7514
2206411 66496
2207782 7514
2208211 66496
2209582 7514
2210002 0
2210722 58982
2210812 66496
2212153 7514
2212538 0
2212582 58982
2213953 7514
2217073 0
2219165 58982
2219255 66496
2220596 7514
2220981 0
2221025 58982
2222396 7514
2225816 0
2226099 58982
2226189 66496
2227530 7514
2227915 0
2227959 58982
2229330 7514
2235630 0
2239779 58982
2239869 66496
2241210 7514
2245530 0
2245822 58982
2245912 66496
2247253 7514
2251573 0
2447512 7514
2457133 0
2461391 7514
2464532 0
2464912 7514
2469973 0
2578012 7514
2584453 0
2586616 179338
2586718 0
2588307 7514
2602658 0
2606907 7514
2620848 0
2791522 19661
2791612 27175
2792293 7514
2792962 27175
2793733 7514
2793982 27175
2794753 7514
2795422 27175
2796193 7514
2796442 27175
2797213 7514
2797882 27175
2798653 7514
2798902 27175
2799673 7514
2800342 27175
2801113 7514
2801362 27175
2802133 7514
2802373 0
2807662 19661
2807752 27175
2808313 7514
2808442 27175
2809093 7514
2809642 27175
2810233 7514
2810422 27175
2811073 7514
2811622 27175
2812273 7514
2812402 27175
2813053 7514
2813602 27175
2814253 7514
2814382 27175
2815033 7514
2815582 27175
2816233 7514
2816362 27175
2817013 7514
2817562 27175
2818213 7514
2818342 27175
2818993 7514
2819113 0
3050812 7514
3052882 66496
3054253 7514
3057442 66496
3058813 7514
3061933 0
3066101 58982
3066191 66496
3067472 7514
3070721 66496
3072092 7514
3072332 0
3072622 58982
3072712 66496
3073993 7514
3077242 66496
3078613 7514
3080113 0
3082190 58982
3082280 66496
3083561 7514
3086810 66496
3088181 7514
3092141 0
3092422 58982
3092512 66496
3093793 7514
3096742 66496
3098113 7514
3098293 0
3102480 58982
3102570 66496
3103851 7514
3105240 66496
3106611 7514
3107151 0
3107422 58982
3107512 66496
3108793 7514
3113782 66496
3115153 7514
3116473 0
3118569 117965
3118659 124709
3119520 6744
3120429 124709
3121320 6744
3122229 124709
3123120 6744
3124029 124709
3124920 6744
3125829 124709
3126720 6744
3127629 124709
3128520 6744
3129429 124709
3130320 6744
3134700 0
3138859 117965
3138949 124709
3139810 6744
3140719 124709
3141610 6744
3142519 124709
3143410 6744
3144319 124709
3145210 6744
3146119 124709
3147010 6744
3147919 124709
3148810 6744
3149719 124709
3150610 6744
3151519 124709
3152410 6744
3152890 0
3157048 117965
3157138 124709
3157999 6744
3158908 124709
3159799 6744
3160699 0
3175573 169032
3176893 45609
3178218 0
3354523 7514
3361684 0
3655342 117965
3655432 124709
3656233 6744
3656362 124709
3657068 6744
3657073 0
3657922 58982
3658012 66496
3659293 7514
3666733 0
3670901 58982
3670991 7514
3679532 0
3679822 117965
3679912 124709
3680773 6744
3684493 0
3686990 117965
3687080 124709
3687941 6744
3697841 0
3707280 117965
3707370 124709
3708231 6744
3718131 0
3998636 117965
3998726 124709
3999587 6744
4000496 124709
4001387 6744
4002296 124709
4003187 6744
4004096 124709
4004987 6744
4005896 124709
4006787 6744
4007696 124709
4008587 6744
4009487 0
4017151 117965
4017241 124709
4018102 6744
4019011 124709
4019902 6744
4020811 124709
4021702 6744
4022611 124709
4023502 6744
4024402 0
4202383 7514
4216024 0
4218198 7514
4233639 0
4521922 58982
4522012 66496
4523293 6744
4523782 66496
4525153 6744
4525573 0
4528254 58982
4528344 66496
4529625 6744
4530114 66496
4531485 6744
4531914 66496
4533285 6744
4542705 0
4548543 58982
4548633 66496
4549914 6744
4550403 66496
4551774 6744
4552203 66496
4553574 6744
4559394 0
329 events for N
71 240
2182 444
20192 1471
36393 444
41792 1471
64593 444
77792 548
108393 444
113792 548
128203 2738
144393 2635
156992 3662
178593 2635
185792 2738
200203 548
234393 444
243392 548
246965 1830
262003 1768
262303 1830
270393 1727
279392 1830
306393 1727
324392 2754
345393 1727
365792 1830
380193 1727
387392 1830
414393 1727
421592 1830
450393 1727
457592 1830
484565 548
486393 444
493592 548
540393 444
545792 1471
567392 548
574593 444
581792 548
612393 444
617792 548
646603 2738
647793 2635
666392 2738
682593 2635
696992 3662
718593 2635
718603 444
723992 1471
738392 548
752793 444
759992 1471
788793 444
795992 548
842793 444
848192 548
876993 444
884192 548
914793 444
920192 548
941814 494
950193 391
956203 2581
968792 3608
984993 2581
990392 3608
991434 3662
1019193 2635
1026392 3662
1028203 1471
1054593 444
1062392 1471
1071403 3662
1091193 2635
1100192 3662
1125403 1471
1125703 1409
1126003 1471
1130143 3662
1130196 3912
1145193 2885
1145863 695
1150614 444
1152392 548
1179393 444
1186592 548
1215393 444
1222592 548
1233365 1830
1251993 1727
1271192 1830
1285593 1727
1292792 1830
1321593 1727
1328792 2754
1357593 1727
1364792 2754
1393593 1727
1400792 2754
1445793 1727
1454792 1830
1481793 1727
1490792 1830
1517793 1727
1517803 3917
1526792 4021
1537592 4944
1539403 2754
1553493 1727
1575392 2754
1589793 1727
1596992 2754
1625793 1727
1632992 1830
1665393 1727
1672592 1830
1701393 1727
1708592 1830
1737393 1727
1744592 2754
1775193 1727
1782392 2754
1814193 1727
1816903 1664
1817203 1727
1820203 3917
1832792 4944
1850793 3917
1856192 4944
1883193 3917
1885003 1727
1893992 2754
1906565 1471
1922793 444
1929992 1471
1958793 444
1965992 1471
1994793 444
2001992 1471
2003803 3662
2046993 2635
2055992 2738
2058594 2685
2084793 2581
2095592 3608
2107794 3662
2108203 1471
2120793 444
2127992 548
2159793 444
2160070 0
2160071 444
2162203 382
2162503 444
2178392 548
2196393 444
2201792 1471
2209003 3662
2209025 4944
2230593 3917
2241392 4944
2245003 2754
2252225 1471
2261192 548
2270193 444
2277392 548
2291574 798
2306193 695
2313392 798
2335014 548
2342193 444
2352992 1471
2381793 444
2388992 1471
2418693 444
2439392 1471
2453793 444
2460992 1471
2489793 444
2496992 1471
2507803 1409
2508103 1471
2525793 444
2534792 548
2558203 2738
2563593 2635
2570792 2738
2594203 548
2599593 444
2604992 548
2617593 444
2626592 548
2653593 444
2662592 548
2680603 485
2680903 2738
2689593 2635
2698592 3662
2705825 4944
2727393 3917
2734592 4944
2748970 5195
2764293 4168
2783192 5195
2792214 4944
2792225 3662
2795803 1471
2801193 444
2806592 1471
2817392 548
2837193 444
2846192 548
2857003 485
2857303 548
2874993 444
2882192 1471
2910993 444
2921792 548
2946993 444
2954192 548
2986593 444
2993792 548
3023793 444
3026203 382
3026503 444
3044192 548
3058593 444
3065792 548
3065803 2738
3094593 2635
3101792 3662
3130593 2635
3137792 2738
3145003 548
3145014 798
3168393 695
3177392 798
3199003 736
3199014 485
3199303 548
3204393 444
3209792 548
3222393 444
3231392 548
3258393 444
3267392 548
3294393 444
3303392 1471
3332193 444
3339392 548
3369393 444
3389792 548
3405993 444
3411392 548
3443793 444
3450992 548
3479793 444
3486992 548
3515793 444
3524792 548
3544903 485
3545203 548
3551793 444
3560792 548
3589593 444
3598592 548
3628593 444
3648992 548
3664593 444
3670592 548
3699393 444
3706592 548
3735393 444
3742592 548
3773793 444
3778592 548
3807393 444
3821792 548
3863193 444
3872192 548
3890203 2738
3899193 2635
3908192 2738
3910003 548
3936993 444
3944192 548
3974193 444
3976582 240
3987392 344
3991003 2534
4008993 2431
4009003 240
4016192 344
4046793 240
4055792 344
4084593 240
4091792 344
4120593 240
4131392 344
4156593 240
4165592 344
4194393 240
4201592 344
4233393 240
4253792 344
4268193 240
4275392 344
4304193 240
4311392 344
4340193 240
4350992 344
4377993 240
4383392 344
4413993 240
4419392 344
4467993 240
4476992 344
4495303 281
4495603 344
4505793 240
4512992 344
4541793 240
4548992 344
4578993 240
4579270 0
4579271 240
4582303 178
4582603 240
339 events for O
20442 906
36841 0
49662 906
54730 0
57610 906
73220 0
79400 906
91109 0
93822 593
109122 0
115759 593
126642 0
131388 906
132282 593
136068 906
145978 0
152158 906
164167 0
166447 906
182357 0
221382 906
222132 1500
228144 0
229472 1500
235472 0
294942 215
306362 0
366042 906
381638 0
387818 906
399607 0
400927 906
416862 0
423695 906
434703 0
437583 906
452791 0
458971 906
470280 0
474480 906
488368 0
494548 906
502662 0
508436 906
523944 0
525444 906
541733 0
644142 906
644922 0
668442 906
684038 0
690218 906
701827 0
706207 906
719615 0
725795 906
737403 0
738903 906
755191 0
761371 906
772980 0
775260 906
790080 0
796948 906
808556 0
810056 906
826344 0
829074 906
844133 0
850313 906
861921 0
910242 1087
912952 0
914142 906
914922 0
978942 906
979722 0
1042083 906
1057591 0
1063771 906
1075002 0
1078980 906
1092762 0
1099648 906
1110956 0
1113536 906
1128444 0
1130844 906
1146233 0
1202477 906
1217297 0
1223866 906
1234874 0
1236374 906
1251762 0
1273242 906
1288838 0
1295018 906
1306627 0
1311007 906
1324415 0
1330595 906
1342203 0
1345362 906
1359991 0
1366171 906
1377780 0
1380060 906
1388562 0
1389942 593
1394572 0
1401448 593
1405292 0
1406982 593
1412872 0
1416582 593
1420532 0
1422342 593
1428823 0
1434132 1500
1440152 0
1441452 1500
1447472 0
1457742 215
1469162 0
1526266 906
1537274 0
1542462 906
1550862 0
1577742 906
1592691 0
1598871 906
1611205 0
1612705 906
1629719 0
1672928 906
1685262 0
1686762 906
1703476 0
1761899 906
1777662 0
1784313 906
1791462 0
1793202 906
1795748 0
1797848 906
1813362 0
1864542 906
1865322 0
1872010 906
1887620 0
1893800 906
1905809 0
1950942 906
1951722 0
2002937 906
2014946 0
2017226 906
2034081 0
2112942 906
2113722 0
2182542 906
2196462 0
2203671 906
2234519 0
2240699 906
2252862 0
2255313 906
2271548 0
2277728 906
2290062 0
2291562 906
2296062 0
2342142 906
2343192 0
2439642 906
2456041 0
2462221 906
2468862 0
2469882 906
2473902 0
2476382 906
2492382 0
2498600 906
2510309 0
2512889 906
2528559 0
2534979 906
2546628 0
2550588 906
2564758 0
2615528 906
2616558 0
2699363 906
2700103 0
2735053 1500
2740232 0
2745732 479
2746972 0
2748452 479
2750562 1500
2756542 0
2762202 479
2764262 0
2786302 906
2801444 0
2808762 906
2818192 0
2823385 906
2839019 0
2845499 906
2857533 0
2860413 906
2876348 0
2882528 906
2894562 0
2897442 906
2913076 0
2919042 1087
2921752 0
2922256 215
2933676 0
2993602 1600
3003787 0
3008742 906
3009642 1500
3016125 0
3017192 1500
3020092 0
3044442 906
3060841 0
3067021 906
3079030 0
3080530 906
3097220 0
3103400 906
3115409 0
3141089 906
3141829 0
3222089 906
3222839 0
3340023 593
3350712 0
3353552 906
3354302 593
3367142 0
3391102 906
3406062 0
3413271 906
3425605 0
3427885 906
3444119 0
3450299 906
3462633 0
3464913 906
3481148 0
3487328 906
3499662 0
3502702 906
3518341 0
3524356 906
3536691 0
3538971 906
3554391 0
3561385 906
3573719 0
3575259 906
3592233 0
3598413 906
3610148 0
3612728 906
3627762 0
3649242 906
3665641 0
3671821 906
3683382 0
3685370 906
3701770 0
3708200 906
3720080 0
3722489 906
3738399 0
3744579 906
3756588 0
3760228 906
3774778 0
3780958 906
3792967 0
3795247 906
3808662 0
3822042 906
3829346 0
3831626 906
3847116 0
3849196 906
3865545 0
3871905 906
3883795 0
3886315 906
3894162 0
3944663 1714
3956073 0
3957613 906
3958353 1714
3973362 0
3990642 1714
3993376 0
3993556 215
4005032 0
4008856 1714
4011891 0
4035062 1500
4041077 0
4055252 1500
4061262 0
4093302 906
4094052 0
4203213 906
4214948 0
4216488 906
4232562 0
4254042 906
4270441 0
4276621 906
4283582 0
4327409 906
4342899 0
4350162 906
4356482 0
4444881 906
4452336 0
4453876 906
4470525 0
4476765 906
4488715 0
4526634 906
4543283 0
4549463 906
4560873 0
76 events for P
5790 185
345090 0
345690 185
949890 0
950490 185
1554690 0
1555290 185
2159490 0
2178150 20
2178330 0
2180490 20
2180670 0
2180730 62
2227170 0
2227830 20
2228010 0
2230170 20
2230350 0
2230410 62
2276850 0
2276970 20
2277150 289
2290410 0
2309790 20
2324362 0
2325022 20
2325202 0
2327362 20
2327542 0
2327602 62
2374042 0
2374822 20
2523090 0
2523870 20
2524050 0
2526210 20
2526390 0
2526450 53
2579910 0
2580570 20
2580750 0
2582910 20
2583090 0
2583150 53
2636610 0
2637270 20
2637450 0
2639610 20
2639790 0
2639850 53
2693310 0
2693970 20
2694150 0
2696310 20
2696490 0
2696550 53
2750010 0
2750130 20
2750310 252
2764530 0
3042150 20
3042330 0
3044490 20
3044670 0
3044730 28
3298530 0
3299190 20
3299370 0
3301530 20
3301710 0
3301770 56
3369450 0
3369690 243
3973890 0
3974490 224
4578690 0
68 events for Q
5738 10000000
5739 0
346162 10000000
346163 0
387129 10000000
387130 0
429443 10000000
429444 0
472203 10000000
472204 0
515113 10000000
515114 0
557973 10000000
557974 0
600584 10000000
600585 0
642730 10000000
642731 0
684373 10000000
684374 0
725990 10000000
725991 0
768257 10000000
768258 0
811351 10000000
811352 0
855089 10000000
855090 0
899279 10000000
899280 0
943822 10000000
943823 0
988724 10000000
988725 0
1034202 10000000
1034203 0
1505203 10000000
1505204 0
1547132 10000000
1547133 0
1589780 10000000
1589781 0
1632698 10000000
1632699 0
1675676 10000000
1675677 0
1718533 10000000
1718534 0
1761063 10000000
1761064 0
1803048 10000000
1803049 0
1844541 10000000
1844542 0
1886191 10000000
1886192 0
1928648 10000000
1928649 0
1971949 10000000
1971950 0
2015864 10000000
2015865 0
2060220 10000000
2060221 0
2104957 10000000
2104958 0
2150179 10000000
2150180 0
38 events for R
20538 1370
348618 0
366138 1370
651018 0
668538 1370
953418 0
970938 1370
1255818 0
1273338 1370
1558218 0
1575738 1370
1817418 0
1834938 1370
2163018 0
2180718 600
2180898 1300
2420778 600
2420978 0
2439918 600
2440098 1300
2767262 700
2767307 0
2785518 600
2785758 1300
3026578 700
3026623 0
3044718 600
3044958 1300
3371918 700
3371963 0
3390138 1300
3631937 0
3649338 1300
3977537 0
3988938 1300
4236737 0
4254138 1300
4582337 0
674 events for S
26866 12910592
26867 0
34071 12910592
34072 0
55071 12910592
55072 0
60466 12910592
60467 0
64066 12910592
64067 0
67966 12910592
67967 0
71866 12910592
71867 0
81886 12910592
81887 0
85666 12910592
85667 0
89566 12910592
89567 0
96526 12910592
96527 0
106546 12910592
106547 0
118906 12910592
118907 0
125446 12910592
125447 0
134986 12910592
134987 0
142191 12910592
142192 0
154666 12910592
154667 0
161871 12910592
161872 0
169246 1089536
169247 0
173566 12910592
173567 0
178371 12910592
178372 0
181366 1089536
181367 0
184131 12910592
184132 0
368566 12910592
368567 0
375946 12910592
375947 0
383386 12910592
383387 0
390291 12910592
390292 0
401266 12910592
401267 0
412071 12910592
412072 0
426166 12910592
426167 0
430066 12910592
430067 0
433666 12910592
433667 0
436486 12910592
436487 0
443866 12910592
443867 0
448066 12910592
448067 0
465171 12910592
465172 0
468886 12910592
468887 0
481006 12910592
481007 0
484246 12910592
484247 0
487431 12910592
487432 0
497026 12910592
497027 0
500806 12910592
500807 0
516466 12910592
516467 0
524151 12910592
524152 0
529366 1089536
529367 0
532786 12910592
532787 0
536566 12910592
536567 0
540046 1089536
540047 0
543051 12910592
543052 0
670971 12910592
670972 0
674566 12910592
674567 0
678166 12910592
678167 0
681766 12910592
681767 0
685786 12910592
685787 0
692691 12910592
692692 0
696286 12910592
696287 0
713151 12910592
713152 0
719566 1089536
719567 0
728266 12910592
728267 0
736071 12910592
736072 0
745546 1089536
745547 0
754066 12910592
754067 0
763966 12910592
763967 0
773866 1089536
773867 0
781366 12910592
781367 0
790966 12910592
790967 0
799431 12910592
799432 0
805066 1089536
805067 0
815266 12910592
815267 0
822771 12910592
822772 0
831886 1089536
831887 0
840466 12910592
840467 0
852826 12910592
852827 0
859966 1089536
859967 0
863686 12910592
863687 0
1044886 12910592
1044887 0
1056466 1089536
1056467 0
1066246 12910592
1066247 0
1076806 12910592
1076807 0
1083471 12910592
1083472 0
1092466 1089536
1092467 0
1102431 12910592
1102432 0
1111666 12910592
1111667 0
1118866 1089536
1118867 0
1125766 12910592
1125767 0
1135846 12910592
1135847 0
1139686 1089536
1139687 0
1141906 12910592
1141907 0
1148026 12910592
1148027 0
1205331 12910592
1205332 0
1208866 1089536
1208867 0
1212471 12910592
1212472 0
1216066 1089536
1216067 0
1219011 12910592
1219012 0
1239951 12910592
1239952 0
1245466 1089536
1245467 0
1249666 12910592
1249667 0
1253566 12910592
1253567 0
1276066 1089536
1276067 0
1279786 12910592
1279787 0
1284466 1089536
1284467 0
1289866 12910592
1289867 0
1301566 12910592
1301567 0
1313806 1089536
1313807 0
1322871 12910592
1322872 0
1333066 12910592
1333067 0
1342671 12910592
1342672 0
1351666 12910592
1351667 0
1360666 1089536
1360667 0
1369966 12910592
1369967 0
1378366 1089536
1378367 0
1385866 12910592
1385867 0
1389771 12910592
1389772 0
1528791 12910592
1528792 0
1531666 1089536
1531667 0
1535266 12910592
1535267 0
1539046 12910592
1539047 0
1546066 1089536
1546067 0
1549371 12910592
1549372 0
1552666 12910592
1552667 0
1580266 12910592
1580267 0
1587346 1089536
1587347 0
1594486 12910592
1594487 0
1601391 12910592
1601392 0
1606666 1089536
1606667 0
1612966 12910592
1612967 0
1616266 12910592
1616267 0
1621671 12910592
1621672 0
1627066 1089536
1627067 0
1631506 12910592
1631507 0
1675426 12910592
1675427 0
1679266 1089536
1679267 0
1682871 12910592
1682872 0
1687066 1089536
1687067 0
1690366 12910592
1690367 0
1693066 12910592
1693067 0
1699066 1089536
1699067 0
1701891 12910592
1701892 0
1764711 12910592
1764712 0
1769266 12910592
1769267 0
1774366 1089536
1774367 0
1778866 12910592
1778867 0
1787091 12910592
1787092 0
1801426 12910592
1801427 0
1805266 1089536
1805267 0
1808866 12910592
1808867 0
1812466 1089536
1812467 0
1815166 12910592
1815167 0
1874506 12910592
1874507 0
1878471 12910592
1878472 0
1882066 1089536
1882067 0
1885666 12910592
1885667 0
1889386 1089536
1889387 0
1896286 12910592
1896287 0
1899891 12910592
1899892 0
1903486 1089536
1903487 0
1907566 12910592
1907567 0
2005426 12910592
2005427 0
2009031 12910592
2009032 0
2012626 1089536
2012627 0
2016706 12910592
2016707 0
2020006 1089536
2020007 0
2023606 12910592
2023607 0
2027206 1089536
2027207 0
2030811 12910592
2030812 0
2034886 12910592
2034887 0
2185971 12910592
2185972 0
2190616 12910592
2190617 0
2198266 12910592
2198267 0
2206200 12910592
2206201 0
2217659 12910592
2217660 0
2236323 12910592
2236324 0
2243223 12910592
2243224 0
2245704 12910592
2245705 0
2249866 12910592
2249867 0
2253467 12910592
2253468 0
2258142 12910592
2258143 0
2265744 12910592
2265745 0
2273352 12910592
2273353 0
2280484 12910592
2280485 0
2287666 12910592
2287667 0
2297866 12910592
2297867 0
2442166 12910592
2442167 0
2450005 12910592
2450006 0
2464745 12910592
2464746 0
2470371 12910592
2470372 0
2479634 12910592
2479635 0
2486929 12910592
2486930 0
2492571 12910592
2492572 0
2503666 12910592
2503667 0
2511467 12910592
2511468 0
2515713 12910592
2515714 0
2519438 12910592
2519439 0
2523038 12910592
2523039 0
2530363 12910592
2530364 0
2537928 12910592
2537929 0
2546872 12910592
2546873 0
2554372 12910592
2554373 0
2560551 12910592
2560552 0
2566562 12910592
2566563 0
2790496 12910592
2790497 0
2802466 12910592
2802467 0
2810995 12910592
2810996 0
2815945 12910592
2815946 0
2818071 12910592
2818072 0
2826209 12910592
2826210 0
2834266 12910592
2834267 0
2839551 12910592
2839552 0
2849266 12910592
2849267 0
2855865 12910592
2855866 0
2857067 12910592
2857068 0
2863242 12910592
2863243 0
2869966 12910592
2869967 0
2878152 12910592
2878153 0
2885057 12910592
2885058 0
2890709 12910592
2890710 0
2896366 12910592
2896367 0
2907573 12910592
2907574 0
2914880 12910592
2914881 0
3046971 12910592
3046972 0
3058405 12910592
3058406 0
3069550 12910592
3069551 0
3080834 12910592
3080835 0
3084134 12910592
3084135 0
3091579 12910592
3091580 0
3099024 12910592
3099025 0
3106066 12910592
3106067 0
3112066 12910592
3112067 0
3117171 12910592
3117172 0
3394666 12910592
3394667 0
3405466 12910592
3405467 0
3415800 12910592
3415801 0
3420466 12910592
3420467 0
3431026 12910592
3431027 0
3437271 12910592
3437272 0
3444466 12910592
3444467 0
3453466 12910592
3453467 0
3460665 12910592
3460666 0
3463152 12910592
3463153 0
3472066 12910592
3472067 0
3482866 12910592
3482867 0
3490066 12910592
3490067 0
3499966 12910592
3499967 0
3526671 12910592
3526672 0
3538495 12910592
3538496 0
3547070 12910592
3547071 0
3552231 12910592
3552232 0
3563909 12910592
3563910 0
3569716 12910592
3569717 0
3578823 12910592
3578824 0
3586430 12910592
3586431 0
3606449 12910592
3606450 0
3611952 12910592
3611953 0
3619709 12910592
3619710 0
3629571 12910592
3629572 0
3651766 12910592
3651767 0
3660166 12910592
3660167 0
3674345 12910592
3674346 0
3685186 12910592
3685187 0
3688939 12910592
3688940 0
3703574 12910592
3703575 0
3711699 12910592
3711700 0
3719865 12910592
3719866 0
3725266 12910592
3725267 0
3735466 12910592
3735467 0
3752752 12910592
3752753 0
3764307 12910592
3764308 0
3774471 12910592
3774472 0
3784066 12910592
3784067 0
3792466 12910592
3792467 0
3799708 12910592
3799709 0
3803266 12910592
3803267 0
3810167 12910592
3810168 0
3824266 12910592
3824267 0
3830618 12910592
3830619 0
3835685 12910592
3835686 0
3842866 12910592
3842867 0
3847685 12910592
3847686 0
3863751 12910592
3863752 0
3874846 12910592
3874847 0
3884931 12910592
3884932 0
3889786 12910592
3889787 0
3893866 12910592
3893867 0
3896326 12910592
3896327 0
3947266 12910592
3947267 0
3952537 12910592
3952538 0
3957877 12910592
3957878 0
3961177 12910592
3961178 0
3968171 12910592
3968172 0
3975171 12910592
3975172 0
3993471 12910592
3993472 0
3995266 12910592
3995267 0
4011466 12910592
4011467 0
4013751 12910592
4013752 0
4205742 12910592
4205743 0
4208737 12910592
4208738 0
4211244 12910592
4211245 0
4213752 12910592
4213753 0
4216752 12910592
4216753 0
4220052 12910592
4220053 0
4223052 12910592
4223053 0
4227214 12910592
4227215 0
4231366 12910592
4231367 0
4234366 12910592
4234367 0
4256871 12910592
4256872 0
4258666 12910592
4258667 0
4260466 12910592
4260467 0
4264066 12910592
4264067 0
4267666 12910592
4267667 0
4271866 12910592
4271867 0
4279071 12910592
4279072 0
4281466 12910592
4281467 0
4284466 12910592
4284467 0
4330233 12910592
4330234 0
4331931 12910592
4331932 0
4337468 12910592
4337469 0
4341703 12910592
4341704 0
4344703 12910592
4344704 0
4353166 12910592
4353167 0
4356471 12910592
4356472 0
4447666 12910592
4447667 0
4453966 12910592
4453967 0
4457566 12910592
4457567 0
4461166 12910592
4461167 0
4464766 12910592
4464767 0
4468425 12910592
4468426 0
4472320 12910592
4472321 0
4479466 12910592
4479467 0
4490211 12910592
4490212 0
4530203 12910592
4530204 0
4534066 12910592
4534067 0
4537666 12910592
4537667 0
4541266 12910592
4541267 0
4545087 12910592
4545088 0
4551992 12910592
4551993 0
4557466 12910592
4557467 0
4562266 12910592
4562267 0
339 events for T
21447 906
37846 0
50667 906
55735 0
58615 906
74225 0
80405 906
92114 0
94827 593
110127 0
116764 593
127647 0
132393 906
133287 593
137073 906
146983 0
153163 906
165172 0
167452 906
183362 0
222387 906
223137 1500
229149 0
230477 1500
236477 0
295947 215
307367 0
367047 906
382643 0
388823 906
400612 0
401932 906
417867 0
424700 906
435708 0
438588 906
453796 0
459976 906
471285 0
475485 906
489373 0
495553 906
503667 0
509441 906
524949 0
526449 906
542738 0
645147 906
645927 0
669447 906
685043 0
691223 906
702832 0
707212 906
720620 0
726800 906
738408 0
739908 906
756196 0
762376 906
773985 0
776265 906
791085 0
797953 906
809561 0
811061 906
827349 0
830079 906
845138 0
851318 906
862926 0
911247 1087
913957 0
915147 906
915927 0
979947 906
980727 0
1043088 906
1058596 0
1064776 906
1076007 0
1079985 906
1093767 0
1100653 906
1111961 0
1114541 906
1129449 0
1131849 906
1147238 0
1203482 906
1218302 0
1224871 906
1235879 0
1237379 906
1252767 0
1274247 906
1289843 0
1296023 906
1307632 0
1312012 906
1325420 0
1331600 906
1343208 0
1346367 906
1360996 0
1367176 906
1378785 0
1381065 906
1389567 0
1390947 593
1395577 0
1402453 593
1406297 0
1407987 593
1413877 0
1417587 593
1421537 0
1423347 593
1429828 0
1435137 1500
1441157 0
1442457 1500
1448477 0
1458747 215
1470167 0
1527271 906
1538279 0
1543467 906
1551867 0
1578747 906
1593696 0
1599876 906
1612210 0
1613710 906
1630724 0
1673933 906
1686267 0
1687767 906
1704481 0
1762904 906
1778667 0
1785318 906
1792467 0
1794207 906
1796753 0
1798853 906
1814367 0
1865547 906
1866327 0
1873015 906
1888625 0
1894805 906
1906814 0
1951947 906
1952727 0
2003942 906
2015951 0
2018231 906
2035086 0
2113947 906
2114727 0
2183547 906
2197467 0
2204676 906
2235524 0
2241704 906
2253867 0
2256318 906
2272553 0
2278733 906
2291067 0
2292567 906
2297067 0
2343147 906
2344197 0
2440647 906
2457046 0
2463226 906
2469867 0
2470887 906
2474907 0
2477387 906
2493387 0
2499605 906
2511314 0
2513894 906
2529564 0
2535984 906
2547633 0
2551593 906
2565763 0
2616533 906
2617563 0
2700368 906
2701108 0
2736058 1500
2741237 0
2746737 479
2747977 0
2749457 479
2751567 1500
2757547 0
2763207 479
2765267 0
2787307 906
2802449 0
2809767 906
2819197 0
2824390 906
2840024 0
2846504 906
2858538 0
2861418 906
2877353 0
2883533 906
2895567 0
2898447 906
2914081 0
2920047 1087
2922757 0
2923261 215
2934681 0
2994607 1600
3004792 0
3009747 906
3010647 1500
3017130 0
3018197 1500
3021097 0
3045447 906
3061846 0
3068026 906
3080035 0
3081535 906
3098225 0
3104405 906
3116414 0
3142094 906
3142834 0
3223094 906
3223844 0
3341028 593
3351717 0
3354557 906
3355307 593
3368147 0
3392107 906
3407067 0
3414276 906
3426610 0
3428890 906
3445124 0
3451304 906
3463638 0
3465918 906
3482153 0
3488333 906
3500667 0
3503707 906
3519346 0
3525361 906
3537696 0
3539976 906
3555396 0
3562390 906
3574724 0
3576264 906
3593238 0
3599418 906
3611153 0
3613733 906
3628767 0
3650247 906
3666646 0
3672826 906
3684387 0
3686375 906
3702775 0
3709205 906
3721085 0
3723494 906
3739404 0
3745584 906
3757593 0
3761233 906
3775783 0
3781963 906
3793972 0
3796252 906
3809667 0
3823047 906
3830351 0
3832631 906
3848121 0
3850201 906
3866550 0
3872910 906
3884800 0
3887320 906
3895167 0
3945668 1714
3957078 0
3958618 906
3959358 1714
3974367 0
3991647 1714
3994381 0
3994561 215
4006037 0
4009861 1714
4012896 0
4036067 1500
4042082 0
4056257 1500
4062267 0
4094307 906
4095057 0
4204218 906
4215953 0
4217493 906
4233567 0
4255047 906
4271446 0
4277626 906
4284587 0
4328414 906
4343904 0
4351167 906
4357487 0
4445886 906
4453341 0
4454881 906
4471530 0
4477770 906
4489720 0
4527639 906
4544288 0
4550468 906
4561878 0
