20 instruments
A 10 100 7196.0339286610251 2810950753.383213
B 10 100 22018.298358889329 159480658.09969637
C 10 100 8192 3200000000
D 10 100 309096.09667920991 262843801.48639998
E 10 100 431759.25152321503 367151977.05994737
F 10 100 0.000155227 800000000
G 10 100 23264.147255000564 168504461.78361657
H 10 100 37632 50328700
I 10 100 40530.039409419333 54204511.969197564
J 10 100 352362.70723718189 299636114.68177354
K 10 100 815344000 7516190000
L 10 100 4367744.2331614867 2240000119.5770016
M 10 100 804865230.11019051 7419592213.7182751
N 10 100 141644.34804627756 547774564.8662138
O 10 100 0 275897579.9041419
P 10 100 0.00017956089109901502 925410610.77784157
Q 10 100 1538660356.7547786 4054547831.9712734
R 10 100 20412.132877845776 869835207.86274612
S 10 100 7152.7561699728749 2794045378.8956542
T 10 100 5459680 2800000000
60 downlinks
0 19800 49577 17825.048205999999
1 49578 67745 16584.801629000001
2 91816 96499 56583.634539999999
3 120738 135056 54510.231771999999
4 137178 152542 17937.152144
5 178088 221962 61000.683803
6 221963 249338 18467.928540000001
7 264361 308238 25417.817937
8 308239 327328 19015.030229
9 330078 347128 24567.032964000002
10 365400 394577 17828.859713000002
11 394578 411962 17701.536620999999
12 436911 480795 25418.320157999999
13 480796 501418 17542.270487000002
14 502578 528436 23159.729212999999
15 528437 567073 59981.281416999998
16 567074 597076 17972.728726000001
17 597077 613056 22999.291153999999
18 614837 654623 56629.461013
19 667800 674336 23614.41446
20 679877 701139 22122.706344999999
21 701176 739875 59998.788971000002
22 739876 757341 17624.346496999999
23 782015 826275 61074.347796000002
24 826276 843861 17138.572087
25 868291 913175 61181.460402999997
26 913176 932357 17433.778816999999
27 933675 950344 23082.352213999999
28 970200 999423 17883.640805999999
29 999424 1023140 17543.785331999999
30 1023675 1046233 22376.399878
31 1046234 1080073 58655.879155000002
32 1080074 1103435 17582.023593000002
33 1105574 1117118 58623.309652000004
34 1127127 1168572 15119.160288999999
35 1168573 1190199 16914.110455999999
36 1194973 1207189 55409.676240000001
37 1213406 1243421 14837.924851
38 1244310 1247704 18937.599925999999
39 1278072 1294888 56160.945200000002
40 1299686 1347970 56661.696495999997
41 1347971 1360266 56748.807657999998
42 1364471 1376676 58852.465277000003
43 1396870 1423170 17334.486729
44 1429871 1472246 60764.045818999999
45 1472247 1519663 24005.080918
46 1527369 1531566 18969.341575999999
47 1536969 1558329 18036.499982000001
48 1581368 1593440 52719.905522000001
49 1602442 1633051 54389.954824
50 1656966 1668740 17991.02982
51 1688727 1730446 61717.871531999997
52 1731094 1776643 24930.695499000001
53 1795565 1819204 22398.438724
54 1834200 1862647 17244.778962
55 1865463 1877801 18220.925300999999
56 1894563 1906123 58678.576760000004
57 1909322 1949161 58555.537063999996
58 1949162 1964047 18992.23504
59 1981862 2018383 13796.402593000001
0 opportunities for A
0 opportunities for B
0 opportunities for C
0 opportunities for D
0 opportunities for E
0 opportunities for F
0 opportunities for G
0 opportunities for H
0 opportunities for I
0 opportunities for J
0 opportunities for K
0 opportunities for L
0 opportunities for M
0 opportunities for N
0 opportunities for O
0 opportunities for P
0 opportunities for Q
0 opportunities for R
0 opportunities for S
0 opportunities for T
896 events for A
20896 12910592
20897 0
21156 12910592
21157 0
21736 12910592
21737 0
21996 12910592
21997 0
39875 12910592
39876 0
40135 12910592
40136 0
40715 12910592
40716 0
40975 12910592
40976 0
58064 12910592
58065 0
58324 12910592
58325 0
58904 12910592
58905 0
59164 12910592
59165 0
76254 12910592
76255 0
76514 12910592
76515 0
77094 12910592
77095 0
77354 12910592
77355 0
94443 12910592
94444 0
94703 12910592
94704 0
95283 12910592
95284 0
95543 12910592
95544 0
112633 12910592
112634 0
112893 12910592
112894 0
113473 12910592
113474 0
113733 12910592
113734 0
130822 12910592
130823 0
131052 12910592
131053 0
131592 12910592
131593 0
131822 12910592
131823 0
149012 12910592
149013 0
149272 12910592
149273 0
149852 12910592
149853 0
150112 12910592
150113 0
167201 12910592
167202 0
167461 12910592
167462 0
168041 12910592
168042 0
168301 12910592
168302 0
185391 12910592
185392 0
185651 12910592
185652 0
186231 12910592
186232 0
186491 12910592
186492 0
203580 12910592
203581 0
203840 12910592
203841 0
204420 12910592
204421 0
204680 12910592
204681 0
221770 12910592
221771 0
222030 12910592
222031 0
222610 12910592
222611 0
222870 12910592
222871 0
239959 12910592
239960 0
240219 12910592
240220 0
240799 12910592
240800 0
241059 12910592
241060 0
258149 12910592
258150 0
258409 12910592
258410 0
258989 12910592
258990 0
259249 12910592
259250 0
276338 12910592
276339 0
276598 12910592
276599 0
277178 12910592
277179 0
277438 12910592
277439 0
294528 12910592
294529 0
294788 12910592
294789 0
295368 12910592
295369 0
295628 12910592
295629 0
312717 12910592
312718 0
312977 12910592
312978 0
313557 12910592
313558 0
313817 12910592
313818 0
330307 12910592
330308 0
330567 12910592
330568 0
331147 12910592
331148 0
331407 12910592
331408 0
347596 12910592
347597 0
347856 12910592
347857 0
348436 12910592
348437 0
348696 12910592
348697 0
366496 12910592
366497 0
366756 12910592
366757 0
367336 12910592
367337 0
367596 12910592
367597 0
384672 12910592
384673 0
384932 12910592
384933 0
385512 12910592
385513 0
385772 12910592
385773 0
402461 12910592
402462 0
402721 12910592
402722 0
403301 12910592
403302 0
403561 12910592
403562 0
420249 12910592
420250 0
420509 12910592
420510 0
421089 12910592
421090 0
421349 12910592
421350 0
438037 12910592
438038 0
438297 12910592
438298 0
438877 12910592
438878 0
439137 12910592
439138 0
455825 12910592
455826 0
456085 12910592
456086 0
456665 12910592
456666 0
456925 12910592
456926 0
473614 12910592
473615 0
473844 12910592
473845 0
474384 12910592
474385 0
474614 12910592
474615 0
491402 12910592
491403 0
491662 12910592
491663 0
492242 12910592
492243 0
492502 12910592
492503 0
509190 12910592
509191 0
509450 12910592
509451 0
510030 12910592
510031 0
510290 12910592
510291 0
526978 12910592
526979 0
527238 12910592
527239 0
527818 12910592
527819 0
528078 12910592
528079 0
544767 12910592
544768 0
545027 12910592
545028 0
545607 12910592
545608 0
545867 12910592
545868 0
562555 12910592
562556 0
562815 12910592
562816 0
563395 12910592
563396 0
563655 12910592
563656 0
580343 12910592
580344 0
580603 12910592
580604 0
581183 12910592
581184 0
581443 12910592
581444 0
598131 12910592
598132 0
598391 12910592
598392 0
598971 12910592
598972 0
599231 12910592
599232 0
615920 12910592
615921 0
616180 12910592
616181 0
616760 12910592
616761 0
617020 12910592
617021 0
633108 12910592
633109 0
633368 12910592
633369 0
633948 12910592
633949 0
634208 12910592
634209 0
649996 12910592
649997 0
650256 12910592
650257 0
650836 12910592
650837 0
651096 12910592
651097 0
668896 12910592
668897 0
669156 12910592
669157 0
669736 12910592
669737 0
669996 12910592
669997 0
687072 12910592
687073 0
687332 12910592
687333 0
687912 12910592
687913 0
688172 12910592
688173 0
704861 12910592
704862 0
705091 12910592
705092 0
705631 12910592
705632 0
705861 12910592
705862 0
722649 12910592
722650 0
722909 12910592
722910 0
723489 12910592
723490 0
723749 12910592
723750 0
740437 12910592
740438 0
740697 12910592
740698 0
741277 12910592
741278 0
741537 12910592
741538 0
758225 12910592
758226 0
758485 12910592
758486 0
759065 12910592
759066 0
759325 12910592
759326 0
776014 12910592
776015 0
776274 12910592
776275 0
776854 12910592
776855 0
777114 12910592
777115 0
793802 12910592
793803 0
794062 12910592
794063 0
794642 12910592
794643 0
794902 12910592
794903 0
811590 12910592
811591 0
811850 12910592
811851 0
812430 12910592
812431 0
812690 12910592
812691 0
829378 12910592
829379 0
829638 12910592
829639 0
830218 12910592
830219 0
830478 12910592
830479 0
847167 12910592
847168 0
847427 12910592
847428 0
848007 12910592
848008 0
848267 12910592
848268 0
864955 12910592
864956 0
865215 12910592
865216 0
865795 12910592
865796 0
866055 12910592
866056 0
882743 12910592
882744 0
883003 12910592
883004 0
883583 12910592
883584 0
883843 12910592
883844 0
900531 12910592
900532 0
900791 12910592
900792 0
901371 12910592
901372 0
901631 12910592
901632 0
918320 12910592
918321 0
918580 12910592
918581 0
919160 12910592
919161 0
919420 12910592
919421 0
935508 12910592
935509 0
935768 12910592
935769 0
936348 12910592
936349 0
936608 12910592
936609 0
952396 12910592
952397 0
952656 12910592
952657 0
953236 12910592
953237 0
953496 12910592
953497 0
971296 12910592
971297 0
971556 12910592
971557 0
972136 12910592
972137 0
972396 12910592
972397 0
989472 12910592
989473 0
989732 12910592
989733 0
990312 12910592
990313 0
990572 12910592
990573 0
1007261 12910592
1007262 0
1007521 12910592
1007522 0
1008101 12910592
1008102 0
1008361 12910592
1008362 0
1025049 12910592
1025050 0
1025309 12910592
1025310 0
1025889 12910592
1025890 0
1026149 12910592
1026150 0
1042837 12910592
1042838 0
1043097 12910592
1043098 0
1043677 12910592
1043678 0
1043937 12910592
1043938 0
1060625 12910592
1060626 0
1060885 12910592
1060886 0
1061465 12910592
1061466 0
1061725 12910592
1061726 0
1078414 12910592
1078415 0
1078644 12910592
1078645 0
1079184 12910592
1079185 0
1079414 12910592
1079415 0
1096202 12910592
1096203 0
1096462 12910592
1096463 0
1097042 12910592
1097043 0
1097302 12910592
1097303 0
1113990 12910592
1113991 0
1114250 12910592
1114251 0
1114830 12910592
1114831 0
1115090 12910592
1115091 0
1131778 12910592
1131779 0
1132038 12910592
1132039 0
1132618 12910592
1132619 0
1132878 12910592
1132879 0
1149567 12910592
1149568 0
1149827 12910592
1149828 0
1150407 12910592
1150408 0
1150667 12910592
1150668 0
1167355 12910592
1167356 0
1167615 12910592
1167616 0
1168195 12910592
1168196 0
1168455 12910592
1168456 0
1185143 12910592
1185144 0
1185403 12910592
1185404 0
1185983 12910592
1185984 0
1186243 12910592
1186244 0
1202931 12910592
1202932 0
1203191 12910592
1203192 0
1203771 12910592
1203772 0
1204031 12910592
1204032 0
1220720 12910592
1220721 0
1220980 12910592
1220981 0
1221560 12910592
1221561 0
1221820 12910592
1221821 0
1237908 12910592
1237909 0
1238168 12910592
1238169 0
1238748 12910592
1238749 0
1239008 12910592
1239009 0
1254796 12910592
1254797 0
1255056 12910592
1255057 0
1255636 12910592
1255637 0
1255896 12910592
1255897 0
1273696 12910592
1273697 0
1273956 12910592
1273957 0
1274536 12910592
1274537 0
1274796 12910592
1274797 0
1291872 12910592
1291873 0
1292132 12910592
1292133 0
1292712 12910592
1292713 0
1292972 12910592
1292973 0
1309661 12910592
1309662 0
1309891 12910592
1309892 0
1310431 12910592
1310432 0
1310661 12910592
1310662 0
1327449 12910592
1327450 0
1327709 12910592
1327710 0
1328289 12910592
1328290 0
1328549 12910592
1328550 0
1345237 12910592
1345238 0
1345497 12910592
1345498 0
1346077 12910592
1346078 0
1346337 12910592
1346338 0
1363025 12910592
1363026 0
1363285 12910592
1363286 0
1363865 12910592
1363866 0
1364125 12910592
1364126 0
1380814 12910592
1380815 0
1381074 12910592
1381075 0
1381654 12910592
1381655 0
1381914 12910592
1381915 0
1398602 12910592
1398603 0
1398862 12910592
1398863 0
1399442 12910592
1399443 0
1399702 12910592
1399703 0
1416390 12910592
1416391 0
1416650 12910592
1416651 0
1417230 12910592
1417231 0
1417490 12910592
1417491 0
1434178 12910592
1434179 0
1434438 12910592
1434439 0
1435018 12910592
1435019 0
1435278 12910592
1435279 0
1451967 12910592
1451968 0
1452227 12910592
1452228 0
1452807 12910592
1452808 0
1453067 12910592
1453068 0
1469755 12910592
1469756 0
1470015 12910592
1470016 0
1470595 12910592
1470596 0
1470855 12910592
1470856 0
1487543 12910592
1487544 0
1487803 12910592
1487804 0
1488383 12910592
1488384 0
1488643 12910592
1488644 0
1505331 12910592
1505332 0
1505591 12910592
1505592 0
1506171 12910592
1506172 0
1506431 12910592
1506432 0
1523120 12910592
1523121 0
1523380 12910592
1523381 0
1523960 12910592
1523961 0
1524220 12910592
1524221 0
1540308 12910592
1540309 0
1540568 12910592
1540569 0
1541148 12910592
1541149 0
1541408 12910592
1541409 0
1557196 12910592
1557197 0
1557456 12910592
1557457 0
1558036 12910592
1558037 0
1558296 12910592
1558297 0
1576096 12910592
1576097 0
1576326 12910592
1576327 0
1576866 12910592
1576867 0
1577096 12910592
1577097 0
1595725 12910592
1595726 0
1595985 12910592
1595986 0
1596565 12910592
1596566 0
1596825 12910592
1596826 0
1614239 12910592
1614240 0
1614499 12910592
1614500 0
1615079 12910592
1615080 0
1615339 12910592
1615340 0
1632753 12910592
1632754 0
1633013 12910592
1633014 0
1633593 12910592
1633594 0
1633853 12910592
1633854 0
1651267 12910592
1651268 0
1651527 12910592
1651528 0
1652107 12910592
1652108 0
1652367 12910592
1652368 0
1669782 12910592
1669783 0
1670042 12910592
1670043 0
1670622 12910592
1670623 0
1670882 12910592
1670883 0
1688296 12910592
1688297 0
1688556 12910592
1688557 0
1689136 12910592
1689137 0
1689396 12910592
1689397 0
1706810 12910592
1706811 0
1707070 12910592
1707071 0
1707650 12910592
1707651 0
1707910 12910592
1707911 0
1725325 12910592
1725326 0
1725585 12910592
1725586 0
1726165 12910592
1726166 0
1726425 12910592
1726426 0
1743839 12910592
1743840 0
1744099 12910592
1744100 0
1744679 12910592
1744680 0
1744939 12910592
1744940 0
1762353 12910592
1762354 0
1762613 12910592
1762614 0
1763193 12910592
1763194 0
1763453 12910592
1763454 0
1780867 12910592
1780868 0
1781127 12910592
1781128 0
1781707 12910592
1781708 0
1781967 12910592
1781968 0
1798782 12910592
1798783 0
1799042 12910592
1799043 0
1799622 12910592
1799623 0
1799882 12910592
1799883 0
1816396 12910592
1816397 0
1816656 12910592
1816657 0
1817236 12910592
1817237 0
1817496 12910592
1817497 0
1835296 12910592
1835297 0
1835556 12910592
1835557 0
1836136 12910592
1836137 0
1836396 12910592
1836397 0
1854275 12910592
1854276 0
1854535 12910592
1854536 0
1855115 12910592
1855116 0
1855375 12910592
1855376 0
1872464 12910592
1872465 0
1872724 12910592
1872725 0
1873304 12910592
1873305 0
1873564 12910592
1873565 0
1890654 12910592
1890655 0
1890914 12910592
1890915 0
1891494 12910592
1891495 0
1891754 12910592
1891755 0
1908843 12910592
1908844 0
1909103 12910592
1909104 0
1909683 12910592
1909684 0
1909943 12910592
1909944 0
1927033 12910592
1927034 0
1927293 12910592
1927294 0
1927873 12910592
1927874 0
1928133 12910592
1928134 0
1945222 12910592
1945223 0
1945452 12910592
1945453 0
1945992 12910592
1945993 0
1946222 12910592
1946223 0
1963412 12910592
1963413 0
1963672 12910592
1963673 0
1964252 12910592
1964253 0
1964512 12910592
1964513 0
1981601 12910592
1981602 0
1981861 12910592
1981862 0
1982441 12910592
1982442 0
1982701 12910592
1982702 0
1999791 12910592
1999792 0
2000051 12910592
2000052 0
2000631 12910592
2000632 0
2000891 12910592
2000892 0
2017980 12910592
2017981 0
2018240 12910592
2018241 0
2018820 12910592
2018821 0
2019080 12910592
2019081 0
158 events for B
21447 906
37846 0
50667 906
55735 0
58615 906
74225 0
80405 906
92114 0
94827 593
110127 0
116764 593
127647 0
132393 906
133287 593
137073 906
146983 0
153163 906
165172 0
167452 906
183362 0
222387 906
223137 1500
229149 0
230477 1500
236477 0
295947 215
307367 0
367047 906
382643 0
388823 906
400612 0
401932 906
417867 0
424700 906
435708 0
438588 906
453796 0
459976 906
471285 0
475485 906
489373 0
495553 906
503667 0
509441 906
524949 0
526449 906
542738 0
645147 906
645927 0
669447 906
685043 0
691223 906
702832 0
707212 906
720620 0
726800 906
738408 0
739908 906
756196 0
762376 906
773985 0
776265 906
791085 0
797953 906
809561 0
811061 906
827349 0
830079 906
845138 0
851318 906
862926 0
911247 1087
913957 0
915147 906
915927 0
979947 906
980727 0
1043088 906
1058596 0
1064776 906
1076007 0
1079985 906
1093767 0
1100653 906
1111961 0
1114541 906
1129449 0
1131849 906
1147238 0
1203482 906
1218302 0
1224871 906
1235879 0
1237379 906
1252767 0
1274247 906
1289843 0
1296023 906
1307632 0
1312012 906
1325420 0
1331600 906
1343208 0
1346367 906
1360996 0
1367176 906
1378785 0
1381065 906
1389567 0
1390947 593
1395577 0
1402453 593
1406297 0
1407987 593
1413877 0
1417587 593
1421537 0
1423347 593
1429828 0
1435137 1500
1441157 0
1442457 1500
1448477 0
1458747 215
1470167 0
1527271 906
1538279 0
1543467 906
1551867 0
1578747 906
1593696 0
1599876 906
1612210 0
1613710 906
1630724 0
1673933 906
1686267 0
1687767 906
1704481 0
1762904 906
1778667 0
1785318 906
1792467 0
1794207 906
1796753 0
1798853 906
1814367 0
1865547 906
1866327 0
1873015 906
1888625 0
1894805 906
1906814 0
1951947 906
1952727 0
2003942 906
2015951 0
2018231 906
902 events for C
17699 12910592
17700 0
17959 12910592
17960 0
18539 12910592
18540 0
18799 12910592
18800 0
36678 12910592
36679 0
36938 12910592
36939 0
37518 12910592
37519 0
37778 12910592
37779 0
54867 12910592
54868 0
55127 12910592
55128 0
55707 12910592
55708 0
55967 12910592
55968 0
73057 12910592
73058 0
73317 12910592
73318 0
73897 12910592
73898 0
74157 12910592
74158 0
91246 12910592
91247 0
91506 12910592
91507 0
92086 12910592
92087 0
92346 12910592
92347 0
109436 12910592
109437 0
109696 12910592
109697 0
110276 12910592
110277 0
110536 12910592
110537 0
127625 12910592
127626 0
127855 12910592
127856 0
128395 12910592
128396 0
128625 12910592
128626 0
145815 12910592
145816 0
146075 12910592
146076 0
146655 12910592
146656 0
146915 12910592
146916 0
164004 12910592
164005 0
164264 12910592
164265 0
164844 12910592
164845 0
165104 12910592
165105 0
182194 12910592
182195 0
182454 12910592
182455 0
183034 12910592
183035 0
183294 12910592
183295 0
200383 12910592
200384 0
200643 12910592
200644 0
201223 12910592
201224 0
201483 12910592
201484 0
218573 12910592
218574 0
218833 12910592
218834 0
219413 12910592
219414 0
219673 12910592
219674 0
236762 12910592
236763 0
237022 12910592
237023 0
237602 12910592
237603 0
237862 12910592
237863 0
254952 12910592
254953 0
255212 12910592
255213 0
255792 12910592
255793 0
256052 12910592
256053 0
273141 12910592
273142 0
273401 12910592
273402 0
273981 12910592
273982 0
274241 12910592
274242 0
291331 12910592
291332 0
291591 12910592
291592 0
292171 12910592
292172 0
292431 12910592
292432 0
309520 12910592
309521 0
309780 12910592
309781 0
310360 12910592
310361 0
310620 12910592
310621 0
327110 12910592
327111 0
327370 12910592
327371 0
327950 12910592
327951 0
328210 12910592
328211 0
344399 12910592
344400 0
344659 12910592
344660 0
345239 12910592
345240 0
345499 12910592
345500 0
363299 12910592
363300 0
363559 12910592
363560 0
364139 12910592
364140 0
364399 12910592
364400 0
381475 12910592
381476 0
381735 12910592
381736 0
382315 12910592
382316 0
382575 12910592
382576 0
399264 12910592
399265 0
399524 12910592
399525 0
400104 12910592
400105 0
400364 12910592
400365 0
417052 12910592
417053 0
417312 12910592
417313 0
417892 12910592
417893 0
418152 12910592
418153 0
434840 12910592
434841 0
435100 12910592
435101 0
435680 12910592
435681 0
435940 12910592
435941 0
452628 12910592
452629 0
452888 12910592
452889 0
453468 12910592
453469 0
453728 12910592
453729 0
470417 12910592
470418 0
470647 12910592
470648 0
471187 12910592
471188 0
471417 12910592
471418 0
488205 12910592
488206 0
488465 12910592
488466 0
489045 12910592
489046 0
489305 12910592
489306 0
505993 12910592
505994 0
506253 12910592
506254 0
506833 12910592
506834 0
507093 12910592
507094 0
523781 12910592
523782 0
524041 12910592
524042 0
524621 12910592
524622 0
524881 12910592
524882 0
541570 12910592
541571 0
541830 12910592
541831 0
542410 12910592
542411 0
542670 12910592
542671 0
559358 12910592
559359 0
559618 12910592
559619 0
560198 12910592
560199 0
560458 12910592
560459 0
577146 12910592
577147 0
577406 12910592
577407 0
577986 12910592
577987 0
578246 12910592
578247 0
594934 12910592
594935 0
595194 12910592
595195 0
595774 12910592
595775 0
596034 12910592
596035 0
612723 12910592
612724 0
612983 12910592
612984 0
613563 12910592
613564 0
613823 12910592
613824 0
629911 12910592
629912 0
630171 12910592
630172 0
630751 12910592
630752 0
631011 12910592
631012 0
646799 12910592
646800 0
647059 12910592
647060 0
647639 12910592
647640 0
647899 12910592
647900 0
665699 12910592
665700 0
665959 12910592
665960 0
666539 12910592
666540 0
666799 12910592
666800 0
683875 12910592
683876 0
684135 12910592
684136 0
684715 12910592
684716 0
684975 12910592
684976 0
701664 12910592
701665 0
701894 12910592
701895 0
702434 12910592
702435 0
702664 12910592
702665 0
719452 12910592
719453 0
719712 12910592
719713 0
720292 12910592
720293 0
720552 12910592
720553 0
737240 12910592
737241 0
737500 12910592
737501 0
738080 12910592
738081 0
738340 12910592
738341 0
755028 12910592
755029 0
755288 12910592
755289 0
755868 12910592
755869 0
756128 12910592
756129 0
772817 12910592
772818 0
773077 12910592
773078 0
773657 12910592
773658 0
773917 12910592
773918 0
790605 12910592
790606 0
790865 12910592
790866 0
791445 12910592
791446 0
791705 12910592
791706 0
808393 12910592
808394 0
808653 12910592
808654 0
809233 12910592
809234 0
809493 12910592
809494 0
826181 12910592
826182 0
826441 12910592
826442 0
827021 12910592
827022 0
827281 12910592
827282 0
843970 12910592
843971 0
844230 12910592
844231 0
844810 12910592
844811 0
845070 12910592
845071 0
861758 12910592
861759 0
862018 12910592
862019 0
862598 12910592
862599 0
862858 12910592
862859 0
879546 12910592
879547 0
879806 12910592
879807 0
880386 12910592
880387 0
880646 12910592
880647 0
897334 12910592
897335 0
897594 12910592
897595 0
898174 12910592
898175 0
898434 12910592
898435 0
915123 12910592
915124 0
915383 12910592
915384 0
915963 12910592
915964 0
916223 12910592
916224 0
932311 12910592
932312 0
932571 12910592
932572 0
933151 12910592
933152 0
933411 12910592
933412 0
949199 12910592
949200 0
949459 12910592
949460 0
950039 12910592
950040 0
950299 12910592
950300 0
968099 12910592
968100 0
968359 12910592
968360 0
968939 12910592
968940 0
969199 12910592
969200 0
986275 12910592
986276 0
986535 12910592
986536 0
987115 12910592
987116 0
987375 12910592
987376 0
1004064 12910592
1004065 0
1004324 12910592
1004325 0
1004904 12910592
1004905 0
1005164 12910592
1005165 0
1021852 12910592
1021853 0
1022112 12910592
1022113 0
1022692 12910592
1022693 0
1022952 12910592
1022953 0
1039640 12910592
1039641 0
1039900 12910592
1039901 0
1040480 12910592
1040481 0
1040740 12910592
1040741 0
1057428 12910592
1057429 0
1057688 12910592
1057689 0
1058268 12910592
1058269 0
1058528 12910592
1058529 0
1075217 12910592
1075218 0
1075447 12910592
1075448 0
1075987 12910592
1075988 0
1076217 12910592
1076218 0
1093005 12910592
1093006 0
1093265 12910592
1093266 0
1093845 12910592
1093846 0
1094105 12910592
1094106 0
1110793 12910592
1110794 0
1111053 12910592
1111054 0
1111633 12910592
1111634 0
1111893 12910592
1111894 0
1128581 12910592
1128582 0
1128841 12910592
1128842 0
1129421 12910592
1129422 0
1129681 12910592
1129682 0
1146370 12910592
1146371 0
1146630 12910592
1146631 0
1147210 12910592
1147211 0
1147470 12910592
1147471 0
1164158 12910592
1164159 0
1164418 12910592
1164419 0
1164998 12910592
1164999 0
1165258 12910592
1165259 0
1181946 12910592
1181947 0
1182206 12910592
1182207 0
1182786 12910592
1182787 0
1183046 12910592
1183047 0
1199734 12910592
1199735 0
1199994 12910592
1199995 0
1200574 12910592
1200575 0
1200834 12910592
1200835 0
1217523 12910592
1217524 0
1217783 12910592
1217784 0
1218363 12910592
1218364 0
1218623 12910592
1218624 0
1234711 12910592
1234712 0
1234971 12910592
1234972 0
1235551 12910592
1235552 0
1235811 12910592
1235812 0
1251599 12910592
1251600 0
1251859 12910592
1251860 0
1252439 12910592
1252440 0
1252699 12910592
1252700 0
1270499 12910592
1270500 0
1270759 12910592
1270760 0
1271339 12910592
1271340 0
1271599 12910592
1271600 0
1288675 12910592
1288676 0
1288935 12910592
1288936 0
1289515 12910592
1289516 0
1289775 12910592
1289776 0
1306464 12910592
1306465 0
1306694 12910592
1306695 0
1307234 12910592
1307235 0
1307464 12910592
1307465 0
1324252 12910592
1324253 0
1324512 12910592
1324513 0
1325092 12910592
1325093 0
1325352 12910592
1325353 0
1342040 12910592
1342041 0
1342300 12910592
1342301 0
1342880 12910592
1342881 0
1343140 12910592
1343141 0
1359828 12910592
1359829 0
1360088 12910592
1360089 0
1360668 12910592
1360669 0
1360928 12910592
1360929 0
1377617 12910592
1377618 0
1377877 12910592
1377878 0
1378457 12910592
1378458 0
1378717 12910592
1378718 0
1395405 12910592
1395406 0
1395665 12910592
1395666 0
1396245 12910592
1396246 0
1396505 12910592
1396506 0
1413193 12910592
1413194 0
1413453 12910592
1413454 0
1414033 12910592
1414034 0
1414293 12910592
1414294 0
1430981 12910592
1430982 0
1431241 12910592
1431242 0
1431821 12910592
1431822 0
1432081 12910592
1432082 0
1448770 12910592
1448771 0
1449030 12910592
1449031 0
1449610 12910592
1449611 0
1449870 12910592
1449871 0
1466558 12910592
1466559 0
1466818 12910592
1466819 0
1467398 12910592
1467399 0
1467658 12910592
1467659 0
1484346 12910592
1484347 0
1484606 12910592
1484607 0
1485186 12910592
1485187 0
1485446 12910592
1485447 0
1502134 12910592
1502135 0
1502394 12910592
1502395 0
1502974 12910592
1502975 0
1503234 12910592
1503235 0
1519923 12910592
1519924 0
1520183 12910592
1520184 0
1520763 12910592
1520764 0
1521023 12910592
1521024 0
1537111 12910592
1537112 0
1537371 12910592
1537372 0
1537951 12910592
1537952 0
1538211 12910592
1538212 0
1553999 12910592
1554000 0
1554259 12910592
1554260 0
1554839 12910592
1554840 0
1555099 12910592
1555100 0
1572899 12910592
1572900 0
1573129 12910592
1573130 0
1573669 12910592
1573670 0
1573899 12910592
1573900 0
1592528 12910592
1592529 0
1592788 12910592
1592789 0
1593368 12910592
1593369 0
1593628 12910592
1593629 0
1611042 12910592
1611043 0
1611302 12910592
1611303 0
1611882 12910592
1611883 0
1612142 12910592
1612143 0
1629556 12910592
1629557 0
1629816 12910592
1629817 0
1630396 12910592
1630397 0
1630656 12910592
1630657 0
1648070 12910592
1648071 0
1648330 12910592
1648331 0
1648910 12910592
1648911 0
1649170 12910592
1649171 0
1666585 12910592
1666586 0
1666845 12910592
1666846 0
1667425 12910592
1667426 0
1667685 12910592
1667686 0
1685099 12910592
1685100 0
1685359 12910592
1685360 0
1685939 12910592
1685940 0
1686199 12910592
1686200 0
1703613 12910592
1703614 0
1703873 12910592
1703874 0
1704453 12910592
1704454 0
1704713 12910592
1704714 0
1722128 12910592
1722129 0
1722388 12910592
1722389 0
1722968 12910592
1722969 0
1723228 12910592
1723229 0
1740642 12910592
1740643 0
1740902 12910592
1740903 0
1741482 12910592
1741483 0
1741742 12910592
1741743 0
1759156 12910592
1759157 0
1759416 12910592
1759417 0
1759996 12910592
1759997 0
1760256 12910592
1760257 0
1777670 12910592
1777671 0
1777930 12910592
1777931 0
1778510 12910592
1778511 0
1778770 12910592
1778771 0
1795585 12910592
1795586 0
1795845 12910592
1795846 0
1796425 12910592
1796426 0
1796685 12910592
1796686 0
1813199 12910592
1813200 0
1813459 12910592
1813460 0
1814039 12910592
1814040 0
1814299 12910592
1814300 0
1832099 12910592
1832100 0
1832359 12910592
1832360 0
1832939 12910592
1832940 0
1833199 12910592
1833200 0
1851078 12910592
1851079 0
1851338 12910592
1851339 0
1851918 12910592
1851919 0
1852178 12910592
1852179 0
1869267 12910592
1869268 0
1869527 12910592
1869528 0
1870107 12910592
1870108 0
1870367 12910592
1870368 0
1887457 12910592
1887458 0
1887717 12910592
1887718 0
1888297 12910592
1888298 0
1888557 12910592
1888558 0
1905646 12910592
1905647 0
1905906 12910592
1905907 0
1906486 12910592
1906487 0
1906746 12910592
1906747 0
1923836 12910592
1923837 0
1924096 12910592
1924097 0
1924676 12910592
1924677 0
1924936 12910592
1924937 0
1942025 12910592
1942026 0
1942255 12910592
1942256 0
1942795 12910592
1942796 0
1943025 12910592
1943026 0
1960215 12910592
1960216 0
1960475 12910592
1960476 0
1961055 12910592
1961056 0
1961315 12910592
1961316 0
1978404 12910592
1978405 0
1978664 12910592
1978665 0
1979244 12910592
1979245 0
1979504 12910592
1979505 0
1996594 12910592
1996595 0
1996854 12910592
1996855 0
1997434 12910592
1997435 0
1997694 12910592
1997695 0
2014783 12910592
2014784 0
2015043 12910592
2015044 0
2015623 12910592
2015624 0
2015883 12910592
2015884 0
2032973 12910592
2032974 0
2033233 12910592
2033234 0
2033813 12910592
2033814 0
7 events for D
5790 185
345090 0
345690 185
949890 0
950490 185
1554690 0
1555290 185
7 events for E
8240 185
347540 0
348140 185
952340 0
952940 185
1557140 0
1557740 185
332 events for F
23700 12910592
23701 0
30905 12910592
30906 0
51905 12910592
51906 0
57300 12910592
57301 0
60900 12910592
60901 0
64800 12910592
64801 0
68700 12910592
68701 0
78720 12910592
78721 0
82500 12910592
82501 0
86400 12910592
86401 0
93360 12910592
93361 0
103380 12910592
103381 0
115740 12910592
115741 0
122280 12910592
122281 0
131820 12910592
131821 0
139025 12910592
139026 0
151500 12910592
151501 0
158705 12910592
158706 0
166080 1089536
166081 0
170400 12910592
170401 0
175205 12910592
175206 0
178200 1089536
178201 0
180965 12910592
180966 0
365400 12910592
365401 0
372780 12910592
372781 0
380220 12910592
380221 0
387125 12910592
387126 0
398100 12910592
398101 0
408905 12910592
408906 0
423000 12910592
423001 0
426900 12910592
426901 0
430500 12910592
430501 0
433320 12910592
433321 0
440700 12910592
440701 0
444900 12910592
444901 0
462005 12910592
462006 0
465720 12910592
465721 0
477840 12910592
477841 0
481080 12910592
481081 0
484265 12910592
484266 0
493860 12910592
493861 0
497640 12910592
497641 0
513300 12910592
513301 0
520985 12910592
520986 0
526200 1089536
526201 0
529620 12910592
529621 0
533400 12910592
533401 0
536880 1089536
536881 0
539885 12910592
539886 0
667805 12910592
667806 0
671400 12910592
671401 0
675000 12910592
675001 0
678600 12910592
678601 0
682620 12910592
682621 0
689525 12910592
689526 0
693120 12910592
693121 0
709985 12910592
709986 0
716400 1089536
716401 0
725100 12910592
725101 0
732905 12910592
732906 0
742380 1089536
742381 0
750900 12910592
750901 0
760800 12910592
760801 0
770700 1089536
770701 0
778200 12910592
778201 0
787800 12910592
787801 0
796265 12910592
796266 0
801900 1089536
801901 0
812100 12910592
812101 0
819605 12910592
819606 0
828720 1089536
828721 0
837300 12910592
837301 0
849660 12910592
849661 0
856800 1089536
856801 0
860520 12910592
860521 0
1041720 12910592
1041721 0
1053300 1089536
1053301 0
1063080 12910592
1063081 0
1073640 12910592
1073641 0
1080305 12910592
1080306 0
1089300 1089536
1089301 0
1099265 12910592
1099266 0
1108500 12910592
1108501 0
1115700 1089536
1115701 0
1122600 12910592
1122601 0
1132680 12910592
1132681 0
1136520 1089536
1136521 0
1138740 12910592
1138741 0
1144860 12910592
1144861 0
1202165 12910592
1202166 0
1205700 1089536
1205701 0
1209305 12910592
1209306 0
1212900 1089536
1212901 0
1215845 12910592
1215846 0
1236785 12910592
1236786 0
1242300 1089536
1242301 0
1246500 12910592
1246501 0
1250400 12910592
1250401 0
1272900 1089536
1272901 0
1276620 12910592
1276621 0
1281300 1089536
1281301 0
1286700 12910592
1286701 0
1298400 12910592
1298401 0
1310640 1089536
1310641 0
1319705 12910592
1319706 0
1329900 12910592
1329901 0
1339505 12910592
1339506 0
1348500 12910592
1348501 0
1357500 1089536
1357501 0
1366800 12910592
1366801 0
1375200 1089536
1375201 0
1382700 12910592
1382701 0
1386605 12910592
1386606 0
1525625 12910592
1525626 0
1528500 1089536
1528501 0
1532100 12910592
1532101 0
1535880 12910592
1535881 0
1542900 1089536
1542901 0
1546205 12910592
1546206 0
1549500 12910592
1549501 0
1577100 12910592
1577101 0
1584180 1089536
1584181 0
1591320 12910592
1591321 0
1598225 12910592
1598226 0
1603500 1089536
1603501 0
1609800 12910592
1609801 0
1613100 12910592
1613101 0
1618505 12910592
1618506 0
1623900 1089536
1623901 0
1628340 12910592
1628341 0
1672260 12910592
1672261 0
1676100 1089536
1676101 0
1679705 12910592
1679706 0
1683900 1089536
1683901 0
1687200 12910592
1687201 0
1689900 12910592
1689901 0
1695900 1089536
1695901 0
1698725 12910592
1698726 0
1761545 12910592
1761546 0
1766100 12910592
1766101 0
1771200 1089536
1771201 0
1775700 12910592
1775701 0
1783925 12910592
1783926 0
1798260 12910592
1798261 0
1802100 1089536
1802101 0
1805700 12910592
1805701 0
1809300 1089536
1809301 0
1812000 12910592
1812001 0
1871340 12910592
1871341 0
1875305 12910592
1875306 0
1878900 1089536
1878901 0
1882500 12910592
1882501 0
1886220 1089536
1886221 0
1893120 12910592
1893121 0
1896725 12910592
1896726 0
1900320 1089536
1900321 0
1904400 12910592
1904401 0
2002260 12910592
2002261 0
2005865 12910592
2005866 0
2009460 1089536
2009461 0
2013540 12910592
2013541 0
2016840 1089536
2016841 0
2020440 12910592
2020441 0
2024040 1089536
2024041 0
2027645 12910592
2027646 0
2031720 12910592
2031721 0
158 events for G
22393 906
38792 0
51613 906
56681 0
59561 906
75171 0
81351 906
93060 0
95773 593
111073 0
117710 593
128593 0
133339 906
134233 593
138019 906
147929 0
154109 906
166118 0
168398 906
184308 0
223333 906
224083 1500
230095 0
231423 1500
237423 0
296893 215
308313 0
367993 906
383589 0
389769 906
401558 0
402878 906
418813 0
425646 906
436654 0
439534 906
454742 0
460922 906
472231 0
476431 906
490319 0
496499 906
504613 0
510387 906
525895 0
527395 906
543684 0
646093 906
646873 0
670393 906
685989 0
692169 906
703778 0
708158 906
721566 0
727746 906
739354 0
740854 906
757142 0
763322 906
774931 0
777211 906
792031 0
798899 906
810507 0
812007 906
828295 0
831025 906
846084 0
852264 906
863872 0
912193 1087
914903 0
916093 906
916873 0
980893 906
981673 0
1044034 906
1059542 0
1065722 906
1076953 0
1080931 906
1094713 0
1101599 906
1112907 0
1115487 906
1130395 0
1132795 906
1148184 0
1204428 906
1219248 0
1225817 906
1236825 0
1238325 906
1253713 0
1275193 906
1290789 0
1296969 906
1308578 0
1312958 906
1326366 0
1332546 906
1344154 0
1347313 906
1361942 0
1368122 906
1379731 0
1382011 906
1390513 0
1391893 593
1396523 0
1403399 593
1407243 0
1408933 593
1414823 0
1418533 593
1422483 0
1424293 593
1430774 0
1436083 1500
1442103 0
1443403 1500
1449423 0
1459693 215
1471113 0
1528217 906
1539225 0
1544413 906
1552813 0
1579693 906
1594642 0
1600822 906
1613156 0
1614656 906
1631670 0
1674879 906
1687213 0
1688713 906
1705427 0
1763850 906
1779613 0
1786264 906
1793413 0
1795153 906
1797699 0
1799799 906
1815313 0
1866493 906
1867273 0
1873961 906
1889571 0
1895751 906
1907760 0
1952893 906
1953673 0
2004888 906
2016897 0
2019177 906
1 events for H
1 18
1 events for I
2369 18
7 events for J
6822 185
346122 0
346722 185
950922 0
951522 185
1555722 0
1556322 185
1515 events for K
19922 4707014
19928 0
19942 2824208
19943 0
20842 2824208
20843 0
21142 2824208
21143 0
22042 2824208
22043 0
22342 2824208
22343 0
23522 4707014
23528 0
27122 4707014
27128 0
30722 4707014
30728 0
34322 4707014
34328 0
40281 4707014
40287 0
43261 1882806
43264 0
43881 4707014
43887 0
47481 4707014
47487 0
49742 4707014
49748 0
56972 4707014
56978 0
60782 4707014
60788 0
64532 4707014
64538 0
64861 1412104
64863 0
68342 4707014
68348 0
78184 82880
78185 0
78194 82880
78195 0
78204 82880
78205 0
78235 82880
78236 0
78245 82880
78246 0
78255 82880
78256 0
223202 4313184
223203 2310336
223204 0
223333 4313184
223335 0
223478 192528
223479 0
223783 2156592
223784 0
224102 3594320
224103 962640
224104 0
224150 3594320
224151 962640
224152 0
224421 718864
224422 0
224431 718864
224432 0
224441 718864
224442 0
224451 718864
224452 0
224461 718864
224462 0
224471 718864
224472 0
224481 718864
224482 0
224491 718864
224492 0
224501 718864
224502 0
224511 718864
224512 0
224521 718864
224522 0
224531 718864
224532 0
224541 718864
224542 0
224551 718864
224552 0
224561 718864
224562 0
224571 718864
224572 0
224581 718864
224582 0
224601 192528
224602 0
224611 192528
224612 0
224621 192528
224622 0
224631 192528
224632 0
224641 192528
224642 0
224651 192528
224652 0
224661 192528
224662 0
224671 192528
224672 0
224681 192528
224682 0
224691 192528
224692 0
224701 192528
224702 0
224711 192528
224712 0
224721 192528
224722 0
237661 1412104
237663 0
240914 4313184
240915 2117808
240916 0
241635 4313184
241637 0
243455 1437728
243456 0
313516 3748528
313519 0
313526 3748528
313529 0
314116 3748528
314119 0
314126 3748528
314129 0
315316 3748528
315319 0
315326 3748528
315329 0
315916 3748528
315919 0
315926 3748528
315929 0
317116 3748528
317119 0
317126 3748528
317129 0
317716 3748528
317719 0
317726 3748528
317729 0
318916 3748528
318919 0
318926 3748528
318929 0
319516 3748528
319519 0
319526 3748528
319529 0
320716 3748528
320719 0
320726 3748528
320729 0
321316 3748528
321319 0
321326 3748528
321329 0
322516 3748528
322519 0
322526 3748528
322529 0
323116 3748528
323119 0
323126 3748528
323129 0
324061 1882806
324064 0
324326 3748528
324329 0
324336 3748528
324339 0
324926 3748528
324929 0
324936 3748528
324939 0
329006 3748528
329009 0
329016 3748528
329019 0
329606 3748528
329609 0
329616 3748528
329619 0
332906 3748528
332909 0
332916 3748528
332919 0
333506 3748528
333509 0
333516 3748528
333519 0
337106 3748528
337109 0
337116 3748528
337119 0
337706 3748528
337709 0
337716 3748528
337719 0
339095 3748528
339098 0
339105 3748528
339108 0
339695 3748528
339698 0
339705 3748528
339708 0
341306 3748528
341309 0
341316 3748528
341319 0
341906 3748528
341909 0
341916 3748528
341919 0
364802 4236312
364806 0
366602 4236312
366606 0
368402 4236312
368406 0
370202 4236312
370206 0
372002 4236312
372006 0
373802 4236312
373806 0
375602 4236312
375606 0
377402 4236312
377406 0
379202 4236312
379206 0
385078 4236312
385082 0
386878 4236312
386882 0
388678 4236312
388682 0
390478 4236312
390482 0
392278 4236312
392282 0
394502 4236312
394506 0
396302 4236312
396306 0
400767 4236312
400771 0
402567 4236312
402571 0
404367 4236312
404371 0
406167 4236312
406171 0
407967 4236312
407971 0
409767 4236312
409771 0
411567 4236312
411571 0
413367 4236312
413371 0
415167 4236312
415171 0
422762 4236312
422766 0
426422 4236312
426426 0
430082 4236312
430086 0
436982 4236312
436986 0
440702 4236312
440706 0
444422 4236312
444426 0
448142 4236312
448146 0
596461 82880
596462 0
596471 82880
596472 0
596481 82880
596482 0
596512 82880
596513 0
596522 82880
596523 0
596532 82880
596533 0
600097 5000000
600121 0
601367 5000000
601391 0
602637 5000000
602661 0
619026 4494818
619027 3748528
619030 0
619036 4494818
619041 0
619086 4494818
619091 0
619146 4494818
619147 3748528
619150 0
619156 4494818
619161 0
619206 4494818
619211 0
619266 4494818
619271 0
619276 4494818
619281 0
619326 4494818
619327 3748528
619330 0
623226 4494818
623227 3748528
623230 0
623236 4494818
623241 0
623286 4494818
623291 0
623346 4494818
623347 3748528
623350 0
623356 4494818
623361 0
623406 4494818
623411 0
623466 4494818
623471 0
623476 4494818
623481 0
623526 4494818
623527 3748528
623530 0
741691 3748528
741694 0
741731 3748528
741734 0
741771 4494818
741776 0
741811 4494818
741816 0
741851 3748528
741854 0
741891 3748528
741894 0
741931 4494818
741936 0
741971 4494818
741976 0
742011 3748528
742014 0
742051 3748528
742054 0
742091 4494818
742096 0
742131 4494818
742136 0
761721 3748528
761724 0
761741 3748528
761744 0
761761 3748528
761764 0
768021 3748528
768024 0
768041 3748528
768044 0
768061 3748528
768064 0
774339 3748528
774342 0
774359 3748528
774362 0
774379 3748528
774382 0
779139 3748528
779142 0
779159 3748528
779162 0
779179 3748528
779182 0
782439 2824208
782440 0
782530 3748528
782533 0
782799 2824208
782800 0
782869 2824208
782870 0
782939 2824208
782940 0
783259 3748528
783262 0
783274 5000000
783292 0
783939 3748528
783942 0
783959 3748528
783962 0
783979 3748528
783982 0
787239 2824208
787240 0
787330 3748528
787333 0
787599 2824208
787600 0
787669 2824208
787670 0
787739 2824208
787740 0
788059 3748528
788062 0
788074 5000000
788092 0
788739 3748528
788742 0
788759 3748528
788762 0
788779 3748528
788782 0
794227 3748528
794230 0
794247 3748528
794250 0
794267 3748528
794270 0
797527 2824208
797528 0
797618 3748528
797621 0
797887 2824208
797888 0
797957 2824208
797958 0
798027 2824208
798028 0
798347 3748528
798350 0
798362 5000000
798380 0
799027 3748528
799030 0
799047 3748528
799050 0
799067 3748528
799070 0
801321 2824208
801322 0
801412 3748528
801415 0
801681 2824208
801682 0
801751 2824208
801752 0
801821 2824208
801822 0
802141 3748528
802144 0
802156 5000000
802174 0
804021 3748528
804024 0
804041 3748528
804044 0
804061 3748528
804064 0
804921 2824208
804922 0
805012 3748528
805015 0
805281 2824208
805282 0
805351 2824208
805352 0
805421 2824208
805422 0
805741 3748528
805744 0
805756 5000000
805774 0
809915 2824208
809916 0
810006 3748528
810009 0
810275 2824208
810276 0
810345 2824208
810346 0
810415 2824208
810416 0
810735 3748528
810738 0
810750 5000000
810768 0
813665 2824208
813666 0
813756 3748528
813759 0
814025 2824208
814026 0
814095 2824208
814096 0
814165 2824208
814166 0
814485 3748528
814488 0
814500 5000000
814518 0
817415 2824208
817416 0
817506 3748528
817509 0
817775 2824208
817776 0
817845 2824208
817846 0
817915 2824208
817916 0
818235 3748528
818238 0
818250 5000000
818268 0
821165 2824208
821166 0
821256 3748528
821259 0
821525 2824208
821526 0
821595 2824208
821596 0
821665 2824208
821666 0
821985 3748528
821988 0
822000 5000000
822018 0
824465 2824208
824466 0
824556 3748528
824559 0
824825 2824208
824826 0
824895 2824208
824896 0
824965 2824208
824966 0
825285 3748528
825288 0
825300 5000000
825318 0
828153 2824208
828154 0
828244 3748528
828247 0
828513 2824208
828514 0
828583 2824208
828584 0
828653 2824208
828654 0
831903 2824208
831904 0
831994 3748528
831997 0
832263 2824208
832264 0
832333 2824208
832334 0
832403 2824208
832404 0
832723 3748528
832726 0
832738 5000000
832756 0
835034 3748528
835035 4498234
835040 0
835045 3748528
835048 0
835634 3748528
835635 4498234
835640 0
835645 3748528
835648 0
836234 3748528
836235 4498234
836240 0
836245 3748528
836248 0
836834 3748528
836835 4498234
836840 0
836845 3748528
836848 0
837434 3748528
837435 4498234
837440 0
837445 3748528
837448 0
838034 3748528
838035 4498234
838040 0
838045 3748528
838048 0
838634 3748528
838635 4498234
838640 0
838645 3748528
838648 0
839234 3748528
839235 4498234
839240 0
839245 3748528
839248 0
839834 3748528
839835 4498234
839840 0
839845 3748528
839848 0
840434 3748528
840435 4498234
840440 0
840445 3748528
840448 0
841034 3748528
841035 4498234
841040 0
841045 3748528
841048 0
841634 3748528
841635 4498234
841640 0
841645 3748528
841648 0
842237 5000000
842282 0
842447 5000000
842459 0
849123 3748528
849126 0
849163 3748528
849166 0
849203 4494818
849208 0
849243 4494818
849248 0
849283 3748528
849286 0
849323 3748528
849326 0
849363 4494818
849368 0
849403 4494818
849408 0
849443 3748528
849446 0
849483 3748528
849486 0
849523 4494818
849528 0
849563 4494818
849568 0
856202 5000000
856218 0
858002 5000000
858018 0
859802 5000000
859818 0
863261 5000000
863277 0
863560 3748528
863563 0
863575 5000000
863593 0
865061 5000000
865077 0
865360 3748528
865363 0
865375 5000000
865393 0
866861 5000000
866877 0
867160 3748528
867163 0
867175 5000000
867193 0
868661 5000000
868677 0
868960 3748528
868963 0
868975 5000000
868993 0
870461 5000000
870477 0
870760 3748528
870763 0
870775 5000000
870793 0
872261 5000000
872277 0
872560 3748528
872563 0
872575 5000000
872593 0
874061 5000000
874077 0
874360 3748528
874363 0
874375 5000000
874393 0
875861 5000000
875877 0
876160 3748528
876163 0
876175 5000000
876193 0
877661 5000000
877677 0
877960 3748528
877963 0
877975 5000000
877993 0
883149 5000000
883165 0
884949 5000000
884965 0
886749 5000000
886765 0
888549 5000000
888565 0
890349 5000000
890365 0
892149 5000000
892165 0
893949 5000000
893965 0
895749 5000000
895765 0
898837 5000000
898853 0
900637 5000000
900653 0
902437 5000000
902453 0
904237 5000000
904253 0
906037 5000000
906053 0
907837 5000000
907853 0
909637 5000000
909653 0
911437 5000000
911453 0
913237 5000000
913253 0
918726 5000000
918742 0
969621 3748528
969624 0
969641 3748528
969644 0
969661 3748528
969664 0
972321 3748528
972324 0
972341 3748528
972344 0
972361 3748528
972364 0
974721 3748528
974724 0
974741 3748528
974744 0
974761 3748528
974764 0
977421 3748528
977424 0
977441 3748528
977444 0
977461 3748528
977464 0
979521 3748528
979524 0
979541 3748528
979544 0
979561 3748528
979564 0
982221 3748528
982224 0
982241 3748528
982244 0
982261 3748528
982264 0
984321 3748528
984324 0
984341 3748528
984344 0
984361 3748528
984364 0
990497 3748528
990500 0
990517 3748528
990520 0
990537 3748528
990540 0
996797 3748528
996800 0
996817 3748528
996820 0
996837 3748528
996840 0
1086095 3748528
1086098 0
1086105 3748528
1086108 0
1086695 3748528
1086698 0
1086705 3748528
1086708 0
1090895 3748528
1090898 0
1090905 3748528
1090908 0
1091495 3748528
1091498 0
1091505 3748528
1091508 0
1097001 3748528
1097004 0
1097011 3748528
1097014 0
1097601 3748528
1097604 0
1097611 3748528
1097614 0
1101501 3748528
1101504 0
1101511 3748528
1101514 0
1102101 3748528
1102104 0
1102111 3748528
1102114 0
1106301 3748528
1106304 0
1106311 3748528
1106314 0
1106901 3748528
1106904 0
1106911 3748528
1106914 0
1112689 3748528
1112692 0
1112699 3748528
1112702 0
1113289 3748528
1113292 0
1113299 3748528
1113302 0
1117189 3748528
1117192 0
1117199 3748528
1117202 0
1117789 3748528
1117792 0
1117799 3748528
1117802 0
1118896 3748528
1118900 0
1118907 4992344
1118916 0
1118927 4992344
1118936 0
1119256 3748528
1119260 0
1119267 4992344
1119276 0
1119287 4992344
1119296 0
1119616 3748528
1119620 0
1119627 4992344
1119636 0
1119647 4992344
1119656 0
1119976 3748528
1119980 0
1119987 4992344
1119996 0
1120007 4992344
1120016 0
1120336 3748528
1120340 0
1120347 4992344
1120356 0
1120367 4992344
1120376 0
1120696 3748528
1120700 0
1120707 4992344
1120716 0
1120727 4992344
1120736 0
1121056 3748528
1121060 0
1121067 4992344
1121076 0
1121087 4992344
1121096 0
1121416 3748528
1121420 0
1121427 4992344
1121436 0
1121447 4992344
1121456 0
1121776 3748528
1121780 0
1121787 4992344
1121796 0
1121807 4992344
1121816 0
1122136 3748528
1122140 0
1122147 4992344
1122156 0
1122167 4992344
1122176 0
1122496 3748528
1122500 0
1122507 4992344
1122516 0
1122527 4992344
1122536 0
1122856 3748528
1122860 0
1122867 4992344
1122876 0
1122887 4992344
1122896 0
1123216 3748528
1123220 0
1123227 4992344
1123236 0
1123247 4992344
1123256 0
1123789 3748528
1123792 0
1123799 3748528
1123802 0
1124389 3748528
1124392 0
1124399 3748528
1124402 0
1126577 3748528
1126580 0
1126587 3748528
1126590 0
1127177 3748528
1127180 0
1127187 3748528
1127190 0
1144186 3748528
1144189 0
1144196 3748528
1144199 0
1144876 3748528
1144879 0
1144886 3748528
1144889 0
1201556 2824208
1201557 0
1201647 3748528
1201650 0
1201856 2824208
1201857 0
1201926 2824208
1201927 0
1202137 3765611
1202140 0
1205156 2824208
1205157 0
1205247 3748528
1205250 0
1205456 2824208
1205457 0
1205526 2824208
1205527 0
1205737 3765611
1205740 0
1208756 2824208
1208757 0
1208847 3748528
1208850 0
1209056 2824208
1209057 0
1209126 2824208
1209127 0
1209337 3765611
1209340 0
1212356 2824208
1212357 0
1212447 3748528
1212450 0
1212656 2824208
1212657 0
1212726 2824208
1212727 0
1212937 3765611
1212940 0
1215656 2824208
1215657 0
1215747 3748528
1215750 0
1215956 2824208
1215957 0
1216026 2824208
1216027 0
1216237 3765611
1216240 0
1388781 718864
1388782 0
1389391 718864
1389392 0
1390022 3748528
1390025 0
1390281 718864
1390282 0
1390891 718864
1390892 0
1391522 3748528
1391525 0
1391781 718864
1391782 0
1392391 718864
1392392 0
1393022 3748528
1393025 0
1400541 718864
1400542 0
1401151 718864
1401152 0
1401782 3748528
1401785 0
1402041 718864
1402042 0
1402651 718864
1402652 0
1403282 3748528
1403285 0
1403541 718864
1403542 0
1404151 718864
1404152 0
1404782 3748528
1404785 0
1435202 4313184
1435203 2310336
1435204 0
1435333 4313184
1435335 0
1435478 192528
1435479 0
1435783 2156592
1435784 0
1436102 3594320
1436103 962640
1436104 0
1436150 3594320
1436151 962640
1436152 0
1436421 718864
1436422 0
1436431 718864
1436432 0
1436441 718864
1436442 0
1436451 718864
1436452 0
1436461 718864
1436462 0
1436471 718864
1436472 0
1436481 718864
1436482 0
1436491 718864
1436492 0
1436501 718864
1436502 0
1436511 718864
1436512 0
1436521 718864
1436522 0
1436531 718864
1436532 0
1436541 718864
1436542 0
1436551 718864
1436552 0
1436561 718864
1436562 0
1436571 718864
1436572 0
1436581 718864
1436582 0
1436601 192528
1436602 0
1436611 192528
1436612 0
1436621 192528
1436622 0
1436631 192528
1436632 0
1436641 192528
1436642 0
1436651 192528
1436652 0
1436661 192528
1436662 0
1436671 192528
1436672 0
1436681 192528
1436682 0
1436691 192528
1436692 0
1436701 192528
1436702 0
1436711 192528
1436712 0
1436721 192528
1436722 0
1542302 4494818
1542303 3748528
1542306 0
1542312 4494818
1542317 0
1542362 4494818
1542367 0
1542422 4494818
1542423 3748528
1542426 0
1542432 4494818
1542437 0
1542482 4494818
1542487 0
1542542 4494818
1542547 0
1542552 4494818
1542557 0
1542602 4494818
1542603 3748528
1542606 0
1546502 4494818
1546503 3748528
1546506 0
1546512 4494818
1546517 0
1546562 4494818
1546567 0
1546622 4494818
1546623 3748528
1546626 0
1546632 4494818
1546637 0
1546682 4494818
1546687 0
1546742 4494818
1546747 0
1546752 4494818
1546757 0
1546802 4494818
1546803 3748528
1546806 0
1583726 82880
1583727 0
1583736 82880
1583737 0
1583746 82880
1583747 0
1583777 82880
1583778 0
1583787 82880
1583788 0
1583797 82880
1583798 0
1633178 3748528
1633181 0
1636778 3748528
1636781 0
1640378 3748528
1640381 0
1643978 3748528
1643981 0
1647398 3748528
1647401 0
1649592 3748528
1649595 0
1653192 3748528
1653195 0
1656792 3748528
1656795 0
1660392 3748528
1660395 0
1663992 3748528
1663995 0
1670207 3748528
1670210 0
1673807 3748528
1673810 0
1677407 3748528
1677410 0
1681007 3748528
1681010 0
1684427 3748528
1684430 0
1686621 3748528
1686624 0
1690221 3748528
1690224 0
1691795 3748528
1691798 0
1691805 3748528
1691808 0
1692395 3748528
1692398 0
1692405 3748528
1692408 0
1694709 3748528
1694712 0
1694719 3748528
1694722 0
1695309 3748528
1695312 0
1695319 3748528
1695322 0
1701609 3748528
1701612 0
1701619 3748528
1701622 0
1702209 3748528
1702212 0
1702219 3748528
1702222 0
1720209 3748528
1720212 0
1720219 3748528
1720222 0
1720809 3748528
1720812 0
1720819 3748528
1720822 0
1783692 2824208
1783693 0
1783812 2824208
1783813 0
1783932 2824208
1783933 0
1784412 2824208
1784413 0
1784532 2824208
1784533 0
1784652 2824208
1784653 0
1785132 2824208
1785133 0
1785252 2824208
1785253 0
1785372 2824208
1785373 0
1785852 2824208
1785853 0
1785972 2824208
1785973 0
1786092 2824208
1786093 0
1786572 2824208
1786573 0
1786692 2824208
1786693 0
1786812 2824208
1786813 0
1787292 2824208
1787293 0
1787412 2824208
1787413 0
1787532 2824208
1787533 0
1788012 2824208
1788013 0
1788132 2824208
1788133 0
1788252 2824208
1788253 0
1788732 2824208
1788733 0
1788852 2824208
1788853 0
1788972 2824208
1788973 0
1789452 2824208
1789453 0
1789572 2824208
1789573 0
1789692 2824208
1789693 0
1790112 2824208
1790113 0
1790232 2824208
1790233 0
1790352 2824208
1790353 0
1790892 2824208
1790893 0
1791012 2824208
1791013 0
1791132 2824208
1791133 0
1793807 2824208
1793808 0
1793898 3748528
1793901 0
1794107 2824208
1794108 0
1794177 2824208
1794178 0
1794388 3765611
1794391 0
1797707 2824208
1797708 0
1797798 3748528
1797801 0
1798007 2824208
1798008 0
1798077 2824208
1798078 0
1798288 3765611
1798291 0
1799807 2824208
1799808 0
1799898 3748528
1799901 0
1800107 2824208
1800108 0
1800177 2824208
1800178 0
1800388 3765611
1800391 0
1801307 2824208
1801308 0
1801398 3748528
1801401 0
1801607 2824208
1801608 0
1801677 2824208
1801678 0
1801888 3765611
1801891 0
1811421 2824208
1811422 0
1811512 3748528
1811515 0
1811721 2824208
1811722 0
1811791 2824208
1811792 0
1812002 3765611
1812005 0
1870769 3748528
1870772 0
1870784 5000000
1870802 0
1872569 3748528
1872572 0
1872584 5000000
1872602 0
1874369 3748528
1874372 0
1874384 5000000
1874402 0
1876169 3748528
1876172 0
1876184 5000000
1876202 0
1877969 3748528
1877972 0
1877984 5000000
1878002 0
1879769 3748528
1879772 0
1879784 5000000
1879802 0
1881569 3748528
1881572 0
1881584 5000000
1881602 0
1883369 3748528
1883372 0
1883384 5000000
1883402 0
1885169 3748528
1885172 0
1885184 5000000
1885202 0
1891059 3748528
1891062 0
1891074 5000000
1891092 0
1892859 3748528
1892862 0
1892874 5000000
1892892 0
1894659 3748528
1894662 0
1894674 5000000
1894692 0
1896459 3748528
1896462 0
1896474 5000000
1896492 0
1898259 3748528
1898262 0
1898274 5000000
1898292 0
1900059 3748528
1900062 0
1900074 5000000
1900092 0
1901859 3748528
1901862 0
1901874 5000000
1901892 0
1903659 3748528
1903662 0
1903674 5000000
1903692 0
1949721 3748528
1949724 0
1949741 3748528
1949744 0
1949761 3748528
1949764 0
1956021 3748528
1956024 0
1956041 3748528
1956044 0
1956061 3748528
1956064 0
1963837 3748528
1963840 0
1963857 3748528
1963860 0
1963877 3748528
1963880 0
1970137 3748528
1970140 0
1970157 3748528
1970160 0
1970177 3748528
1970180 0
1976437 3748528
1976440 0
1976457 3748528
1976460 0
1976477 3748528
1976480 0
1981837 3748528
1981840 0
1981857 3748528
1981860 0
1981877 3748528
1981880 0
1986637 3748528
1986640 0
1986657 3748528
1986660 0
1986677 3748528
1986680 0
1991437 3748528
1991440 0
1991457 3748528
1991460 0
1991477 3748528
1991480 0
1995416 3748528
1995419 0
1995436 3748528
1995439 0
1995456 3748528
1995459 0
1 events for L
2824 2650
1515 events for M
21294 4707014
21300 0
21314 2824208
21315 0
22214 2824208
22215 0
22514 2824208
22515 0
23414 2824208
23415 0
23714 2824208
23715 0
24894 4707014
24900 0
28494 4707014
28500 0
32094 4707014
32100 0
35694 4707014
35700 0
41653 4707014
41659 0
44633 1882806
44636 0
45253 4707014
45259 0
48853 4707014
48859 0
51114 4707014
51120 0
58344 4707014
58350 0
62154 4707014
62160 0
65904 4707014
65910 0
66233 1412104
66235 0
69714 4707014
69720 0
79556 82880
79557 0
79566 82880
79567 0
79576 82880
79577 0
79607 82880
79608 0
79617 82880
79618 0
79627 82880
79628 0
224574 4313184
224575 2310336
224576 0
224705 4313184
224707 0
224850 192528
224851 0
225155 2156592
225156 0
225474 3594320
225475 962640
225476 0
225522 3594320
225523 962640
225524 0
225793 718864
225794 0
225803 718864
225804 0
225813 718864
225814 0
225823 718864
225824 0
225833 718864
225834 0
225843 718864
225844 0
225853 718864
225854 0
225863 718864
225864 0
225873 718864
225874 0
225883 718864
225884 0
225893 718864
225894 0
225903 718864
225904 0
225913 718864
225914 0
225923 718864
225924 0
225933 718864
225934 0
225943 718864
225944 0
225953 718864
225954 0
225973 192528
225974 0
225983 192528
225984 0
225993 192528
225994 0
226003 192528
226004 0
226013 192528
226014 0
226023 192528
226024 0
226033 192528
226034 0
226043 192528
226044 0
226053 192528
226054 0
226063 192528
226064 0
226073 192528
226074 0
226083 192528
226084 0
226093 192528
226094 0
239033 1412104
239035 0
242286 4313184
242287 2117808
242288 0
243007 4313184
243009 0
244827 1437728
244828 0
314888 3748528
314891 0
314898 3748528
314901 0
315488 3748528
315491 0
315498 3748528
315501 0
316688 3748528
316691 0
316698 3748528
316701 0
317288 3748528
317291 0
317298 3748528
317301 0
318488 3748528
318491 0
318498 3748528
318501 0
319088 3748528
319091 0
319098 3748528
319101 0
320288 3748528
320291 0
320298 3748528
320301 0
320888 3748528
320891 0
320898 3748528
320901 0
322088 3748528
322091 0
322098 3748528
322101 0
322688 3748528
322691 0
322698 3748528
322701 0
323888 3748528
323891 0
323898 3748528
323901 0
324488 3748528
324491 0
324498 3748528
324501 0
325433 1882806
325436 0
325698 3748528
325701 0
325708 3748528
325711 0
326298 3748528
326301 0
326308 3748528
326311 0
330378 3748528
330381 0
330388 3748528
330391 0
330978 3748528
330981 0
330988 3748528
330991 0
334278 3748528
334281 0
334288 3748528
334291 0
334878 3748528
334881 0
334888 3748528
334891 0
338478 3748528
338481 0
338488 3748528
338491 0
339078 3748528
339081 0
339088 3748528
339091 0
340467 3748528
340470 0
340477 3748528
340480 0
341067 3748528
341070 0
341077 3748528
341080 0
342678 3748528
342681 0
342688 3748528
342691 0
343278 3748528
343281 0
343288 3748528
343291 0
366174 4236312
366178 0
367974 4236312
367978 0
369774 4236312
369778 0
371574 4236312
371578 0
373374 4236312
373378 0
375174 4236312
375178 0
376974 4236312
376978 0
378774 4236312
378778 0
380574 4236312
380578 0
386450 4236312
386454 0
388250 4236312
388254 0
390050 4236312
390054 0
391850 4236312
391854 0
393650 4236312
393654 0
395874 4236312
395878 0
397674 4236312
397678 0
402139 4236312
402143 0
403939 4236312
403943 0
405739 4236312
405743 0
407539 4236312
407543 0
409339 4236312
409343 0
411139 4236312
411143 0
412939 4236312
412943 0
414739 4236312
414743 0
416539 4236312
416543 0
424134 4236312
424138 0
427794 4236312
427798 0
431454 4236312
431458 0
438354 4236312
438358 0
442074 4236312
442078 0
445794 4236312
445798 0
449514 4236312
449518 0
597833 82880
597834 0
597843 82880
597844 0
597853 82880
597854 0
597884 82880
597885 0
597894 82880
597895 0
597904 82880
597905 0
601469 5000000
601493 0
602739 5000000
602763 0
604009 5000000
604033 0
620398 4494818
620399 3748528
620402 0
620408 4494818
620413 0
620458 4494818
620463 0
620518 4494818
620519 3748528
620522 0
620528 4494818
620533 0
620578 4494818
620583 0
620638 4494818
620643 0
620648 4494818
620653 0
620698 4494818
620699 3748528
620702 0
624598 4494818
624599 3748528
624602 0
624608 4494818
624613 0
624658 4494818
624663 0
624718 4494818
624719 3748528
624722 0
624728 4494818
624733 0
624778 4494818
624783 0
624838 4494818
624843 0
624848 4494818
624853 0
624898 4494818
624899 3748528
624902 0
743063 3748528
743066 0
743103 3748528
743106 0
743143 4494818
743148 0
743183 4494818
743188 0
743223 3748528
743226 0
743263 3748528
743266 0
743303 4494818
743308 0
743343 4494818
743348 0
743383 3748528
743386 0
743423 3748528
743426 0
743463 4494818
743468 0
743503 4494818
743508 0
763093 3748528
763096 0
763113 3748528
763116 0
763133 3748528
763136 0
769393 3748528
769396 0
769413 3748528
769416 0
769433 3748528
769436 0
775711 3748528
775714 0
775731 3748528
775734 0
775751 3748528
775754 0
780511 3748528
780514 0
780531 3748528
780534 0
780551 3748528
780554 0
783811 2824208
783812 0
783902 3748528
783905 0
784171 2824208
784172 0
784241 2824208
784242 0
784311 2824208
784312 0
784631 3748528
784634 0
784646 5000000
784664 0
785311 3748528
785314 0
785331 3748528
785334 0
785351 3748528
785354 0
788611 2824208
788612 0
788702 3748528
788705 0
788971 2824208
788972 0
789041 2824208
789042 0
789111 2824208
789112 0
789431 3748528
789434 0
789446 5000000
789464 0
790111 3748528
790114 0
790131 3748528
790134 0
790151 3748528
790154 0
795599 3748528
795602 0
795619 3748528
795622 0
795639 3748528
795642 0
798899 2824208
798900 0
798990 3748528
798993 0
799259 2824208
799260 0
799329 2824208
799330 0
799399 2824208
799400 0
799719 3748528
799722 0
799734 5000000
799752 0
800399 3748528
800402 0
800419 3748528
800422 0
800439 3748528
800442 0
802693 2824208
802694 0
802784 3748528
802787 0
803053 2824208
803054 0
803123 2824208
803124 0
803193 2824208
803194 0
803513 3748528
803516 0
803528 5000000
803546 0
805393 3748528
805396 0
805413 3748528
805416 0
805433 3748528
805436 0
806293 2824208
806294 0
806384 3748528
806387 0
806653 2824208
806654 0
806723 2824208
806724 0
806793 2824208
806794 0
807113 3748528
807116 0
807128 5000000
807146 0
811287 2824208
811288 0
811378 3748528
811381 0
811647 2824208
811648 0
811717 2824208
811718 0
811787 2824208
811788 0
812107 3748528
812110 0
812122 5000000
812140 0
815037 2824208
815038 0
815128 3748528
815131 0
815397 2824208
815398 0
815467 2824208
815468 0
815537 2824208
815538 0
815857 3748528
815860 0
815872 5000000
815890 0
818787 2824208
818788 0
818878 3748528
818881 0
819147 2824208
819148 0
819217 2824208
819218 0
819287 2824208
819288 0
819607 3748528
819610 0
819622 5000000
819640 0
822537 2824208
822538 0
822628 3748528
822631 0
822897 2824208
822898 0
822967 2824208
822968 0
823037 2824208
823038 0
823357 3748528
823360 0
823372 5000000
823390 0
825837 2824208
825838 0
825928 3748528
825931 0
826197 2824208
826198 0
826267 2824208
826268 0
826337 2824208
826338 0
826657 3748528
826660 0
826672 5000000
826690 0
829525 2824208
829526 0
829616 3748528
829619 0
829885 2824208
829886 0
829955 2824208
829956 0
830025 2824208
830026 0
833275 2824208
833276 0
833366 3748528
833369 0
833635 2824208
833636 0
833705 2824208
833706 0
833775 2824208
833776 0
834095 3748528
834098 0
834110 5000000
834128 0
836406 3748528
836407 4498234
836412 0
836417 3748528
836420 0
837006 3748528
837007 4498234
837012 0
837017 3748528
837020 0
837606 3748528
837607 4498234
837612 0
837617 3748528
837620 0
838206 3748528
838207 4498234
838212 0
838217 3748528
838220 0
838806 3748528
838807 4498234
838812 0
838817 3748528
838820 0
839406 3748528
839407 4498234
839412 0
839417 3748528
839420 0
840006 3748528
840007 4498234
840012 0
840017 3748528
840020 0
840606 3748528
840607 4498234
840612 0
840617 3748528
840620 0
841206 3748528
841207 4498234
841212 0
841217 3748528
841220 0
841806 3748528
841807 4498234
841812 0
841817 3748528
841820 0
842406 3748528
842407 4498234
842412 0
842417 3748528
842420 0
843006 3748528
843007 4498234
843012 0
843017 3748528
843020 0
843609 5000000
843654 0
843819 5000000
843831 0
850495 3748528
850498 0
850535 3748528
850538 0
850575 4494818
850580 0
850615 4494818
850620 0
850655 3748528
850658 0
850695 3748528
850698 0
850735 4494818
850740 0
850775 4494818
850780 0
850815 3748528
850818 0
850855 3748528
850858 0
850895 4494818
850900 0
850935 4494818
850940 0
857574 5000000
857590 0
859374 5000000
859390 0
861174 5000000
861190 0
864633 5000000
864649 0
864932 3748528
864935 0
864947 5000000
864965 0
866433 5000000
866449 0
866732 3748528
866735 0
866747 5000000
866765 0
868233 5000000
868249 0
868532 3748528
868535 0
868547 5000000
868565 0
870033 5000000
870049 0
870332 3748528
870335 0
870347 5000000
870365 0
871833 5000000
871849 0
872132 3748528
872135 0
872147 5000000
872165 0
873633 5000000
873649 0
873932 3748528
873935 0
873947 5000000
873965 0
875433 5000000
875449 0
875732 3748528
875735 0
875747 5000000
875765 0
877233 5000000
877249 0
877532 3748528
877535 0
877547 5000000
877565 0
879033 5000000
879049 0
879332 3748528
879335 0
879347 5000000
879365 0
884521 5000000
884537 0
886321 5000000
886337 0
888121 5000000
888137 0
889921 5000000
889937 0
891721 5000000
891737 0
893521 5000000
893537 0
895321 5000000
895337 0
897121 5000000
897137 0
900209 5000000
900225 0
902009 5000000
902025 0
903809 5000000
903825 0
905609 5000000
905625 0
907409 5000000
907425 0
909209 5000000
909225 0
911009 5000000
911025 0
912809 5000000
912825 0
914609 5000000
914625 0
920098 5000000
920114 0
970993 3748528
970996 0
971013 3748528
971016 0
971033 3748528
971036 0
973693 3748528
973696 0
973713 3748528
973716 0
973733 3748528
973736 0
976093 3748528
976096 0
976113 3748528
976116 0
976133 3748528
976136 0
978793 3748528
978796 0
978813 3748528
978816 0
978833 3748528
978836 0
980893 3748528
980896 0
980913 3748528
980916 0
980933 3748528
980936 0
983593 3748528
983596 0
983613 3748528
983616 0
983633 3748528
983636 0
985693 3748528
985696 0
985713 3748528
985716 0
985733 3748528
985736 0
991869 3748528
991872 0
991889 3748528
991892 0
991909 3748528
991912 0
998169 3748528
998172 0
998189 3748528
998192 0
998209 3748528
998212 0
1087467 3748528
1087470 0
1087477 3748528
1087480 0
1088067 3748528
1088070 0
1088077 3748528
1088080 0
1092267 3748528
1092270 0
1092277 3748528
1092280 0
1092867 3748528
1092870 0
1092877 3748528
1092880 0
1098373 3748528
1098376 0
1098383 3748528
1098386 0
1098973 3748528
1098976 0
1098983 3748528
1098986 0
1102873 3748528
1102876 0
1102883 3748528
1102886 0
1103473 3748528
1103476 0
1103483 3748528
1103486 0
1107673 3748528
1107676 0
1107683 3748528
1107686 0
1108273 3748528
1108276 0
1108283 3748528
1108286 0
1114061 3748528
1114064 0
1114071 3748528
1114074 0
1114661 3748528
1114664 0
1114671 3748528
1114674 0
1118561 3748528
1118564 0
1118571 3748528
1118574 0
1119161 3748528
1119164 0
1119171 3748528
1119174 0
1120268 3748528
1120272 0
1120279 4992344
1120288 0
1120299 4992344
1120308 0
1120628 3748528
1120632 0
1120639 4992344
1120648 0
1120659 4992344
1120668 0
1120988 3748528
1120992 0
1120999 4992344
1121008 0
1121019 4992344
1121028 0
1121348 3748528
1121352 0
1121359 4992344
1121368 0
1121379 4992344
1121388 0
1121708 3748528
1121712 0
1121719 4992344
1121728 0
1121739 4992344
1121748 0
1122068 3748528
1122072 0
1122079 4992344
1122088 0
1122099 4992344
1122108 0
1122428 3748528
1122432 0
1122439 4992344
1122448 0
1122459 4992344
1122468 0
1122788 3748528
1122792 0
1122799 4992344
1122808 0
1122819 4992344
1122828 0
1123148 3748528
1123152 0
1123159 4992344
1123168 0
1123179 4992344
1123188 0
1123508 3748528
1123512 0
1123519 4992344
1123528 0
1123539 4992344
1123548 0
1123868 3748528
1123872 0
1123879 4992344
1123888 0
1123899 4992344
1123908 0
1124228 3748528
1124232 0
1124239 4992344
1124248 0
1124259 4992344
1124268 0
1124588 3748528
1124592 0
1124599 4992344
1124608 0
1124619 4992344
1124628 0
1125161 3748528
1125164 0
1125171 3748528
1125174 0
1125761 3748528
1125764 0
1125771 3748528
1125774 0
1127949 3748528
1127952 0
1127959 3748528
1127962 0
1128549 3748528
1128552 0
1128559 3748528
1128562 0
1145558 3748528
1145561 0
1145568 3748528
1145571 0
1146248 3748528
1146251 0
1146258 3748528
1146261 0
1202928 2824208
1202929 0
1203019 3748528
1203022 0
1203228 2824208
1203229 0
1203298 2824208
1203299 0
1203509 3765611
1203512 0
1206528 2824208
1206529 0
1206619 3748528
1206622 0
1206828 2824208
1206829 0
1206898 2824208
1206899 0
1207109 3765611
1207112 0
1210128 2824208
1210129 0
1210219 3748528
1210222 0
1210428 2824208
1210429 0
1210498 2824208
1210499 0
1210709 3765611
1210712 0
1213728 2824208
1213729 0
1213819 3748528
1213822 0
1214028 2824208
1214029 0
1214098 2824208
1214099 0
1214309 3765611
1214312 0
1217028 2824208
1217029 0
1217119 3748528
1217122 0
1217328 2824208
1217329 0
1217398 2824208
1217399 0
1217609 3765611
1217612 0
1390153 718864
1390154 0
1390763 718864
1390764 0
1391394 3748528
1391397 0
1391653 718864
1391654 0
1392263 718864
1392264 0
1392894 3748528
1392897 0
1393153 718864
1393154 0
1393763 718864
1393764 0
1394394 3748528
1394397 0
1401913 718864
1401914 0
1402523 718864
1402524 0
1403154 3748528
1403157 0
1403413 718864
1403414 0
1404023 718864
1404024 0
1404654 3748528
1404657 0
1404913 718864
1404914 0
1405523 718864
1405524 0
1406154 3748528
1406157 0
1436574 4313184
1436575 2310336
1436576 0
1436705 4313184
1436707 0
1436850 192528
1436851 0
1437155 2156592
1437156 0
1437474 3594320
1437475 962640
1437476 0
1437522 3594320
1437523 962640
1437524 0
1437793 718864
1437794 0
1437803 718864
1437804 0
1437813 718864
1437814 0
1437823 718864
1437824 0
1437833 718864
1437834 0
1437843 718864
1437844 0
1437853 718864
1437854 0
1437863 718864
1437864 0
1437873 718864
1437874 0
1437883 718864
1437884 0
1437893 718864
1437894 0
1437903 718864
1437904 0
1437913 718864
1437914 0
1437923 718864
1437924 0
1437933 718864
1437934 0
1437943 718864
1437944 0
1437953 718864
1437954 0
1437973 192528
1437974 0
1437983 192528
1437984 0
1437993 192528
1437994 0
1438003 192528
1438004 0
1438013 192528
1438014 0
1438023 192528
1438024 0
1438033 192528
1438034 0
1438043 192528
1438044 0
1438053 192528
1438054 0
1438063 192528
1438064 0
1438073 192528
1438074 0
1438083 192528
1438084 0
1438093 192528
1438094 0
1543674 4494818
1543675 3748528
1543678 0
1543684 4494818
1543689 0
1543734 4494818
1543739 0
1543794 4494818
1543795 3748528
1543798 0
1543804 4494818
1543809 0
1543854 4494818
1543859 0
1543914 4494818
1543919 0
1543924 4494818
1543929 0
1543974 4494818
1543975 3748528
1543978 0
1547874 4494818
1547875 3748528
1547878 0
1547884 4494818
1547889 0
1547934 4494818
1547939 0
1547994 4494818
1547995 3748528
1547998 0
1548004 4494818
1548009 0
1548054 4494818
1548059 0
1548114 4494818
1548119 0
1548124 4494818
1548129 0
1548174 4494818
1548175 3748528
1548178 0
1585098 82880
1585099 0
1585108 82880
1585109 0
1585118 82880
1585119 0
1585149 82880
1585150 0
1585159 82880
1585160 0
1585169 82880
1585170 0
1634550 3748528
1634553 0
1638150 3748528
1638153 0
1641750 3748528
1641753 0
1645350 3748528
1645353 0
1648770 3748528
1648773 0
1650964 3748528
1650967 0
1654564 3748528
1654567 0
1658164 3748528
1658167 0
1661764 3748528
1661767 0
1665364 3748528
1665367 0
1671579 3748528
1671582 0
1675179 3748528
1675182 0
1678779 3748528
1678782 0
1682379 3748528
1682382 0
1685799 3748528
1685802 0
1687993 3748528
1687996 0
1691593 3748528
1691596 0
1693167 3748528
1693170 0
1693177 3748528
1693180 0
1693767 3748528
1693770 0
1693777 3748528
1693780 0
1696081 3748528
1696084 0
1696091 3748528
1696094 0
1696681 3748528
1696684 0
1696691 3748528
1696694 0
1702981 3748528
1702984 0
1702991 3748528
1702994 0
1703581 3748528
1703584 0
1703591 3748528
1703594 0
1721581 3748528
1721584 0
1721591 3748528
1721594 0
1722181 3748528
1722184 0
1722191 3748528
1722194 0
1785064 2824208
1785065 0
1785184 2824208
1785185 0
1785304 2824208
1785305 0
1785784 2824208
1785785 0
1785904 2824208
1785905 0
1786024 2824208
1786025 0
1786504 2824208
1786505 0
1786624 2824208
1786625 0
1786744 2824208
1786745 0
1787224 2824208
1787225 0
1787344 2824208
1787345 0
1787464 2824208
1787465 0
1787944 2824208
1787945 0
1788064 2824208
1788065 0
1788184 2824208
1788185 0
1788664 2824208
1788665 0
1788784 2824208
1788785 0
1788904 2824208
1788905 0
1789384 2824208
1789385 0
1789504 2824208
1789505 0
1789624 2824208
1789625 0
1790104 2824208
1790105 0
1790224 2824208
1790225 0
1790344 2824208
1790345 0
1790824 2824208
1790825 0
1790944 2824208
1790945 0
1791064 2824208
1791065 0
1791484 2824208
1791485 0
1791604 2824208
1791605 0
1791724 2824208
1791725 0
1792264 2824208
1792265 0
1792384 2824208
1792385 0
1792504 2824208
1792505 0
1795179 2824208
1795180 0
1795270 3748528
1795273 0
1795479 2824208
1795480 0
1795549 2824208
1795550 0
1795760 3765611
1795763 0
1799079 2824208
1799080 0
1799170 3748528
1799173 0
1799379 2824208
1799380 0
1799449 2824208
1799450 0
1799660 3765611
1799663 0
1801179 2824208
1801180 0
1801270 3748528
1801273 0
1801479 2824208
1801480 0
1801549 2824208
1801550 0
1801760 3765611
1801763 0
1802679 2824208
1802680 0
1802770 3748528
1802773 0
1802979 2824208
1802980 0
1803049 2824208
1803050 0
1803260 3765611
1803263 0
1812793 2824208
1812794 0
1812884 3748528
1812887 0
1813093 2824208
1813094 0
1813163 2824208
1813164 0
1813374 3765611
1813377 0
1872141 3748528
1872144 0
1872156 5000000
1872174 0
1873941 3748528
1873944 0
1873956 5000000
1873974 0
1875741 3748528
1875744 0
1875756 5000000
1875774 0
1877541 3748528
1877544 0
1877556 5000000
1877574 0
1879341 3748528
1879344 0
1879356 5000000
1879374 0
1881141 3748528
1881144 0
1881156 5000000
1881174 0
1882941 3748528
1882944 0
1882956 5000000
1882974 0
1884741 3748528
1884744 0
1884756 5000000
1884774 0
1886541 3748528
1886544 0
1886556 5000000
1886574 0
1892431 3748528
1892434 0
1892446 5000000
1892464 0
1894231 3748528
1894234 0
1894246 5000000
1894264 0
1896031 3748528
1896034 0
1896046 5000000
1896064 0
1897831 3748528
1897834 0
1897846 5000000
1897864 0
1899631 3748528
1899634 0
1899646 5000000
1899664 0
1901431 3748528
1901434 0
1901446 5000000
1901464 0
1903231 3748528
1903234 0
1903246 5000000
1903264 0
1905031 3748528
1905034 0
1905046 5000000
1905064 0
1951093 3748528
1951096 0
1951113 3748528
1951116 0
1951133 3748528
1951136 0
1957393 3748528
1957396 0
1957413 3748528
1957416 0
1957433 3748528
1957436 0
1965209 3748528
1965212 0
1965229 3748528
1965232 0
1965249 3748528
1965252 0
1971509 3748528
1971512 0
1971529 3748528
1971532 0
1971549 3748528
1971552 0
1977809 3748528
1977812 0
1977829 3748528
1977832 0
1977849 3748528
1977852 0
1983209 3748528
1983212 0
1983229 3748528
1983232 0
1983249 3748528
1983252 0
1988009 3748528
1988012 0
1988029 3748528
1988032 0
1988049 3748528
1988052 0
1992809 3748528
1992812 0
1992829 3748528
1992832 0
1992849 3748528
1992852 0
1996788 3748528
1996791 0
1996808 3748528
1996811 0
1996828 3748528
1996831 0
1 events for N
3121 74
3 events for O
948731 90
959651 3500
985271 0
330 events for P
26866 12910592
26867 0
34071 12910592
34072 0
55071 12910592
55072 0
60466 12910592
60467 0
64066 12910592
64067 0
67966 12910592
67967 0
71866 12910592
71867 0
81886 12910592
81887 0
85666 12910592
85667 0
89566 12910592
89567 0
96526 12910592
96527 0
106546 12910592
106547 0
118906 12910592
118907 0
125446 12910592
125447 0
134986 12910592
134987 0
142191 12910592
142192 0
154666 12910592
154667 0
161871 12910592
161872 0
169246 1089536
169247 0
173566 12910592
173567 0
178371 12910592
178372 0
181366 1089536
181367 0
184131 12910592
184132 0
368566 12910592
368567 0
375946 12910592
375947 0
383386 12910592
383387 0
390291 12910592
390292 0
401266 12910592
401267 0
412071 12910592
412072 0
426166 12910592
426167 0
430066 12910592
430067 0
433666 12910592
433667 0
436486 12910592
436487 0
443866 12910592
443867 0
448066 12910592
448067 0
465171 12910592
465172 0
468886 12910592
468887 0
481006 12910592
481007 0
484246 12910592
484247 0
487431 12910592
487432 0
497026 12910592
497027 0
500806 12910592
500807 0
516466 12910592
516467 0
524151 12910592
524152 0
529366 1089536
529367 0
532786 12910592
532787 0
536566 12910592
536567 0
540046 1089536
540047 0
543051 12910592
543052 0
670971 12910592
670972 0
674566 12910592
674567 0
678166 12910592
678167 0
681766 12910592
681767 0
685786 12910592
685787 0
692691 12910592
692692 0
696286 12910592
696287 0
713151 12910592
713152 0
719566 1089536
719567 0
728266 12910592
728267 0
736071 12910592
736072 0
745546 1089536
745547 0
754066 12910592
754067 0
763966 12910592
763967 0
773866 1089536
773867 0
781366 12910592
781367 0
790966 12910592
790967 0
799431 12910592
799432 0
805066 1089536
805067 0
815266 12910592
815267 0
822771 12910592
822772 0
831886 1089536
831887 0
840466 12910592
840467 0
852826 12910592
852827 0
859966 1089536
859967 0
863686 12910592
863687 0
1044886 12910592
1044887 0
1056466 1089536
1056467 0
1066246 12910592
1066247 0
1076806 12910592
1076807 0
1083471 12910592
1083472 0
1092466 1089536
1092467 0
1102431 12910592
1102432 0
1111666 12910592
1111667 0
1118866 1089536
1118867 0
1125766 12910592
1125767 0
1135846 12910592
1135847 0
1139686 1089536
1139687 0
1141906 12910592
1141907 0
1148026 12910592
1148027 0
1205331 12910592
1205332 0
1208866 1089536
1208867 0
1212471 12910592
1212472 0
1216066 1089536
1216067 0
1219011 12910592
1219012 0
1239951 12910592
1239952 0
1245466 1089536
1245467 0
1249666 12910592
1249667 0
1253566 12910592
1253567 0
1276066 1089536
1276067 0
1279786 12910592
1279787 0
1284466 1089536
1284467 0
1289866 12910592
1289867 0
1301566 12910592
1301567 0
1313806 1089536
1313807 0
1322871 12910592
1322872 0
1333066 12910592
1333067 0
1342671 12910592
1342672 0
1351666 12910592
1351667 0
1360666 1089536
1360667 0
1369966 12910592
1369967 0
1378366 1089536
1378367 0
1385866 12910592
1385867 0
1389771 12910592
1389772 0
1528791 12910592
1528792 0
1531666 1089536
1531667 0
1535266 12910592
1535267 0
1539046 12910592
1539047 0
1546066 1089536
1546067 0
1549371 12910592
1549372 0
1552666 12910592
1552667 0
1580266 12910592
1580267 0
1587346 1089536
1587347 0
1594486 12910592
1594487 0
1601391 12910592
1601392 0
1606666 1089536
1606667 0
1612966 12910592
1612967 0
1616266 12910592
1616267 0
1621671 12910592
1621672 0
1627066 1089536
1627067 0
1631506 12910592
1631507 0
1675426 12910592
1675427 0
1679266 1089536
1679267 0
1682871 12910592
1682872 0
1687066 1089536
1687067 0
1690366 12910592
1690367 0
1693066 12910592
1693067 0
1699066 1089536
1699067 0
1701891 12910592
1701892 0
1764711 12910592
1764712 0
1769266 12910592
1769267 0
1774366 1089536
1774367 0
1778866 12910592
1778867 0
1787091 12910592
1787092 0
1801426 12910592
1801427 0
1805266 1089536
1805267 0
1808866 12910592
1808867 0
1812466 1089536
1812467 0
1815166 12910592
1815167 0
1874506 12910592
1874507 0
1878471 12910592
1878472 0
1882066 1089536
1882067 0
1885666 12910592
1885667 0
1889386 1089536
1889387 0
1896286 12910592
1896287 0
1899891 12910592
1899892 0
1903486 1089536
1903487 0
1907566 12910592
1907567 0
2005426 12910592
2005427 0
2009031 12910592
2009032 0
2012626 1089536
2012627 0
2016706 12910592
2016707 0
2020006 1089536
2020007 0
2023606 12910592
2023607 0
2027206 1089536
2027207 0
2030811 12910592
2030812 0
320 events for Q
27322 117965
27411 328745
27523 117965
27592 125479
28093 7514
29002 125479
29773 7414
29778 7514
30862 125479
31633 7514
32602 125479
33373 7514
34462 125479
35233 7514
36262 125479
37033 7514
37933 0
42101 117965
42191 125479
42932 7514
45761 125479
46532 7514
49361 125479
50132 7514
50552 0
94702 58982
94792 66496
96073 7514
96313 0
96442 58982
96532 66496
97813 7514
98053 0
98602 58982
98692 66496
99973 7514
100213 0
100342 58982
100432 66496
101713 7514
101953 0
102502 58982
102592 66496
103873 7514
104113 0
104242 58982
104332 66496
105613 7514
105853 0
106702 58982
106792 66496
108073 7514
108313 0
108442 58982
108532 66496
109813 7514
110053 0
114982 58982
115072 66496
116353 7514
116593 0
116962 58982
117052 66496
118333 7514
118573 0
119362 58982
119452 66496
120733 7514
120973 0
121342 58982
121432 66496
122713 7514
122953 0
123742 58982
123832 66496
125113 7514
125353 0
125722 58982
125812 66496
127093 7514
127333 0
133162 58982
133252 66496
134533 7514
134653 0
134842 58982
134932 66496
136213 7514
136453 0
372472 125479
372818 0
372862 117965
373573 7514
373882 125479
374653 7414
374658 7514
375742 125479
376513 7514
377482 125479
378253 7514
379342 125479
380113 7514
381142 125479
381913 7514
382273 0
386898 117965
386988 125479
387729 7514
390558 125479
391329 7514
394158 125479
394929 7514
395349 0
396322 117965
396412 125479
397153 7514
398182 125479
398953 7514
399973 0
402587 117965
402677 125479
403418 7514
404447 125479
405218 7514
406247 125479
407018 7514
408047 125479
408818 7514
409847 125479
410618 7514
418238 0
675082 117965
675172 125479
675853 7514
676282 125479
677053 7514
678082 125479
678853 7514
679882 125479
680653 7514
681682 125479
682453 7514
684673 0
689298 117965
689388 125479
690129 7514
691158 125479
691929 7514
692958 125479
693729 7514
694758 125479
695529 7514
698349 0
763612 6744
770773 0
776230 6744
791791 0
796118 6744
806473 0
1280092 6744
1289473 0
1294188 6744
1296578 0
1303822 117965
1303912 125479
1304653 7514
1305682 125479
1306453 7514
1307473 0
1311887 117965
1311977 119538
1312718 1573
1313747 119538
1314518 1573
1315547 119538
1316318 1573
1317347 119538
1318118 1573
1319147 119538
1319918 1573
1325138 0
1329675 117965
1329765 119538
1330506 1573
1331535 119538
1332306 1573
1333335 119538
1334106 1573
1335135 119538
1335906 7514
1336935 119538
1337706 1573
1342926 0
1345363 117965
1345453 125479
1346194 7514
1346614 0
1584562 117965
1584712 125479
1585333 7514
1585762 125479
1586533 7514
1586962 125479
1587733 7514
1588342 125479
1589113 7514
1593373 0
1597951 117965
1598041 125479
1598782 7514
1599211 125479
1599982 7514
1600411 125479
1601182 7514
1601611 125479
1602382 7514
1605202 0
1606222 117965
1606312 124709
1607053 6744
1607482 124709
1608253 6744
1608682 124709
1609453 6744
1609882 124709
1610653 6744
1611673 0
1614365 117965
1614455 124709
1615196 6744
1615625 124709
1616396 6744
1616825 124709
1617596 6744
1618025 124709
1618796 6744
1619825 124709
1620596 6744
1621625 124709
1622396 6744
1623425 124709
1624196 6744
1630616 0
1634979 117965
1635069 124709
1635810 6744
1636239 124709
1637010 6744
1637439 124709
1638210 6744
1638639 124709
1639410 6744
1640439 124709
1641210 6744
1648830 0
1651393 117965
1651483 124709
1652224 7514
1652229 6744
1652653 124709
1653424 6744
1653853 124709
1654624 6744
1655053 124709
1655824 6744
1656853 124709
1657624 6744
1658653 124709
1659424 6744
1667644 0
1672008 117965
1672098 124709
1672839 6744
1673268 124709
1674039 6744
1674468 124709
1675239 6744
1675668 124709
1676439 6744
1676868 124709
1677639 6744
1679268 124709
1680039 6744
1685859 0
1688422 117965
1688512 124709
1689253 6744
1689682 124709
1690453 6744
1690882 124709
1691653 6744
1692073 0
1841662 117965
1841812 119538
1841833 1573
1842862 119538
1843633 1573
1844062 119538
1844833 1573
1845442 119538
1846213 1573
1846642 119538
1847413 1573
1847902 119538
1848673 1573
1849102 119538
1849873 1573
1851073 0
1856501 117965
1856591 119538
1857332 1573
1857761 119538
1858532 1573
1858961 119538
1859732 1573
1860161 119538
1860932 1573
1861361 119538
1862132 1573
1864952 0
56 events for R
132220 4214960
132224 0
132650 4214960
132654 0
133390 4214960
133394 0
133820 4214960
133824 0
475012 4214960
475016 0
475442 4214960
475446 0
476182 4214960
476186 0
476612 4214960
476616 0
706259 4214960
706263 0
706689 4214960
706693 0
707429 4214960
707433 0
707859 4214960
707863 0
1079812 4214960
1079816 0
1080242 4214960
1080246 0
1080982 4214960
1080986 0
1081412 4214960
1081416 0
1311059 4214960
1311063 0
1311489 4214960
1311493 0
1312229 4214960
1312233 0
1312659 4214960
1312663 0
1577494 4214960
1577498 0
1577924 4214960
1577928 0
1578664 4214960
1578668 0
1579094 4214960
1579098 0
1946620 4214960
1946624 0
1947050 4214960
1947054 0
1947790 4214960
1947794 0
1948220 4214960
1948224 0
896 events for S
19485 12910592
19486 0
19745 12910592
19746 0
20325 12910592
20326 0
20585 12910592
20586 0
38464 12910592
38465 0
38724 12910592
38725 0
39304 12910592
39305 0
39564 12910592
39565 0
56653 12910592
56654 0
56913 12910592
56914 0
57493 12910592
57494 0
57753 12910592
57754 0
74843 12910592
74844 0
75103 12910592
75104 0
75683 12910592
75684 0
75943 12910592
75944 0
93032 12910592
93033 0
93292 12910592
93293 0
93872 12910592
93873 0
94132 12910592
94133 0
111222 12910592
111223 0
111482 12910592
111483 0
112062 12910592
112063 0
112322 12910592
112323 0
129411 12910592
129412 0
129641 12910592
129642 0
130181 12910592
130182 0
130411 12910592
130412 0
147601 12910592
147602 0
147861 12910592
147862 0
148441 12910592
148442 0
148701 12910592
148702 0
165790 12910592
165791 0
166050 12910592
166051 0
166630 12910592
166631 0
166890 12910592
166891 0
183980 12910592
183981 0
184240 12910592
184241 0
184820 12910592
184821 0
185080 12910592
185081 0
202169 12910592
202170 0
202429 12910592
202430 0
203009 12910592
203010 0
203269 12910592
203270 0
220359 12910592
220360 0
220619 12910592
220620 0
221199 12910592
221200 0
221459 12910592
221460 0
238548 12910592
238549 0
238808 12910592
238809 0
239388 12910592
239389 0
239648 12910592
239649 0
256738 12910592
256739 0
256998 12910592
256999 0
257578 12910592
257579 0
257838 12910592
257839 0
274927 12910592
274928 0
275187 12910592
275188 0
275767 12910592
275768 0
276027 12910592
276028 0
293117 12910592
293118 0
293377 12910592
293378 0
293957 12910592
293958 0
294217 12910592
294218 0
311306 12910592
311307 0
311566 12910592
311567 0
312146 12910592
312147 0
312406 12910592
312407 0
328896 12910592
328897 0
329156 12910592
329157 0
329736 12910592
329737 0
329996 12910592
329997 0
346185 12910592
346186 0
346445 12910592
346446 0
347025 12910592
347026 0
347285 12910592
347286 0
365085 12910592
365086 0
365345 12910592
365346 0
365925 12910592
365926 0
366185 12910592
366186 0
383261 12910592
383262 0
383521 12910592
383522 0
384101 12910592
384102 0
384361 12910592
384362 0
401050 12910592
401051 0
401310 12910592
401311 0
401890 12910592
401891 0
402150 12910592
402151 0
418838 12910592
418839 0
419098 12910592
419099 0
419678 12910592
419679 0
419938 12910592
419939 0
436626 12910592
436627 0
436886 12910592
436887 0
437466 12910592
437467 0
437726 12910592
437727 0
454414 12910592
454415 0
454674 12910592
454675 0
455254 12910592
455255 0
455514 12910592
455515 0
472203 12910592
472204 0
472433 12910592
472434 0
472973 12910592
472974 0
473203 12910592
473204 0
489991 12910592
489992 0
490251 12910592
490252 0
490831 12910592
490832 0
491091 12910592
491092 0
507779 12910592
507780 0
508039 12910592
508040 0
508619 12910592
508620 0
508879 12910592
508880 0
525567 12910592
525568 0
525827 12910592
525828 0
526407 12910592
526408 0
526667 12910592
526668 0
543356 12910592
543357 0
543616 12910592
543617 0
544196 12910592
544197 0
544456 12910592
544457 0
561144 12910592
561145 0
561404 12910592
561405 0
561984 12910592
561985 0
562244 12910592
562245 0
578932 12910592
578933 0
579192 12910592
579193 0
579772 12910592
579773 0
580032 12910592
580033 0
596720 12910592
596721 0
596980 12910592
596981 0
597560 12910592
597561 0
597820 12910592
597821 0
614509 12910592
614510 0
614769 12910592
614770 0
615349 12910592
615350 0
615609 12910592
615610 0
631697 12910592
631698 0
631957 12910592
631958 0
632537 12910592
632538 0
632797 12910592
632798 0
648585 12910592
648586 0
648845 12910592
648846 0
649425 12910592
649426 0
649685 12910592
649686 0
667485 12910592
667486 0
667745 12910592
667746 0
668325 12910592
668326 0
668585 12910592
668586 0
685661 12910592
685662 0
685921 12910592
685922 0
686501 12910592
686502 0
686761 12910592
686762 0
703450 12910592
703451 0
703680 12910592
703681 0
704220 12910592
704221 0
704450 12910592
704451 0
721238 12910592
721239 0
721498 12910592
721499 0
722078 12910592
722079 0
722338 12910592
722339 0
739026 12910592
739027 0
739286 12910592
739287 0
739866 12910592
739867 0
740126 12910592
740127 0
756814 12910592
756815 0
757074 12910592
757075 0
757654 12910592
757655 0
757914 12910592
757915 0
774603 12910592
774604 0
774863 12910592
774864 0
775443 12910592
775444 0
775703 12910592
775704 0
792391 12910592
792392 0
792651 12910592
792652 0
793231 12910592
793232 0
793491 12910592
793492 0
810179 12910592
810180 0
810439 12910592
810440 0
811019 12910592
811020 0
811279 12910592
811280 0
827967 12910592
827968 0
828227 12910592
828228 0
828807 12910592
828808 0
829067 12910592
829068 0
845756 12910592
845757 0
846016 12910592
846017 0
846596 12910592
846597 0
846856 12910592
846857 0
863544 12910592
863545 0
863804 12910592
863805 0
864384 12910592
864385 0
864644 12910592
864645 0
881332 12910592
881333 0
881592 12910592
881593 0
882172 12910592
882173 0
882432 12910592
882433 0
899120 12910592
899121 0
899380 12910592
899381 0
899960 12910592
899961 0
900220 12910592
900221 0
916909 12910592
916910 0
917169 12910592
917170 0
917749 12910592
917750 0
918009 12910592
918010 0
934097 12910592
934098 0
934357 12910592
934358 0
934937 12910592
934938 0
935197 12910592
935198 0
950985 12910592
950986 0
951245 12910592
951246 0
951825 12910592
951826 0
952085 12910592
952086 0
969885 12910592
969886 0
970145 12910592
970146 0
970725 12910592
970726 0
970985 12910592
970986 0
988061 12910592
988062 0
988321 12910592
988322 0
988901 12910592
988902 0
989161 12910592
989162 0
1005850 12910592
1005851 0
1006110 12910592
1006111 0
1006690 12910592
1006691 0
1006950 12910592
1006951 0
1023638 12910592
1023639 0
1023898 12910592
1023899 0
1024478 12910592
1024479 0
1024738 12910592
1024739 0
1041426 12910592
1041427 0
1041686 12910592
1041687 0
1042266 12910592
1042267 0
1042526 12910592
1042527 0
1059214 12910592
1059215 0
1059474 12910592
1059475 0
1060054 12910592
1060055 0
1060314 12910592
1060315 0
1077003 12910592
1077004 0
1077233 12910592
1077234 0
1077773 12910592
1077774 0
1078003 12910592
1078004 0
1094791 12910592
1094792 0
1095051 12910592
1095052 0
1095631 12910592
1095632 0
1095891 12910592
1095892 0
1112579 12910592
1112580 0
1112839 12910592
1112840 0
1113419 12910592
1113420 0
1113679 12910592
1113680 0
1130367 12910592
1130368 0
1130627 12910592
1130628 0
1131207 12910592
1131208 0
1131467 12910592
1131468 0
1148156 12910592
1148157 0
1148416 12910592
1148417 0
1148996 12910592
1148997 0
1149256 12910592
1149257 0
1165944 12910592
1165945 0
1166204 12910592
1166205 0
1166784 12910592
1166785 0
1167044 12910592
1167045 0
1183732 12910592
1183733 0
1183992 12910592
1183993 0
1184572 12910592
1184573 0
1184832 12910592
1184833 0
1201520 12910592
1201521 0
1201780 12910592
1201781 0
1202360 12910592
1202361 0
1202620 12910592
1202621 0
1219309 12910592
1219310 0
1219569 12910592
1219570 0
1220149 12910592
1220150 0
1220409 12910592
1220410 0
1236497 12910592
1236498 0
1236757 12910592
1236758 0
1237337 12910592
1237338 0
1237597 12910592
1237598 0
1253385 12910592
1253386 0
1253645 12910592
1253646 0
1254225 12910592
1254226 0
1254485 12910592
1254486 0
1272285 12910592
1272286 0
1272545 12910592
1272546 0
1273125 12910592
1273126 0
1273385 12910592
1273386 0
1290461 12910592
1290462 0
1290721 12910592
1290722 0
1291301 12910592
1291302 0
1291561 12910592
1291562 0
1308250 12910592
1308251 0
1308480 12910592
1308481 0
1309020 12910592
1309021 0
1309250 12910592
1309251 0
1326038 12910592
1326039 0
1326298 12910592
1326299 0
1326878 12910592
1326879 0
1327138 12910592
1327139 0
1343826 12910592
1343827 0
1344086 12910592
1344087 0
1344666 12910592
1344667 0
1344926 12910592
1344927 0
1361614 12910592
1361615 0
1361874 12910592
1361875 0
1362454 12910592
1362455 0
1362714 12910592
1362715 0
1379403 12910592
1379404 0
1379663 12910592
1379664 0
1380243 12910592
1380244 0
1380503 12910592
1380504 0
1397191 12910592
1397192 0
1397451 12910592
1397452 0
1398031 12910592
1398032 0
1398291 12910592
1398292 0
1414979 12910592
1414980 0
1415239 12910592
1415240 0
1415819 12910592
1415820 0
1416079 12910592
1416080 0
1432767 12910592
1432768 0
1433027 12910592
1433028 0
1433607 12910592
1433608 0
1433867 12910592
1433868 0
1450556 12910592
1450557 0
1450816 12910592
1450817 0
1451396 12910592
1451397 0
1451656 12910592
1451657 0
1468344 12910592
1468345 0
1468604 12910592
1468605 0
1469184 12910592
1469185 0
1469444 12910592
1469445 0
1486132 12910592
1486133 0
1486392 12910592
1486393 0
1486972 12910592
1486973 0
1487232 12910592
1487233 0
1503920 12910592
1503921 0
1504180 12910592
1504181 0
1504760 12910592
1504761 0
1505020 12910592
1505021 0
1521709 12910592
1521710 0
1521969 12910592
1521970 0
1522549 12910592
1522550 0
1522809 12910592
1522810 0
1538897 12910592
1538898 0
1539157 12910592
1539158 0
1539737 12910592
1539738 0
1539997 12910592
1539998 0
1555785 12910592
1555786 0
1556045 12910592
1556046 0
1556625 12910592
1556626 0
1556885 12910592
1556886 0
1574685 12910592
1574686 0
1574915 12910592
1574916 0
1575455 12910592
1575456 0
1575685 12910592
1575686 0
1594314 12910592
1594315 0
1594574 12910592
1594575 0
1595154 12910592
1595155 0
1595414 12910592
1595415 0
1612828 12910592
1612829 0
1613088 12910592
1613089 0
1613668 12910592
1613669 0
1613928 12910592
1613929 0
1631342 12910592
1631343 0
1631602 12910592
1631603 0
1632182 12910592
1632183 0
1632442 12910592
1632443 0
1649856 12910592
1649857 0
1650116 12910592
1650117 0
1650696 12910592
1650697 0
1650956 12910592
1650957 0
1668371 12910592
1668372 0
1668631 12910592
1668632 0
1669211 12910592
1669212 0
1669471 12910592
1669472 0
1686885 12910592
1686886 0
1687145 12910592
1687146 0
1687725 12910592
1687726 0
1687985 12910592
1687986 0
1705399 12910592
1705400 0
1705659 12910592
1705660 0
1706239 12910592
1706240 0
1706499 12910592
1706500 0
1723914 12910592
1723915 0
1724174 12910592
1724175 0
1724754 12910592
1724755 0
1725014 12910592
1725015 0
1742428 12910592
1742429 0
1742688 12910592
1742689 0
1743268 12910592
1743269 0
1743528 12910592
1743529 0
1760942 12910592
1760943 0
1761202 12910592
1761203 0
1761782 12910592
1761783 0
1762042 12910592
1762043 0
1779456 12910592
1779457 0
1779716 12910592
1779717 0
1780296 12910592
1780297 0
1780556 12910592
1780557 0
1797371 12910592
1797372 0
1797631 12910592
1797632 0
1798211 12910592
1798212 0
1798471 12910592
1798472 0
1814985 12910592
1814986 0
1815245 12910592
1815246 0
1815825 12910592
1815826 0
1816085 12910592
1816086 0
1833885 12910592
1833886 0
1834145 12910592
1834146 0
1834725 12910592
1834726 0
1834985 12910592
1834986 0
1852864 12910592
1852865 0
1853124 12910592
1853125 0
1853704 12910592
1853705 0
1853964 12910592
1853965 0
1871053 12910592
1871054 0
1871313 12910592
1871314 0
1871893 12910592
1871894 0
1872153 12910592
1872154 0
1889243 12910592
1889244 0
1889503 12910592
1889504 0
1890083 12910592
1890084 0
1890343 12910592
1890344 0
1907432 12910592
1907433 0
1907692 12910592
1907693 0
1908272 12910592
1908273 0
1908532 12910592
1908533 0
1925622 12910592
1925623 0
1925882 12910592
1925883 0
1926462 12910592
1926463 0
1926722 12910592
1926723 0
1943811 12910592
1943812 0
1944041 12910592
1944042 0
1944581 12910592
1944582 0
1944811 12910592
1944812 0
1962001 12910592
1962002 0
1962261 12910592
1962262 0
1962841 12910592
1962842 0
1963101 12910592
1963102 0
1980190 12910592
1980191 0
1980450 12910592
1980451 0
1981030 12910592
1981031 0
1981290 12910592
1981291 0
1998380 12910592
1998381 0
1998640 12910592
1998641 0
1999220 12910592
1999221 0
1999480 12910592
1999481 0
2016569 12910592
2016570 0
2016829 12910592
2016830 0
2017409 12910592
2017410 0
2017669 12910592
2017670 0
1 events for T
1 2650
