20 instruments
A 10 100 0 938631764.34521866
B 10 100 22090 160000000
C 10 100 177168740.44080633 781629408.46013641
D 10 100 1517960000 4000000000
E 10 100 2338 640000000
F 10 100 22528 960000000
G 10 100 40530.039409419333 54204511.969197564
H 10 100 20927.686835728317 891804836.74978614
I 10 100 45126217.813212499 1435691857.5629289
J 10 100 141644.34804627756 547774564.8662138
K 10 100 2312500 800000000
L 10 100 5910082.7758317869 3030989320.3134623
M 10 100 0 296462475.07613176
N 10 100 23264.147255000564 168504461.78361657
O 10 100 0 320000000
P 10 100 0 974485132.8010211
Q 10 100 38499.176269411204 51488453.781630412
R 10 100 24955.266722182481 180753403.14844713
S 10 100 309096.09667920991 262843801.48639998
T 10 100 1538660356.7547786 4054547831.9712734
140 downlinks
0 230 26089 8910.3347130000002
1 69275 89272 9263.3037550000008
2 92381 98613 8194.1372179999998
3 110326 122989 8812.3468479999992
4 141822 143653 28513.272391999999
5 170497 174658 29797.943813000002
6 178689 213521 9287.2106050000002
7 213522 224274 9493.8769009999996
8 227678 263758 29841.66733
9 264997 269675 9031.5484039999992
10 328475 340105 27058.173078
11 342214 345771 27764.822221999999
12 349714 366316 8866.3210920000001
13 378201 390361 30200.423556999998
14 393473 398317 9259.4321029999992
15 402509 426580 9457.3783449999992
16 428309 432137 29542.407908000001
17 437615 452458 8564.5545529999999
18 461609 484278 9335.3412189999999
19 486805 515531 27874.981927000001
20 523925 566080 30587.746092000001
21 566081 610233 9231.3874039999992
22 610234 626452 8609.2624169999999
23 627801 644033 8689.6108280000008
24 652386 654433 26609.79682
25 674075 693680 8915.2263710000007
26 696545 726495 9094.9622560000007
27 726496 744210 8333.9255690000009
28 744792 751133 27500.430241999999
29 765210 781563 8601.7316499999997
30 782856 817769 9100.8958739999998
31 831487 844776 9427.4328960000003
32 847747 858159 27243.904355999999
33 860587 882307 8431.3051790000009
34 911303 913625 27636.251289
35 933275 952563 8831.2619180000002
36 953671 970270 8966.6639699999996
37 977882 983633 54396.705881000002
38 987425 1001453 58970.262822999997
39 1004038 1033077 57826.355975999999
40 1033078 1043822 17374.699861000001
41 1059178 1085969 57611.601310999999
42 1086178 1118258 59023.283414999998
43 1119000 1124750 55193.106121999997
44 1128106 1170223 25530.421285
45 1170224 1214419 29269.697155999998
46 1214420 1218510 16830.732371999999
47 1231668 1246335 28226.256141999998
48 1248665 1251216 60093.408818999997
49 1291663 1321362 58272.632834999997
50 1321363 1328637 61499.660580999996
51 1342840 1364137 28538.149495000001
52 1377685 1383507 18090.695755000001
53 1387050 1402262 23661.293665000001
54 1404159 1432113 28757.617953000001
55 1432114 1474410 56137.919716999997
56 1475554 1492448 23437.772314999998
57 1507654 1520294 55980.942202999999
58 1533509 1547361 60635.164006999999
59 1550249 1581176 23619.145155999999
60 1601769 1610035 53049.165158000003
61 1612644 1635803 23042.764167000001
62 1635804 1640256 53421.323553000002
63 1643692 1648372 23396.302264000002
64 1651944 1664848 22759.633384000001
65 1688080 1692679 53785.922146999997
66 1703839 1720293 23595.771228000001
67 1722600 1729257 17076.713232999999
68 1732315 1767438 24932.393585000002
69 1767439 1777662 29494.590024000001
70 1780694 1786566 55821.075068999999
71 1789934 1807223 22968.383259999999
72 1808294 1812475 57490.653299999998
73 1830667 1835727 25500.801521000001
74 1877675 1901061 24904.219582000002
75 1904951 1909019 26817.789122999999
76 1921329 1951392 30236.225505999999
77 1954623 1975014 64968.303881
78 1981285 1987614 18980.648960999999
79 1991269 2032235 26276.326033000001
80 2033328 2075612 30209.873796
81 2077589 2081851 26595.764298999999
82 2112418 2119398 25812.000550000001
83 2138813 2150072 26242.243616
84 2153573 2157292 60521.572561000001
85 2165213 2182006 25759.527445
86 2196713 2208971 62910.21802
87 2212368 2246154 62402.514213000002
88 2250231 2262896 26087.487331
89 2278908 2296389 30312.554313000001
90 2303803 2315435 61079.659066
91 2326303 2338193 18673.221132999999
92 2341063 2343968 64240.288658999998
93 2348705 2358281 31143.729536999999
94 2362745 2373172 31955.262932000001
95 2378585 2417619 32548.652656999999
96 2422874 2433113 26591.031461999999
97 2438797 2448637 31032.775088999999
98 2482475 2503414 26518.557602000001
99 2509196 2513748 27135.491309000001
100 2546492 2554449 30548.763144
101 2584895 2599227 61173.218094999997
102 2601986 2613197 25727.776897
103 2616459 2634963 60685.825332
104 2637534 2669078 31943.127114999999
105 2671281 2688734 26854.269729
106 2693359 2699369 60653.754335999998
107 2741675 2762686 25877.051024
108 2768169 2772987 26858.741764999999
109 2783776 2804097 30730.334417999999
110 2810170 2849164 64710.467042999997
111 2854493 2867280 26821.553663999999
112 2870770 2890002 30352.900559999998
113 2898763 2902619 62069.510897
114 2929865 2950755 24941.171042000002
115 2952425 2979426 64615.886477
116 2982808 3024989 29824.478802000001
117 3027146 3032386 25807.814231
118 3053459 3065205 30500.246913999999
119 3069127 3073478 63784.759174999999
120 3087275 3106929 26887.570243999999
121 3113473 3118589 26801.861517000001
122 3141669 3151371 30816.996993000001
123 3188748 3196245 30054.646581000001
124 3199802 3241768 25083.168038
125 3241769 3272974 31964.981436999999
126 3275142 3299827 26020.402946999999
127 3328091 3332595 65210.357319000002
128 3346475 3357999 26020.533994000001
129 3361237 3371654 25744.512599999998
130 3375545 3390392 62740.845427
131 3414414 3417800 59751.354583
132 3422285 3435015 26793.545150000002
133 3442565 3451727 25803.846627999999
134 3458789 3469977 25578.956714
135 3473731 3501295 37319.959895
136 3533725 3559855 26914.434292999998
137 3562585 3584304 37696.254029999996
138 3587061 3591813 40703.395508000001
139 3605675 3625544 25449.31221
0 opportunities for A
0 opportunities for B
0 opportunities for C
0 opportunities for D
0 opportunities for E
0 opportunities for F
0 opportunities for G
0 opportunities for H
0 opportunities for I
0 opportunities for J
0 opportunities for K
0 opportunities for L
0 opportunities for M
0 opportunities for N
0 opportunities for O
0 opportunities for P
0 opportunities for Q
0 opportunities for R
0 opportunities for S
0 opportunities for T
82 events for A
6819 1000
7819 0
51151 1000
52151 0
113004 1000
114004 0
175014 1000
176014 0
226682 1000
227682 0
270514 1000
271514 0
314063 1000
315063 0
357406 1000
358406 0
400516 1000
401516 0
443276 1000
444276 0
485825 1000
486825 0
528437 1000
529437 0
571369 1000
572369 0
614739 1000
615739 0
658386 1000
659386 0
702062 1000
703062 0
745793 1000
746793 0
789521 1000
790521 0
833673 1000
834673 0
872712 1000
873712 0
926206 1000
927206 0
966578 1000
967578 0
1012779 1000
1013779 0
1060570 1000
1061570 0
1110078 1000
1111078 0
1158409 1000
1159409 0
1205096 1000
1206096 0
1251259 1000
1252259 0
1296257 1000
1297257 0
1340962 1000
1341962 0
1385879 1000
1386879 0
1431063 1000
1432063 0
1476817 1000
1477817 0
1522152 1000
1523152 0
1566264 1000
1567264 0
1610123 1000
1611123 0
1653701 1000
1654701 0
1696937 1000
1697937 0
1739860 1000
1740860 0
1782688 1000
1783688 0
1825985 1000
1826985 0
362 events for B
8675 906
9415 0
18796 906
30206 0
32486 906
47495 0
70802 906
86024 0
93161 906
104538 0
106078 906
122838 0
129832 906
141352 0
144520 906
159520 0
166261 906
178595 0
180135 906
197109 0
203289 906
206195 0
206675 906
215624 0
217904 906
233838 0
240318 906
249395 0
249575 1087
252285 0
255232 906
271166 0
277320 593
282987 0
285006 906
287966 0
292441 593
306002 0
328175 906
334895 0
335975 906
344557 0
350754 906
362735 0
364331 906
378995 0
379475 906
380935 0
387133 906
399077 0
401486 906
417238 0
423512 1714
435380 0
439560 906
440300 1714
476195 0
488975 1714
519395 0
528875 1714
544537 0
546313 906
547053 1714
562767 0
565505 1714
580981 0
587217 1714
594995 0
595475 906
599215 0
600784 906
617416 0
623596 906
635006 0
637286 906
643595 0
644375 906
652295 0
675706 906
690819 0
697004 906
709338 0
710878 906
727852 0
734032 906
746366 0
750146 906
763381 0
771061 906
783395 0
784935 906
789095 0
831061 906
838938 0
845118 906
852959 0
859035 906
875195 0
882146 1600
892287 0
897385 1500
903643 0
904705 1500
907047 0
932975 906
949374 0
955554 906
960774 0
961254 906
963995 0
971353 906
972110 1500
977385 0
978710 1500
983995 0
991933 906
1003942 0
1006222 906
1022132 0
1028312 906
1040321 0
1044081 906
1058391 0
1064691 906
1076698 0
1078980 906
1091795 0
1092275 906
1094890 0
1101070 906
1113079 0
1115359 906
1131269 0
1132809 906
1149397 0
1155638 906
1167588 0
1169928 906
1185837 0
1192017 906
1204027 0
1205567 906
1222216 0
1228396 906
1239806 0
1244482 1500
1248497 0
1250182 1500
1254207 0
1272575 906
1275695 0
1282775 215
1294295 0
1316718 906
1332438 0
1338832 906
1351166 0
1353446 906
1369681 0
1375861 906
1388195 0
1389735 906
1406709 0
1412889 906
1425224 0
1427504 906
1443738 0
1449918 906
1462252 0
1463792 906
1480766 0
1486946 906
1498681 0
1500961 906
1516295 0
1531775 906
1535975 0
1538264 906
1554174 0
1560354 906
1572363 0
1573903 906
1590553 0
1596733 906
1608742 0
1611022 906
1626932 0
1633112 906
1645121 0
1648904 906
1663169 0
1669491 906
1681476 0
1683802 906
1699690 0
1705870 906
1717879 0
1720159 906
1736069 0
1737609 906
1754258 0
1760438 906
1772448 0
1774728 906
1788395 0
1796817 906
1807137 0
1810667 906
1826827 0
1833196 906
1844606 0
1846886 906
1861895 0
1877075 1087
1879785 0
1886305 906
1900209 0
1906389 215
1917809 0
1957711 906
1973838 0
1980018 906
1992425 0
1994525 906
2010346 0
2016832 906
2028694 0
2030602 906
2041415 0
2042375 906
2047463 0
2053646 906
2065873 0
2068154 906
2084281 0
2090461 906
2102140 0
2104697 906
2120550 0
2136575 906
2140295 0
2142986 906
2158816 0
2164996 906
2171795 0
2172275 906
2176595 0
2178708 906
2185133 0
2186135 906
2194789 0
2201217 906
2212957 0
2215775 1714
2231075 0
2237618 1714
2249318 0
2253921 1714
2257415 0
2257580 906
2267435 0
2273659 906
2285586 0
2287873 906
2301395 0
2301875 1714
2302911 0
2309880 1714
2311260 0
2312375 1714
2313374 0
2314175 1714
2314655 0
2315045 1714
2315645 0
2317015 1714
2319542 0
2323575 906
2324315 1714
2339495 0
2432914 906
2433834 593
2447755 0
2454824 593
2465865 0
2524995 906
2541695 0
2548004 906
2560231 0
2584818 906
2585568 0
2658446 906
2668766 0
2672214 906
2688674 0
2710922 1500
2716737 0
2718385 1500
2724030 0
2783267 906
2799837 0
2806017 906
2817948 0
2885015 906
2890279 0
2891930 906
2906890 0
2914680 906
2926671 0
2929235 906
2944595 0
2950901 906
2962595 0
2964435 906
2980942 0
2987122 906
2998835 0
3001475 906
3017135 0
3023343 906
3035579 0
3129756 906
3144995 0
3152804 906
3165031 0
3169475 215
3180895 0
3208775 906
3219995 0
3226432 906
3238355 0
3241175 906
3251795 0
3300061 906
3312288 0
3313828 906
3330695 0
3359975 906
3368546 0
3375196 906
3381275 0
3388335 906
3393279 0
3396325 906
3404495 0
3410817 906
3422508 0
3425028 906
3437558 0
3447038 906
3458969 0
3462657 906
3477079 0
3483259 906
3495190 0
3497470 906
3513300 0
3535535 906
3536275 1500
3542280 0
3555888 1500
3561893 0
291 events for C
12068 240
19267 344
48068 240
51657 444
69667 548
84068 444
91267 548
98467 1471
120100 2754
121868 1727
127267 1830
132357 1626
138918 1564
139218 3817
141700 2534
159668 2431
166867 2534
195668 2431
202867 2534
204018 344
224457 548
231668 444
238867 548
271268 444
278467 548
307268 444
310857 240
313158 178
313458 240
328867 344
343268 240
350467 344
357667 1267
379268 240
390067 344
417068 240
422467 344
422489 594
422500 1877
444057 2081
444067 3004
465657 2800
465667 1877
465700 594
478268 491
483689 240
484638 178
484938 240
487267 344
521468 240
530467 344
579068 240
586267 344
601567 1267
615968 240
624067 1267
652868 240
656478 2431
674467 2534
690668 2431
696067 2534
724900 3817
726668 3713
732067 3817
739278 1626
764468 1523
768100 240
771667 1267
793267 344
800468 240
807667 344
811257 548
829257 344
836468 240
843667 344
874268 240
883267 344
912068 240
933667 344
984068 240
991267 344
1020068 240
1027267 344
1056068 240
1065067 344
1093868 240
1099267 344
1124467 1267
1131657 1471
1146068 444
1156867 548
1164067 1471
1174878 1409
1175178 1471
1178478 3662
1178500 4944
1185668 3917
1192867 4944
1221668 3917
1221678 1727
1228867 2754
1243300 1471
1258868 444
1261278 2635
1272067 3662
1293668 2635
1300867 3662
1308057 3458
1329668 2431
1338667 2534
1369268 2431
1376467 2534
1405268 2431
1412467 3458
1434057 3662
1441268 2635
1448467 3662
1479068 2635
1488067 3662
1518068 2635
1520457 2431
1531267 2534
1554668 2431
1560067 2534
1588868 2431
1596067 2534
1624868 2431
1632067 2534
1662668 2431
1669867 2534
1671678 344
1700468 240
1707667 344
1750868 240
1761667 344
1788668 240
1797667 344
1824668 240
1833667 344
1863668 240
1863945 0
1863946 240
1866057 444
1867038 382
1867338 444
1876867 548
1898468 444
1905667 548
1936268 444
1943467 548
1952489 798
1972268 695
1979467 1722
1999300 3004
2010068 1977
2015467 3004
2038889 2754
2046068 1727
2053267 2754
2083868 1727
2088918 1664
2089218 3917
2089267 4944
2122568 3917
2125218 1727
2139667 2754
2158568 1727
2164867 2754
2172100 1471
2193668 444
2200867 548
2231468 444
2236867 1471
2247318 1409
2247618 3662
2258500 4944
2265668 3917
2272867 4944
2298018 2754
2301668 1727
2308867 2754
2337668 1727
2344867 2754
2373668 1727
2380867 2754
2386038 2691
2386338 2754
2388100 1471
2395267 548
2411468 444
2418667 548
2447468 444
2452867 548
2468168 444
2481667 548
2503268 444
2510467 548
2541068 444
2546467 1471
2557257 1267
2557278 1205
2557578 3458
2560900 4740
2578868 3713
2584267 3817
2614868 3713
2616678 1523
2623867 1626
2643657 1830
2652668 1727
2658067 1830
2665289 2081
2668900 798
2686868 695
2690500 1977
2694067 3004
2712067 2081
2712100 798
2727368 695
2730078 632
2730089 382
2730378 444
2742667 548
2762468 444
2769667 548
2798468 444
2805667 548
2834468 444
2841667 548
2870468 444
2877667 548
2902878 485
2903178 548
2908268 444
2913667 548
2942468 444
2951467 548
2980268 444
2987467 548
3016268 444
3021667 548
3052268 444
3057700 1727
3059467 2754
3072068 1727
3075678 1664
3075978 1727
3079300 444
3086467 1471
3108068 444
3115267 1471
3145868 444
3151267 1471
3181868 444
3189067 1471
3219668 444
3225067 1471
3257468 444
3262867 1471
3291668 444
3298867 548
3332168 444
3334518 382
3334818 2635
3334889 2885
3338500 4168
3345667 5195
3367268 4168
3374467 5195
3403268 4168
3410467 5195
3421289 4944
3441068 3917
3446467 4944
3477068 3917
3482467 4944
3486138 2754
3513068 1727
3518467 2754
3529289 3004
3549068 1977
3554467 3004
3590468 1977
3594018 1915
3594089 1664
3594318 3917
3600018 1727
3604867 2754
3619300 1471
3621968 444
3626467 1471
448 events for D
333344 117965
333434 125479
334715 7514
335075 0
471014 3372
476195 0
496214 3372
504575 0
513614 3372
518975 0
541214 3372
544175 0
547092 3372
562893 0
703124 117965
703214 121337
704735 3372
704984 121337
706535 3372
706775 0
711567 117965
711657 121337
712998 3372
718827 121337
720198 3372
722418 0
732181 117965
732271 121337
733792 3372
737641 121337
739192 3372
739432 0
939014 3372
939884 121337
942635 3372
943484 121337
946175 3372
947075 0
953703 117965
953793 121337
955254 3372
955563 121337
957114 3372
960954 0
1308164 19661
1308254 25951
1310015 6290
1310804 25951
1312655 6290
1313195 0
1316504 19661
1316594 25951
1318355 6290
1319144 25951
1320995 6290
1321964 25951
1323815 6290
1324544 25951
1326395 6290
1327364 25951
1329215 6290
1329944 25951
1331795 6290
1332335 0
1337084 19661
1337174 25951
1338935 6290
1339064 25951
1340915 6290
1341284 25951
1343135 6290
1343264 25951
1345115 6290
1345484 25951
1347335 6290
1347464 25951
1349310 6290
1349315 0
1353395 117965
1353485 124709
1354946 6744
1369646 0
1374010 117965
1374100 124709
1375561 6744
1388341 0
1390424 117965
1390514 124709
1391975 6744
1404755 0
1540424 19661
1540514 25951
1542275 6290
1542404 25951
1544255 6290
1544624 25951
1546475 6290
1546604 25951
1548455 6290
1548824 25951
1550675 6290
1550804 25951
1552650 6290
1552655 0
1558604 19661
1558694 25951
1559555 6290
1559684 25951
1560635 6290
1561004 25951
1561955 6290
1562204 25951
1563155 6290
1563404 25951
1564355 6290
1564484 25951
1565435 6290
1565440 0
1567124 117965
1567214 124709
1568735 6744
1570740 0
1570784 117965
1572395 6744
1572455 0
1574592 117965
1574682 124709
1576203 6744
1580008 0
1580052 117965
1581663 6744
1587123 0
1594882 117965
1594972 124709
1596493 6744
1598498 0
1598542 117965
1600153 6744
1605313 0
1611061 6290
1621822 0
1631351 6290
1642112 0
1649683 6290
1653244 0
1891124 58982
1893875 7514
1897389 0
1904538 58982
1904628 66496
1905969 7514
1906278 66496
1907709 7514
1907958 66496
1909389 7514
1909638 66496
1911069 7514
1911318 66496
1912749 7514
1912759 0
1957660 58982
1957750 66496
1959091 7514
1959520 66496
1960951 7514
1961320 66496
1962751 7514
1963120 66496
1964551 7514
1964920 66496
1966351 7514
1966720 66496
1968151 7514
1968520 66496
1969951 7514
1970320 66496
1971751 7514
1972120 66496
1973551 7514
1973981 0
1978167 58982
1978257 66496
1979598 7514
1980027 66496
1981458 7514
1981827 66496
1983258 7514
1983627 66496
1985058 7514
1985427 66496
1986858 7514
1987227 66496
1988658 7514
1989027 66496
1990458 7514
1990827 66496
1992258 7514
1992388 0
1994474 58982
1994564 66496
1996025 7514
1996094 66496
1997645 7514
1997714 66496
1999145 7514
1999150 0
2042414 7514
2047595 0
2053385 7514
2066006 0
2068193 7514
2084414 0
2163164 58982
2163254 66496
2164595 7514
2165024 66496
2166455 7514
2166815 0
2167124 58982
2167214 66496
2168555 7514
2168804 66496
2170235 7514
2170544 66496
2171975 7514
2171980 0
2258324 58982
2258414 66496
2259755 7514
2259824 66496
2261255 7514
2261324 66496
2262755 7514
2262824 66496
2264255 7514
2264324 66496
2265755 7514
2265824 66496
2267255 7514
2267615 0
2271809 58982
2271899 66496
2273240 7514
2273669 66496
2275100 7514
2275469 66496
2276900 7514
2277269 58982
2278700 7514
2279069 66496
2280500 7514
2280869 58982
2282300 7514
2282669 66496
2284100 7514
2284289 66496
2285720 7514
2285725 0
2287822 58982
2287912 66496
2289253 7514
2289502 66496
2290933 7514
2291182 66496
2292613 7514
2292862 66496
2294293 7514
2294542 66496
2295973 7514
2296222 66496
2297653 7514
2297902 66496
2299333 7514
2299582 66496
2301013 7514
2301558 0
2491274 7514
2502240 0
2509484 58982
2509574 66496
2510295 7514
2510384 66496
2511195 7514
2511524 66496
2512335 7514
2512424 66496
2513235 7514
2513564 66496
2514375 7514
2514464 66496
2515275 7514
2515784 66496
2516595 7514
2516684 66496
2517495 7514
2517824 66496
2518635 7514
2518724 66496
2519535 7514
2519864 66496
2520675 7514
2520764 66496
2521575 7514
2521580 0
2525684 58982
2525774 65726
2530895 6744
2536544 65726
2541755 6744
2541875 0
2546153 58982
2546243 65726
2551364 6744
2553413 65726
2558624 6744
2558795 0
2560775 169032
2562095 45609
2562760 0
2747735 58982
2747825 66496
2749166 7514
2751395 66496
2752826 7514
2754995 66496
2756426 7514
2758595 66496
2760026 7514
2760395 66496
2761826 7514
2762186 0
2767945 58982
2768035 66496
2769376 7514
2769805 66496
2771236 7514
2771605 66496
2773036 7514
2773405 66496
2774836 7514
2775196 0
2776724 58982
2776814 65726
2779355 6744
2779424 65726
2781875 6744
2781880 0
2783956 58982
2784046 62354
2786587 3372
2787616 62354
2790247 3372
2791216 62354
2793847 3372
2794816 62354
2797447 3372
2799967 0
2804166 58982
2804256 62354
2806797 3372
2807826 62354
2810457 3372
2811426 62354
2814057 3372
2815026 62354
2817657 3372
2818077 0
2885008 58982
2885098 66496
2886439 7514
2886824 0
2886868 58982
2888299 7514
2888668 66496
2890099 7514
2890459 0
2892619 58982
2892709 66496
2894050 7514
2896279 66496
2897710 7514
2898079 66496
2899510 7514
2899879 66496
2901310 7514
2901679 66496
2903110 7514
2905279 66496
2906710 7514
2907070 0
2912829 58982
2912919 66496
2914260 7514
2916489 66496
2917920 7514
2918289 66496
2919720 7514
2920089 66496
2921520 7514
2923689 66496
2925120 7514
2925480 0
3095803 58982
3095893 65726
3097234 6744
3099463 65726
3100894 6744
3101263 65726
3102694 6744
3104863 65726
3106294 6744
3108463 65726
3109894 6744
3109989 0
3114138 58982
3114228 65726
3115509 6744
3115698 65726
3117069 6744
3117258 65726
3118629 6744
3118818 65726
3120189 6744
3120378 65726
3121749 6744
3122075 0
3150953 58982
3151042 248143
3151244 58982
3151403 65726
3152324 6744
3155693 65726
3157064 6744
3160373 65726
3161744 6744
3164804 0
3359924 235930
3360014 7514
3367055 6744
3368596 0
3372745 235930
3372835 242674
3379876 6744
3381417 0
3425067 7514
3425324 243444
3428975 7514
3441038 0
132 events for E
114575 3754
115295 0
117095 3754
120695 0
143375 3754
144095 0
145895 3754
149495 0
185675 3754
186395 0
188195 3754
191795 0
260375 3754
261095 0
262895 3754
266495 0
346775 1365
346955 0
348755 1365
349295 1979
363695 1365
363875 1979
378275 1365
378995 1979
393395 1365
393575 1979
407975 1365
408695 1979
423095 1365
423275 1979
437675 0
483575 665
515975 0
845615 3276
860615 0
875075 3754
875795 0
877595 3754
881195 0
893075 3754
893795 0
895595 3754
899195 0
963275 3754
963995 0
965795 3754
969395 0
984875 1365
985055 0
986855 1365
987395 2935
1001795 1365
1001975 2935
1016375 1365
1017095 2935
1031495 1365
1031675 2935
1046075 1365
1046795 2935
1061195 1365
1061375 2935
1075775 0
1432758 3276
1447758 0
1558254 665
1558255 0
1631012 665
1631013 0
1704910 3276
1719910 0
1875575 1979
1876775 0
1878575 1979
1882175 1365
1882895 1979
1897295 1365
1897475 1979
1926275 1365
1926995 1979
1941395 1365
1941575 1979
1975175 1365
1975895 1979
1990295 1365
1990475 1979
2009675 0
2051546 4096
2059746 0
2344001 665
2373161 0
2509089 665
2538609 0
2582718 4096
2590918 0
2656346 4096
2664546 0
2739275 4096
2747475 0
2840138 4096
2848338 0
2912580 4096
2920780 0
3021243 4096
3029443 0
3357455 3754
3358175 0
3359975 3754
3363575 0
3370775 3754
3371495 0
3373295 3754
3376895 0
3392495 3754
3393215 0
3395015 3754
3398615 0
3407015 3754
3407735 0
3409535 3754
3413135 0
3470855 3754
3471575 0
3473375 3754
3476975 0
3516575 3754
3517295 0
3519095 3754
3522695 0
3563375 3754
3564095 0
3565895 3754
3569495 0
52 events for F
438337 67463256
438342 0
1043137 47210957
1043142 0
1884092 4214960
1884096 0
1884522 4214960
1884526 0
1885262 4214960
1885266 0
1885692 4214960
1885696 0
2251659 4214960
2251663 0
2252089 4214960
2252093 0
2252829 4214960
2252833 0
2253259 4214960
2253263 0
2488892 4214960
2488896 0
2489322 4214960
2489326 0
2490062 4214960
2490066 0
2490492 4214960
2490496 0
2856459 4214960
2856463 0
2856889 4214960
2856893 0
2857629 4214960
2857633 0
2858059 4214960
2858063 0
3093692 4214960
3093696 0
3094122 4214960
3094126 0
3094862 4214960
3094866 0
3095292 4214960
3095296 0
3461259 4214960
3461263 0
3461689 4214960
3461693 0
3462429 4214960
3462433 0
3462859 4214960
3462863 0
2 events for G
1866243 0
1866244 18
52 events for H
440039 67463256
440044 0
1044839 47210957
1044844 0
1885794 4214960
1885798 0
1886224 4214960
1886228 0
1886964 4214960
1886968 0
1887394 4214960
1887398 0
2253361 4214960
2253365 0
2253791 4214960
2253795 0
2254531 4214960
2254535 0
2254961 4214960
2254965 0
2490594 4214960
2490598 0
2491024 4214960
2491028 0
2491764 4214960
2491768 0
2492194 4214960
2492198 0
2858161 4214960
2858165 0
2858591 4214960
2858595 0
2859331 4214960
2859335 0
2859761 4214960
2859765 0
3095394 4214960
3095398 0
3095824 4214960
3095828 0
3096564 4214960
3096568 0
3096994 4214960
3096998 0
3462961 4214960
3462965 0
3463391 4214960
3463395 0
3464131 4214960
3464135 0
3464561 4214960
3464565 0
65 events for I
13200 487
68879 2414
86608 487
90808 2414
98779 487
144319 2414
160104 487
349358 2414
356779 487
385782 2414
417822 487
438005 2414
439845 487
595879 2414
618000 487
622203 2414
644179 487
673679 2414
691403 487
695610 2414
703279 487
789979 2414
802433 487
806693 2414
839522 487
1006626 2414
1022716 487
1026916 2414
1058975 487
1063355 2414
1092379 487
1133953 2414
1149981 487
1154242 2414
1178779 1285
1279593 2414
1281433 1285
1286486 2414
1296208 1285
1300408 2414
1308208 1285
1416379 2414
1444322 1285
1448522 2414
1459579 1285
1485550 2414
1516879 1285
1530079 2414
1540468 1285
1647605 2414
1649445 1285
1653979 2414
1663753 1285
1668116 2414
1697179 2057
1864279 0
1864280 2414
2469079 1772
2489086 2414
2490926 1772
2583422 2414
2646480 1772
2820632 2414
2885163 1772
3073879 2414
2 events for J
1866995 0
1866996 74
28 events for K
48895 700
48940 0
67055 600
67235 1300
307315 700
307360 0
326255 600
326375 1300
653875 700
653920 0
671675 1300
913474 0
930875 1300
1259074 0
1270475 1950
1518274 0
1529675 1950
1863874 0
1863876 1944
2480075 1300
2727874 0
2739275 1300
3073474 0
3084875 1300
3332674 0
3344075 1300
3591874 0
3603275 1300
2 events for L
1865512 0
1865513 2650
0 events for M

362 events for N
11568 906
12308 0
21689 906
33099 0
35379 906
50388 0
73695 906
88917 0
96054 906
107431 0
108971 906
125731 0
132725 906
144245 0
147413 906
162413 0
169154 906
181488 0
183028 906
200002 0
206182 906
209088 0
209568 906
218517 0
220797 906
236731 0
243211 906
252288 0
252468 1087
255178 0
258125 906
274059 0
280213 593
285880 0
287899 906
290859 0
295334 593
308895 0
331068 906
337788 0
338868 906
347450 0
353647 906
365628 0
367224 906
381888 0
382368 906
383828 0
390026 906
401970 0
404379 906
420131 0
426405 1714
438273 0
442453 906
443193 1714
479088 0
491868 1714
522288 0
531768 1714
547430 0
549206 906
549946 1714
565660 0
568398 1714
583874 0
590110 1714
597888 0
598368 906
602108 0
603677 906
620309 0
626489 906
637899 0
640179 906
646488 0
647268 906
655188 0
678599 906
693712 0
699897 906
712231 0
713771 906
730745 0
736925 906
749259 0
753039 906
766274 0
773954 906
786288 0
787828 906
791988 0
833954 906
841831 0
848011 906
855852 0
861928 906
878088 0
885039 1600
895180 0
900278 1500
906536 0
907598 1500
909940 0
935868 906
952267 0
958447 906
963667 0
964147 906
966888 0
974246 906
975003 1500
980278 0
981603 1500
986888 0
994826 906
1006835 0
1009115 906
1025025 0
1031205 906
1043214 0
1046974 906
1061284 0
1067584 906
1079591 0
1081873 906
1094688 0
1095168 906
1097783 0
1103963 906
1115972 0
1118252 906
1134162 0
1135702 906
1152290 0
1158531 906
1170481 0
1172821 906
1188730 0
1194910 906
1206920 0
1208460 906
1225109 0
1231289 906
1242699 0
1247375 1500
1251390 0
1253075 1500
1257100 0
1275468 906
1278588 0
1285668 215
1297188 0
1319611 906
1335331 0
1341725 906
1354059 0
1356339 906
1372574 0
1378754 906
1391088 0
1392628 906
1409602 0
1415782 906
1428117 0
1430397 906
1446631 0
1452811 906
1465145 0
1466685 906
1483659 0
1489839 906
1501574 0
1503854 906
1519188 0
1534668 906
1538868 0
1541157 906
1557067 0
1563247 906
1575256 0
1576796 906
1593446 0
1599626 906
1611635 0
1613915 906
1629825 0
1636005 906
1648014 0
1651797 906
1666062 0
1672384 906
1684369 0
1686695 906
1702583 0
1708763 906
1720772 0
1723052 906
1738962 0
1740502 906
1757151 0
1763331 906
1775341 0
1777621 906
1791288 0
1799710 906
1810030 0
1813560 906
1829720 0
1836089 906
1847499 0
1849779 906
1864788 0
1879968 1087
1882678 0
1889198 906
1903102 0
1909282 215
1920702 0
1960604 906
1976731 0
1982911 906
1995318 0
1997418 906
2013239 0
2019725 906
2031587 0
2033495 906
2044308 0
2045268 906
2050356 0
2056539 906
2068766 0
2071047 906
2087174 0
2093354 906
2105033 0
2107590 906
2123443 0
2139468 906
2143188 0
2145879 906
2161709 0
2167889 906
2174688 0
2175168 906
2179488 0
2181601 906
2188026 0
2189028 906
2197682 0
2204110 906
2215850 0
2218668 1714
2233968 0
2240511 1714
2252211 0
2256814 1714
2260308 0
2260473 906
2270328 0
2276552 906
2288479 0
2290766 906
2304288 0
2304768 1714
2305804 0
2312773 1714
2314153 0
2315268 1714
2316267 0
2317068 1714
2317548 0
2317938 1714
2318538 0
2319908 1714
2322435 0
2326468 906
2327208 1714
2342388 0
2435807 906
2436727 593
2450648 0
2457717 593
2468758 0
2527888 906
2544588 0
2550897 906
2563124 0
2587711 906
2588461 0
2661339 906
2671659 0
2675107 906
2691567 0
2713815 1500
2719630 0
2721278 1500
2726923 0
2786160 906
2802730 0
2808910 906
2820841 0
2887908 906
2893172 0
2894823 906
2909783 0
2917573 906
2929564 0
2932128 906
2947488 0
2953794 906
2965488 0
2967328 906
2983835 0
2990015 906
3001728 0
3004368 906
3020028 0
3026236 906
3038472 0
3132649 906
3147888 0
3155697 906
3167924 0
3172368 215
3183788 0
3211668 906
3222888 0
3229325 906
3241248 0
3244068 906
3254688 0
3302954 906
3315181 0
3316721 906
3333588 0
3362868 906
3371439 0
3378089 906
3384168 0
3391228 906
3396172 0
3399218 906
3407388 0
3413710 906
3425401 0
3427921 906
3440451 0
3449931 906
3461862 0
3465550 906
3479972 0
3486152 906
3498083 0
3500363 906
3516193 0
3538428 906
3539168 1500
3545173 0
3558781 1500
3564786 0
0 events for O

82 events for P
5708 1000
6708 0
50040 1000
51040 0
111893 1000
112893 0
173903 1000
174903 0
225571 1000
226571 0
269403 1000
270403 0
312952 1000
313952 0
356295 1000
357295 0
399405 1000
400405 0
442165 1000
443165 0
484714 1000
485714 0
527326 1000
528326 0
570258 1000
571258 0
613628 1000
614628 0
657275 1000
658275 0
700951 1000
701951 0
744682 1000
745682 0
788410 1000
789410 0
832562 1000
833562 0
871601 1000
872601 0
925095 1000
926095 0
965467 1000
966467 0
1011668 1000
1012668 0
1059459 1000
1060459 0
1108967 1000
1109967 0
1157298 1000
1158298 0
1203985 1000
1204985 0
1250148 1000
1251148 0
1295146 1000
1296146 0
1339851 1000
1340851 0
1384768 1000
1385768 0
1429952 1000
1430952 0
1475706 1000
1476706 0
1521041 1000
1522041 0
1565153 1000
1566153 0
1609012 1000
1610012 0
1652590 1000
1653590 0
1695826 1000
1696826 0
1738749 1000
1739749 0
1781577 1000
1782577 0
1824874 1000
1825874 0
2 events for Q
1865493 0
1865494 18
362 events for R
9617 906
10357 0
19738 906
31148 0
33428 906
48437 0
71744 906
86966 0
94103 906
105480 0
107020 906
123780 0
130774 906
142294 0
145462 906
160462 0
167203 906
179537 0
181077 906
198051 0
204231 906
207137 0
207617 906
216566 0
218846 906
234780 0
241260 906
250337 0
250517 1087
253227 0
256174 906
272108 0
278262 593
283929 0
285948 906
288908 0
293383 593
306944 0
329117 906
335837 0
336917 906
345499 0
351696 906
363677 0
365273 906
379937 0
380417 906
381877 0
388075 906
400019 0
402428 906
418180 0
424454 1714
436322 0
440502 906
441242 1714
477137 0
489917 1714
520337 0
529817 1714
545479 0
547255 906
547995 1714
563709 0
566447 1714
581923 0
588159 1714
595937 0
596417 906
600157 0
601726 906
618358 0
624538 906
635948 0
638228 906
644537 0
645317 906
653237 0
676648 906
691761 0
697946 906
710280 0
711820 906
728794 0
734974 906
747308 0
751088 906
764323 0
772003 906
784337 0
785877 906
790037 0
832003 906
839880 0
846060 906
853901 0
859977 906
876137 0
883088 1600
893229 0
898327 1500
904585 0
905647 1500
907989 0
933917 906
950316 0
956496 906
961716 0
962196 906
964937 0
972295 906
973052 1500
978327 0
979652 1500
984937 0
992875 906
1004884 0
1007164 906
1023074 0
1029254 906
1041263 0
1045023 906
1059333 0
1065633 906
1077640 0
1079922 906
1092737 0
1093217 906
1095832 0
1102012 906
1114021 0
1116301 906
1132211 0
1133751 906
1150339 0
1156580 906
1168530 0
1170870 906
1186779 0
1192959 906
1204969 0
1206509 906
1223158 0
1229338 906
1240748 0
1245424 1500
1249439 0
1251124 1500
1255149 0
1273517 906
1276637 0
1283717 215
1295237 0
1317660 906
1333380 0
1339774 906
1352108 0
1354388 906
1370623 0
1376803 906
1389137 0
1390677 906
1407651 0
1413831 906
1426166 0
1428446 906
1444680 0
1450860 906
1463194 0
1464734 906
1481708 0
1487888 906
1499623 0
1501903 906
1517237 0
1532717 906
1536917 0
1539206 906
1555116 0
1561296 906
1573305 0
1574845 906
1591495 0
1597675 906
1609684 0
1611964 906
1627874 0
1634054 906
1646063 0
1649846 906
1664111 0
1670433 906
1682418 0
1684744 906
1700632 0
1706812 906
1718821 0
1721101 906
1737011 0
1738551 906
1755200 0
1761380 906
1773390 0
1775670 906
1789337 0
1797759 906
1808079 0
1811609 906
1827769 0
1834138 906
1845548 0
1847828 906
1862837 0
1878017 1087
1880727 0
1887247 906
1901151 0
1907331 215
1918751 0
1958653 906
1974780 0
1980960 906
1993367 0
1995467 906
2011288 0
2017774 906
2029636 0
2031544 906
2042357 0
2043317 906
2048405 0
2054588 906
2066815 0
2069096 906
2085223 0
2091403 906
2103082 0
2105639 906
2121492 0
2137517 906
2141237 0
2143928 906
2159758 0
2165938 906
2172737 0
2173217 906
2177537 0
2179650 906
2186075 0
2187077 906
2195731 0
2202159 906
2213899 0
2216717 1714
2232017 0
2238560 1714
2250260 0
2254863 1714
2258357 0
2258522 906
2268377 0
2274601 906
2286528 0
2288815 906
2302337 0
2302817 1714
2303853 0
2310822 1714
2312202 0
2313317 1714
2314316 0
2315117 1714
2315597 0
2315987 1714
2316587 0
2317957 1714
2320484 0
2324517 906
2325257 1714
2340437 0
2433856 906
2434776 593
2448697 0
2455766 593
2466807 0
2525937 906
2542637 0
2548946 906
2561173 0
2585760 906
2586510 0
2659388 906
2669708 0
2673156 906
2689616 0
2711864 1500
2717679 0
2719327 1500
2724972 0
2784209 906
2800779 0
2806959 906
2818890 0
2885957 906
2891221 0
2892872 906
2907832 0
2915622 906
2927613 0
2930177 906
2945537 0
2951843 906
2963537 0
2965377 906
2981884 0
2988064 906
2999777 0
3002417 906
3018077 0
3024285 906
3036521 0
3130698 906
3145937 0
3153746 906
3165973 0
3170417 215
3181837 0
3209717 906
3220937 0
3227374 906
3239297 0
3242117 906
3252737 0
3301003 906
3313230 0
3314770 906
3331637 0
3360917 906
3369488 0
3376138 906
3382217 0
3389277 906
3394221 0
3397267 906
3405437 0
3411759 906
3423450 0
3425970 906
3438500 0
3447980 906
3459911 0
3463599 906
3478021 0
3484201 906
3496132 0
3498412 906
3514242 0
3536477 906
3537217 1500
3543222 0
3556830 1500
3562835 0
63 events for S
49325 0
49565 305
653765 0
654365 305
1258565 0
1259165 330
1863365 0
1878245 20
1878425 0
1880585 20
1880765 0
1880825 126
1906745 0
1907405 20
1907585 0
1909745 20
1909925 0
1909985 218
1925045 0
1925705 20
1925885 0
1928045 20
1928225 0
1928285 32
2065805 28
2066105 0
2066765 20
2066945 0
2069105 20
2069285 0
2069345 201
2096285 28
2096585 0
2096645 20
2096825 203
2122865 0
2135225 20
2135405 0
2137565 20
2137745 0
2137805 36
2156885 0
2157545 20
2157725 0
2159885 20
2160065 0
2160125 36
2179205 0
2179865 20
2180045 0
2182205 20
2182385 0
2182445 36
2211665 0
2407625 20
2407805 0
2409965 20
2410145 0
2410205 12
2468465 0
2468765 330
3072965 0
3073565 330
448 events for T
335217 117965
335307 125479
336588 7514
336948 0
472887 3372
478068 0
498087 3372
506448 0
515487 3372
520848 0
543087 3372
546048 0
548965 3372
564766 0
704997 117965
705087 121337
706608 3372
706857 121337
708408 3372
708648 0
713440 117965
713530 121337
714871 3372
720700 121337
722071 3372
724291 0
734054 117965
734144 121337
735665 3372
739514 121337
741065 3372
741305 0
940887 3372
941757 121337
944508 3372
945357 121337
948048 3372
948948 0
955576 117965
955666 121337
957127 3372
957436 121337
958987 3372
962827 0
1310037 19661
1310127 25951
1311888 6290
1312677 25951
1314528 6290
1315068 0
1318377 19661
1318467 25951
1320228 6290
1321017 25951
1322868 6290
1323837 25951
1325688 6290
1326417 25951
1328268 6290
1329237 25951
1331088 6290
1331817 25951
1333668 6290
1334208 0
1338957 19661
1339047 25951
1340808 6290
1340937 25951
1342788 6290
1343157 25951
1345008 6290
1345137 25951
1346988 6290
1347357 25951
1349208 6290
1349337 25951
1351183 6290
1351188 0
1355268 117965
1355358 124709
1356819 6744
1371519 0
1375883 117965
1375973 124709
1377434 6744
1390214 0
1392297 117965
1392387 124709
1393848 6744
1406628 0
1542297 19661
1542387 25951
1544148 6290
1544277 25951
1546128 6290
1546497 25951
1548348 6290
1548477 25951
1550328 6290
1550697 25951
1552548 6290
1552677 25951
1554523 6290
1554528 0
1560477 19661
1560567 25951
1561428 6290
1561557 25951
1562508 6290
1562877 25951
1563828 6290
1564077 25951
1565028 6290
1565277 25951
1566228 6290
1566357 25951
1567308 6290
1567313 0
1568997 117965
1569087 124709
1570608 6744
1572613 0
1572657 117965
1574268 6744
1574328 0
1576465 117965
1576555 124709
1578076 6744
1581881 0
1581925 117965
1583536 6744
1588996 0
1596755 117965
1596845 124709
1598366 6744
1600371 0
1600415 117965
1602026 6744
1607186 0
1612934 6290
1623695 0
1633224 6290
1643985 0
1651556 6290
1655117 0
1892997 58982
1895748 7514
1899262 0
1906411 58982
1906501 66496
1907842 7514
1908151 66496
1909582 7514
1909831 66496
1911262 7514
1911511 66496
1912942 7514
1913191 66496
1914622 7514
1914632 0
1959533 58982
1959623 66496
1960964 7514
1961393 66496
1962824 7514
1963193 66496
1964624 7514
1964993 66496
1966424 7514
1966793 66496
1968224 7514
1968593 66496
1970024 7514
1970393 66496
1971824 7514
1972193 66496
1973624 7514
1973993 66496
1975424 7514
1975854 0
1980040 58982
1980130 66496
1981471 7514
1981900 66496
1983331 7514
1983700 66496
1985131 7514
1985500 66496
1986931 7514
1987300 66496
1988731 7514
1989100 66496
1990531 7514
1990900 66496
1992331 7514
1992700 66496
1994131 7514
1994261 0
1996347 58982
1996437 66496
1997898 7514
1997967 66496
1999518 7514
1999587 66496
2001018 7514
2001023 0
2044287 7514
2049468 0
2055258 7514
2067879 0
2070066 7514
2086287 0
2165037 58982
2165127 66496
2166468 7514
2166897 66496
2168328 7514
2168688 0
2168997 58982
2169087 66496
2170428 7514
2170677 66496
2172108 7514
2172417 66496
2173848 7514
2173853 0
2260197 58982
2260287 66496
2261628 7514
2261697 66496
2263128 7514
2263197 66496
2264628 7514
2264697 66496
2266128 7514
2266197 66496
2267628 7514
2267697 66496
2269128 7514
2269488 0
2273682 58982
2273772 66496
2275113 7514
2275542 66496
2276973 7514
2277342 66496
2278773 7514
2279142 58982
2280573 7514
2280942 66496
2282373 7514
2282742 58982
2284173 7514
2284542 66496
2285973 7514
2286162 66496
2287593 7514
2287598 0
2289695 58982
2289785 66496
2291126 7514
2291375 66496
2292806 7514
2293055 66496
2294486 7514
2294735 66496
2296166 7514
2296415 66496
2297846 7514
2298095 66496
2299526 7514
2299775 66496
2301206 7514
2301455 66496
2302886 7514
2303431 0
2493147 7514
2504113 0
2511357 58982
2511447 66496
2512168 7514
2512257 66496
2513068 7514
2513397 66496
2514208 7514
2514297 66496
2515108 7514
2515437 66496
2516248 7514
2516337 66496
2517148 7514
2517657 66496
2518468 7514
2518557 66496
2519368 7514
2519697 66496
2520508 7514
2520597 66496
2521408 7514
2521737 66496
2522548 7514
2522637 66496
2523448 7514
2523453 0
2527557 58982
2527647 65726
2532768 6744
2538417 65726
2543628 6744
2543748 0
2548026 58982
2548116 65726
2553237 6744
2555286 65726
2560497 6744
2560668 0
2562648 169032
2563968 45609
2564633 0
2749608 58982
2749698 66496
2751039 7514
2753268 66496
2754699 7514
2756868 66496
2758299 7514
2760468 66496
2761899 7514
2762268 66496
2763699 7514
2764059 0
2769818 58982
2769908 66496
2771249 7514
2771678 66496
2773109 7514
2773478 66496
2774909 7514
2775278 66496
2776709 7514
2777069 0
2778597 58982
2778687 65726
2781228 6744
2781297 65726
2783748 6744
2783753 0
2785829 58982
2785919 62354
2788460 3372
2789489 62354
2792120 3372
2793089 62354
2795720 3372
2796689 62354
2799320 3372
2801840 0
2806039 58982
2806129 62354
2808670 3372
2809699 62354
2812330 3372
2813299 62354
2815930 3372
2816899 62354
2819530 3372
2819950 0
2886881 58982
2886971 66496
2888312 7514
2888697 0
2888741 58982
2890172 7514
2890541 66496
2891972 7514
2892332 0
2894492 58982
2894582 66496
2895923 7514
2898152 66496
2899583 7514
2899952 66496
2901383 7514
2901752 66496
2903183 7514
2903552 66496
2904983 7514
2907152 66496
2908583 7514
2908943 0
2914702 58982
2914792 66496
2916133 7514
2918362 66496
2919793 7514
2920162 66496
2921593 7514
2921962 66496
2923393 7514
2925562 66496
2926993 7514
2927353 0
3097676 58982
3097766 65726
3099107 6744
3101336 65726
3102767 6744
3103136 65726
3104567 6744
3106736 65726
3108167 6744
3110336 65726
3111767 6744
3111862 0
3116011 58982
3116101 65726
3117382 6744
3117571 65726
3118942 6744
3119131 65726
3120502 6744
3120691 65726
3122062 6744
3122251 65726
3123622 6744
3123948 0
3152826 58982
3152915 248143
3153117 58982
3153276 65726
3154197 6744
3157566 65726
3158937 6744
3162246 65726
3163617 6744
3166677 0
3361797 235930
3361887 7514
3368928 6744
3370469 0
3374618 235930
3374708 242674
3381749 6744
3383290 0
3426940 7514
3427197 243444
3430848 7514
3442911 0
