20 instruments
A 10 100 20412.132877845776 869835207.86274612
B 10 100 1538660356.7547786 4054547831.9712734
C 10 100 54084010.43300014 1720684275.4783733
D 10 100 40530.039409419333 54204511.969197564
E 10 100 2338 640000000
F 10 100 1935.2198577632046 529743673.63920057
G 10 100 45126217.813212499 1435691857.5629289
H 10 100 24955.266722182481 180753403.14844713
I 10 100 2022727.6804039259 699754440.78838515
J 10 100 154000 595557000
K 10 100 352362.70723718189 299636114.68177354
L 10 100 2238.0782914523293 612647607.58318675
M 10 100 1801610371.8348846 4747451505.5334387
N 10 100 2665037.1650940888 921958803.05957663
O 10 100 0.000155227 800000000
P 10 100 763800535.41096985 7041040280.2382517
Q 10 100 1289849390.9659207 3398902187.0561032
R 10 100 8192 3200000000
S 10 100 5459680 2800000000
T 10 100 0 320000000
60 downlinks
0 862 44901 9462.077765
1 44902 60235 8739.387213
2 100749 115653 27177.101999999999
3 131202 155311 28867.988366000001
4 156252 178780 8757.0573490000006
5 217503 259751 30482.278361000001
6 259752 296645 9337.789702
7 296646 325107 8515.7706749999998
8 365949 380832 8900.7025030000004
9 383042 408831 8778.3355150000007
10 408842 437214 29886.497736000001
11 439739 466980 29243.536622
12 467699 471912 26517.245249
13 476408 490680 8834.4018649999998
14 509939 521314 9457.9623840000004
15 533335 553231 28164.872808
16 562710 604939 30503.298975000002
17 604940 627355 8691.2845450000004
18 627831 637826 8525.9525360000007
19 640491 644244 28086.786929000002
20 705549 733493 9305.8530659999997
21 735317 739831 9003.7058219999999
22 765228 780989 29720.859928999998
23 813982 817639 28196.056719
24 821621 838334 8724.7512220000008
25 839924 867259 9238.0711549999996
26 868180 907924 29465.914934
27 907925 915901 8736.7051790000005
28 938920 952934 8623.2506759999997
29 964749 986998 8421.9856619999991
30 991239 1011098 27549.328343000001
31 1022916 1040175 29572.320551000001
32 1042472 1072611 29086.290951999999
33 1072712 1101387 8813.8421070000004
34 1109612 1126578 29493.047434
35 1134508 1157999 27435.630709000001
36 1158890 1170418 29792.428981000001
37 1173508 1183391 8997.6095590000004
38 1186408 1209595 26654.011493000002
39 1223949 1247074 8664.3956859999998
40 1247304 1273163 8910.3347130000002
41 1316349 1336346 9263.3037550000008
42 1339455 1345687 8194.1372179999998
43 1357400 1370063 8812.3468479999992
44 1388896 1390727 28513.272391999999
45 1417571 1421732 29797.943813000002
46 1425763 1460595 9287.2106050000002
47 1460596 1471348 9493.8769009999996
48 1474752 1510832 29841.66733
49 1512071 1516749 9031.5484039999992
50 1575549 1587179 27058.173078
51 1589288 1592845 27764.822221999999
52 1596788 1613390 8866.3210920000001
53 1625275 1637435 30200.423556999998
54 1640547 1645391 9259.4321029999992
55 1649583 1673654 9457.3783449999992
56 1675383 1679211 29542.407908000001
57 1684689 1699532 8564.5545529999999
58 1708683 1731352 9335.3412189999999
59 1733879 1762605 27874.981927000001
0 opportunities for A
0 opportunities for B
0 opportunities for C
0 opportunities for D
0 opportunities for E
0 opportunities for F
0 opportunities for G
0 opportunities for H
0 opportunities for I
0 opportunities for J
0 opportunities for K
0 opportunities for L
0 opportunities for M
0 opportunities for N
0 opportunities for O
0 opportunities for P
0 opportunities for Q
0 opportunities for R
0 opportunities for S
0 opportunities for T
42 events for A
110357 4214960
110361 0
110787 4214960
110791 0
111527 4214960
111531 0
111957 4214960
111961 0
478369 4214960
478373 0
478799 4214960
478803 0
479539 4214960
479543 0
479969 4214960
479973 0
549343 4214960
549347 0
549773 4214960
549777 0
550513 4214960
550517 0
550943 4214960
550947 0
715157 4214960
715161 0
715587 4214960
715591 0
716327 4214960
716331 0
716757 4214960
716761 0
1083169 4214960
1083173 0
1083599 4214960
1083603 0
1084339 4214960
1084343 0
1084769 4214960
1084773 0
1688495 67463256
1688500 0
77 events for B
111185 117965
111275 124709
112136 6744
113045 124709
113936 6744
114845 124709
115736 6744
116645 124709
117536 6744
118445 124709
119336 6744
120245 124709
121136 6744
122036 0
129700 117965
129790 124709
130651 6744
131560 124709
132451 6744
133360 124709
134251 6744
135160 124709
136051 6744
136951 0
314932 7514
328573 0
330747 7514
346188 0
634471 58982
634561 66496
635842 6744
636331 66496
637702 6744
638122 0
640803 58982
640893 66496
642174 6744
642663 66496
644034 6744
644463 66496
645834 6744
655254 0
661092 58982
661182 66496
662463 6744
662952 66496
664323 6744
664752 66496
666123 6744
671943 0
1012371 235930
1012461 242674
1014222 6744
1014411 242674
1016262 6744
1016451 242674
1018302 6744
1018551 242674
1020402 6744
1021422 0
1029429 235930
1029519 242674
1030135 6744
1030140 0
1044922 169032
1046722 45609
1048527 0
1582291 117965
1582381 125479
1583662 7514
1584022 0
1719961 3372
1725142 0
1745161 3372
1753522 0
1762561 3372
1767922 0
61 events for C
14036 706
18236 1285
50415 706
107208 2414
109048 706
135814 1285
141394 706
155525 1285
157505 706
395194 1285
418752 706
422952 1285
436941 706
439161 1772
454831 706
459451 1772
475220 2414
477580 1772
491210 706
546194 2414
555954 706
588037 1285
618814 706
623036 1285
632494 706
691894 0
691895 487
712008 2414
713848 487
786265 2414
802465 487
806880 2414
839708 487
843908 2414
876737 487
1080020 2414
1081860 487
1108294 2414
1132688 487
1136889 2414
1169067 487
1173268 2414
1176868 487
1194868 2414
1198468 487
1208147 2414
1210294 487
1221694 2414
1260015 487
1315694 2414
1333423 487
1337623 2414
1345594 487
1391134 2414
1406919 487
1596173 2414
1603594 487
1632597 2414
1664637 487
1684820 2414
1686660 487
2 events for D
694117 0
694118 18
90 events for E
17791 873
46591 0
98349 1365
98529 0
100329 1365
100869 3481
120069 0
201635 873
230435 0
275692 873
304492 0
363549 1365
364269 3481
383469 0
443826 3276
458826 0
693849 1979
695049 0
696849 1979
710049 0
879418 8
879419 0
880492 1365
880672 0
882472 1365
883012 1979
897412 1365
897592 1979
911992 1365
912712 1979
927112 1365
927292 1979
941692 1365
942412 1979
956812 1365
956992 1979
971392 0
1009792 3754
1010512 0
1012312 3754
1015912 0
1049349 3754
1050069 0
1051869 3754
1055469 0
1084449 3754
1085169 0
1086969 3754
1090569 0
1125849 3754
1126569 0
1128369 3754
1131969 0
1169049 3754
1169769 0
1171569 3754
1175169 0
1361649 3754
1362369 0
1364169 3754
1367769 0
1390449 3754
1391169 0
1392969 3754
1396569 0
1432749 3754
1433469 0
1435269 3754
1438869 0
1507449 3754
1508169 0
1509969 3754
1513569 0
1593849 1365
1594029 0
1595829 1365
1596369 1979
1610769 1365
1610949 1979
1625349 1365
1626069 1979
1640469 1365
1640649 1979
1655049 1365
1655769 1979
1670169 1365
1670349 1979
1684749 0
1730649 665
1763049 0
90 events for F
19322 873
48122 0
99880 1365
100060 0
101860 1365
102400 3481
121600 0
203166 873
231966 0
277223 873
306023 0
365080 1365
365800 3481
385000 0
445357 3276
460357 0
695380 1979
696580 0
698380 1979
711580 0
880949 8
880950 0
882023 1365
882203 0
884003 1365
884543 1979
898943 1365
899123 1979
913523 1365
914243 1979
928643 1365
928823 1979
943223 1365
943943 1979
958343 1365
958523 1979
972923 0
1011323 3754
1012043 0
1013843 3754
1017443 0
1050880 3754
1051600 0
1053400 3754
1057000 0
1085980 3754
1086700 0
1088500 3754
1092100 0
1127380 3754
1128100 0
1129900 3754
1133500 0
1170580 3754
1171300 0
1173100 3754
1176700 0
1363180 3754
1363900 0
1365700 3754
1369300 0
1391980 3754
1392700 0
1394500 3754
1398100 0
1434280 3754
1435000 0
1436800 3754
1440400 0
1508980 3754
1509700 0
1511500 3754
1515100 0
1595380 1365
1595560 0
1597360 1365
1597900 1979
1612300 1365
1612480 1979
1626880 1365
1627600 1979
1642000 1365
1642180 1979
1656580 1365
1657300 1979
1671700 1365
1671880 1979
1686280 0
1732180 665
1764580 0
61 events for G
14295 706
18495 1285
50674 706
107467 2414
109307 706
136073 1285
141653 706
155784 1285
157764 706
395453 1285
419011 706
423211 1285
437200 706
439420 1772
455090 706
459710 1772
475479 2414
477839 1772
491469 706
546453 2414
556213 706
588296 1285
619073 706
623295 1285
632753 706
692153 0
692154 487
712267 2414
714107 487
786524 2414
802724 487
807139 2414
839967 487
844167 2414
876996 487
1080279 2414
1082119 487
1108553 2414
1132947 487
1137148 2414
1169326 487
1173527 2414
1177127 487
1195127 2414
1198727 487
1208406 2414
1210553 487
1221953 2414
1260274 487
1315953 2414
1333682 487
1337882 2414
1345853 487
1391393 2414
1407178 487
1596432 2414
1603853 487
1632856 2414
1664896 487
1685079 2414
1686919 487
137 events for H
6711 0
57212 1714
68622 0
70162 906
70902 1714
85911 0
103191 1714
105925 0
106105 215
117581 0
121405 1714
124440 0
147611 1500
153626 0
167801 1500
173811 0
205851 906
206601 0
315762 906
327497 0
329037 906
345111 0
366591 906
382990 0
389170 906
396131 0
439958 906
455448 0
462711 906
469031 0
557430 906
564885 0
566425 906
583074 0
589314 906
601264 0
639183 906
655832 0
662012 906
673422 0
714386 906
729240 0
735420 906
747754 0
758434 1500
764546 0
772508 1500
778620 0
823351 906
840325 0
846505 906
858780 0
861120 906
868997 0
911091 906
911857 0
965391 1714
969000 0
972471 1714
989765 0
996341 1714
1004841 0
1010751 906
1011491 1714
1023569 0
1030349 1714
1042358 0
1044638 1714
1060548 0
1066728 1714
1078737 0
1082720 906
1083460 1714
1096927 0
1103107 1714
1108611 0
1139486 215
1150906 0
1256691 906
1257431 0
1266812 906
1278222 0
1280502 906
1295511 0
1318818 906
1334040 0
1341177 906
1352554 0
1354094 906
1370854 0
1377848 906
1389368 0
1392536 906
1407536 0
1414277 906
1426611 0
1428151 906
1445125 0
1451305 906
1454211 0
1454691 906
1463640 0
1465920 906
1481854 0
1488334 906
1497411 0
1497591 1087
1500301 0
1503248 906
1519182 0
1525336 593
1531003 0
1533022 906
1535982 0
1540457 593
1554018 0
1576191 906
1582911 0
1583991 906
1592573 0
1598770 906
1610751 0
1612347 906
1627011 0
1627491 906
1628951 0
1635149 906
1647093 0
1649502 906
1665254 0
1671528 1714
1683396 0
1687576 906
1688316 1714
1724211 0
1736991 1714
1767411 0
23 events for I
89402 0
100803 1300
348602 0
366003 1300
694202 0
706083 600
706263 1300
952883 700
952928 0
965103 600
965283 1300
1212023 700
1212068 0
1224183 600
1224363 1300
1298423 700
1298468 0
1316583 600
1316763 1300
1556843 700
1556888 0
1575783 600
1575903 1300
2 events for J
691749 0
691750 74
16 events for K
87471 0
88071 224
692271 0
1042311 20
1042491 0
1044651 20
1044831 0
1044891 28
1211031 0
1223331 20
1223511 0
1225671 20
1225851 0
1225911 126
1297431 0
1297671 305
90 events for L
18133 873
46933 0
98691 1365
98871 0
100671 1365
101211 3481
120411 0
201977 873
230777 0
276034 873
304834 0
363891 1365
364611 3481
383811 0
444168 3276
459168 0
694191 1979
695391 0
697191 1979
710391 0
879760 8
879761 0
880834 1365
881014 0
882814 1365
883354 1979
897754 1365
897934 1979
912334 1365
913054 1979
927454 1365
927634 1979
942034 1365
942754 1979
957154 1365
957334 1979
971734 0
1010134 3754
1010854 0
1012654 3754
1016254 0
1049691 3754
1050411 0
1052211 3754
1055811 0
1084791 3754
1085511 0
1087311 3754
1090911 0
1126191 3754
1126911 0
1128711 3754
1132311 0
1169391 3754
1170111 0
1171911 3754
1175511 0
1361991 3754
1362711 0
1364511 3754
1368111 0
1390791 3754
1391511 0
1393311 3754
1396911 0
1433091 3754
1433811 0
1435611 3754
1439211 0
1507791 3754
1508511 0
1510311 3754
1513911 0
1594191 1365
1594371 0
1596171 1365
1596711 1979
1611111 1365
1611291 1979
1625691 1365
1626411 1979
1640811 1365
1640991 1979
1655391 1365
1656111 1979
1670511 1365
1670691 1979
1685091 0
1730991 665
1763391 0
77 events for M
110751 117965
110841 124709
111702 6744
112611 124709
113502 6744
114411 124709
115302 6744
116211 124709
117102 6744
118011 124709
118902 6744
119811 124709
120702 6744
121602 0
129266 117965
129356 124709
130217 6744
131126 124709
132017 6744
132926 124709
133817 6744
134726 124709
135617 6744
136517 0
314498 7514
328139 0
330313 7514
345754 0
634037 58982
634127 66496
635408 6744
635897 66496
637268 6744
637688 0
640369 58982
640459 66496
641740 6744
642229 66496
643600 6744
644029 66496
645400 6744
654820 0
660658 58982
660748 66496
662029 6744
662518 66496
663889 6744
664318 66496
665689 6744
671509 0
1011937 235930
1012027 242674
1013788 6744
1013977 242674
1015828 6744
1016017 242674
1017868 6744
1018117 242674
1019968 6744
1020988 0
1028995 235930
1029085 242674
1029701 6744
1029706 0
1044488 169032
1046288 45609
1048093 0
1581857 117965
1581947 125479
1583228 7514
1583588 0
1719527 3372
1724708 0
1744727 3372
1753088 0
1762127 3372
1767488 0
23 events for N
90086 0
101487 1300
349286 0
366687 1300
694886 0
706767 600
706947 1300
953567 700
953612 0
965787 600
965967 1300
1212707 700
1212752 0
1224867 600
1225047 1300
1299107 700
1299152 0
1317267 600
1317447 1300
1557527 700
1557572 0
1576467 600
1576587 1300
318 events for O
3249 12910592
3250 0
5709 12910592
5710 0
56649 12910592
56650 0
61920 12910592
61921 0
67260 12910592
67261 0
70560 12910592
70561 0
77554 12910592
77555 0
84554 12910592
84555 0
102854 12910592
102855 0
104649 12910592
104650 0
120849 12910592
120850 0
123134 12910592
123135 0
315125 12910592
315126 0
318120 12910592
318121 0
320627 12910592
320628 0
323135 12910592
323136 0
326135 12910592
326136 0
329435 12910592
329436 0
332435 12910592
332436 0
336597 12910592
336598 0
340749 12910592
340750 0
343749 12910592
343750 0
366254 12910592
366255 0
368049 12910592
368050 0
369849 12910592
369850 0
373449 12910592
373450 0
377049 12910592
377050 0
381249 12910592
381250 0
388454 12910592
388455 0
390849 12910592
390850 0
393849 12910592
393850 0
439616 12910592
439617 0
441314 12910592
441315 0
446851 12910592
446852 0
451086 12910592
451087 0
454086 12910592
454087 0
462549 12910592
462550 0
465854 12910592
465855 0
557049 12910592
557050 0
563349 12910592
563350 0
566949 12910592
566950 0
570549 12910592
570550 0
574149 12910592
574150 0
577808 12910592
577809 0
581703 12910592
581704 0
588849 12910592
588850 0
599594 12910592
599595 0
639586 12910592
639587 0
643449 12910592
643450 0
647049 12910592
647050 0
650649 12910592
650650 0
654470 12910592
654471 0
661375 12910592
661376 0
666849 12910592
666850 0
671649 12910592
671650 0
714784 12910592
714785 0
717787 12910592
717788 0
721331 12910592
721332 0
724878 12910592
724879 0
727878 12910592
727879 0
734778 12910592
734779 0
737778 12910592
737779 0
740588 12910592
740589 0
743392 12910592
743393 0
746392 12910592
746393 0
823992 12910592
823993 0
828849 12910592
828850 0
833649 12910592
833650 0
838569 12910592
838570 0
845892 12910592
845893 0
849429 12910592
849430 0
852969 12910592
852970 0
857349 12910592
857350 0
860829 12910592
860830 0
864849 12910592
864850 0
867312 12910592
867313 0
966193 12910592
966194 0
972129 12910592
972130 0
980169 12910592
980170 0
988212 12910592
988213 0
1011371 12910592
1011372 0
1016678 12910592
1016679 0
1022207 12910592
1022208 0
1029549 12910592
1029550 0
1034049 12910592
1034050 0
1038849 12910592
1038850 0
1044296 12910592
1044297 0
1051741 12910592
1051742 0
1059069 12910592
1059070 0
1066086 12910592
1066087 0
1071730 12910592
1071731 0
1077375 12910592
1077376 0
1083121 12910592
1083122 0
1089341 12910592
1089342 0
1095565 12910592
1095566 0
1104860 12910592
1104861 0
1266170 12910592
1266171 0
1269170 12910592
1269171 0
1271518 12910592
1271519 0
1273860 12910592
1273861 0
1276860 12910592
1276861 0
1280160 12910592
1280161 0
1283160 12910592
1283161 0
1287154 12910592
1287155 0
1291149 12910592
1291150 0
1294152 12910592
1294153 0
1318484 12910592
1318485 0
1325349 12910592
1325350 0
1332509 12910592
1332510 0
1341849 12910592
1341850 0
1351192 12910592
1351193 0
1354495 12910592
1354496 0
1361992 12910592
1361993 0
1369492 12910592
1369493 0
1377372 12910592
1377373 0
1384448 12910592
1384449 0
1392194 12910592
1392195 0
1399184 12910592
1399185 0
1405929 12910592
1405930 0
1413849 12910592
1413850 0
1424649 12910592
1424650 0
1428852 12910592
1428853 0
1442649 12910592
1442650 0
1451759 12910592
1451760 0
1458313 12910592
1458314 0
1468213 12910592
1468214 0
1475049 12910592
1475050 0
1478649 12910592
1478650 0
1487692 12910592
1487693 0
1491849 12910592
1491850 0
1495932 12910592
1495933 0
1503849 12910592
1503850 0
1507329 12910592
1507330 0
1512249 12910592
1512250 0
1517351 12910592
1517352 0
1534209 12910592
1534210 0
1578549 12910592
1578550 0
1583649 12910592
1583650 0
1590849 12910592
1590850 0
1598650 12910592
1598651 0
1608969 12910592
1608970 0
1612689 12910592
1612690 0
1619198 12910592
1619199 0
1627369 12910592
1627370 0
1637049 12910592
1637050 0
1643589 12910592
1643590 0
1649649 12910592
1649650 0
1656527 12910592
1656528 0
1662849 12910592
1662850 0
1671186 12910592
1671187 0
1676611 12910592
1676612 0
1688229 12910592
1688230 0
1694611 12910592
1694612 0
1701249 12910592
1701250 0
1716999 12910592
1717000 0
1722849 12910592
1722850 0
1737849 12910592
1737850 0
1750449 12910592
1750450 0
1765749 12910592
1765750 0
30 events for P
565347 26968906
565352 0
586947 134824032
586952 0
589873 20221556
589878 0
781287 83191028
781292 0
975687 38234987
975692 0
997287 107957608
997292 0
1018887 350862225
1018892 0
1018893 4498234
1018898 0
1040487 38234987
1040492 0
1364547 42873674
1364552 0
1386147 60808152
1386152 0
1472547 123650191
1472552 0
1494147 112353360
1494152 0
1515747 191051956
1515752 0
1537347 148359728
1537352 0
77 events for Q
112743 117965
112833 124709
113694 6744
114603 124709
115494 6744
116403 124709
117294 6744
118203 124709
119094 6744
120003 124709
120894 6744
121803 124709
122694 6744
123594 0
131258 117965
131348 124709
132209 6744
133118 124709
134009 6744
134918 124709
135809 6744
136718 124709
137609 6744
138509 0
316490 7514
330131 0
332305 7514
347746 0
636029 58982
636119 66496
637400 6744
637889 66496
639260 6744
639680 0
642361 58982
642451 66496
643732 6744
644221 66496
645592 6744
646021 66496
647392 6744
656812 0
662650 58982
662740 66496
664021 6744
664510 66496
665881 6744
666310 66496
667681 6744
673501 0
1013929 235930
1014019 242674
1015780 6744
1015969 242674
1017820 6744
1018009 242674
1019860 6744
1020109 242674
1021960 6744
1022980 0
1030987 235930
1031077 242674
1031693 6744
1031698 0
1046480 169032
1048280 45609
1050085 0
1583849 117965
1583939 125479
1585220 7514
1585580 0
1721519 3372
1726700 0
1746719 3372
1755080 0
1764119 3372
1769480 0
740 events for R
14490 12910592
14491 0
14750 12910592
14751 0
15330 12910592
15331 0
15590 12910592
15591 0
32680 12910592
32681 0
32940 12910592
32941 0
33520 12910592
33521 0
33780 12910592
33781 0
50869 12910592
50870 0
51129 12910592
51130 0
51709 12910592
51710 0
51969 12910592
51970 0
68459 12910592
68460 0
68719 12910592
68720 0
69299 12910592
69300 0
69559 12910592
69560 0
85748 12910592
85749 0
86008 12910592
86009 0
86588 12910592
86589 0
86848 12910592
86849 0
105762 12910592
105763 0
105992 12910592
105993 0
106532 12910592
106533 0
106762 12910592
106763 0
124277 12910592
124278 0
124537 12910592
124538 0
125117 12910592
125118 0
125377 12910592
125378 0
142791 12910592
142792 0
143051 12910592
143052 0
143631 12910592
143632 0
143891 12910592
143892 0
161305 12910592
161306 0
161565 12910592
161566 0
162145 12910592
162146 0
162405 12910592
162406 0
179819 12910592
179820 0
180079 12910592
180080 0
180659 12910592
180660 0
180919 12910592
180920 0
198334 12910592
198335 0
198594 12910592
198595 0
199174 12910592
199175 0
199434 12910592
199435 0
216848 12910592
216849 0
217108 12910592
217109 0
217688 12910592
217689 0
217948 12910592
217949 0
235362 12910592
235363 0
235622 12910592
235623 0
236202 12910592
236203 0
236462 12910592
236463 0
253877 12910592
253878 0
254137 12910592
254138 0
254717 12910592
254718 0
254977 12910592
254978 0
272391 12910592
272392 0
272651 12910592
272652 0
273231 12910592
273232 0
273491 12910592
273492 0
290905 12910592
290906 0
291165 12910592
291166 0
291745 12910592
291746 0
292005 12910592
292006 0
309419 12910592
309420 0
309679 12910592
309680 0
310259 12910592
310260 0
310519 12910592
310520 0
327334 12910592
327335 0
327594 12910592
327595 0
328174 12910592
328175 0
328434 12910592
328435 0
344948 12910592
344949 0
345208 12910592
345209 0
345788 12910592
345789 0
346048 12910592
346049 0
363848 12910592
363849 0
364108 12910592
364109 0
364688 12910592
364689 0
364948 12910592
364949 0
382827 12910592
382828 0
383087 12910592
383088 0
383667 12910592
383668 0
383927 12910592
383928 0
401016 12910592
401017 0
401276 12910592
401277 0
401856 12910592
401857 0
402116 12910592
402117 0
419206 12910592
419207 0
419466 12910592
419467 0
420046 12910592
420047 0
420306 12910592
420307 0
437395 12910592
437396 0
437655 12910592
437656 0
438235 12910592
438236 0
438495 12910592
438496 0
455585 12910592
455586 0
455845 12910592
455846 0
456425 12910592
456426 0
456685 12910592
456686 0
473774 12910592
473775 0
474004 12910592
474005 0
474544 12910592
474545 0
474774 12910592
474775 0
491964 12910592
491965 0
492224 12910592
492225 0
492804 12910592
492805 0
493064 12910592
493065 0
510153 12910592
510154 0
510413 12910592
510414 0
510993 12910592
510994 0
511253 12910592
511254 0
528343 12910592
528344 0
528603 12910592
528604 0
529183 12910592
529184 0
529443 12910592
529444 0
544748 12910592
544749 0
544978 12910592
544979 0
545518 12910592
545519 0
545748 12910592
545749 0
564722 12910592
564723 0
564982 12910592
564983 0
565562 12910592
565563 0
565822 12910592
565823 0
582911 12910592
582912 0
583171 12910592
583172 0
583751 12910592
583752 0
584011 12910592
584012 0
601101 12910592
601102 0
601361 12910592
601362 0
601941 12910592
601942 0
602201 12910592
602202 0
619290 12910592
619291 0
619550 12910592
619551 0
620130 12910592
620131 0
620390 12910592
620391 0
637480 12910592
637481 0
637740 12910592
637741 0
638320 12910592
638321 0
638580 12910592
638581 0
655669 12910592
655670 0
655929 12910592
655930 0
656509 12910592
656510 0
656769 12910592
656770 0
673259 12910592
673260 0
673519 12910592
673520 0
674099 12910592
674100 0
674359 12910592
674360 0
690548 12910592
690549 0
690808 12910592
690809 0
691388 12910592
691389 0
691648 12910592
691649 0
710562 12910592
710563 0
710792 12910592
710793 0
711332 12910592
711333 0
711562 12910592
711563 0
729077 12910592
729078 0
729337 12910592
729338 0
729917 12910592
729918 0
730177 12910592
730178 0
747591 12910592
747592 0
747851 12910592
747852 0
748431 12910592
748432 0
748691 12910592
748692 0
766105 12910592
766106 0
766365 12910592
766366 0
766945 12910592
766946 0
767205 12910592
767206 0
784619 12910592
784620 0
784879 12910592
784880 0
785459 12910592
785460 0
785719 12910592
785720 0
803134 12910592
803135 0
803394 12910592
803395 0
803974 12910592
803975 0
804234 12910592
804235 0
821648 12910592
821649 0
821908 12910592
821909 0
822488 12910592
822489 0
822748 12910592
822749 0
840162 12910592
840163 0
840422 12910592
840423 0
841002 12910592
841003 0
841262 12910592
841263 0
858677 12910592
858678 0
858937 12910592
858938 0
859517 12910592
859518 0
859777 12910592
859778 0
877191 12910592
877192 0
877451 12910592
877452 0
878031 12910592
878032 0
878291 12910592
878292 0
895705 12910592
895706 0
895965 12910592
895966 0
896545 12910592
896546 0
896805 12910592
896806 0
914219 12910592
914220 0
914479 12910592
914480 0
915059 12910592
915060 0
915319 12910592
915320 0
932134 12910592
932135 0
932394 12910592
932395 0
932974 12910592
932975 0
933234 12910592
933235 0
949748 12910592
949749 0
950008 12910592
950009 0
950588 12910592
950589 0
950848 12910592
950849 0
969437 12910592
969438 0
969697 12910592
969698 0
970277 12910592
970278 0
970537 12910592
970538 0
989998 12910592
989999 0
990258 12910592
990259 0
990838 12910592
990839 0
991098 12910592
991099 0
1004398 12910592
1004399 0
1004658 12910592
1004659 0
1005238 12910592
1005239 0
1005498 12910592
1005499 0
1024006 12910592
1024007 0
1024266 12910592
1024267 0
1024846 12910592
1024847 0
1025106 12910592
1025107 0
1042195 12910592
1042196 0
1042455 12910592
1042456 0
1043035 12910592
1043036 0
1043295 12910592
1043296 0
1060385 12910592
1060386 0
1060645 12910592
1060646 0
1061225 12910592
1061226 0
1061485 12910592
1061486 0
1078574 12910592
1078575 0
1078804 12910592
1078805 0
1079344 12910592
1079345 0
1079574 12910592
1079575 0
1096764 12910592
1096765 0
1097024 12910592
1097025 0
1097604 12910592
1097605 0
1097864 12910592
1097865 0
1114953 12910592
1114954 0
1115213 12910592
1115214 0
1115793 12910592
1115794 0
1116053 12910592
1116054 0
1133143 12910592
1133144 0
1133403 12910592
1133404 0
1133983 12910592
1133984 0
1134243 12910592
1134244 0
1151332 12910592
1151333 0
1151592 12910592
1151593 0
1152172 12910592
1152173 0
1152432 12910592
1152433 0
1169522 12910592
1169523 0
1169782 12910592
1169783 0
1170362 12910592
1170363 0
1170622 12910592
1170623 0
1187711 12910592
1187712 0
1187971 12910592
1187972 0
1188551 12910592
1188552 0
1188811 12910592
1188812 0
1205901 12910592
1205902 0
1206161 12910592
1206162 0
1206741 12910592
1206742 0
1207001 12910592
1207002 0
1224090 12910592
1224091 0
1224350 12910592
1224351 0
1224930 12910592
1224931 0
1225190 12910592
1225191 0
1242280 12910592
1242281 0
1242540 12910592
1242541 0
1243120 12910592
1243121 0
1243380 12910592
1243381 0
1260469 12910592
1260470 0
1260729 12910592
1260730 0
1261309 12910592
1261310 0
1261569 12910592
1261570 0
1278059 12910592
1278060 0
1278319 12910592
1278320 0
1278899 12910592
1278900 0
1279159 12910592
1279160 0
1295348 12910592
1295349 0
1295608 12910592
1295609 0
1296188 12910592
1296189 0
1296448 12910592
1296449 0
1314248 12910592
1314249 0
1314478 12910592
1314479 0
1315018 12910592
1315019 0
1315248 12910592
1315249 0
1333877 12910592
1333878 0
1334137 12910592
1334138 0
1334717 12910592
1334718 0
1334977 12910592
1334978 0
1352391 12910592
1352392 0
1352651 12910592
1352652 0
1353231 12910592
1353232 0
1353491 12910592
1353492 0
1370905 12910592
1370906 0
1371165 12910592
1371166 0
1371745 12910592
1371746 0
1372005 12910592
1372006 0
1389419 12910592
1389420 0
1389679 12910592
1389680 0
1390259 12910592
1390260 0
1390519 12910592
1390520 0
1407934 12910592
1407935 0
1408194 12910592
1408195 0
1408774 12910592
1408775 0
1409034 12910592
1409035 0
1426448 12910592
1426449 0
1426708 12910592
1426709 0
1427288 12910592
1427289 0
1427548 12910592
1427549 0
1444962 12910592
1444963 0
1445222 12910592
1445223 0
1445802 12910592
1445803 0
1446062 12910592
1446063 0
1463477 12910592
1463478 0
1463737 12910592
1463738 0
1464317 12910592
1464318 0
1464577 12910592
1464578 0
1481991 12910592
1481992 0
1482251 12910592
1482252 0
1482831 12910592
1482832 0
1483091 12910592
1483092 0
1500505 12910592
1500506 0
1500765 12910592
1500766 0
1501345 12910592
1501346 0
1501605 12910592
1501606 0
1519019 12910592
1519020 0
1519279 12910592
1519280 0
1519859 12910592
1519860 0
1520119 12910592
1520120 0
1536934 12910592
1536935 0
1537194 12910592
1537195 0
1537774 12910592
1537775 0
1538034 12910592
1538035 0
1554548 12910592
1554549 0
1554808 12910592
1554809 0
1555388 12910592
1555389 0
1555648 12910592
1555649 0
1573448 12910592
1573449 0
1573708 12910592
1573709 0
1574288 12910592
1574289 0
1574548 12910592
1574549 0
1592427 12910592
1592428 0
1592687 12910592
1592688 0
1593267 12910592
1593268 0
1593527 12910592
1593528 0
1610616 12910592
1610617 0
1610876 12910592
1610877 0
1611456 12910592
1611457 0
1611716 12910592
1611717 0
1628806 12910592
1628807 0
1629066 12910592
1629067 0
1629646 12910592
1629647 0
1629906 12910592
1629907 0
1646995 12910592
1646996 0
1647255 12910592
1647256 0
1647835 12910592
1647836 0
1648095 12910592
1648096 0
1665185 12910592
1665186 0
1665445 12910592
1665446 0
1666025 12910592
1666026 0
1666285 12910592
1666286 0
1683374 12910592
1683375 0
1683604 12910592
1683605 0
1684144 12910592
1684145 0
1684374 12910592
1684375 0
1770548 12910592
1770549 0
1770808 12910592
1770809 0
2 events for S
691749 0
691750 2650
0 events for T

