20 instruments
A 10 100 804865230.11019051 7419592213.7182751
B 10 100 2238.0782914523293 612647607.58318675
C 10 100 1935.2198577632046 529743673.63920057
D 10 100 38499.176269411204 51488453.781630412
E 10 100 0.00018113117344584602 933503441.77673233
F 10 100 37632 50328700
G 10 100 40530.039409419333 54204511.969197564
H 10 100 8192 3200000000
I 10 100 309096.09667920991 262843801.48639998
J 10 100 2338 640000000
K 10 100 141644.34804627756 547774564.8662138
L 10 100 6499613.0472409306 3333330256.035996
M 10 100 6553.6061313363007 2560002395.0532427
N 10 100 0 320000000
O 10 100 45126217.813212499 1435691857.5629289
P 10 100 763800535.41096985 7041040280.2382517
Q 10 100 0.00018444817663405244 950598422.35720563
R 10 100 2312500 800000000
S 10 100 199466000 880000000
T 10 100 40786.332763907049 54547276.407707497
60 downlinks
0 230 26089 8910.3347130000002
1 69275 89272 9263.3037550000008
2 92381 98613 8194.1372179999998
3 110326 122989 8812.3468479999992
4 141822 143653 28513.272391999999
5 170497 174658 29797.943813000002
6 178689 213521 9287.2106050000002
7 213522 224274 9493.8769009999996
8 227678 263758 29841.66733
9 264997 269675 9031.5484039999992
10 328475 340105 27058.173078
11 342214 345771 27764.822221999999
12 349714 366316 8866.3210920000001
13 378201 390361 30200.423556999998
14 393473 398317 9259.4321029999992
15 402509 426580 9457.3783449999992
16 428309 432137 29542.407908000001
17 437615 452458 8564.5545529999999
18 461609 484278 9335.3412189999999
19 486805 515531 27874.981927000001
20 523925 566080 30587.746092000001
21 566081 610233 9231.3874039999992
22 610234 626452 8609.2624169999999
23 627801 644033 8689.6108280000008
24 652386 654433 26609.79682
25 674075 693680 8915.2263710000007
26 696545 726495 9094.9622560000007
27 726496 744210 8333.9255690000009
28 744792 751133 27500.430241999999
29 765210 781563 8601.7316499999997
30 782856 817769 9100.8958739999998
31 831487 844776 9427.4328960000003
32 847747 858159 27243.904355999999
33 860587 882307 8431.3051790000009
34 911303 913625 27636.251289
35 933275 952563 8831.2619180000002
36 953671 970270 8966.6639699999996
37 977882 983633 54396.705881000002
38 987425 1001453 58970.262822999997
39 1004038 1033077 57826.355975999999
40 1033078 1043822 17374.699861000001
41 1059178 1085969 57611.601310999999
42 1086178 1118258 59023.283414999998
43 1119000 1124750 55193.106121999997
44 1128106 1170223 25530.421285
45 1170224 1214419 29269.697155999998
46 1214420 1218510 16830.732371999999
47 1231668 1246335 28226.256141999998
48 1248665 1251216 60093.408818999997
49 1291663 1321362 58272.632834999997
50 1321363 1328637 61499.660580999996
51 1342840 1364137 28538.149495000001
52 1377685 1383507 18090.695755000001
53 1387050 1402262 23661.293665000001
54 1404159 1432113 28757.617953000001
55 1432114 1474410 56137.919716999997
56 1475554 1492448 23437.772314999998
57 1507654 1520294 55980.942202999999
58 1533509 1547361 60635.164006999999
59 1550249 1581176 23619.145155999999
0 opportunities for A
0 opportunities for B
0 opportunities for C
0 opportunities for D
0 opportunities for E
0 opportunities for F
0 opportunities for G
0 opportunities for H
0 opportunities for I
0 opportunities for J
0 opportunities for K
0 opportunities for L
0 opportunities for M
0 opportunities for N
0 opportunities for O
0 opportunities for P
0 opportunities for Q
0 opportunities for R
0 opportunities for S
0 opportunities for T
18 events for A
115709 42873674
115714 0
137309 60808152
137314 0
223709 123650191
223714 0
245309 112353360
245314 0
266909 191051956
266914 0
288509 148359728
288514 0
949349 92231261
949354 0
979709 67412016
979714 0
1288396 67429102
1288401 0
66 events for B
114917 3754
115637 0
117437 3754
121037 0
143717 3754
144437 0
146237 3754
149837 0
186017 3754
186737 0
188537 3754
192137 0
260717 3754
261437 0
263237 3754
266837 0
347117 1365
347297 0
349097 1365
349637 1979
364037 1365
364217 1979
378617 1365
379337 1979
393737 1365
393917 1979
408317 1365
409037 1979
423437 1365
423617 1979
438017 0
483917 665
516317 0
845957 3276
860957 0
875417 3754
876137 0
877937 3754
881537 0
893417 3754
894137 0
895937 3754
899537 0
963617 3754
964337 0
966137 3754
969737 0
985217 1365
985397 0
987197 1365
987737 2935
1002137 1365
1002317 2935
1016717 1365
1017437 2935
1031837 1365
1032017 2935
1046417 1365
1047137 2935
1061537 1365
1061717 2935
1076117 0
1433100 3276
1448100 0
1558596 665
1558597 0
66 events for C
116106 3754
116826 0
118626 3754
122226 0
144906 3754
145626 0
147426 3754
151026 0
187206 3754
187926 0
189726 3754
193326 0
261906 3754
262626 0
264426 3754
268026 0
348306 1365
348486 0
350286 1365
350826 1979
365226 1365
365406 1979
379806 1365
380526 1979
394926 1365
395106 1979
409506 1365
410226 1979
424626 1365
424806 1979
439206 0
485106 665
517506 0
847146 3276
862146 0
876606 3754
877326 0
879126 3754
882726 0
894606 3754
895326 0
897126 3754
900726 0
964806 3754
965526 0
967326 3754
970926 0
986406 1365
986586 0
988386 1365
988926 2935
1003326 1365
1003506 2935
1017906 1365
1018626 2935
1033026 1365
1033206 2935
1047606 1365
1048326 2935
1062726 1365
1062906 2935
1077306 0
1434289 3276
1449289 0
1559785 665
1559786 0
0 events for D

370 events for E
20965 12910592
20966 0
23965 12910592
23966 0
26313 12910592
26314 0
28655 12910592
28656 0
31655 12910592
31656 0
34955 12910592
34956 0
37955 12910592
37956 0
41949 12910592
41950 0
45944 12910592
45945 0
48947 12910592
48948 0
73279 12910592
73280 0
80144 12910592
80145 0
87304 12910592
87305 0
96644 12910592
96645 0
105987 12910592
105988 0
109290 12910592
109291 0
116787 12910592
116788 0
124287 12910592
124288 0
132167 12910592
132168 0
139243 12910592
139244 0
146989 12910592
146990 0
153979 12910592
153980 0
160724 12910592
160725 0
168644 12910592
168645 0
179444 12910592
179445 0
183647 12910592
183648 0
197444 12910592
197445 0
206554 12910592
206555 0
213108 12910592
213109 0
223008 12910592
223009 0
229844 12910592
229845 0
233444 12910592
233445 0
242487 12910592
242488 0
246644 12910592
246645 0
250727 12910592
250728 0
258644 12910592
258645 0
262124 12910592
262125 0
267044 12910592
267045 0
272146 12910592
272147 0
289004 12910592
289005 0
333344 12910592
333345 0
338444 12910592
338445 0
345644 12910592
345645 0
353445 12910592
353446 0
363764 12910592
363765 0
367484 12910592
367485 0
373993 12910592
373994 0
382164 12910592
382165 0
391844 12910592
391845 0
398384 12910592
398385 0
404444 12910592
404445 0
411322 12910592
411323 0
417644 12910592
417645 0
425981 12910592
425982 0
431406 12910592
431407 0
443024 12910592
443025 0
449406 12910592
449407 0
456044 12910592
456045 0
471794 12910592
471795 0
477644 12910592
477645 0
492644 12910592
492645 0
505244 12910592
505245 0
520544 12910592
520545 0
531344 12910592
531345 0
538666 12910592
538667 0
545986 12910592
545987 0
549522 12910592
549523 0
556870 12910592
556871 0
564216 12910592
564217 0
571243 12910592
571244 0
577245 12910592
577246 0
582044 12910592
582045 0
593444 12910592
593445 0
599445 12910592
599446 0
607484 12910592
607485 0
618344 12910592
618345 0
631110 12910592
631111 0
642399 12910592
642400 0
648644 12910592
648645 0
653744 12910592
653745 0
681044 12910592
681045 0
688844 12910592
688845 0
699646 12910592
699647 0
705644 12910592
705645 0
710787 12910592
710788 0
714087 12910592
714088 0
721696 12910592
721697 0
729301 12910592
729302 0
736844 12910592
736845 0
741044 12910592
741045 0
745245 12910592
745246 0
747644 12910592
747645 0
752617 12910592
752618 0
756644 12910592
756645 0
760844 12910592
760845 0
764830 12910592
764831 0
773232 12910592
773233 0
779037 12910592
779038 0
784844 12910592
784845 0
789344 12910592
789345 0
833624 12910592
833625 0
836564 12910592
836565 0
840344 12910592
840345 0
847289 12910592
847290 0
850847 12910592
850848 0
854408 12910592
854409 0
862244 12910592
862245 0
867046 12910592
867047 0
871844 12910592
871845 0
876644 12910592
876645 0
935144 12910592
935145 0
940846 12910592
940847 0
946244 12910592
946245 0
950444 12910592
950445 0
957723 12910592
957724 0
962225 12910592
962226 0
965864 12910592
965865 0
994244 12910592
994245 0
998672 12910592
998673 0
1003243 12910592
1003244 0
1008826 12910592
1008827 0
1016024 12910592
1016025 0
1023224 12910592
1023225 0
1031506 12910592
1031507 0
1041164 12910592
1041165 0
1050644 12910592
1050645 0
1057844 12910592
1057845 0
1070444 12910592
1070445 0
1075844 12910592
1075845 0
1084244 12910592
1084245 0
1092044 12910592
1092045 0
1095644 12910592
1095645 0
1106444 12910592
1106445 0
1111844 12910592
1111845 0
1122644 12910592
1122645 0
1129844 12910592
1129845 0
1139026 12910592
1139027 0
1147784 12910592
1147785 0
1159756 12910592
1159757 0
1166144 12910592
1166145 0
1178444 12910592
1178445 0
1183844 12910592
1183845 0
1194188 12910592
1194189 0
1199831 12910592
1199832 0
1205476 12910592
1205477 0
1209044 12910592
1209045 0
1216222 12910592
1216223 0
1223665 12910592
1223666 0
1233644 12910592
1233645 0
1239044 12910592
1239045 0
1275944 12910592
1275945 0
1318844 12910592
1318845 0
1326389 12910592
1326390 0
1333887 12910592
1333888 0
1344044 12910592
1344045 0
1348845 12910592
1348846 0
1355915 12910592
1355916 0
1363522 12910592
1363523 0
1371046 12910592
1371047 0
1380044 12910592
1380045 0
1388444 12910592
1388445 0
1394446 12910592
1394447 0
1403444 12910592
1403445 0
1414844 12910592
1414845 0
1422644 12910592
1422645 0
1432544 12910592
1432545 0
1441724 12910592
1441725 0
1454984 12910592
1454985 0
1462844 12910592
1462845 0
1468246 12910592
1468247 0
1475444 12910592
1475445 0
1491406 12910592
1491407 0
1497344 12910592
1497345 0
1504724 12910592
1504725 0
1510424 12910592
1510425 0
1517264 12910592
1517265 0
1535684 12910592
1535685 0
1540733 12910592
1540734 0
1545644 12910592
1545645 0
1551166 12910592
1551167 0
1563644 12910592
1563645 0
1572046 12910592
1572047 0
1583444 12910592
1583445 0
1590644 12910592
1590645 0
1601444 12910592
1601445 0
0 events for F

0 events for G

664 events for H
13395 12910592
13396 0
13655 12910592
13656 0
14235 12910592
14236 0
14495 12910592
14496 0
30985 12910592
30986 0
31245 12910592
31246 0
31825 12910592
31826 0
32085 12910592
32086 0
48274 12910592
48275 0
48534 12910592
48535 0
49114 12910592
49115 0
49374 12910592
49375 0
67174 12910592
67175 0
67404 12910592
67405 0
67944 12910592
67945 0
68174 12910592
68175 0
86803 12910592
86804 0
87063 12910592
87064 0
87643 12910592
87644 0
87903 12910592
87904 0
105317 12910592
105318 0
105577 12910592
105578 0
106157 12910592
106158 0
106417 12910592
106418 0
123831 12910592
123832 0
124091 12910592
124092 0
124671 12910592
124672 0
124931 12910592
124932 0
142345 12910592
142346 0
142605 12910592
142606 0
143185 12910592
143186 0
143445 12910592
143446 0
160860 12910592
160861 0
161120 12910592
161121 0
161700 12910592
161701 0
161960 12910592
161961 0
179374 12910592
179375 0
179634 12910592
179635 0
180214 12910592
180215 0
180474 12910592
180475 0
197888 12910592
197889 0
198148 12910592
198149 0
198728 12910592
198729 0
198988 12910592
198989 0
216403 12910592
216404 0
216663 12910592
216664 0
217243 12910592
217244 0
217503 12910592
217504 0
234917 12910592
234918 0
235177 12910592
235178 0
235757 12910592
235758 0
236017 12910592
236018 0
253431 12910592
253432 0
253691 12910592
253692 0
254271 12910592
254272 0
254531 12910592
254532 0
271945 12910592
271946 0
272205 12910592
272206 0
272785 12910592
272786 0
273045 12910592
273046 0
289860 12910592
289861 0
290120 12910592
290121 0
290700 12910592
290701 0
290960 12910592
290961 0
307474 12910592
307475 0
307734 12910592
307735 0
308314 12910592
308315 0
308574 12910592
308575 0
326374 12910592
326375 0
326634 12910592
326635 0
327214 12910592
327215 0
327474 12910592
327475 0
345353 12910592
345354 0
345613 12910592
345614 0
346193 12910592
346194 0
346453 12910592
346454 0
363542 12910592
363543 0
363802 12910592
363803 0
364382 12910592
364383 0
364642 12910592
364643 0
381732 12910592
381733 0
381992 12910592
381993 0
382572 12910592
382573 0
382832 12910592
382833 0
399921 12910592
399922 0
400181 12910592
400182 0
400761 12910592
400762 0
401021 12910592
401022 0
418111 12910592
418112 0
418371 12910592
418372 0
418951 12910592
418952 0
419211 12910592
419212 0
436300 12910592
436301 0
436530 12910592
436531 0
437070 12910592
437071 0
437300 12910592
437301 0
523474 12910592
523475 0
523734 12910592
523735 0
524314 12910592
524315 0
524574 12910592
524575 0
545437 12910592
545438 0
545697 12910592
545698 0
546277 12910592
546278 0
546537 12910592
546538 0
563627 12910592
563628 0
563887 12910592
563888 0
564467 12910592
564468 0
564727 12910592
564728 0
581816 12910592
581817 0
582076 12910592
582077 0
582656 12910592
582657 0
582916 12910592
582917 0
600006 12910592
600007 0
600266 12910592
600267 0
600846 12910592
600847 0
601106 12910592
601107 0
618195 12910592
618196 0
618455 12910592
618456 0
619035 12910592
619036 0
619295 12910592
619296 0
635785 12910592
635786 0
636045 12910592
636046 0
636625 12910592
636626 0
636885 12910592
636886 0
653074 12910592
653075 0
653334 12910592
653335 0
653914 12910592
653915 0
654174 12910592
654175 0
671974 12910592
671975 0
672204 12910592
672205 0
672744 12910592
672745 0
672974 12910592
672975 0
691603 12910592
691604 0
691863 12910592
691864 0
692443 12910592
692444 0
692703 12910592
692704 0
710117 12910592
710118 0
710377 12910592
710378 0
710957 12910592
710958 0
711217 12910592
711218 0
728631 12910592
728632 0
728891 12910592
728892 0
729471 12910592
729472 0
729731 12910592
729732 0
747145 12910592
747146 0
747405 12910592
747406 0
747985 12910592
747986 0
748245 12910592
748246 0
765660 12910592
765661 0
765920 12910592
765921 0
766500 12910592
766501 0
766760 12910592
766761 0
784174 12910592
784175 0
784434 12910592
784435 0
785014 12910592
785015 0
785274 12910592
785275 0
802688 12910592
802689 0
802948 12910592
802949 0
803528 12910592
803529 0
803788 12910592
803789 0
821203 12910592
821204 0
821463 12910592
821464 0
822043 12910592
822044 0
822303 12910592
822304 0
839717 12910592
839718 0
839977 12910592
839978 0
840557 12910592
840558 0
840817 12910592
840818 0
858231 12910592
858232 0
858491 12910592
858492 0
859071 12910592
859072 0
859331 12910592
859332 0
876745 12910592
876746 0
877005 12910592
877006 0
877585 12910592
877586 0
877845 12910592
877846 0
894660 12910592
894661 0
894920 12910592
894921 0
895500 12910592
895501 0
895760 12910592
895761 0
912274 12910592
912275 0
912534 12910592
912535 0
913114 12910592
913115 0
913374 12910592
913375 0
931174 12910592
931175 0
931434 12910592
931435 0
932014 12910592
932015 0
932274 12910592
932275 0
950153 12910592
950154 0
950413 12910592
950414 0
950993 12910592
950994 0
951253 12910592
951254 0
968342 12910592
968343 0
968602 12910592
968603 0
969182 12910592
969183 0
969442 12910592
969443 0
986532 12910592
986533 0
986792 12910592
986793 0
987372 12910592
987373 0
987632 12910592
987633 0
1004721 12910592
1004722 0
1004981 12910592
1004982 0
1005561 12910592
1005562 0
1005821 12910592
1005822 0
1022911 12910592
1022912 0
1023171 12910592
1023172 0
1023751 12910592
1023752 0
1024011 12910592
1024012 0
1041100 12910592
1041101 0
1041330 12910592
1041331 0
1041870 12910592
1041871 0
1042100 12910592
1042101 0
1059290 12910592
1059291 0
1059550 12910592
1059551 0
1060130 12910592
1060131 0
1060390 12910592
1060391 0
1077479 12910592
1077480 0
1077739 12910592
1077740 0
1078319 12910592
1078320 0
1078579 12910592
1078580 0
1095669 12910592
1095670 0
1095929 12910592
1095930 0
1096509 12910592
1096510 0
1096769 12910592
1096770 0
1113858 12910592
1113859 0
1114118 12910592
1114119 0
1114698 12910592
1114699 0
1114958 12910592
1114959 0
1132048 12910592
1132049 0
1132308 12910592
1132309 0
1132888 12910592
1132889 0
1133148 12910592
1133149 0
1150237 12910592
1150238 0
1150497 12910592
1150498 0
1151077 12910592
1151078 0
1151337 12910592
1151338 0
1168427 12910592
1168428 0
1168687 12910592
1168688 0
1169267 12910592
1169268 0
1169527 12910592
1169528 0
1186616 12910592
1186617 0
1186876 12910592
1186877 0
1187456 12910592
1187457 0
1187716 12910592
1187717 0
1204806 12910592
1204807 0
1205066 12910592
1205067 0
1205646 12910592
1205647 0
1205906 12910592
1205907 0
1222995 12910592
1222996 0
1223255 12910592
1223256 0
1223835 12910592
1223836 0
1224095 12910592
1224096 0
1240585 12910592
1240586 0
1240845 12910592
1240846 0
1241425 12910592
1241426 0
1241685 12910592
1241686 0
1257874 12910592
1257875 0
1258134 12910592
1258135 0
1258714 12910592
1258715 0
1258974 12910592
1258975 0
1277888 12910592
1277889 0
1278118 12910592
1278119 0
1278658 12910592
1278659 0
1278888 12910592
1278889 0
1296403 12910592
1296404 0
1296663 12910592
1296664 0
1297243 12910592
1297244 0
1297503 12910592
1297504 0
1314917 12910592
1314918 0
1315177 12910592
1315178 0
1315757 12910592
1315758 0
1316017 12910592
1316018 0
1333431 12910592
1333432 0
1333691 12910592
1333692 0
1334271 12910592
1334272 0
1334531 12910592
1334532 0
1351945 12910592
1351946 0
1352205 12910592
1352206 0
1352785 12910592
1352786 0
1353045 12910592
1353046 0
1370460 12910592
1370461 0
1370720 12910592
1370721 0
1371300 12910592
1371301 0
1371560 12910592
1371561 0
1388974 12910592
1388975 0
1389234 12910592
1389235 0
1389814 12910592
1389815 0
1390074 12910592
1390075 0
1407488 12910592
1407489 0
1407748 12910592
1407749 0
1408328 12910592
1408329 0
1408588 12910592
1408589 0
1426003 12910592
1426004 0
1426263 12910592
1426264 0
1426843 12910592
1426844 0
1427103 12910592
1427104 0
1444517 12910592
1444518 0
1444777 12910592
1444778 0
1445357 12910592
1445358 0
1445617 12910592
1445618 0
1463031 12910592
1463032 0
1463291 12910592
1463292 0
1463871 12910592
1463872 0
1464131 12910592
1464132 0
1481545 12910592
1481546 0
1481805 12910592
1481806 0
1482385 12910592
1482386 0
1482645 12910592
1482646 0
1499460 12910592
1499461 0
1499720 12910592
1499721 0
1500300 12910592
1500301 0
1500560 12910592
1500561 0
1517074 12910592
1517075 0
1517334 12910592
1517335 0
1517914 12910592
1517915 0
1518174 12910592
1518175 0
1536763 12910592
1536764 0
1537023 12910592
1537024 0
1537603 12910592
1537604 0
1537863 12910592
1537864 0
1554953 12910592
1554954 0
1555213 12910592
1555214 0
1555793 12910592
1555794 0
1556053 12910592
1556054 0
1573142 12910592
1573143 0
1573402 12910592
1573403 0
1573982 12910592
1573983 0
1574242 12910592
1574243 0
1591332 12910592
1591333 0
1591592 12910592
1591593 0
1592172 12910592
1592173 0
1592432 12910592
1592433 0
6 events for I
49325 0
49565 305
653765 0
654365 305
1258565 0
1259165 330
66 events for J
114575 3754
115295 0
117095 3754
120695 0
143375 3754
144095 0
145895 3754
149495 0
185675 3754
186395 0
188195 3754
191795 0
260375 3754
261095 0
262895 3754
266495 0
346775 1365
346955 0
348755 1365
349295 1979
363695 1365
363875 1979
378275 1365
378995 1979
393395 1365
393575 1979
407975 1365
408695 1979
423095 1365
423275 1979
437675 0
483575 665
515975 0
845615 3276
860615 0
875075 3754
875795 0
877595 3754
881195 0
893075 3754
893795 0
895595 3754
899195 0
963275 3754
963995 0
965795 3754
969395 0
984875 1365
985055 0
986855 1365
987395 2935
1001795 1365
1001975 2935
1016375 1365
1017095 2935
1031495 1365
1031675 2935
1046075 1365
1046795 2935
1061195 1365
1061375 2935
1075775 0
1432758 3276
1447758 0
1558254 665
1558255 0
0 events for K

0 events for L

664 events for M
16191 12910592
16192 0
16451 12910592
16452 0
17031 12910592
17032 0
17291 12910592
17292 0
33781 12910592
33782 0
34041 12910592
34042 0
34621 12910592
34622 0
34881 12910592
34882 0
51070 12910592
51071 0
51330 12910592
51331 0
51910 12910592
51911 0
52170 12910592
52171 0
69970 12910592
69971 0
70200 12910592
70201 0
70740 12910592
70741 0
70970 12910592
70971 0
89599 12910592
89600 0
89859 12910592
89860 0
90439 12910592
90440 0
90699 12910592
90700 0
108113 12910592
108114 0
108373 12910592
108374 0
108953 12910592
108954 0
109213 12910592
109214 0
126627 12910592
126628 0
126887 12910592
126888 0
127467 12910592
127468 0
127727 12910592
127728 0
145141 12910592
145142 0
145401 12910592
145402 0
145981 12910592
145982 0
146241 12910592
146242 0
163656 12910592
163657 0
163916 12910592
163917 0
164496 12910592
164497 0
164756 12910592
164757 0
182170 12910592
182171 0
182430 12910592
182431 0
183010 12910592
183011 0
183270 12910592
183271 0
200684 12910592
200685 0
200944 12910592
200945 0
201524 12910592
201525 0
201784 12910592
201785 0
219199 12910592
219200 0
219459 12910592
219460 0
220039 12910592
220040 0
220299 12910592
220300 0
237713 12910592
237714 0
237973 12910592
237974 0
238553 12910592
238554 0
238813 12910592
238814 0
256227 12910592
256228 0
256487 12910592
256488 0
257067 12910592
257068 0
257327 12910592
257328 0
274741 12910592
274742 0
275001 12910592
275002 0
275581 12910592
275582 0
275841 12910592
275842 0
292656 12910592
292657 0
292916 12910592
292917 0
293496 12910592
293497 0
293756 12910592
293757 0
310270 12910592
310271 0
310530 12910592
310531 0
311110 12910592
311111 0
311370 12910592
311371 0
329170 12910592
329171 0
329430 12910592
329431 0
330010 12910592
330011 0
330270 12910592
330271 0
348149 12910592
348150 0
348409 12910592
348410 0
348989 12910592
348990 0
349249 12910592
349250 0
366338 12910592
366339 0
366598 12910592
366599 0
367178 12910592
367179 0
367438 12910592
367439 0
384528 12910592
384529 0
384788 12910592
384789 0
385368 12910592
385369 0
385628 12910592
385629 0
402717 12910592
402718 0
402977 12910592
402978 0
403557 12910592
403558 0
403817 12910592
403818 0
420907 12910592
420908 0
421167 12910592
421168 0
421747 12910592
421748 0
422007 12910592
422008 0
439096 12910592
439097 0
439326 12910592
439327 0
439866 12910592
439867 0
440096 12910592
440097 0
526270 12910592
526271 0
526530 12910592
526531 0
527110 12910592
527111 0
527370 12910592
527371 0
548233 12910592
548234 0
548493 12910592
548494 0
549073 12910592
549074 0
549333 12910592
549334 0
566423 12910592
566424 0
566683 12910592
566684 0
567263 12910592
567264 0
567523 12910592
567524 0
584612 12910592
584613 0
584872 12910592
584873 0
585452 12910592
585453 0
585712 12910592
585713 0
602802 12910592
602803 0
603062 12910592
603063 0
603642 12910592
603643 0
603902 12910592
603903 0
620991 12910592
620992 0
621251 12910592
621252 0
621831 12910592
621832 0
622091 12910592
622092 0
638581 12910592
638582 0
638841 12910592
638842 0
639421 12910592
639422 0
639681 12910592
639682 0
655870 12910592
655871 0
656130 12910592
656131 0
656710 12910592
656711 0
656970 12910592
656971 0
674770 12910592
674771 0
675000 12910592
675001 0
675540 12910592
675541 0
675770 12910592
675771 0
694399 12910592
694400 0
694659 12910592
694660 0
695239 12910592
695240 0
695499 12910592
695500 0
712913 12910592
712914 0
713173 12910592
713174 0
713753 12910592
713754 0
714013 12910592
714014 0
731427 12910592
731428 0
731687 12910592
731688 0
732267 12910592
732268 0
732527 12910592
732528 0
749941 12910592
749942 0
750201 12910592
750202 0
750781 12910592
750782 0
751041 12910592
751042 0
768456 12910592
768457 0
768716 12910592
768717 0
769296 12910592
769297 0
769556 12910592
769557 0
786970 12910592
786971 0
787230 12910592
787231 0
787810 12910592
787811 0
788070 12910592
788071 0
805484 12910592
805485 0
805744 12910592
805745 0
806324 12910592
806325 0
806584 12910592
806585 0
823999 12910592
824000 0
824259 12910592
824260 0
824839 12910592
824840 0
825099 12910592
825100 0
842513 12910592
842514 0
842773 12910592
842774 0
843353 12910592
843354 0
843613 12910592
843614 0
861027 12910592
861028 0
861287 12910592
861288 0
861867 12910592
861868 0
862127 12910592
862128 0
879541 12910592
879542 0
879801 12910592
879802 0
880381 12910592
880382 0
880641 12910592
880642 0
897456 12910592
897457 0
897716 12910592
897717 0
898296 12910592
898297 0
898556 12910592
898557 0
915070 12910592
915071 0
915330 12910592
915331 0
915910 12910592
915911 0
916170 12910592
916171 0
933970 12910592
933971 0
934230 12910592
934231 0
934810 12910592
934811 0
935070 12910592
935071 0
952949 12910592
952950 0
953209 12910592
953210 0
953789 12910592
953790 0
954049 12910592
954050 0
971138 12910592
971139 0
971398 12910592
971399 0
971978 12910592
971979 0
972238 12910592
972239 0
989328 12910592
989329 0
989588 12910592
989589 0
990168 12910592
990169 0
990428 12910592
990429 0
1007517 12910592
1007518 0
1007777 12910592
1007778 0
1008357 12910592
1008358 0
1008617 12910592
1008618 0
1025707 12910592
1025708 0
1025967 12910592
1025968 0
1026547 12910592
1026548 0
1026807 12910592
1026808 0
1043896 12910592
1043897 0
1044126 12910592
1044127 0
1044666 12910592
1044667 0
1044896 12910592
1044897 0
1062086 12910592
1062087 0
1062346 12910592
1062347 0
1062926 12910592
1062927 0
1063186 12910592
1063187 0
1080275 12910592
1080276 0
1080535 12910592
1080536 0
1081115 12910592
1081116 0
1081375 12910592
1081376 0
1098465 12910592
1098466 0
1098725 12910592
1098726 0
1099305 12910592
1099306 0
1099565 12910592
1099566 0
1116654 12910592
1116655 0
1116914 12910592
1116915 0
1117494 12910592
1117495 0
1117754 12910592
1117755 0
1134844 12910592
1134845 0
1135104 12910592
1135105 0
1135684 12910592
1135685 0
1135944 12910592
1135945 0
1153033 12910592
1153034 0
1153293 12910592
1153294 0
1153873 12910592
1153874 0
1154133 12910592
1154134 0
1171223 12910592
1171224 0
1171483 12910592
1171484 0
1172063 12910592
1172064 0
1172323 12910592
1172324 0
1189412 12910592
1189413 0
1189672 12910592
1189673 0
1190252 12910592
1190253 0
1190512 12910592
1190513 0
1207602 12910592
1207603 0
1207862 12910592
1207863 0
1208442 12910592
1208443 0
1208702 12910592
1208703 0
1225791 12910592
1225792 0
1226051 12910592
1226052 0
1226631 12910592
1226632 0
1226891 12910592
1226892 0
1243381 12910592
1243382 0
1243641 12910592
1243642 0
1244221 12910592
1244222 0
1244481 12910592
1244482 0
1260670 12910592
1260671 0
1260930 12910592
1260931 0
1261510 12910592
1261511 0
1261770 12910592
1261771 0
1280684 12910592
1280685 0
1280914 12910592
1280915 0
1281454 12910592
1281455 0
1281684 12910592
1281685 0
1299199 12910592
1299200 0
1299459 12910592
1299460 0
1300039 12910592
1300040 0
1300299 12910592
1300300 0
1317713 12910592
1317714 0
1317973 12910592
1317974 0
1318553 12910592
1318554 0
1318813 12910592
1318814 0
1336227 12910592
1336228 0
1336487 12910592
1336488 0
1337067 12910592
1337068 0
1337327 12910592
1337328 0
1354741 12910592
1354742 0
1355001 12910592
1355002 0
1355581 12910592
1355582 0
1355841 12910592
1355842 0
1373256 12910592
1373257 0
1373516 12910592
1373517 0
1374096 12910592
1374097 0
1374356 12910592
1374357 0
1391770 12910592
1391771 0
1392030 12910592
1392031 0
1392610 12910592
1392611 0
1392870 12910592
1392871 0
1410284 12910592
1410285 0
1410544 12910592
1410545 0
1411124 12910592
1411125 0
1411384 12910592
1411385 0
1428799 12910592
1428800 0
1429059 12910592
1429060 0
1429639 12910592
1429640 0
1429899 12910592
1429900 0
1447313 12910592
1447314 0
1447573 12910592
1447574 0
1448153 12910592
1448154 0
1448413 12910592
1448414 0
1465827 12910592
1465828 0
1466087 12910592
1466088 0
1466667 12910592
1466668 0
1466927 12910592
1466928 0
1484341 12910592
1484342 0
1484601 12910592
1484602 0
1485181 12910592
1485182 0
1485441 12910592
1485442 0
1502256 12910592
1502257 0
1502516 12910592
1502517 0
1503096 12910592
1503097 0
1503356 12910592
1503357 0
1519870 12910592
1519871 0
1520130 12910592
1520131 0
1520710 12910592
1520711 0
1520970 12910592
1520971 0
1539559 12910592
1539560 0
1539819 12910592
1539820 0
1540399 12910592
1540400 0
1540659 12910592
1540660 0
1557749 12910592
1557750 0
1558009 12910592
1558010 0
1558589 12910592
1558590 0
1558849 12910592
1558850 0
1575938 12910592
1575939 0
1576198 12910592
1576199 0
1576778 12910592
1576779 0
1577038 12910592
1577039 0
1594128 12910592
1594129 0
1594388 12910592
1594389 0
1594968 12910592
1594969 0
1595228 12910592
1595229 0
0 events for N

49 events for O
13200 487
68879 2414
86608 487
90808 2414
98779 487
144319 2414
160104 487
349358 2414
356779 487
385782 2414
417822 487
438005 2414
439845 487
595879 2414
618000 487
622203 2414
644179 487
673679 2414
691403 487
695610 2414
703279 487
789979 2414
802433 487
806693 2414
839522 487
1006626 2414
1022716 487
1026916 2414
1058975 487
1063355 2414
1092379 487
1133953 2414
1149981 487
1154242 2414
1178779 1285
1279593 2414
1281433 1285
1286486 2414
1296208 1285
1300408 2414
1308208 1285
1416379 2414
1444322 1285
1448522 2414
1459579 1285
1485550 2414
1516879 1285
1530079 2414
1540468 1285
18 events for P
117473 42873674
117478 0
139073 60808152
139078 0
225473 123650191
225478 0
247073 112353360
247078 0
268673 191051956
268678 0
290273 148359728
290278 0
951113 92231261
951118 0
981473 67412016
981478 0
1290160 67429102
1290165 0
370 events for Q
19791 12910592
19792 0
22791 12910592
22792 0
25139 12910592
25140 0
27481 12910592
27482 0
30481 12910592
30482 0
33781 12910592
33782 0
36781 12910592
36782 0
40775 12910592
40776 0
44770 12910592
44771 0
47773 12910592
47774 0
72105 12910592
72106 0
78970 12910592
78971 0
86130 12910592
86131 0
95470 12910592
95471 0
104813 12910592
104814 0
108116 12910592
108117 0
115613 12910592
115614 0
123113 12910592
123114 0
130993 12910592
130994 0
138069 12910592
138070 0
145815 12910592
145816 0
152805 12910592
152806 0
159550 12910592
159551 0
167470 12910592
167471 0
178270 12910592
178271 0
182473 12910592
182474 0
196270 12910592
196271 0
205380 12910592
205381 0
211934 12910592
211935 0
221834 12910592
221835 0
228670 12910592
228671 0
232270 12910592
232271 0
241313 12910592
241314 0
245470 12910592
245471 0
249553 12910592
249554 0
257470 12910592
257471 0
260950 12910592
260951 0
265870 12910592
265871 0
270972 12910592
270973 0
287830 12910592
287831 0
332170 12910592
332171 0
337270 12910592
337271 0
344470 12910592
344471 0
352271 12910592
352272 0
362590 12910592
362591 0
366310 12910592
366311 0
372819 12910592
372820 0
380990 12910592
380991 0
390670 12910592
390671 0
397210 12910592
397211 0
403270 12910592
403271 0
410148 12910592
410149 0
416470 12910592
416471 0
424807 12910592
424808 0
430232 12910592
430233 0
441850 12910592
441851 0
448232 12910592
448233 0
454870 12910592
454871 0
470620 12910592
470621 0
476470 12910592
476471 0
491470 12910592
491471 0
504070 12910592
504071 0
519370 12910592
519371 0
530170 12910592
530171 0
537492 12910592
537493 0
544812 12910592
544813 0
548348 12910592
548349 0
555696 12910592
555697 0
563042 12910592
563043 0
570069 12910592
570070 0
576071 12910592
576072 0
580870 12910592
580871 0
592270 12910592
592271 0
598271 12910592
598272 0
606310 12910592
606311 0
617170 12910592
617171 0
629936 12910592
629937 0
641225 12910592
641226 0
647470 12910592
647471 0
652570 12910592
652571 0
679870 12910592
679871 0
687670 12910592
687671 0
698472 12910592
698473 0
704470 12910592
704471 0
709613 12910592
709614 0
712913 12910592
712914 0
720522 12910592
720523 0
728127 12910592
728128 0
735670 12910592
735671 0
739870 12910592
739871 0
744071 12910592
744072 0
746470 12910592
746471 0
751443 12910592
751444 0
755470 12910592
755471 0
759670 12910592
759671 0
763656 12910592
763657 0
772058 12910592
772059 0
777863 12910592
777864 0
783670 12910592
783671 0
788170 12910592
788171 0
832450 12910592
832451 0
835390 12910592
835391 0
839170 12910592
839171 0
846115 12910592
846116 0
849673 12910592
849674 0
853234 12910592
853235 0
861070 12910592
861071 0
865872 12910592
865873 0
870670 12910592
870671 0
875470 12910592
875471 0
933970 12910592
933971 0
939672 12910592
939673 0
945070 12910592
945071 0
949270 12910592
949271 0
956549 12910592
956550 0
961051 12910592
961052 0
964690 12910592
964691 0
993070 12910592
993071 0
997498 12910592
997499 0
1002069 12910592
1002070 0
1007652 12910592
1007653 0
1014850 12910592
1014851 0
1022050 12910592
1022051 0
1030332 12910592
1030333 0
1039990 12910592
1039991 0
1049470 12910592
1049471 0
1056670 12910592
1056671 0
1069270 12910592
1069271 0
1074670 12910592
1074671 0
1083070 12910592
1083071 0
1090870 12910592
1090871 0
1094470 12910592
1094471 0
1105270 12910592
1105271 0
1110670 12910592
1110671 0
1121470 12910592
1121471 0
1128670 12910592
1128671 0
1137852 12910592
1137853 0
1146610 12910592
1146611 0
1158582 12910592
1158583 0
1164970 12910592
1164971 0
1177270 12910592
1177271 0
1182670 12910592
1182671 0
1193014 12910592
1193015 0
1198657 12910592
1198658 0
1204302 12910592
1204303 0
1207870 12910592
1207871 0
1215048 12910592
1215049 0
1222491 12910592
1222492 0
1232470 12910592
1232471 0
1237870 12910592
1237871 0
1274770 12910592
1274771 0
1317670 12910592
1317671 0
1325215 12910592
1325216 0
1332713 12910592
1332714 0
1342870 12910592
1342871 0
1347671 12910592
1347672 0
1354741 12910592
1354742 0
1362348 12910592
1362349 0
1369872 12910592
1369873 0
1378870 12910592
1378871 0
1387270 12910592
1387271 0
1393272 12910592
1393273 0
1402270 12910592
1402271 0
1413670 12910592
1413671 0
1421470 12910592
1421471 0
1431370 12910592
1431371 0
1440550 12910592
1440551 0
1453810 12910592
1453811 0
1461670 12910592
1461671 0
1467072 12910592
1467073 0
1474270 12910592
1474271 0
1490232 12910592
1490233 0
1496170 12910592
1496171 0
1503550 12910592
1503551 0
1509250 12910592
1509251 0
1516090 12910592
1516091 0
1534510 12910592
1534511 0
1539559 12910592
1539560 0
1544470 12910592
1544471 0
1549992 12910592
1549993 0
1562470 12910592
1562471 0
1570872 12910592
1570873 0
1582270 12910592
1582271 0
1589470 12910592
1589471 0
1600270 12910592
1600271 0
17 events for R
48895 700
48940 0
67055 600
67235 1300
307315 700
307360 0
326255 600
326375 1300
653875 700
653920 0
671675 1300
913474 0
930875 1300
1259074 0
1270475 1950
1518274 0
1529675 1950
126 events for S
11998 240
19197 344
47998 240
51587 444
69597 548
83998 444
91197 548
98397 1471
120030 2754
121798 1727
127197 1830
132287 1626
138848 1564
139148 3817
141630 2534
159598 2431
166797 2534
195598 2431
202797 2534
203948 344
224387 548
231598 444
238797 548
271198 444
278397 548
307198 444
310787 240
313088 178
313388 240
328797 344
343198 240
350397 344
357597 1267
379198 240
389997 344
416998 240
422397 344
422419 594
422430 1877
443987 2081
443997 3004
465587 2800
465597 1877
465630 594
478198 491
483619 240
484568 178
484868 240
487197 344
521398 240
530397 344
578998 240
586197 344
601497 1267
615898 240
623997 1267
652798 240
656408 2431
674397 2534
690598 2431
695997 2534
724830 3817
726598 3713
731997 3817
739208 1626
764398 1523
768030 240
771597 1267
793197 344
800398 240
807597 344
811187 548
829187 344
836398 240
843597 344
874198 240
883197 344
911998 240
933597 344
983998 240
991197 344
1019998 240
1027197 344
1055998 240
1064997 344
1093798 240
1099197 344
1124397 1267
1131587 1471
1145998 444
1156797 548
1163997 1471
1174808 1409
1175108 1471
1178408 3662
1178430 4944
1185598 3917
1192797 4944
1221598 3917
1221608 1727
1228797 2754
1243230 1471
1258798 444
1261208 2635
1271997 3662
1293598 2635
1300797 3662
1307987 3458
1329598 2431
1338597 2534
1369198 2431
1376397 2534
1405198 2431
1412397 3458
1433987 3662
1441198 2635
1448397 3662
1478998 2635
1487997 3662
1517998 2635
1520387 2431
1531197 2534
1554598 2431
1559997 2534
1588798 2431
1595997 2534
0 events for T

