20 instruments
A 10 100 37632 50328700
B 10 100 376310 320000000
C 10 100 2338 640000000
D 10 100 431759.25152321503 367151977.05994737
E 10 100 804865230.11019051 7419592213.7182751
F 10 100 1935.2198577632046 529743673.63920057
G 10 100 7196.0339286610251 2810950753.383213
H 10 100 2022727.6804039259 699754440.78838515
I 10 100 5910082.7758317869 3030989320.3134623
J 10 100 0.00018444817663405244 950598422.35720563
K 10 100 1801610371.8348846 4747451505.5334387
L 10 100 20412.132877845776 869835207.86274612
M 10 100 0 888000000
N 10 100 2419.0747377101388 662193255.831689
O 10 100 0 974485132.8010211
P 10 100 0 276873309.16802311
Q 10 100 183507440.74517861 809594356.20986629
R 10 100 199466000 880000000
S 10 100 154000 595557000
T 10 100 0.00018113117344584602 933503441.77673233
140 downlinks
0 862 44901 9462.077765
1 44902 60235 8739.387213
2 100749 115653 27177.101999999999
3 131202 155311 28867.988366000001
4 156252 178780 8757.0573490000006
5 217503 259751 30482.278361000001
6 259752 296645 9337.789702
7 296646 325107 8515.7706749999998
8 365949 380832 8900.7025030000004
9 383042 408831 8778.3355150000007
10 408842 437214 29886.497736000001
11 439739 466980 29243.536622
12 467699 471912 26517.245249
13 476408 490680 8834.4018649999998
14 509939 521314 9457.9623840000004
15 533335 553231 28164.872808
16 562710 604939 30503.298975000002
17 604940 627355 8691.2845450000004
18 627831 637826 8525.9525360000007
19 640491 644244 28086.786929000002
20 705549 733493 9305.8530659999997
21 735317 739831 9003.7058219999999
22 765228 780989 29720.859928999998
23 813982 817639 28196.056719
24 821621 838334 8724.7512220000008
25 839924 867259 9238.0711549999996
26 868180 907924 29465.914934
27 907925 915901 8736.7051790000005
28 938920 952934 8623.2506759999997
29 964749 986998 8421.9856619999991
30 991239 1011098 27549.328343000001
31 1022916 1040175 29572.320551000001
32 1042472 1072611 29086.290951999999
33 1072712 1101387 8813.8421070000004
34 1109612 1126578 29493.047434
35 1134508 1157999 27435.630709000001
36 1158890 1170418 29792.428981000001
37 1173508 1183391 8997.6095590000004
38 1186408 1209595 26654.011493000002
39 1223949 1247074 8664.3956859999998
40 1247304 1273163 8910.3347130000002
41 1316349 1336346 9263.3037550000008
42 1339455 1345687 8194.1372179999998
43 1357400 1370063 8812.3468479999992
44 1388896 1390727 28513.272391999999
45 1417571 1421732 29797.943813000002
46 1425763 1460595 9287.2106050000002
47 1460596 1471348 9493.8769009999996
48 1474752 1510832 29841.66733
49 1512071 1516749 9031.5484039999992
50 1575549 1587179 27058.173078
51 1589288 1592845 27764.822221999999
52 1596788 1613390 8866.3210920000001
53 1625275 1637435 30200.423556999998
54 1640547 1645391 9259.4321029999992
55 1649583 1673654 9457.3783449999992
56 1675383 1679211 29542.407908000001
57 1684689 1699532 8564.5545529999999
58 1708683 1731352 9335.3412189999999
59 1733879 1762605 27874.981927000001
60 1770999 1813154 30587.746092000001
61 1813155 1857307 9231.3874039999992
62 1857308 1873526 8609.2624169999999
63 1874875 1891107 8689.6108280000008
64 1899460 1901507 26609.79682
65 1921149 1940754 8915.2263710000007
66 1943619 1973569 9094.9622560000007
67 1973570 1991284 8333.9255690000009
68 1991866 1998207 27500.430241999999
69 2012284 2028637 8601.7316499999997
70 2029930 2064843 9100.8958739999998
71 2078561 2091850 9427.4328960000003
72 2094821 2105233 27243.904355999999
73 2107661 2129381 8431.3051790000009
74 2158377 2160699 27636.251289
75 2180349 2199637 8831.2619180000002
76 2200745 2217344 8966.6639699999996
77 2224956 2230707 54396.705881000002
78 2234499 2248527 58970.262822999997
79 2251112 2280151 57826.355975999999
80 2280152 2290896 17374.699861000001
81 2306252 2333043 57611.601310999999
82 2333252 2365332 59023.283414999998
83 2366074 2371824 55193.106121999997
84 2375180 2417297 25530.421285
85 2417298 2461493 29269.697155999998
86 2461494 2465584 16830.732371999999
87 2478742 2493409 28226.256141999998
88 2495739 2498290 60093.408818999997
89 2538737 2568436 58272.632834999997
90 2568437 2575711 61499.660580999996
91 2589914 2611211 28538.149495000001
92 2624759 2630581 18090.695755000001
93 2634124 2649336 23661.293665000001
94 2651233 2679187 28757.617953000001
95 2679188 2721484 56137.919716999997
96 2722628 2739522 23437.772314999998
97 2754728 2767368 55980.942202999999
98 2780583 2794435 60635.164006999999
99 2797323 2828250 23619.145155999999
100 2848843 2857109 53049.165158000003
101 2859718 2882877 23042.764167000001
102 2882878 2887330 53421.323553000002
103 2890766 2895446 23396.302264000002
104 2899018 2911922 22759.633384000001
105 2935154 2939753 53785.922146999997
106 2950913 2967367 23595.771228000001
107 2969674 2976331 17076.713232999999
108 2979389 3014512 24932.393585000002
109 3014513 3024736 29494.590024000001
110 3027768 3033640 55821.075068999999
111 3037008 3054297 22968.383259999999
112 3055368 3059549 57490.653299999998
113 3077741 3082801 25500.801521000001
114 3124749 3148135 24904.219582000002
115 3152025 3156093 26817.789122999999
116 3168403 3198466 30236.225505999999
117 3201697 3222088 64968.303881
118 3228359 3234688 18980.648960999999
119 3238343 3279309 26276.326033000001
120 3280402 3322686 30209.873796
121 3324663 3328925 26595.764298999999
122 3359492 3366472 25812.000550000001
123 3385887 3397146 26242.243616
124 3400647 3404366 60521.572561000001
125 3412287 3429080 25759.527445
126 3443787 3456045 62910.21802
127 3459442 3493228 62402.514213000002
128 3497305 3509970 26087.487331
129 3525982 3543463 30312.554313000001
130 3550877 3562509 61079.659066
131 3573377 3585267 18673.221132999999
132 3588137 3591042 64240.288658999998
133 3595779 3605355 31143.729536999999
134 3609819 3620246 31955.262932000001
135 3625659 3664693 32548.652656999999
136 3669948 3680187 26591.031461999999
137 3685871 3695711 31032.775088999999
138 3729549 3750488 26518.557602000001
139 3756270 3760822 27135.491309000001
0 opportunities for A
0 opportunities for B
0 opportunities for C
0 opportunities for D
0 opportunities for E
0 opportunities for F
0 opportunities for G
0 opportunities for H
0 opportunities for I
0 opportunities for J
0 opportunities for K
0 opportunities for L
0 opportunities for M
0 opportunities for N
0 opportunities for O
0 opportunities for P
0 opportunities for Q
0 opportunities for R
0 opportunities for S
0 opportunities for T
4 events for A
691749 0
691750 18
3110949 0
3110950 18
75 events for B
86349 0
86949 224
691149 0
1041189 20
1041369 0
1043529 20
1043709 0
1043769 28
1209909 0
1222209 20
1222389 0
1224549 20
1224729 0
1224789 126
1296309 0
1296549 305
1900749 0
1901349 305
2505549 0
2506149 330
3110349 0
3125229 20
3125409 0
3127569 20
3127749 0
3127809 126
3153729 0
3154389 20
3154569 0
3156729 20
3156909 0
3156969 218
3172029 0
3172689 20
3172869 0
3175029 20
3175209 0
3175269 32
3312789 28
3313089 0
3313749 20
3313929 0
3316089 20
3316269 0
3316329 201
3343269 28
3343569 0
3343629 20
3343809 203
3369849 0
3382209 20
3382389 0
3384549 20
3384729 0
3384789 36
3403869 0
3404529 20
3404709 0
3406869 20
3407049 0
3407109 36
3426189 0
3426849 20
3427029 0
3429189 20
3429369 0
3429429 36
3458649 0
3654609 20
3654789 0
3656949 20
3657129 0
3657189 12
3715449 0
3715749 330
149 events for C
17791 873
46591 0
98349 1365
98529 0
100329 1365
100869 3481
120069 0
201635 873
230435 0
275692 873
304492 0
363549 1365
364269 3481
383469 0
443826 3276
458826 0
693849 1979
695049 0
696849 1979
710049 0
879418 8
879419 0
880492 1365
880672 0
882472 1365
883012 1979
897412 1365
897592 1979
911992 1365
912712 1979
927112 1365
927292 1979
941692 1365
942412 1979
956812 1365
956992 1979
971392 0
1009792 3754
1010512 0
1012312 3754
1015912 0
1049349 3754
1050069 0
1051869 3754
1055469 0
1084449 3754
1085169 0
1086969 3754
1090569 0
1125849 3754
1126569 0
1128369 3754
1131969 0
1169049 3754
1169769 0
1171569 3754
1175169 0
1361649 3754
1362369 0
1364169 3754
1367769 0
1390449 3754
1391169 0
1392969 3754
1396569 0
1432749 3754
1433469 0
1435269 3754
1438869 0
1507449 3754
1508169 0
1509969 3754
1513569 0
1593849 1365
1594029 0
1595829 1365
1596369 1979
1610769 1365
1610949 1979
1625349 1365
1626069 1979
1640469 1365
1640649 1979
1655049 1365
1655769 1979
1670169 1365
1670349 1979
1684749 0
1730649 665
1763049 0
2092689 3276
2107689 0
2122149 3754
2122869 0
2124669 3754
2128269 0
2140149 3754
2140869 0
2142669 3754
2146269 0
2210349 3754
2211069 0
2212869 3754
2216469 0
2231949 1365
2232129 0
2233929 1365
2234469 2935
2248869 1365
2249049 2935
2263449 1365
2264169 2935
2278569 1365
2278749 2935
2293149 1365
2293869 2935
2308269 1365
2308449 2935
2322849 0
2679832 3276
2694832 0
2805328 665
2805329 0
2878086 665
2878087 0
2951984 3276
2966984 0
3122649 1979
3123849 0
3125649 1979
3129249 1365
3129969 1979
3144369 1365
3144549 1979
3173349 1365
3174069 1979
3188469 1365
3188649 1979
3222249 1365
3222969 1979
3237369 1365
3237549 1979
3256749 0
3298620 4096
3306820 0
3591075 665
3620235 0
3756163 665
3785683 0
75 events for D
88889 0
89489 224
693689 0
1043729 20
1043909 0
1046069 20
1046249 0
1046309 28
1212449 0
1224749 20
1224929 0
1227089 20
1227269 0
1227329 126
1298849 0
1299089 305
1903289 0
1903889 305
2508089 0
2508689 330
3112889 0
3127769 20
3127949 0
3130109 20
3130289 0
3130349 126
3156269 0
3156929 20
3157109 0
3159269 20
3159449 0
3159509 218
3174569 0
3175229 20
3175409 0
3177569 20
3177749 0
3177809 32
3315329 28
3315629 0
3316289 20
3316469 0
3318629 20
3318809 0
3318869 201
3345809 28
3346109 0
3346169 20
3346349 203
3372389 0
3384749 20
3384929 0
3387089 20
3387269 0
3387329 36
3406409 0
3407069 20
3407249 0
3409409 20
3409589 0
3409649 36
3428729 0
3429389 20
3429569 0
3431729 20
3431909 0
3431969 36
3461189 0
3657149 20
3657329 0
3659489 20
3659669 0
3659729 12
3717989 0
3718289 330
70 events for E
563583 26968906
563588 0
585183 134824032
585188 0
588109 20221556
588114 0
779523 83191028
779528 0
973923 38234987
973928 0
995523 107957608
995528 0
1017123 350862225
1017128 0
1017129 4498234
1017134 0
1038723 38234987
1038728 0
1362783 42873674
1362788 0
1384383 60808152
1384388 0
1470783 123650191
1470788 0
1492383 112353360
1492388 0
1513983 191051956
1513988 0
1535583 148359728
1535588 0
2196423 92231261
2196428 0
2226783 67412016
2226788 0
2535470 67429102
2535475 0
2881070 42866846
2881075 0
2902670 36098616
2902675 0
3032270 15230225
3032275 0
3053870 42774218
3053875 0
3075470 51729687
3075475 0
3095376 67442760
3095381 0
3155523 51185344
3155528 0
3220323 36088368
3220328 0
3263523 46317017
3263528 0
3328323 62132584
3328328 0
3414723 55765577
3414728 0
3479523 60879901
3479528 0
3565923 79077832
3565928 0
3587523 48576383
3587528 0
3652323 294648376
3652328 0
3673923 296678458
3673928 0
3695523 98892820
3695528 0
149 events for F
19322 873
48122 0
99880 1365
100060 0
101860 1365
102400 3481
121600 0
203166 873
231966 0
277223 873
306023 0
365080 1365
365800 3481
385000 0
445357 3276
460357 0
695380 1979
696580 0
698380 1979
711580 0
880949 8
880950 0
882023 1365
882203 0
884003 1365
884543 1979
898943 1365
899123 1979
913523 1365
914243 1979
928643 1365
928823 1979
943223 1365
943943 1979
958343 1365
958523 1979
972923 0
1011323 3754
1012043 0
1013843 3754
1017443 0
1050880 3754
1051600 0
1053400 3754
1057000 0
1085980 3754
1086700 0
1088500 3754
1092100 0
1127380 3754
1128100 0
1129900 3754
1133500 0
1170580 3754
1171300 0
1173100 3754
1176700 0
1363180 3754
1363900 0
1365700 3754
1369300 0
1391980 3754
1392700 0
1394500 3754
1398100 0
1434280 3754
1435000 0
1436800 3754
1440400 0
1508980 3754
1509700 0
1511500 3754
1515100 0
1595380 1365
1595560 0
1597360 1365
1597900 1979
1612300 1365
1612480 1979
1626880 1365
1627600 1979
1642000 1365
1642180 1979
1656580 1365
1657300 1979
1671700 1365
1671880 1979
1686280 0
1732180 665
1764580 0
2094220 3276
2109220 0
2123680 3754
2124400 0
2126200 3754
2129800 0
2141680 3754
2142400 0
2144200 3754
2147800 0
2211880 3754
2212600 0
2214400 3754
2218000 0
2233480 1365
2233660 0
2235460 1365
2236000 2935
2250400 1365
2250580 2935
2264980 1365
2265700 2935
2280100 1365
2280280 2935
2294680 1365
2295400 2935
2309800 1365
2309980 2935
2324380 0
2681363 3276
2696363 0
2806859 665
2806860 0
2879617 665
2879618 0
2953515 3276
2968515 0
3124180 1979
3125380 0
3127180 1979
3130780 1365
3131500 1979
3145900 1365
3146080 1979
3174880 1365
3175600 1979
3190000 1365
3190180 1979
3223780 1365
3224500 1979
3238900 1365
3239080 1979
3258280 0
3300151 4096
3308351 0
3592606 665
3621766 0
3757694 665
3787214 0
1624 events for G
338 12910592
339 0
598 12910592
599 0
17687 12910592
17688 0
17947 12910592
17948 0
18527 12910592
18528 0
18787 12910592
18788 0
35877 12910592
35878 0
36137 12910592
36138 0
36717 12910592
36718 0
36977 12910592
36978 0
54066 12910592
54067 0
54326 12910592
54327 0
54906 12910592
54907 0
55166 12910592
55167 0
71656 12910592
71657 0
71916 12910592
71917 0
72496 12910592
72497 0
72756 12910592
72757 0
88945 12910592
88946 0
89205 12910592
89206 0
89785 12910592
89786 0
90045 12910592
90046 0
108959 12910592
108960 0
109189 12910592
109190 0
109729 12910592
109730 0
109959 12910592
109960 0
127474 12910592
127475 0
127734 12910592
127735 0
128314 12910592
128315 0
128574 12910592
128575 0
145988 12910592
145989 0
146248 12910592
146249 0
146828 12910592
146829 0
147088 12910592
147089 0
164502 12910592
164503 0
164762 12910592
164763 0
165342 12910592
165343 0
165602 12910592
165603 0
183016 12910592
183017 0
183276 12910592
183277 0
183856 12910592
183857 0
184116 12910592
184117 0
201531 12910592
201532 0
201791 12910592
201792 0
202371 12910592
202372 0
202631 12910592
202632 0
220045 12910592
220046 0
220305 12910592
220306 0
220885 12910592
220886 0
221145 12910592
221146 0
238559 12910592
238560 0
238819 12910592
238820 0
239399 12910592
239400 0
239659 12910592
239660 0
257074 12910592
257075 0
257334 12910592
257335 0
257914 12910592
257915 0
258174 12910592
258175 0
275588 12910592
275589 0
275848 12910592
275849 0
276428 12910592
276429 0
276688 12910592
276689 0
294102 12910592
294103 0
294362 12910592
294363 0
294942 12910592
294943 0
295202 12910592
295203 0
312616 12910592
312617 0
312876 12910592
312877 0
313456 12910592
313457 0
313716 12910592
313717 0
330531 12910592
330532 0
330791 12910592
330792 0
331371 12910592
331372 0
331631 12910592
331632 0
348145 12910592
348146 0
348405 12910592
348406 0
348985 12910592
348986 0
349245 12910592
349246 0
367045 12910592
367046 0
367305 12910592
367306 0
367885 12910592
367886 0
368145 12910592
368146 0
386024 12910592
386025 0
386284 12910592
386285 0
386864 12910592
386865 0
387124 12910592
387125 0
404213 12910592
404214 0
404473 12910592
404474 0
405053 12910592
405054 0
405313 12910592
405314 0
422403 12910592
422404 0
422663 12910592
422664 0
423243 12910592
423244 0
423503 12910592
423504 0
440592 12910592
440593 0
440852 12910592
440853 0
441432 12910592
441433 0
441692 12910592
441693 0
458782 12910592
458783 0
459042 12910592
459043 0
459622 12910592
459623 0
459882 12910592
459883 0
476971 12910592
476972 0
477201 12910592
477202 0
477741 12910592
477742 0
477971 12910592
477972 0
495161 12910592
495162 0
495421 12910592
495422 0
496001 12910592
496002 0
496261 12910592
496262 0
513350 12910592
513351 0
513610 12910592
513611 0
514190 12910592
514191 0
514450 12910592
514451 0
531540 12910592
531541 0
531800 12910592
531801 0
532380 12910592
532381 0
532640 12910592
532641 0
547945 12910592
547946 0
548175 12910592
548176 0
548715 12910592
548716 0
548945 12910592
548946 0
567919 12910592
567920 0
568179 12910592
568180 0
568759 12910592
568760 0
569019 12910592
569020 0
586108 12910592
586109 0
586368 12910592
586369 0
586948 12910592
586949 0
587208 12910592
587209 0
604298 12910592
604299 0
604558 12910592
604559 0
605138 12910592
605139 0
605398 12910592
605399 0
622487 12910592
622488 0
622747 12910592
622748 0
623327 12910592
623328 0
623587 12910592
623588 0
640677 12910592
640678 0
640937 12910592
640938 0
641517 12910592
641518 0
641777 12910592
641778 0
658866 12910592
658867 0
659126 12910592
659127 0
659706 12910592
659707 0
659966 12910592
659967 0
676456 12910592
676457 0
676716 12910592
676717 0
677296 12910592
677297 0
677556 12910592
677557 0
693745 12910592
693746 0
694005 12910592
694006 0
694585 12910592
694586 0
694845 12910592
694846 0
713759 12910592
713760 0
713989 12910592
713990 0
714529 12910592
714530 0
714759 12910592
714760 0
732274 12910592
732275 0
732534 12910592
732535 0
733114 12910592
733115 0
733374 12910592
733375 0
750788 12910592
750789 0
751048 12910592
751049 0
751628 12910592
751629 0
751888 12910592
751889 0
769302 12910592
769303 0
769562 12910592
769563 0
770142 12910592
770143 0
770402 12910592
770403 0
787816 12910592
787817 0
788076 12910592
788077 0
788656 12910592
788657 0
788916 12910592
788917 0
806331 12910592
806332 0
806591 12910592
806592 0
807171 12910592
807172 0
807431 12910592
807432 0
824845 12910592
824846 0
825105 12910592
825106 0
825685 12910592
825686 0
825945 12910592
825946 0
843359 12910592
843360 0
843619 12910592
843620 0
844199 12910592
844200 0
844459 12910592
844460 0
861874 12910592
861875 0
862134 12910592
862135 0
862714 12910592
862715 0
862974 12910592
862975 0
880388 12910592
880389 0
880648 12910592
880649 0
881228 12910592
881229 0
881488 12910592
881489 0
898902 12910592
898903 0
899162 12910592
899163 0
899742 12910592
899743 0
900002 12910592
900003 0
917416 12910592
917417 0
917676 12910592
917677 0
918256 12910592
918257 0
918516 12910592
918517 0
935331 12910592
935332 0
935591 12910592
935592 0
936171 12910592
936172 0
936431 12910592
936432 0
952945 12910592
952946 0
953205 12910592
953206 0
953785 12910592
953786 0
954045 12910592
954046 0
972634 12910592
972635 0
972894 12910592
972895 0
973474 12910592
973475 0
973734 12910592
973735 0
993195 12910592
993196 0
993455 12910592
993456 0
994035 12910592
994036 0
994295 12910592
994296 0
1007595 12910592
1007596 0
1007855 12910592
1007856 0
1008435 12910592
1008436 0
1008695 12910592
1008696 0
1027203 12910592
1027204 0
1027463 12910592
1027464 0
1028043 12910592
1028044 0
1028303 12910592
1028304 0
1045392 12910592
1045393 0
1045652 12910592
1045653 0
1046232 12910592
1046233 0
1046492 12910592
1046493 0
1063582 12910592
1063583 0
1063842 12910592
1063843 0
1064422 12910592
1064423 0
1064682 12910592
1064683 0
1081771 12910592
1081772 0
1082001 12910592
1082002 0
1082541 12910592
1082542 0
1082771 12910592
1082772 0
1099961 12910592
1099962 0
1100221 12910592
1100222 0
1100801 12910592
1100802 0
1101061 12910592
1101062 0
1118150 12910592
1118151 0
1118410 12910592
1118411 0
1118990 12910592
1118991 0
1119250 12910592
1119251 0
1136340 12910592
1136341 0
1136600 12910592
1136601 0
1137180 12910592
1137181 0
1137440 12910592
1137441 0
1154529 12910592
1154530 0
1154789 12910592
1154790 0
1155369 12910592
1155370 0
1155629 12910592
1155630 0
1172719 12910592
1172720 0
1172979 12910592
1172980 0
1173559 12910592
1173560 0
1173819 12910592
1173820 0
1190908 12910592
1190909 0
1191168 12910592
1191169 0
1191748 12910592
1191749 0
1192008 12910592
1192009 0
1209098 12910592
1209099 0
1209358 12910592
1209359 0
1209938 12910592
1209939 0
1210198 12910592
1210199 0
1227287 12910592
1227288 0
1227547 12910592
1227548 0
1228127 12910592
1228128 0
1228387 12910592
1228388 0
1245477 12910592
1245478 0
1245737 12910592
1245738 0
1246317 12910592
1246318 0
1246577 12910592
1246578 0
1263666 12910592
1263667 0
1263926 12910592
1263927 0
1264506 12910592
1264507 0
1264766 12910592
1264767 0
1281256 12910592
1281257 0
1281516 12910592
1281517 0
1282096 12910592
1282097 0
1282356 12910592
1282357 0
1298545 12910592
1298546 0
1298805 12910592
1298806 0
1299385 12910592
1299386 0
1299645 12910592
1299646 0
1317445 12910592
1317446 0
1317675 12910592
1317676 0
1318215 12910592
1318216 0
1318445 12910592
1318446 0
1337074 12910592
1337075 0
1337334 12910592
1337335 0
1337914 12910592
1337915 0
1338174 12910592
1338175 0
1355588 12910592
1355589 0
1355848 12910592
1355849 0
1356428 12910592
1356429 0
1356688 12910592
1356689 0
1374102 12910592
1374103 0
1374362 12910592
1374363 0
1374942 12910592
1374943 0
1375202 12910592
1375203 0
1392616 12910592
1392617 0
1392876 12910592
1392877 0
1393456 12910592
1393457 0
1393716 12910592
1393717 0
1411131 12910592
1411132 0
1411391 12910592
1411392 0
1411971 12910592
1411972 0
1412231 12910592
1412232 0
1429645 12910592
1429646 0
1429905 12910592
1429906 0
1430485 12910592
1430486 0
1430745 12910592
1430746 0
1448159 12910592
1448160 0
1448419 12910592
1448420 0
1448999 12910592
1449000 0
1449259 12910592
1449260 0
1466674 12910592
1466675 0
1466934 12910592
1466935 0
1467514 12910592
1467515 0
1467774 12910592
1467775 0
1485188 12910592
1485189 0
1485448 12910592
1485449 0
1486028 12910592
1486029 0
1486288 12910592
1486289 0
1503702 12910592
1503703 0
1503962 12910592
1503963 0
1504542 12910592
1504543 0
1504802 12910592
1504803 0
1522216 12910592
1522217 0
1522476 12910592
1522477 0
1523056 12910592
1523057 0
1523316 12910592
1523317 0
1540131 12910592
1540132 0
1540391 12910592
1540392 0
1540971 12910592
1540972 0
1541231 12910592
1541232 0
1557745 12910592
1557746 0
1558005 12910592
1558006 0
1558585 12910592
1558586 0
1558845 12910592
1558846 0
1576645 12910592
1576646 0
1576905 12910592
1576906 0
1577485 12910592
1577486 0
1577745 12910592
1577746 0
1595624 12910592
1595625 0
1595884 12910592
1595885 0
1596464 12910592
1596465 0
1596724 12910592
1596725 0
1613813 12910592
1613814 0
1614073 12910592
1614074 0
1614653 12910592
1614654 0
1614913 12910592
1614914 0
1632003 12910592
1632004 0
1632263 12910592
1632264 0
1632843 12910592
1632844 0
1633103 12910592
1633104 0
1650192 12910592
1650193 0
1650452 12910592
1650453 0
1651032 12910592
1651033 0
1651292 12910592
1651293 0
1668382 12910592
1668383 0
1668642 12910592
1668643 0
1669222 12910592
1669223 0
1669482 12910592
1669483 0
1686571 12910592
1686572 0
1686801 12910592
1686802 0
1687341 12910592
1687342 0
1687571 12910592
1687572 0
1773745 12910592
1773746 0
1774005 12910592
1774006 0
1774585 12910592
1774586 0
1774845 12910592
1774846 0
1795708 12910592
1795709 0
1795968 12910592
1795969 0
1796548 12910592
1796549 0
1796808 12910592
1796809 0
1813898 12910592
1813899 0
1814158 12910592
1814159 0
1814738 12910592
1814739 0
1814998 12910592
1814999 0
1832087 12910592
1832088 0
1832347 12910592
1832348 0
1832927 12910592
1832928 0
1833187 12910592
1833188 0
1850277 12910592
1850278 0
1850537 12910592
1850538 0
1851117 12910592
1851118 0
1851377 12910592
1851378 0
1868466 12910592
1868467 0
1868726 12910592
1868727 0
1869306 12910592
1869307 0
1869566 12910592
1869567 0
1886056 12910592
1886057 0
1886316 12910592
1886317 0
1886896 12910592
1886897 0
1887156 12910592
1887157 0
1903345 12910592
1903346 0
1903605 12910592
1903606 0
1904185 12910592
1904186 0
1904445 12910592
1904446 0
1922245 12910592
1922246 0
1922475 12910592
1922476 0
1923015 12910592
1923016 0
1923245 12910592
1923246 0
1941874 12910592
1941875 0
1942134 12910592
1942135 0
1942714 12910592
1942715 0
1942974 12910592
1942975 0
1960388 12910592
1960389 0
1960648 12910592
1960649 0
1961228 12910592
1961229 0
1961488 12910592
1961489 0
1978902 12910592
1978903 0
1979162 12910592
1979163 0
1979742 12910592
1979743 0
1980002 12910592
1980003 0
1997416 12910592
1997417 0
1997676 12910592
1997677 0
1998256 12910592
1998257 0
1998516 12910592
1998517 0
2015931 12910592
2015932 0
2016191 12910592
2016192 0
2016771 12910592
2016772 0
2017031 12910592
2017032 0
2034445 12910592
2034446 0
2034705 12910592
2034706 0
2035285 12910592
2035286 0
2035545 12910592
2035546 0
2052959 12910592
2052960 0
2053219 12910592
2053220 0
2053799 12910592
2053800 0
2054059 12910592
2054060 0
2071474 12910592
2071475 0
2071734 12910592
2071735 0
2072314 12910592
2072315 0
2072574 12910592
2072575 0
2089988 12910592
2089989 0
2090248 12910592
2090249 0
2090828 12910592
2090829 0
2091088 12910592
2091089 0
2108502 12910592
2108503 0
2108762 12910592
2108763 0
2109342 12910592
2109343 0
2109602 12910592
2109603 0
2127016 12910592
2127017 0
2127276 12910592
2127277 0
2127856 12910592
2127857 0
2128116 12910592
2128117 0
2144931 12910592
2144932 0
2145191 12910592
2145192 0
2145771 12910592
2145772 0
2146031 12910592
2146032 0
2162545 12910592
2162546 0
2162805 12910592
2162806 0
2163385 12910592
2163386 0
2163645 12910592
2163646 0
2181445 12910592
2181446 0
2181705 12910592
2181706 0
2182285 12910592
2182286 0
2182545 12910592
2182546 0
2200424 12910592
2200425 0
2200684 12910592
2200685 0
2201264 12910592
2201265 0
2201524 12910592
2201525 0
2218613 12910592
2218614 0
2218873 12910592
2218874 0
2219453 12910592
2219454 0
2219713 12910592
2219714 0
2236803 12910592
2236804 0
2237063 12910592
2237064 0
2237643 12910592
2237644 0
2237903 12910592
2237904 0
2254992 12910592
2254993 0
2255252 12910592
2255253 0
2255832 12910592
2255833 0
2256092 12910592
2256093 0
2273182 12910592
2273183 0
2273442 12910592
2273443 0
2274022 12910592
2274023 0
2274282 12910592
2274283 0
2291371 12910592
2291372 0
2291601 12910592
2291602 0
2292141 12910592
2292142 0
2292371 12910592
2292372 0
2309561 12910592
2309562 0
2309821 12910592
2309822 0
2310401 12910592
2310402 0
2310661 12910592
2310662 0
2327750 12910592
2327751 0
2328010 12910592
2328011 0
2328590 12910592
2328591 0
2328850 12910592
2328851 0
2345940 12910592
2345941 0
2346200 12910592
2346201 0
2346780 12910592
2346781 0
2347040 12910592
2347041 0
2364129 12910592
2364130 0
2364389 12910592
2364390 0
2364969 12910592
2364970 0
2365229 12910592
2365230 0
2382319 12910592
2382320 0
2382579 12910592
2382580 0
2383159 12910592
2383160 0
2383419 12910592
2383420 0
2400508 12910592
2400509 0
2400768 12910592
2400769 0
2401348 12910592
2401349 0
2401608 12910592
2401609 0
2418698 12910592
2418699 0
2418958 12910592
2418959 0
2419538 12910592
2419539 0
2419798 12910592
2419799 0
2436887 12910592
2436888 0
2437147 12910592
2437148 0
2437727 12910592
2437728 0
2437987 12910592
2437988 0
2455077 12910592
2455078 0
2455337 12910592
2455338 0
2455917 12910592
2455918 0
2456177 12910592
2456178 0
2473266 12910592
2473267 0
2473526 12910592
2473527 0
2474106 12910592
2474107 0
2474366 12910592
2474367 0
2490856 12910592
2490857 0
2491116 12910592
2491117 0
2491696 12910592
2491697 0
2491956 12910592
2491957 0
2508145 12910592
2508146 0
2508405 12910592
2508406 0
2508985 12910592
2508986 0
2509245 12910592
2509246 0
2528159 12910592
2528160 0
2528389 12910592
2528390 0
2528929 12910592
2528930 0
2529159 12910592
2529160 0
2546674 12910592
2546675 0
2546934 12910592
2546935 0
2547514 12910592
2547515 0
2547774 12910592
2547775 0
2565188 12910592
2565189 0
2565448 12910592
2565449 0
2566028 12910592
2566029 0
2566288 12910592
2566289 0
2583702 12910592
2583703 0
2583962 12910592
2583963 0
2584542 12910592
2584543 0
2584802 12910592
2584803 0
2602216 12910592
2602217 0
2602476 12910592
2602477 0
2603056 12910592
2603057 0
2603316 12910592
2603317 0
2620731 12910592
2620732 0
2620991 12910592
2620992 0
2621571 12910592
2621572 0
2621831 12910592
2621832 0
2639245 12910592
2639246 0
2639505 12910592
2639506 0
2640085 12910592
2640086 0
2640345 12910592
2640346 0
2657759 12910592
2657760 0
2658019 12910592
2658020 0
2658599 12910592
2658600 0
2658859 12910592
2658860 0
2676274 12910592
2676275 0
2676534 12910592
2676535 0
2677114 12910592
2677115 0
2677374 12910592
2677375 0
2694788 12910592
2694789 0
2695048 12910592
2695049 0
2695628 12910592
2695629 0
2695888 12910592
2695889 0
2713302 12910592
2713303 0
2713562 12910592
2713563 0
2714142 12910592
2714143 0
2714402 12910592
2714403 0
2731816 12910592
2731817 0
2732076 12910592
2732077 0
2732656 12910592
2732657 0
2732916 12910592
2732917 0
2749731 12910592
2749732 0
2749991 12910592
2749992 0
2750571 12910592
2750572 0
2750831 12910592
2750832 0
2767345 12910592
2767346 0
2767605 12910592
2767606 0
2768185 12910592
2768186 0
2768445 12910592
2768446 0
2787034 12910592
2787035 0
2787294 12910592
2787295 0
2787874 12910592
2787875 0
2788134 12910592
2788135 0
2805224 12910592
2805225 0
2805484 12910592
2805485 0
2806064 12910592
2806065 0
2806324 12910592
2806325 0
2823413 12910592
2823414 0
2823673 12910592
2823674 0
2824253 12910592
2824254 0
2824513 12910592
2824514 0
2841603 12910592
2841604 0
2841863 12910592
2841864 0
2842443 12910592
2842444 0
2842703 12910592
2842704 0
2859792 12910592
2859793 0
2860052 12910592
2860053 0
2860632 12910592
2860633 0
2860892 12910592
2860893 0
2877982 12910592
2877983 0
2878242 12910592
2878243 0
2878822 12910592
2878823 0
2879082 12910592
2879083 0
2896171 12910592
2896172 0
2896401 12910592
2896402 0
2896941 12910592
2896942 0
2897171 12910592
2897172 0
2914361 12910592
2914362 0
2914621 12910592
2914622 0
2915201 12910592
2915202 0
2915461 12910592
2915462 0
2932550 12910592
2932551 0
2932810 12910592
2932811 0
2933390 12910592
2933391 0
2933650 12910592
2933651 0
2950740 12910592
2950741 0
2951000 12910592
2951001 0
2951580 12910592
2951581 0
2951840 12910592
2951841 0
2968929 12910592
2968930 0
2969189 12910592
2969190 0
2969769 12910592
2969770 0
2970029 12910592
2970030 0
2987119 12910592
2987120 0
2987379 12910592
2987380 0
2987959 12910592
2987960 0
2988219 12910592
2988220 0
3005308 12910592
3005309 0
3005568 12910592
3005569 0
3006148 12910592
3006149 0
3006408 12910592
3006409 0
3023498 12910592
3023499 0
3023758 12910592
3023759 0
3024338 12910592
3024339 0
3024598 12910592
3024599 0
3041687 12910592
3041688 0
3041947 12910592
3041948 0
3042527 12910592
3042528 0
3042787 12910592
3042788 0
3059877 12910592
3059878 0
3060137 12910592
3060138 0
3060717 12910592
3060718 0
3060977 12910592
3060978 0
3078066 12910592
3078067 0
3078326 12910592
3078327 0
3078906 12910592
3078907 0
3079166 12910592
3079167 0
3095656 12910592
3095657 0
3095916 12910592
3095917 0
3096496 12910592
3096497 0
3096756 12910592
3096757 0
3112945 12910592
3112946 0
3113205 12910592
3113206 0
3113785 12910592
3113786 0
3114045 12910592
3114046 0
3132793 215177
3132853 0
3133023 215177
3133083 0
3133563 215177
3133623 0
3133793 215177
3133853 0
3151200 215177
3151260 0
3151460 215177
3151520 0
3152040 215177
3152100 0
3152300 215177
3152360 0
3169607 215177
3169667 0
3169867 215177
3169927 0
3170447 215177
3170507 0
3170707 215177
3170767 0
3188015 215177
3188075 0
3188275 215177
3188335 0
3188855 215177
3188915 0
3189115 215177
3189175 0
3206422 215177
3206482 0
3206682 215177
3206742 0
3207262 215177
3207322 0
3207522 215177
3207582 0
3224829 215177
3224889 0
3225089 215177
3225149 0
3225669 215177
3225729 0
3225929 215177
3225989 0
3243236 215177
3243296 0
3243496 215177
3243556 0
3244076 215177
3244136 0
3244336 215177
3244396 0
3261643 215177
3261703 0
3261903 215177
3261963 0
3262483 215177
3262543 0
3262743 215177
3262803 0
3280050 215177
3280110 0
3280310 215177
3280370 0
3280890 215177
3280950 0
3281150 215177
3281210 0
3298457 215177
3298517 0
3298717 215177
3298777 0
3299297 215177
3299357 0
3299557 215177
3299617 0
3316865 215177
3316925 0
3317125 215177
3317185 0
3317705 215177
3317765 0
3317965 215177
3318025 0
3335272 215177
3335332 0
3335532 215177
3335592 0
3336112 215177
3336172 0
3336372 215177
3336432 0
3353679 215177
3353739 0
3353939 215177
3353999 0
3354519 215177
3354579 0
3354779 215177
3354839 0
3372086 215177
3372146 0
3372346 215177
3372406 0
3372926 215177
3372986 0
3373186 215177
3373246 0
3391697 215177
3391757 0
3391957 215177
3392017 0
3392537 215177
3392597 0
3392797 215177
3392857 0
3409807 215177
3409867 0
3410067 215177
3410127 0
3410647 215177
3410707 0
3410907 215177
3410967 0
3427918 215177
3427978 0
3428178 215177
3428238 0
3428758 215177
3428818 0
3429018 215177
3429078 0
3446028 215177
3446088 0
3446288 215177
3446348 0
3446868 215177
3446928 0
3447128 215177
3447188 0
3464139 215177
3464199 0
3464399 215177
3464459 0
3464979 215177
3465039 0
3465239 215177
3465299 0
3482249 215177
3482309 0
3482509 215177
3482569 0
3483089 215177
3483149 0
3483349 215177
3483409 0
3500360 215177
3500420 0
3500590 215177
3500650 0
3501130 215177
3501190 0
3501360 215177
3501420 0
3518470 215177
3518530 0
3518730 215177
3518790 0
3519310 215177
3519370 0
3519570 215177
3519630 0
3536581 215177
3536641 0
3536841 215177
3536901 0
3537421 215177
3537481 0
3537681 215177
3537741 0
3554691 215177
3554751 0
3554951 215177
3555011 0
3555531 215177
3555591 0
3555791 215177
3555851 0
3572802 215177
3572862 0
3573062 215177
3573122 0
3573642 215177
3573702 0
3573902 215177
3573962 0
3590912 215177
3590972 0
3591172 215177
3591232 0
3591752 215177
3591812 0
3592012 215177
3592072 0
3609023 215177
3609083 0
3609283 215177
3609343 0
3609863 215177
3609923 0
3610123 215177
3610183 0
3627133 215177
3627193 0
3627393 215177
3627453 0
3627973 215177
3628033 0
3628233 215177
3628293 0
3645244 215177
3645304 0
3645504 215177
3645564 0
3646084 215177
3646144 0
3646344 215177
3646404 0
3663354 215177
3663414 0
3663614 215177
3663674 0
3664194 215177
3664254 0
3664454 215177
3664514 0
3681465 215177
3681525 0
3681725 215177
3681785 0
3682305 215177
3682365 0
3682565 215177
3682625 0
3699575 215177
3699635 0
3699835 215177
3699895 0
3700415 215177
3700475 0
3700675 215177
3700735 0
3717686 215177
3717746 0
3717946 215177
3718006 0
3718526 215177
3718586 0
3718786 215177
3718846 0
3737593 215177
3737653 0
3737823 215177
3737883 0
3738363 215177
3738423 0
3738593 215177
3738653 0
3756000 215177
3756060 0
3756260 215177
3756320 0
3756840 215177
3756900 0
3757100 215177
3757160 0
3774407 215177
3774467 0
3774667 215177
3774727 0
3775247 215177
3775307 0
3775507 215177
3775567 0
3792815 215177
3792875 0
3793075 215177
3793135 0
35 events for H
89402 0
100803 1300
348602 0
366003 1300
694202 0
706083 600
706263 1300
952883 700
952928 0
965103 600
965283 1300
1212023 700
1212068 0
1224183 600
1224363 1300
1298423 700
1298468 0
1316583 600
1316763 1300
1556843 700
1556888 0
1575783 600
1575903 1300
1903403 700
1903448 0
1921203 1300
2163002 0
2180403 1300
2508602 0
2520003 1950
2767802 0
2779203 1950
3113402 0
3113404 1944
3729603 1300
4 events for I
693386 0
693387 2650
3112586 0
3112587 2650
658 events for J
3944 12910592
3945 0
6404 12910592
6405 0
57344 12910592
57345 0
62615 12910592
62616 0
67955 12910592
67956 0
71255 12910592
71256 0
78249 12910592
78250 0
85249 12910592
85250 0
103549 12910592
103550 0
105344 12910592
105345 0
121544 12910592
121545 0
123829 12910592
123830 0
315820 12910592
315821 0
318815 12910592
318816 0
321322 12910592
321323 0
323830 12910592
323831 0
326830 12910592
326831 0
330130 12910592
330131 0
333130 12910592
333131 0
337292 12910592
337293 0
341444 12910592
341445 0
344444 12910592
344445 0
366949 12910592
366950 0
368744 12910592
368745 0
370544 12910592
370545 0
374144 12910592
374145 0
377744 12910592
377745 0
381944 12910592
381945 0
389149 12910592
389150 0
391544 12910592
391545 0
394544 12910592
394545 0
440311 12910592
440312 0
442009 12910592
442010 0
447546 12910592
447547 0
451781 12910592
451782 0
454781 12910592
454782 0
463244 12910592
463245 0
466549 12910592
466550 0
557744 12910592
557745 0
564044 12910592
564045 0
567644 12910592
567645 0
571244 12910592
571245 0
574844 12910592
574845 0
578503 12910592
578504 0
582398 12910592
582399 0
589544 12910592
589545 0
600289 12910592
600290 0
640281 12910592
640282 0
644144 12910592
644145 0
647744 12910592
647745 0
651344 12910592
651345 0
655165 12910592
655166 0
662070 12910592
662071 0
667544 12910592
667545 0
672344 12910592
672345 0
715479 12910592
715480 0
718482 12910592
718483 0
722026 12910592
722027 0
725573 12910592
725574 0
728573 12910592
728574 0
735473 12910592
735474 0
738473 12910592
738474 0
741283 12910592
741284 0
744087 12910592
744088 0
747087 12910592
747088 0
824687 12910592
824688 0
829544 12910592
829545 0
834344 12910592
834345 0
839264 12910592
839265 0
846587 12910592
846588 0
850124 12910592
850125 0
853664 12910592
853665 0
858044 12910592
858045 0
861524 12910592
861525 0
865544 12910592
865545 0
868007 12910592
868008 0
966888 12910592
966889 0
972824 12910592
972825 0
980864 12910592
980865 0
988907 12910592
988908 0
1012066 12910592
1012067 0
1017373 12910592
1017374 0
1022902 12910592
1022903 0
1030244 12910592
1030245 0
1034744 12910592
1034745 0
1039544 12910592
1039545 0
1044991 12910592
1044992 0
1052436 12910592
1052437 0
1059764 12910592
1059765 0
1066781 12910592
1066782 0
1072425 12910592
1072426 0
1078070 12910592
1078071 0
1083816 12910592
1083817 0
1090036 12910592
1090037 0
1096260 12910592
1096261 0
1105555 12910592
1105556 0
1266865 12910592
1266866 0
1269865 12910592
1269866 0
1272213 12910592
1272214 0
1274555 12910592
1274556 0
1277555 12910592
1277556 0
1280855 12910592
1280856 0
1283855 12910592
1283856 0
1287849 12910592
1287850 0
1291844 12910592
1291845 0
1294847 12910592
1294848 0
1319179 12910592
1319180 0
1326044 12910592
1326045 0
1333204 12910592
1333205 0
1342544 12910592
1342545 0
1351887 12910592
1351888 0
1355190 12910592
1355191 0
1362687 12910592
1362688 0
1370187 12910592
1370188 0
1378067 12910592
1378068 0
1385143 12910592
1385144 0
1392889 12910592
1392890 0
1399879 12910592
1399880 0
1406624 12910592
1406625 0
1414544 12910592
1414545 0
1425344 12910592
1425345 0
1429547 12910592
1429548 0
1443344 12910592
1443345 0
1452454 12910592
1452455 0
1459008 12910592
1459009 0
1468908 12910592
1468909 0
1475744 12910592
1475745 0
1479344 12910592
1479345 0
1488387 12910592
1488388 0
1492544 12910592
1492545 0
1496627 12910592
1496628 0
1504544 12910592
1504545 0
1508024 12910592
1508025 0
1512944 12910592
1512945 0
1518046 12910592
1518047 0
1534904 12910592
1534905 0
1579244 12910592
1579245 0
1584344 12910592
1584345 0
1591544 12910592
1591545 0
1599345 12910592
1599346 0
1609664 12910592
1609665 0
1613384 12910592
1613385 0
1619893 12910592
1619894 0
1628064 12910592
1628065 0
1637744 12910592
1637745 0
1644284 12910592
1644285 0
1650344 12910592
1650345 0
1657222 12910592
1657223 0
1663544 12910592
1663545 0
1671881 12910592
1671882 0
1677306 12910592
1677307 0
1688924 12910592
1688925 0
1695306 12910592
1695307 0
1701944 12910592
1701945 0
1717694 12910592
1717695 0
1723544 12910592
1723545 0
1738544 12910592
1738545 0
1751144 12910592
1751145 0
1766444 12910592
1766445 0
1777244 12910592
1777245 0
1784566 12910592
1784567 0
1791886 12910592
1791887 0
1795422 12910592
1795423 0
1802770 12910592
1802771 0
1810116 12910592
1810117 0
1817143 12910592
1817144 0
1823145 12910592
1823146 0
1827944 12910592
1827945 0
1839344 12910592
1839345 0
1845345 12910592
1845346 0
1853384 12910592
1853385 0
1864244 12910592
1864245 0
1877010 12910592
1877011 0
1888299 12910592
1888300 0
1894544 12910592
1894545 0
1899644 12910592
1899645 0
1926944 12910592
1926945 0
1934744 12910592
1934745 0
1945546 12910592
1945547 0
1951544 12910592
1951545 0
1956687 12910592
1956688 0
1959987 12910592
1959988 0
1967596 12910592
1967597 0
1975201 12910592
1975202 0
1982744 12910592
1982745 0
1986944 12910592
1986945 0
1991145 12910592
1991146 0
1993544 12910592
1993545 0
1998517 12910592
1998518 0
2002544 12910592
2002545 0
2006744 12910592
2006745 0
2010730 12910592
2010731 0
2019132 12910592
2019133 0
2024937 12910592
2024938 0
2030744 12910592
2030745 0
2035244 12910592
2035245 0
2079524 12910592
2079525 0
2082464 12910592
2082465 0
2086244 12910592
2086245 0
2093189 12910592
2093190 0
2096747 12910592
2096748 0
2100308 12910592
2100309 0
2108144 12910592
2108145 0
2112946 12910592
2112947 0
2117744 12910592
2117745 0
2122544 12910592
2122545 0
2181044 12910592
2181045 0
2186746 12910592
2186747 0
2192144 12910592
2192145 0
2196344 12910592
2196345 0
2203623 12910592
2203624 0
2208125 12910592
2208126 0
2211764 12910592
2211765 0
2240144 12910592
2240145 0
2244572 12910592
2244573 0
2249143 12910592
2249144 0
2254726 12910592
2254727 0
2261924 12910592
2261925 0
2269124 12910592
2269125 0
2277406 12910592
2277407 0
2287064 12910592
2287065 0
2296544 12910592
2296545 0
2303744 12910592
2303745 0
2316344 12910592
2316345 0
2321744 12910592
2321745 0
2330144 12910592
2330145 0
2337944 12910592
2337945 0
2341544 12910592
2341545 0
2352344 12910592
2352345 0
2357744 12910592
2357745 0
2368544 12910592
2368545 0
2375744 12910592
2375745 0
2384926 12910592
2384927 0
2393684 12910592
2393685 0
2405656 12910592
2405657 0
2412044 12910592
2412045 0
2424344 12910592
2424345 0
2429744 12910592
2429745 0
2440088 12910592
2440089 0
2445731 12910592
2445732 0
2451376 12910592
2451377 0
2454944 12910592
2454945 0
2462122 12910592
2462123 0
2469565 12910592
2469566 0
2479544 12910592
2479545 0
2484944 12910592
2484945 0
2521844 12910592
2521845 0
2564744 12910592
2564745 0
2572289 12910592
2572290 0
2579787 12910592
2579788 0
2589944 12910592
2589945 0
2594745 12910592
2594746 0
2601815 12910592
2601816 0
2609422 12910592
2609423 0
2616946 12910592
2616947 0
2625944 12910592
2625945 0
2634344 12910592
2634345 0
2640346 12910592
2640347 0
2649344 12910592
2649345 0
2660744 12910592
2660745 0
2668544 12910592
2668545 0
2678444 12910592
2678445 0
2687624 12910592
2687625 0
2700884 12910592
2700885 0
2708744 12910592
2708745 0
2714146 12910592
2714147 0
2721344 12910592
2721345 0
2737306 12910592
2737307 0
2743244 12910592
2743245 0
2750624 12910592
2750625 0
2756324 12910592
2756325 0
2763164 12910592
2763165 0
2781584 12910592
2781585 0
2786633 12910592
2786634 0
2791544 12910592
2791545 0
2797066 12910592
2797067 0
2809544 12910592
2809545 0
2817946 12910592
2817947 0
2829344 12910592
2829345 0
2836544 12910592
2836545 0
2847344 12910592
2847345 0
2853644 12910592
2853645 0
2859391 12910592
2859392 0
2866836 12910592
2866837 0
2873744 12910592
2873745 0
2883345 12910592
2883346 0
2890544 12910592
2890545 0
2904945 12910592
2904946 0
2919344 12910592
2919345 0
2926544 12910592
2926545 0
2933744 12910592
2933745 0
2940344 12910592
2940345 0
2946344 12910592
2946345 0
2953939 12910592
2953940 0
2959583 12910592
2959584 0
2971545 12910592
2971546 0
2980544 12910592
2980545 0
2991345 12910592
2991346 0
2998544 12910592
2998545 0
3011144 12910592
3011145 0
3016544 12910592
3016545 0
3024944 12910592
3024945 0
3028846 12910592
3028847 0
3032444 12910592
3032445 0
3047504 12910592
3047505 0
3051226 12910592
3051227 0
3063704 12910592
3063705 0
3067304 12910592
3067305 0
3083144 12910592
3083145 0
3090344 12910592
3090345 0
3099344 12910592
3099345 0
3106544 12910592
3106545 0
3135346 26897
3135826 0
3146146 26897
3146626 0
3243345 26897
3243825 0
3254146 26897
3254626 0
3275746 26897
3276226 0
3292780 26897
3293260 0
3302145 26897
3302625 0
3313224 26897
3313704 0
3330945 26897
3331425 0
3387345 26897
3387825 0
3399346 26897
3399826 0
3422194 26897
3422674 0
3464146 26897
3464626 0
3485746 26897
3486226 0
3566446 26897
3566926 0
3586546 26897
3587026 0
3776146 26897
3776626 0
377 events for K
110751 117965
110841 124709
111702 6744
112611 124709
113502 6744
114411 124709
115302 6744
116211 124709
117102 6744
118011 124709
118902 6744
119811 124709
120702 6744
121602 0
129266 117965
129356 124709
130217 6744
131126 124709
132017 6744
132926 124709
133817 6744
134726 124709
135617 6744
136517 0
314498 7514
328139 0
330313 7514
345754 0
634037 58982
634127 66496
635408 6744
635897 66496
637268 6744
637688 0
640369 58982
640459 66496
641740 6744
642229 66496
643600 6744
644029 66496
645400 6744
654820 0
660658 58982
660748 66496
662029 6744
662518 66496
663889 6744
664318 66496
665689 6744
671509 0
1011937 235930
1012027 242674
1013788 6744
1013977 242674
1015828 6744
1016017 242674
1017868 6744
1018117 242674
1019968 6744
1020988 0
1028995 235930
1029085 242674
1029701 6744
1029706 0
1044488 169032
1046288 45609
1048093 0
1581857 117965
1581947 125479
1583228 7514
1583588 0
1719527 3372
1724708 0
1744727 3372
1753088 0
1762127 3372
1767488 0
1789727 3372
1792688 0
1795605 3372
1811406 0
1951637 117965
1951727 121337
1953248 3372
1953497 121337
1955048 3372
1955288 0
1960080 117965
1960170 121337
1961511 3372
1967340 121337
1968711 3372
1970931 0
1980694 117965
1980784 121337
1982305 3372
1986154 121337
1987705 3372
1987945 0
2187527 3372
2188397 121337
2191148 3372
2191997 121337
2194688 3372
2195588 0
2202216 117965
2202306 121337
2203767 3372
2204076 121337
2205627 3372
2209467 0
2556677 19661
2556767 25951
2558528 6290
2559317 25951
2561168 6290
2561708 0
2565017 19661
2565107 25951
2566868 6290
2567657 25951
2569508 6290
2570477 25951
2572328 6290
2573057 25951
2574908 6290
2575877 25951
2577728 6290
2578457 25951
2580308 6290
2580848 0
2585597 19661
2585687 25951
2587448 6290
2587577 25951
2589428 6290
2589797 25951
2591648 6290
2591777 25951
2593628 6290
2593997 25951
2595848 6290
2595977 25951
2597823 6290
2597828 0
2601908 117965
2601998 124709
2603459 6744
2618159 0
2622523 117965
2622613 124709
2624074 6744
2636854 0
2638937 117965
2639027 124709
2640488 6744
2653268 0
2788937 19661
2789027 25951
2790788 6290
2790917 25951
2792768 6290
2793137 25951
2794988 6290
2795117 25951
2796968 6290
2797337 25951
2799188 6290
2799317 25951
2801163 6290
2801168 0
2807117 19661
2807207 25951
2808068 6290
2808197 25951
2809148 6290
2809517 25951
2810468 6290
2810717 25951
2811668 6290
2811917 25951
2812868 6290
2812997 25951
2813948 6290
2813953 0
2815637 117965
2815727 124709
2817248 6744
2819253 0
2819297 117965
2820908 6744
2820968 0
2823105 117965
2823195 124709
2824716 6744
2828521 0
2828565 117965
2830176 6744
2835636 0
2843395 117965
2843485 124709
2845006 6744
2847011 0
2847055 117965
2848666 6744
2853826 0
2859574 6290
2870335 0
2879864 6290
2890625 0
2898196 6290
2901757 0
3139637 58982
3142388 7514
3145902 0
3153051 58982
3153141 66496
3154482 7514
3154791 66496
3156222 7514
3156471 66496
3157902 7514
3158151 66496
3159582 7514
3159831 66496
3161262 7514
3161272 0
3206173 58982
3206263 66496
3207604 7514
3208033 66496
3209464 7514
3209833 66496
3211264 7514
3211633 66496
3213064 7514
3213433 66496
3214864 7514
3215233 66496
3216664 7514
3217033 66496
3218464 7514
3218833 66496
3220264 7514
3220633 66496
3222064 7514
3222494 0
3226680 58982
3226770 66496
3228111 7514
3228540 66496
3229971 7514
3230340 66496
3231771 7514
3232140 66496
3233571 7514
3233940 66496
3235371 7514
3235740 66496
3237171 7514
3237540 66496
3238971 7514
3239340 66496
3240771 7514
3240901 0
3242987 58982
3243077 66496
3244538 7514
3244607 66496
3246158 7514
3246227 66496
3247658 7514
3247663 0
3290927 7514
3296108 0
3301898 7514
3314519 0
3316706 7514
3332927 0
3411677 58982
3411767 66496
3413108 7514
3413537 66496
3414968 7514
3415328 0
3415637 58982
3415727 66496
3417068 7514
3417317 66496
3418748 7514
3419057 66496
3420488 7514
3420493 0
3506837 58982
3506927 66496
3508268 7514
3508337 66496
3509768 7514
3509837 66496
3511268 7514
3511337 66496
3512768 7514
3512837 66496
3514268 7514
3514337 66496
3515768 7514
3516128 0
3520322 58982
3520412 66496
3521753 7514
3522182 66496
3523613 7514
3523982 66496
3525413 7514
3525782 58982
3527213 7514
3527582 66496
3529013 7514
3529382 58982
3530813 7514
3531182 66496
3532613 7514
3532802 66496
3534233 7514
3534238 0
3536335 58982
3536425 66496
3537766 7514
3538015 66496
3539446 7514
3539695 66496
3541126 7514
3541375 66496
3542806 7514
3543055 66496
3544486 7514
3544735 66496
3546166 7514
3546415 66496
3547846 7514
3548095 66496
3549526 7514
3550071 0
3739787 7514
3750753 0
3757997 58982
3758087 66496
3758808 7514
3758897 66496
3759708 7514
3760037 66496
3760848 7514
3760937 66496
3761748 7514
3762077 66496
3762888 7514
3762977 66496
3763788 7514
3764297 66496
3765108 7514
3765197 66496
3766008 7514
3766337 66496
3767148 7514
3767237 66496
3768048 7514
3768377 66496
3769188 7514
3769277 66496
3770088 7514
3770093 0
3774197 58982
3774287 65726
3779408 6744
3785057 65726
3790268 6744
3790388 0
68 events for L
110357 4214960
110361 0
110787 4214960
110791 0
111527 4214960
111531 0
111957 4214960
111961 0
478369 4214960
478373 0
478799 4214960
478803 0
479539 4214960
479543 0
479969 4214960
479973 0
549343 4214960
549347 0
549773 4214960
549777 0
550513 4214960
550517 0
550943 4214960
550947 0
715157 4214960
715161 0
715587 4214960
715591 0
716327 4214960
716331 0
716757 4214960
716761 0
1083169 4214960
1083173 0
1083599 4214960
1083603 0
1084339 4214960
1084343 0
1084769 4214960
1084773 0
1688495 67463256
1688500 0
2293295 47210957
2293300 0
3134250 4214960
3134254 0
3134680 4214960
3134684 0
3135420 4214960
3135424 0
3135850 4214960
3135854 0
3501817 4214960
3501821 0
3502247 4214960
3502251 0
3502987 4214960
3502991 0
3503417 4214960
3503421 0
3739050 4214960
3739054 0
3739480 4214960
3739484 0
3740220 4214960
3740224 0
3740650 4214960
3740654 0
106 events for M
731934 1000
732934 0
777642 1000
778642 0
823541 1000
824541 0
869664 1000
870664 0
916112 1000
917112 0
962919 1000
963919 0
1027727 1000
1028727 0
1073346 1000
1074346 0
1118221 1000
1119221 0
1158593 1000
1158657 0
1171204 1000
1172204 0
1207811 1000
1208811 0
1252212 1000
1253212 0
1296544 1000
1297544 0
1358397 1000
1359397 0
1420407 1000
1421407 0
1472075 1000
1473075 0
1515907 1000
1516907 0
1559456 1000
1560456 0
1602799 1000
1603799 0
1645909 1000
1646909 0
1688669 1000
1689669 0
1731218 1000
1732218 0
1773830 1000
1774830 0
1816762 1000
1817762 0
1860132 1000
1861132 0
1903779 1000
1904779 0
1947455 1000
1948455 0
1991186 1000
1992186 0
2034914 1000
2035914 0
2079066 1000
2080066 0
2118105 1000
2119105 0
2171599 1000
2172599 0
2211971 1000
2212971 0
2258172 1000
2259172 0
2305963 1000
2306963 0
2355471 1000
2356471 0
2403802 1000
2404802 0
2450489 1000
2451489 0
2496652 1000
2497652 0
2541650 1000
2542650 0
2586355 1000
2587355 0
2631272 1000
2632272 0
2676456 1000
2677456 0
2722210 1000
2723210 0
2767545 1000
2768545 0
2811657 1000
2812657 0
2855516 1000
2856516 0
2899094 1000
2900094 0
2942330 1000
2943330 0
2985253 1000
2986253 0
3028081 1000
3029081 0
3071378 1000
3072378 0
149 events for N
20586 873
49386 0
101144 1365
101324 0
103124 1365
103664 3481
122864 0
204430 873
233230 0
278487 873
307287 0
366344 1365
367064 3481
386264 0
446621 3276
461621 0
696644 1979
697844 0
699644 1979
712844 0
882213 8
882214 0
883287 1365
883467 0
885267 1365
885807 1979
900207 1365
900387 1979
914787 1365
915507 1979
929907 1365
930087 1979
944487 1365
945207 1979
959607 1365
959787 1979
974187 0
1012587 3754
1013307 0
1015107 3754
1018707 0
1052144 3754
1052864 0
1054664 3754
1058264 0
1087244 3754
1087964 0
1089764 3754
1093364 0
1128644 3754
1129364 0
1131164 3754
1134764 0
1171844 3754
1172564 0
1174364 3754
1177964 0
1364444 3754
1365164 0
1366964 3754
1370564 0
1393244 3754
1393964 0
1395764 3754
1399364 0
1435544 3754
1436264 0
1438064 3754
1441664 0
1510244 3754
1510964 0
1512764 3754
1516364 0
1596644 1365
1596824 0
1598624 1365
1599164 1979
1613564 1365
1613744 1979
1628144 1365
1628864 1979
1643264 1365
1643444 1979
1657844 1365
1658564 1979
1672964 1365
1673144 1979
1687544 0
1733444 665
1765844 0
2095484 3276
2110484 0
2124944 3754
2125664 0
2127464 3754
2131064 0
2142944 3754
2143664 0
2145464 3754
2149064 0
2213144 3754
2213864 0
2215664 3754
2219264 0
2234744 1365
2234924 0
2236724 1365
2237264 2935
2251664 1365
2251844 2935
2266244 1365
2266964 2935
2281364 1365
2281544 2935
2295944 1365
2296664 2935
2311064 1365
2311244 2935
2325644 0
2682627 3276
2697627 0
2808123 665
2808124 0
2880881 665
2880882 0
2954779 3276
2969779 0
3125444 1979
3126644 0
3128444 1979
3132044 1365
3132764 1979
3147164 1365
3147344 1979
3176144 1365
3176864 1979
3191264 1365
3191444 1979
3225044 1365
3225764 1979
3240164 1365
3240344 1979
3259544 0
3301415 4096
3309615 0
3593870 665
3623030 0
3758958 665
3788478 0
106 events for O
732504 1000
733504 0
778212 1000
779212 0
824111 1000
825111 0
870234 1000
871234 0
916682 1000
917682 0
963489 1000
964489 0
1028297 1000
1029297 0
1073916 1000
1074916 0
1118791 1000
1119791 0
1159163 1000
1159227 0
1171774 1000
1172774 0
1208381 1000
1209381 0
1252782 1000
1253782 0
1297114 1000
1298114 0
1358967 1000
1359967 0
1420977 1000
1421977 0
1472645 1000
1473645 0
1516477 1000
1517477 0
1560026 1000
1561026 0
1603369 1000
1604369 0
1646479 1000
1647479 0
1689239 1000
1690239 0
1731788 1000
1732788 0
1774400 1000
1775400 0
1817332 1000
1818332 0
1860702 1000
1861702 0
1904349 1000
1905349 0
1948025 1000
1949025 0
1991756 1000
1992756 0
2035484 1000
2036484 0
2079636 1000
2080636 0
2118675 1000
2119675 0
2172169 1000
2173169 0
2212541 1000
2213541 0
2258742 1000
2259742 0
2306533 1000
2307533 0
2356041 1000
2357041 0
2404372 1000
2405372 0
2451059 1000
2452059 0
2497222 1000
2498222 0
2542220 1000
2543220 0
2586925 1000
2587925 0
2631842 1000
2632842 0
2677026 1000
2678026 0
2722780 1000
2723780 0
2768115 1000
2769115 0
2812227 1000
2813227 0
2856086 1000
2857086 0
2899664 1000
2900664 0
2942900 1000
2943900 0
2985823 1000
2986823 0
3028651 1000
3029651 0
3071948 1000
3072948 0
0 events for P

281 events for Q
2932 2738
11922 2635
20921 2738
22732 548
49722 444
56921 548
86922 444
89311 240
100121 344
103732 2534
121722 2431
121732 240
128921 344
159522 240
168521 344
197322 240
204521 344
233322 240
244121 344
269322 240
278321 344
307122 240
314321 344
346122 240
366521 344
380922 240
388121 344
416922 240
424121 344
452922 240
463721 344
490722 240
496121 344
526722 240
532121 344
580722 240
589721 344
608032 281
608332 344
618522 240
625721 344
654522 240
661721 344
691722 240
691999 0
692000 240
695032 178
695332 240
708521 344
728322 240
737321 344
764322 240
773321 344
802122 240
809321 344
838122 240
845321 344
867832 281
868132 344
874122 240
881321 344
911922 240
920921 344
949722 240
964121 344
967792 281
968092 344
1021722 240
1032521 344
1057722 240
1064921 344
1083832 281
1084132 344
1095522 240
1100921 344
1133322 240
1140521 344
1167522 240
1176521 344
1207122 240
1213432 178
1213732 240
1223321 344
1259322 240
1266521 344
1295322 240
1298911 444
1316921 548
1331322 444
1338521 548
1345721 1471
1367354 2754
1369122 1727
1374521 1830
1379611 1626
1386172 1564
1386472 3817
1388954 2534
1406922 2431
1414121 2534
1442922 2431
1450121 2534
1451272 344
1471711 548
1478922 444
1486121 548
1518522 444
1525721 548
1554522 444
1558111 240
1560412 178
1560712 240
1576121 344
1590522 240
1597721 344
1604921 1267
1626522 240
1637321 344
1664322 240
1669721 344
1669743 594
1669754 1877
1691311 2081
1691321 3004
1712911 2800
1712921 1877
1712954 594
1725522 491
1730943 240
1731892 178
1732192 240
1734521 344
1768722 240
1777721 344
1826322 240
1833521 344
1848821 1267
1863222 240
1871321 1267
1900122 240
1903732 2431
1921721 2534
1937922 2431
1943321 2534
1972154 3817
1973922 3713
1979321 3817
1986532 1626
2011722 1523
2015354 240
2018921 1267
2040521 344
2047722 240
2054921 344
2058511 548
2076511 344
2083722 240
2090921 344
2121522 240
2130521 344
2159322 240
2180921 344
2231322 240
2238521 344
2267322 240
2274521 344
2303322 240
2312321 344
2341122 240
2346521 344
2371721 1267
2378911 1471
2393322 444
2404121 548
2411321 1471
2422132 1409
2422432 1471
2425732 3662
2425754 4944
2432922 3917
2440121 4944
2468922 3917
2468932 1727
2476121 2754
2490554 1471
2506122 444
2508532 2635
2519321 3662
2540922 2635
2548121 3662
2555311 3458
2576922 2431
2585921 2534
2616522 2431
2623721 2534
2652522 2431
2659721 3458
2681311 3662
2688522 2635
2695721 3662
2726322 2635
2735321 3662
2765322 2635
2767711 2431
2778521 2534
2801922 2431
2807321 2534
2836122 2431
2843321 2534
2872122 2431
2879321 2534
2909922 2431
2917121 2534
2918932 344
2947722 240
2954921 344
2998122 240
3008921 344
3035922 240
3044921 344
3071922 240
3080921 344
3110922 240
3111199 0
3111200 240
3113311 444
3114292 382
3114592 444
3124121 548
3145722 444
3152921 548
3183522 444
3190721 548
3199743 798
3219522 695
3226721 1722
3246554 3004
3257322 1977
3262721 3004
3286143 2754
3293322 1727
3300521 2754
3331122 1727
3336172 1664
3336472 3917
3336521 4944
3369822 3917
3372472 1727
3386921 2754
3405822 1727
3412121 2754
3419354 1471
3440922 444
3448121 548
3478722 444
3484121 1471
3494572 1409
3494872 3662
3505754 4944
3512922 3917
3520121 4944
3545272 2754
3548922 1727
3556121 2754
3584922 1727
3592121 2754
3620922 1727
3628121 2754
3633292 2691
3633592 2754
3635354 1471
3642521 548
3658722 444
3665921 548
3694722 444
3700121 548
3715422 444
3728921 548
3750522 444
3757721 548
3788322 444
282 events for R
2682 2738
11672 2635
20671 2738
22482 548
49472 444
56671 548
86672 444
89061 240
99871 344
103482 2534
121472 2431
121482 240
128671 344
159272 240
168271 344
197072 240
204271 344
233072 240
243871 344
269072 240
278071 344
306872 240
314071 344
345872 240
366271 344
380672 240
387871 344
416672 240
423871 344
452672 240
463471 344
490472 240
495871 344
526472 240
531871 344
580472 240
589471 344
607782 281
608082 344
618272 240
625471 344
654272 240
661471 344
691472 240
691749 0
691750 240
694782 178
695082 240
708271 344
728072 240
737071 344
764072 240
773071 344
801872 240
809071 344
837872 240
845071 344
867582 281
867882 344
873872 240
881071 344
911672 240
920671 344
949472 240
963871 344
967542 281
967842 344
1021472 240
1032271 344
1057472 240
1064671 344
1083582 281
1083882 344
1095272 240
1100671 344
1133072 240
1140271 344
1167272 240
1176271 344
1206872 240
1213182 178
1213482 240
1223071 344
1259072 240
1266271 344
1295072 240
1298661 444
1316671 548
1331072 444
1338271 548
1345471 1471
1367104 2754
1368872 1727
1374271 1830
1379361 1626
1385922 1564
1386222 3817
1388704 2534
1406672 2431
1413871 2534
1442672 2431
1449871 2534
1451022 344
1471461 548
1478672 444
1485871 548
1518272 444
1525471 548
1554272 444
1557861 240
1560162 178
1560462 240
1575871 344
1590272 240
1597471 344
1604671 1267
1626272 240
1637071 344
1664072 240
1669471 344
1669493 594
1669504 1877
1691061 2081
1691071 3004
1712661 2800
1712671 1877
1712704 594
1725272 491
1730693 240
1731642 178
1731942 240
1734271 344
1768472 240
1777471 344
1826072 240
1833271 344
1848571 1267
1862972 240
1871071 1267
1899872 240
1903482 2431
1921471 2534
1937672 2431
1943071 2534
1971904 3817
1973672 3713
1979071 3817
1986282 1626
2011472 1523
2015104 240
2018671 1267
2040271 344
2047472 240
2054671 344
2058261 548
2076261 344
2083472 240
2090671 344
2121272 240
2130271 344
2159072 240
2180671 344
2231072 240
2238271 344
2267072 240
2274271 344
2303072 240
2312071 344
2340872 240
2346271 344
2371471 1267
2378661 1471
2393072 444
2403871 548
2411071 1471
2421882 1409
2422182 1471
2425482 3662
2425504 4944
2432672 3917
2439871 4944
2468672 3917
2468682 1727
2475871 2754
2490304 1471
2505872 444
2508282 2635
2519071 3662
2540672 2635
2547871 3662
2555061 3458
2576672 2431
2585671 2534
2616272 2431
2623471 2534
2652272 2431
2659471 3458
2681061 3662
2688272 2635
2695471 3662
2726072 2635
2735071 3662
2765072 2635
2767461 2431
2778271 2534
2801672 2431
2807071 2534
2835872 2431
2843071 2534
2871872 2431
2879071 2534
2909672 2431
2916871 2534
2918682 344
2947472 240
2954671 344
2997872 240
3008671 344
3035672 240
3044671 344
3071672 240
3080671 344
3110672 240
3110949 0
3110950 240
3113061 444
3114042 382
3114342 444
3123871 548
3145472 444
3152671 548
3183272 444
3190471 548
3199493 798
3219272 695
3226471 1722
3246304 3004
3257072 1977
3262471 3004
3285893 2754
3293072 1727
3300271 2754
3330872 1727
3335922 1664
3336222 3917
3336271 4944
3369572 3917
3372222 1727
3386671 2754
3405572 1727
3411871 2754
3419104 1471
3440672 444
3447871 548
3478472 444
3483871 1471
3494322 1409
3494622 3662
3505504 4944
3512672 3917
3519871 4944
3545022 2754
3548672 1727
3555871 2754
3584672 1727
3591871 2754
3620672 1727
3627871 2754
3633042 2691
3633342 2754
3635104 1471
3642271 548
3658472 444
3665671 548
3694472 444
3699871 548
3715172 444
3728671 548
3750272 444
3757471 548
3788072 444
3793471 1471
4 events for S
691749 0
691750 74
3110949 0
3110950 74
660 events for T
1038 12910592
1039 0
5118 12910592
5119 0
7578 12910592
7579 0
58518 12910592
58519 0
63789 12910592
63790 0
69129 12910592
69130 0
72429 12910592
72430 0
79423 12910592
79424 0
86423 12910592
86424 0
104723 12910592
104724 0
106518 12910592
106519 0
122718 12910592
122719 0
125003 12910592
125004 0
316994 12910592
316995 0
319989 12910592
319990 0
322496 12910592
322497 0
325004 12910592
325005 0
328004 12910592
328005 0
331304 12910592
331305 0
334304 12910592
334305 0
338466 12910592
338467 0
342618 12910592
342619 0
345618 12910592
345619 0
368123 12910592
368124 0
369918 12910592
369919 0
371718 12910592
371719 0
375318 12910592
375319 0
378918 12910592
378919 0
383118 12910592
383119 0
390323 12910592
390324 0
392718 12910592
392719 0
395718 12910592
395719 0
441485 12910592
441486 0
443183 12910592
443184 0
448720 12910592
448721 0
452955 12910592
452956 0
455955 12910592
455956 0
464418 12910592
464419 0
467723 12910592
467724 0
558918 12910592
558919 0
565218 12910592
565219 0
568818 12910592
568819 0
572418 12910592
572419 0
576018 12910592
576019 0
579677 12910592
579678 0
583572 12910592
583573 0
590718 12910592
590719 0
601463 12910592
601464 0
641455 12910592
641456 0
645318 12910592
645319 0
648918 12910592
648919 0
652518 12910592
652519 0
656339 12910592
656340 0
663244 12910592
663245 0
668718 12910592
668719 0
673518 12910592
673519 0
716653 12910592
716654 0
719656 12910592
719657 0
723200 12910592
723201 0
726747 12910592
726748 0
729747 12910592
729748 0
736647 12910592
736648 0
739647 12910592
739648 0
742457 12910592
742458 0
745261 12910592
745262 0
748261 12910592
748262 0
825861 12910592
825862 0
830718 12910592
830719 0
835518 12910592
835519 0
840438 12910592
840439 0
847761 12910592
847762 0
851298 12910592
851299 0
854838 12910592
854839 0
859218 12910592
859219 0
862698 12910592
862699 0
866718 12910592
866719 0
869181 12910592
869182 0
968062 12910592
968063 0
973998 12910592
973999 0
982038 12910592
982039 0
990081 12910592
990082 0
1013240 12910592
1013241 0
1018547 12910592
1018548 0
1024076 12910592
1024077 0
1031418 12910592
1031419 0
1035918 12910592
1035919 0
1040718 12910592
1040719 0
1046165 12910592
1046166 0
1053610 12910592
1053611 0
1060938 12910592
1060939 0
1067955 12910592
1067956 0
1073599 12910592
1073600 0
1079244 12910592
1079245 0
1084990 12910592
1084991 0
1091210 12910592
1091211 0
1097434 12910592
1097435 0
1106729 12910592
1106730 0
1268039 12910592
1268040 0
1271039 12910592
1271040 0
1273387 12910592
1273388 0
1275729 12910592
1275730 0
1278729 12910592
1278730 0
1282029 12910592
1282030 0
1285029 12910592
1285030 0
1289023 12910592
1289024 0
1293018 12910592
1293019 0
1296021 12910592
1296022 0
1320353 12910592
1320354 0
1327218 12910592
1327219 0
1334378 12910592
1334379 0
1343718 12910592
1343719 0
1353061 12910592
1353062 0
1356364 12910592
1356365 0
1363861 12910592
1363862 0
1371361 12910592
1371362 0
1379241 12910592
1379242 0
1386317 12910592
1386318 0
1394063 12910592
1394064 0
1401053 12910592
1401054 0
1407798 12910592
1407799 0
1415718 12910592
1415719 0
1426518 12910592
1426519 0
1430721 12910592
1430722 0
1444518 12910592
1444519 0
1453628 12910592
1453629 0
1460182 12910592
1460183 0
1470082 12910592
1470083 0
1476918 12910592
1476919 0
1480518 12910592
1480519 0
1489561 12910592
1489562 0
1493718 12910592
1493719 0
1497801 12910592
1497802 0
1505718 12910592
1505719 0
1509198 12910592
1509199 0
1514118 12910592
1514119 0
1519220 12910592
1519221 0
1536078 12910592
1536079 0
1580418 12910592
1580419 0
1585518 12910592
1585519 0
1592718 12910592
1592719 0
1600519 12910592
1600520 0
1610838 12910592
1610839 0
1614558 12910592
1614559 0
1621067 12910592
1621068 0
1629238 12910592
1629239 0
1638918 12910592
1638919 0
1645458 12910592
1645459 0
1651518 12910592
1651519 0
1658396 12910592
1658397 0
1664718 12910592
1664719 0
1673055 12910592
1673056 0
1678480 12910592
1678481 0
1690098 12910592
1690099 0
1696480 12910592
1696481 0
1703118 12910592
1703119 0
1718868 12910592
1718869 0
1724718 12910592
1724719 0
1739718 12910592
1739719 0
1752318 12910592
1752319 0
1767618 12910592
1767619 0
1778418 12910592
1778419 0
1785740 12910592
1785741 0
1793060 12910592
1793061 0
1796596 12910592
1796597 0
1803944 12910592
1803945 0
1811290 12910592
1811291 0
1818317 12910592
1818318 0
1824319 12910592
1824320 0
1829118 12910592
1829119 0
1840518 12910592
1840519 0
1846519 12910592
1846520 0
1854558 12910592
1854559 0
1865418 12910592
1865419 0
1878184 12910592
1878185 0
1889473 12910592
1889474 0
1895718 12910592
1895719 0
1900818 12910592
1900819 0
1928118 12910592
1928119 0
1935918 12910592
1935919 0
1946720 12910592
1946721 0
1952718 12910592
1952719 0
1957861 12910592
1957862 0
1961161 12910592
1961162 0
1968770 12910592
1968771 0
1976375 12910592
1976376 0
1983918 12910592
1983919 0
1988118 12910592
1988119 0
1992319 12910592
1992320 0
1994718 12910592
1994719 0
1999691 12910592
1999692 0
2003718 12910592
2003719 0
2007918 12910592
2007919 0
2011904 12910592
2011905 0
2020306 12910592
2020307 0
2026111 12910592
2026112 0
2031918 12910592
2031919 0
2036418 12910592
2036419 0
2080698 12910592
2080699 0
2083638 12910592
2083639 0
2087418 12910592
2087419 0
2094363 12910592
2094364 0
2097921 12910592
2097922 0
2101482 12910592
2101483 0
2109318 12910592
2109319 0
2114120 12910592
2114121 0
2118918 12910592
2118919 0
2123718 12910592
2123719 0
2182218 12910592
2182219 0
2187920 12910592
2187921 0
2193318 12910592
2193319 0
2197518 12910592
2197519 0
2204797 12910592
2204798 0
2209299 12910592
2209300 0
2212938 12910592
2212939 0
2241318 12910592
2241319 0
2245746 12910592
2245747 0
2250317 12910592
2250318 0
2255900 12910592
2255901 0
2263098 12910592
2263099 0
2270298 12910592
2270299 0
2278580 12910592
2278581 0
2288238 12910592
2288239 0
2297718 12910592
2297719 0
2304918 12910592
2304919 0
2317518 12910592
2317519 0
2322918 12910592
2322919 0
2331318 12910592
2331319 0
2339118 12910592
2339119 0
2342718 12910592
2342719 0
2353518 12910592
2353519 0
2358918 12910592
2358919 0
2369718 12910592
2369719 0
2376918 12910592
2376919 0
2386100 12910592
2386101 0
2394858 12910592
2394859 0
2406830 12910592
2406831 0
2413218 12910592
2413219 0
2425518 12910592
2425519 0
2430918 12910592
2430919 0
2441262 12910592
2441263 0
2446905 12910592
2446906 0
2452550 12910592
2452551 0
2456118 12910592
2456119 0
2463296 12910592
2463297 0
2470739 12910592
2470740 0
2480718 12910592
2480719 0
2486118 12910592
2486119 0
2523018 12910592
2523019 0
2565918 12910592
2565919 0
2573463 12910592
2573464 0
2580961 12910592
2580962 0
2591118 12910592
2591119 0
2595919 12910592
2595920 0
2602989 12910592
2602990 0
2610596 12910592
2610597 0
2618120 12910592
2618121 0
2627118 12910592
2627119 0
2635518 12910592
2635519 0
2641520 12910592
2641521 0
2650518 12910592
2650519 0
2661918 12910592
2661919 0
2669718 12910592
2669719 0
2679618 12910592
2679619 0
2688798 12910592
2688799 0
2702058 12910592
2702059 0
2709918 12910592
2709919 0
2715320 12910592
2715321 0
2722518 12910592
2722519 0
2738480 12910592
2738481 0
2744418 12910592
2744419 0
2751798 12910592
2751799 0
2757498 12910592
2757499 0
2764338 12910592
2764339 0
2782758 12910592
2782759 0
2787807 12910592
2787808 0
2792718 12910592
2792719 0
2798240 12910592
2798241 0
2810718 12910592
2810719 0
2819120 12910592
2819121 0
2830518 12910592
2830519 0
2837718 12910592
2837719 0
2848518 12910592
2848519 0
2854818 12910592
2854819 0
2860565 12910592
2860566 0
2868010 12910592
2868011 0
2874918 12910592
2874919 0
2884519 12910592
2884520 0
2891718 12910592
2891719 0
2906119 12910592
2906120 0
2920518 12910592
2920519 0
2927718 12910592
2927719 0
2934918 12910592
2934919 0
2941518 12910592
2941519 0
2947518 12910592
2947519 0
2955113 12910592
2955114 0
2960757 12910592
2960758 0
2972719 12910592
2972720 0
2981718 12910592
2981719 0
2992519 12910592
2992520 0
2999718 12910592
2999719 0
3012318 12910592
3012319 0
3017718 12910592
3017719 0
3026118 12910592
3026119 0
3030020 12910592
3030021 0
3033618 12910592
3033619 0
3048678 12910592
3048679 0
3052400 12910592
3052401 0
3064878 12910592
3064879 0
3068478 12910592
3068479 0
3084318 12910592
3084319 0
3091518 12910592
3091519 0
3100518 12910592
3100519 0
3107718 12910592
3107719 0
3136520 26897
3137000 0
3147320 26897
3147800 0
3244519 26897
3244999 0
3255320 26897
3255800 0
3276920 26897
3277400 0
3293954 26897
3294434 0
3303319 26897
3303799 0
3314398 26897
3314878 0
3332119 26897
3332599 0
3388519 26897
3388999 0
3400520 26897
3401000 0
3423368 26897
3423848 0
3465320 26897
3465800 0
3486920 26897
3487400 0
3567620 26897
3568100 0
3587720 26897
3588200 0
3777320 26897
3777800 0
