20 instruments
A 10 100 4367744.2331614867 2240000119.5770016
B 10 100 45126217.813212499 1435691857.5629289
C 10 100 6553.6061313363007 2560002395.0532427
D 10 100 20412.132877845776 869835207.86274612
E 10 100 7196.0339286610251 2810950753.383213
F 10 100 40786.332763907049 54547276.407707497
G 10 100 0 296462475.07613176
H 10 100 1517960000 4000000000
I 10 100 2312500 800000000
J 10 100 38499.176269411204 51488453.781630412
K 10 100 20805.899747385713 886615046.05336845
L 10 100 50290700 1600000000
M 10 100 1991925.5289842244 689098561.3783263
N 10 100 728287279.5071317 6713663885.8674479
O 10 100 22018.298358889329 159480658.09969637
P 10 100 1289849390.9659207 3398902187.0561032
Q 10 100 431759.25152321503 367151977.05994737
R 10 100 2238.0782914523293 612647607.58318675
S 10 100 0.000155227 800000000
T 10 100 1935.2198577632046 529743673.63920057
100 downlinks
0 862 44901 9462.077765
1 44902 60235 8739.387213
2 100749 115653 27177.101999999999
3 131202 155311 28867.988366000001
4 156252 178780 8757.0573490000006
5 217503 259751 30482.278361000001
6 259752 296645 9337.789702
7 296646 325107 8515.7706749999998
8 365949 380832 8900.7025030000004
9 383042 408831 8778.3355150000007
10 408842 437214 29886.497736000001
11 439739 466980 29243.536622
12 467699 471912 26517.245249
13 476408 490680 8834.4018649999998
14 509939 521314 9457.9623840000004
15 533335 553231 28164.872808
16 562710 604939 30503.298975000002
17 604940 627355 8691.2845450000004
18 627831 637826 8525.9525360000007
19 640491 644244 28086.786929000002
20 705549 733493 9305.8530659999997
21 735317 739831 9003.7058219999999
22 765228 780989 29720.859928999998
23 813982 817639 28196.056719
24 821621 838334 8724.7512220000008
25 839924 867259 9238.0711549999996
26 868180 907924 29465.914934
27 907925 915901 8736.7051790000005
28 938920 952934 8623.2506759999997
29 964749 986998 8421.9856619999991
30 991239 1011098 27549.328343000001
31 1022916 1040175 29572.320551000001
32 1042472 1072611 29086.290951999999
33 1072712 1101387 8813.8421070000004
34 1109612 1126578 29493.047434
35 1134508 1157999 27435.630709000001
36 1158890 1170418 29792.428981000001
37 1173508 1183391 8997.6095590000004
38 1186408 1209595 26654.011493000002
39 1223949 1247074 8664.3956859999998
40 1247304 1273163 8910.3347130000002
41 1316349 1336346 9263.3037550000008
42 1339455 1345687 8194.1372179999998
43 1357400 1370063 8812.3468479999992
44 1388896 1390727 28513.272391999999
45 1417571 1421732 29797.943813000002
46 1425763 1460595 9287.2106050000002
47 1460596 1471348 9493.8769009999996
48 1474752 1510832 29841.66733
49 1512071 1516749 9031.5484039999992
50 1575549 1587179 27058.173078
51 1589288 1592845 27764.822221999999
52 1596788 1613390 8866.3210920000001
53 1625275 1637435 30200.423556999998
54 1640547 1645391 9259.4321029999992
55 1649583 1673654 9457.3783449999992
56 1675383 1679211 29542.407908000001
57 1684689 1699532 8564.5545529999999
58 1708683 1731352 9335.3412189999999
59 1733879 1762605 27874.981927000001
60 1770999 1813154 30587.746092000001
61 1813155 1857307 9231.3874039999992
62 1857308 1873526 8609.2624169999999
63 1874875 1891107 8689.6108280000008
64 1899460 1901507 26609.79682
65 1921149 1940754 8915.2263710000007
66 1943619 1973569 9094.9622560000007
67 1973570 1991284 8333.9255690000009
68 1991866 1998207 27500.430241999999
69 2012284 2028637 8601.7316499999997
70 2029930 2064843 9100.8958739999998
71 2078561 2091850 9427.4328960000003
72 2094821 2105233 27243.904355999999
73 2107661 2129381 8431.3051790000009
74 2158377 2160699 27636.251289
75 2180349 2199637 8831.2619180000002
76 2200745 2217344 8966.6639699999996
77 2224956 2230707 54396.705881000002
78 2234499 2248527 58970.262822999997
79 2251112 2280151 57826.355975999999
80 2280152 2290896 17374.699861000001
81 2306252 2333043 57611.601310999999
82 2333252 2365332 59023.283414999998
83 2366074 2371824 55193.106121999997
84 2375180 2417297 25530.421285
85 2417298 2461493 29269.697155999998
86 2461494 2465584 16830.732371999999
87 2478742 2493409 28226.256141999998
88 2495739 2498290 60093.408818999997
89 2538737 2568436 58272.632834999997
90 2568437 2575711 61499.660580999996
91 2589914 2611211 28538.149495000001
92 2624759 2630581 18090.695755000001
93 2634124 2649336 23661.293665000001
94 2651233 2679187 28757.617953000001
95 2679188 2721484 56137.919716999997
96 2722628 2739522 23437.772314999998
97 2754728 2767368 55980.942202999999
98 2780583 2794435 60635.164006999999
99 2797323 2828250 23619.145155999999
0 opportunities for A
0 opportunities for B
0 opportunities for C
0 opportunities for D
0 opportunities for E
0 opportunities for F
0 opportunities for G
0 opportunities for H
0 opportunities for I
0 opportunities for J
0 opportunities for K
0 opportunities for L
0 opportunities for M
0 opportunities for N
0 opportunities for O
0 opportunities for P
0 opportunities for Q
0 opportunities for R
0 opportunities for S
0 opportunities for T
2 events for A
694572 0
694573 2650
97 events for B
14295 706
18495 1285
50674 706
107467 2414
109307 706
136073 1285
141653 706
155784 1285
157764 706
395453 1285
419011 706
423211 1285
437200 706
439420 1772
455090 706
459710 1772
475479 2414
477839 1772
491469 706
546453 2414
556213 706
588296 1285
619073 706
623295 1285
632753 706
692153 0
692154 487
712267 2414
714107 487
786524 2414
802724 487
807139 2414
839967 487
844167 2414
876996 487
1080279 2414
1082119 487
1108553 2414
1132947 487
1137148 2414
1169326 487
1173527 2414
1177127 487
1195127 2414
1198727 487
1208406 2414
1210553 487
1221953 2414
1260274 487
1315953 2414
1333682 487
1337882 2414
1345853 487
1391393 2414
1407178 487
1596432 2414
1603853 487
1632856 2414
1664896 487
1685079 2414
1686919 487
1842953 2414
1865074 487
1869277 2414
1891253 487
1920753 2414
1938477 487
1942684 2414
1950353 487
2037053 2414
2049507 487
2053767 2414
2086596 487
2253700 2414
2269790 487
2273990 2414
2306049 487
2310429 2414
2339453 487
2381027 2414
2397055 487
2401316 2414
2425853 1285
2526667 2414
2528507 1285
2533560 2414
2543282 1285
2547482 2414
2555282 1285
2663453 2414
2691396 1285
2695596 2414
2706653 1285
2732624 2414
2763953 1285
2777153 2414
2787542 1285
1210 events for C
197 12910592
198 0
17286 12910592
17287 0
17546 12910592
17547 0
18126 12910592
18127 0
18386 12910592
18387 0
35476 12910592
35477 0
35736 12910592
35737 0
36316 12910592
36317 0
36576 12910592
36577 0
53665 12910592
53666 0
53925 12910592
53926 0
54505 12910592
54506 0
54765 12910592
54766 0
71255 12910592
71256 0
71515 12910592
71516 0
72095 12910592
72096 0
72355 12910592
72356 0
88544 12910592
88545 0
88804 12910592
88805 0
89384 12910592
89385 0
89644 12910592
89645 0
108558 12910592
108559 0
108788 12910592
108789 0
109328 12910592
109329 0
109558 12910592
109559 0
127073 12910592
127074 0
127333 12910592
127334 0
127913 12910592
127914 0
128173 12910592
128174 0
145587 12910592
145588 0
145847 12910592
145848 0
146427 12910592
146428 0
146687 12910592
146688 0
164101 12910592
164102 0
164361 12910592
164362 0
164941 12910592
164942 0
165201 12910592
165202 0
182615 12910592
182616 0
182875 12910592
182876 0
183455 12910592
183456 0
183715 12910592
183716 0
201130 12910592
201131 0
201390 12910592
201391 0
201970 12910592
201971 0
202230 12910592
202231 0
219644 12910592
219645 0
219904 12910592
219905 0
220484 12910592
220485 0
220744 12910592
220745 0
238158 12910592
238159 0
238418 12910592
238419 0
238998 12910592
238999 0
239258 12910592
239259 0
256673 12910592
256674 0
256933 12910592
256934 0
257513 12910592
257514 0
257773 12910592
257774 0
275187 12910592
275188 0
275447 12910592
275448 0
276027 12910592
276028 0
276287 12910592
276288 0
293701 12910592
293702 0
293961 12910592
293962 0
294541 12910592
294542 0
294801 12910592
294802 0
312215 12910592
312216 0
312475 12910592
312476 0
313055 12910592
313056 0
313315 12910592
313316 0
330130 12910592
330131 0
330390 12910592
330391 0
330970 12910592
330971 0
331230 12910592
331231 0
347744 12910592
347745 0
348004 12910592
348005 0
348584 12910592
348585 0
348844 12910592
348845 0
366644 12910592
366645 0
366904 12910592
366905 0
367484 12910592
367485 0
367744 12910592
367745 0
385623 12910592
385624 0
385883 12910592
385884 0
386463 12910592
386464 0
386723 12910592
386724 0
403812 12910592
403813 0
404072 12910592
404073 0
404652 12910592
404653 0
404912 12910592
404913 0
422002 12910592
422003 0
422262 12910592
422263 0
422842 12910592
422843 0
423102 12910592
423103 0
440191 12910592
440192 0
440451 12910592
440452 0
441031 12910592
441032 0
441291 12910592
441292 0
458381 12910592
458382 0
458641 12910592
458642 0
459221 12910592
459222 0
459481 12910592
459482 0
476570 12910592
476571 0
476800 12910592
476801 0
477340 12910592
477341 0
477570 12910592
477571 0
494760 12910592
494761 0
495020 12910592
495021 0
495600 12910592
495601 0
495860 12910592
495861 0
512949 12910592
512950 0
513209 12910592
513210 0
513789 12910592
513790 0
514049 12910592
514050 0
531139 12910592
531140 0
531399 12910592
531400 0
531979 12910592
531980 0
532239 12910592
532240 0
547544 12910592
547545 0
547774 12910592
547775 0
548314 12910592
548315 0
548544 12910592
548545 0
567518 12910592
567519 0
567778 12910592
567779 0
568358 12910592
568359 0
568618 12910592
568619 0
585707 12910592
585708 0
585967 12910592
585968 0
586547 12910592
586548 0
586807 12910592
586808 0
603897 12910592
603898 0
604157 12910592
604158 0
604737 12910592
604738 0
604997 12910592
604998 0
622086 12910592
622087 0
622346 12910592
622347 0
622926 12910592
622927 0
623186 12910592
623187 0
640276 12910592
640277 0
640536 12910592
640537 0
641116 12910592
641117 0
641376 12910592
641377 0
658465 12910592
658466 0
658725 12910592
658726 0
659305 12910592
659306 0
659565 12910592
659566 0
676055 12910592
676056 0
676315 12910592
676316 0
676895 12910592
676896 0
677155 12910592
677156 0
693344 12910592
693345 0
693604 12910592
693605 0
694184 12910592
694185 0
694444 12910592
694445 0
713358 12910592
713359 0
713588 12910592
713589 0
714128 12910592
714129 0
714358 12910592
714359 0
731873 12910592
731874 0
732133 12910592
732134 0
732713 12910592
732714 0
732973 12910592
732974 0
750387 12910592
750388 0
750647 12910592
750648 0
751227 12910592
751228 0
751487 12910592
751488 0
768901 12910592
768902 0
769161 12910592
769162 0
769741 12910592
769742 0
770001 12910592
770002 0
787415 12910592
787416 0
787675 12910592
787676 0
788255 12910592
788256 0
788515 12910592
788516 0
805930 12910592
805931 0
806190 12910592
806191 0
806770 12910592
806771 0
807030 12910592
807031 0
824444 12910592
824445 0
824704 12910592
824705 0
825284 12910592
825285 0
825544 12910592
825545 0
842958 12910592
842959 0
843218 12910592
843219 0
843798 12910592
843799 0
844058 12910592
844059 0
861473 12910592
861474 0
861733 12910592
861734 0
862313 12910592
862314 0
862573 12910592
862574 0
879987 12910592
879988 0
880247 12910592
880248 0
880827 12910592
880828 0
881087 12910592
881088 0
898501 12910592
898502 0
898761 12910592
898762 0
899341 12910592
899342 0
899601 12910592
899602 0
917015 12910592
917016 0
917275 12910592
917276 0
917855 12910592
917856 0
918115 12910592
918116 0
934930 12910592
934931 0
935190 12910592
935191 0
935770 12910592
935771 0
936030 12910592
936031 0
952544 12910592
952545 0
952804 12910592
952805 0
953384 12910592
953385 0
953644 12910592
953645 0
972233 12910592
972234 0
972493 12910592
972494 0
973073 12910592
973074 0
973333 12910592
973334 0
992794 12910592
992795 0
993054 12910592
993055 0
993634 12910592
993635 0
993894 12910592
993895 0
1007194 12910592
1007195 0
1007454 12910592
1007455 0
1008034 12910592
1008035 0
1008294 12910592
1008295 0
1026802 12910592
1026803 0
1027062 12910592
1027063 0
1027642 12910592
1027643 0
1027902 12910592
1027903 0
1044991 12910592
1044992 0
1045251 12910592
1045252 0
1045831 12910592
1045832 0
1046091 12910592
1046092 0
1063181 12910592
1063182 0
1063441 12910592
1063442 0
1064021 12910592
1064022 0
1064281 12910592
1064282 0
1081370 12910592
1081371 0
1081600 12910592
1081601 0
1082140 12910592
1082141 0
1082370 12910592
1082371 0
1099560 12910592
1099561 0
1099820 12910592
1099821 0
1100400 12910592
1100401 0
1100660 12910592
1100661 0
1117749 12910592
1117750 0
1118009 12910592
1118010 0
1118589 12910592
1118590 0
1118849 12910592
1118850 0
1135939 12910592
1135940 0
1136199 12910592
1136200 0
1136779 12910592
1136780 0
1137039 12910592
1137040 0
1154128 12910592
1154129 0
1154388 12910592
1154389 0
1154968 12910592
1154969 0
1155228 12910592
1155229 0
1172318 12910592
1172319 0
1172578 12910592
1172579 0
1173158 12910592
1173159 0
1173418 12910592
1173419 0
1190507 12910592
1190508 0
1190767 12910592
1190768 0
1191347 12910592
1191348 0
1191607 12910592
1191608 0
1208697 12910592
1208698 0
1208957 12910592
1208958 0
1209537 12910592
1209538 0
1209797 12910592
1209798 0
1226886 12910592
1226887 0
1227146 12910592
1227147 0
1227726 12910592
1227727 0
1227986 12910592
1227987 0
1245076 12910592
1245077 0
1245336 12910592
1245337 0
1245916 12910592
1245917 0
1246176 12910592
1246177 0
1263265 12910592
1263266 0
1263525 12910592
1263526 0
1264105 12910592
1264106 0
1264365 12910592
1264366 0
1280855 12910592
1280856 0
1281115 12910592
1281116 0
1281695 12910592
1281696 0
1281955 12910592
1281956 0
1298144 12910592
1298145 0
1298404 12910592
1298405 0
1298984 12910592
1298985 0
1299244 12910592
1299245 0
1317044 12910592
1317045 0
1317274 12910592
1317275 0
1317814 12910592
1317815 0
1318044 12910592
1318045 0
1336673 12910592
1336674 0
1336933 12910592
1336934 0
1337513 12910592
1337514 0
1337773 12910592
1337774 0
1355187 12910592
1355188 0
1355447 12910592
1355448 0
1356027 12910592
1356028 0
1356287 12910592
1356288 0
1373701 12910592
1373702 0
1373961 12910592
1373962 0
1374541 12910592
1374542 0
1374801 12910592
1374802 0
1392215 12910592
1392216 0
1392475 12910592
1392476 0
1393055 12910592
1393056 0
1393315 12910592
1393316 0
1410730 12910592
1410731 0
1410990 12910592
1410991 0
1411570 12910592
1411571 0
1411830 12910592
1411831 0
1429244 12910592
1429245 0
1429504 12910592
1429505 0
1430084 12910592
1430085 0
1430344 12910592
1430345 0
1447758 12910592
1447759 0
1448018 12910592
1448019 0
1448598 12910592
1448599 0
1448858 12910592
1448859 0
1466273 12910592
1466274 0
1466533 12910592
1466534 0
1467113 12910592
1467114 0
1467373 12910592
1467374 0
1484787 12910592
1484788 0
1485047 12910592
1485048 0
1485627 12910592
1485628 0
1485887 12910592
1485888 0
1503301 12910592
1503302 0
1503561 12910592
1503562 0
1504141 12910592
1504142 0
1504401 12910592
1504402 0
1521815 12910592
1521816 0
1522075 12910592
1522076 0
1522655 12910592
1522656 0
1522915 12910592
1522916 0
1539730 12910592
1539731 0
1539990 12910592
1539991 0
1540570 12910592
1540571 0
1540830 12910592
1540831 0
1557344 12910592
1557345 0
1557604 12910592
1557605 0
1558184 12910592
1558185 0
1558444 12910592
1558445 0
1576244 12910592
1576245 0
1576504 12910592
1576505 0
1577084 12910592
1577085 0
1577344 12910592
1577345 0
1595223 12910592
1595224 0
1595483 12910592
1595484 0
1596063 12910592
1596064 0
1596323 12910592
1596324 0
1613412 12910592
1613413 0
1613672 12910592
1613673 0
1614252 12910592
1614253 0
1614512 12910592
1614513 0
1631602 12910592
1631603 0
1631862 12910592
1631863 0
1632442 12910592
1632443 0
1632702 12910592
1632703 0
1649791 12910592
1649792 0
1650051 12910592
1650052 0
1650631 12910592
1650632 0
1650891 12910592
1650892 0
1667981 12910592
1667982 0
1668241 12910592
1668242 0
1668821 12910592
1668822 0
1669081 12910592
1669082 0
1686170 12910592
1686171 0
1686400 12910592
1686401 0
1686940 12910592
1686941 0
1687170 12910592
1687171 0
1773344 12910592
1773345 0
1773604 12910592
1773605 0
1774184 12910592
1774185 0
1774444 12910592
1774445 0
1795307 12910592
1795308 0
1795567 12910592
1795568 0
1796147 12910592
1796148 0
1796407 12910592
1796408 0
1813497 12910592
1813498 0
1813757 12910592
1813758 0
1814337 12910592
1814338 0
1814597 12910592
1814598 0
1831686 12910592
1831687 0
1831946 12910592
1831947 0
1832526 12910592
1832527 0
1832786 12910592
1832787 0
1849876 12910592
1849877 0
1850136 12910592
1850137 0
1850716 12910592
1850717 0
1850976 12910592
1850977 0
1868065 12910592
1868066 0
1868325 12910592
1868326 0
1868905 12910592
1868906 0
1869165 12910592
1869166 0
1885655 12910592
1885656 0
1885915 12910592
1885916 0
1886495 12910592
1886496 0
1886755 12910592
1886756 0
1902944 12910592
1902945 0
1903204 12910592
1903205 0
1903784 12910592
1903785 0
1904044 12910592
1904045 0
1921844 12910592
1921845 0
1922074 12910592
1922075 0
1922614 12910592
1922615 0
1922844 12910592
1922845 0
1941473 12910592
1941474 0
1941733 12910592
1941734 0
1942313 12910592
1942314 0
1942573 12910592
1942574 0
1959987 12910592
1959988 0
1960247 12910592
1960248 0
1960827 12910592
1960828 0
1961087 12910592
1961088 0
1978501 12910592
1978502 0
1978761 12910592
1978762 0
1979341 12910592
1979342 0
1979601 12910592
1979602 0
1997015 12910592
1997016 0
1997275 12910592
1997276 0
1997855 12910592
1997856 0
1998115 12910592
1998116 0
2015530 12910592
2015531 0
2015790 12910592
2015791 0
2016370 12910592
2016371 0
2016630 12910592
2016631 0
2034044 12910592
2034045 0
2034304 12910592
2034305 0
2034884 12910592
2034885 0
2035144 12910592
2035145 0
2052558 12910592
2052559 0
2052818 12910592
2052819 0
2053398 12910592
2053399 0
2053658 12910592
2053659 0
2071073 12910592
2071074 0
2071333 12910592
2071334 0
2071913 12910592
2071914 0
2072173 12910592
2072174 0
2089587 12910592
2089588 0
2089847 12910592
2089848 0
2090427 12910592
2090428 0
2090687 12910592
2090688 0
2108101 12910592
2108102 0
2108361 12910592
2108362 0
2108941 12910592
2108942 0
2109201 12910592
2109202 0
2126615 12910592
2126616 0
2126875 12910592
2126876 0
2127455 12910592
2127456 0
2127715 12910592
2127716 0
2144530 12910592
2144531 0
2144790 12910592
2144791 0
2145370 12910592
2145371 0
2145630 12910592
2145631 0
2162144 12910592
2162145 0
2162404 12910592
2162405 0
2162984 12910592
2162985 0
2163244 12910592
2163245 0
2181044 12910592
2181045 0
2181304 12910592
2181305 0
2181884 12910592
2181885 0
2182144 12910592
2182145 0
2200023 12910592
2200024 0
2200283 12910592
2200284 0
2200863 12910592
2200864 0
2201123 12910592
2201124 0
2218212 12910592
2218213 0
2218472 12910592
2218473 0
2219052 12910592
2219053 0
2219312 12910592
2219313 0
2236402 12910592
2236403 0
2236662 12910592
2236663 0
2237242 12910592
2237243 0
2237502 12910592
2237503 0
2254591 12910592
2254592 0
2254851 12910592
2254852 0
2255431 12910592
2255432 0
2255691 12910592
2255692 0
2272781 12910592
2272782 0
2273041 12910592
2273042 0
2273621 12910592
2273622 0
2273881 12910592
2273882 0
2290970 12910592
2290971 0
2291200 12910592
2291201 0
2291740 12910592
2291741 0
2291970 12910592
2291971 0
2309160 12910592
2309161 0
2309420 12910592
2309421 0
2310000 12910592
2310001 0
2310260 12910592
2310261 0
2327349 12910592
2327350 0
2327609 12910592
2327610 0
2328189 12910592
2328190 0
2328449 12910592
2328450 0
2345539 12910592
2345540 0
2345799 12910592
2345800 0
2346379 12910592
2346380 0
2346639 12910592
2346640 0
2363728 12910592
2363729 0
2363988 12910592
2363989 0
2364568 12910592
2364569 0
2364828 12910592
2364829 0
2381918 12910592
2381919 0
2382178 12910592
2382179 0
2382758 12910592
2382759 0
2383018 12910592
2383019 0
2400107 12910592
2400108 0
2400367 12910592
2400368 0
2400947 12910592
2400948 0
2401207 12910592
2401208 0
2418297 12910592
2418298 0
2418557 12910592
2418558 0
2419137 12910592
2419138 0
2419397 12910592
2419398 0
2436486 12910592
2436487 0
2436746 12910592
2436747 0
2437326 12910592
2437327 0
2437586 12910592
2437587 0
2454676 12910592
2454677 0
2454936 12910592
2454937 0
2455516 12910592
2455517 0
2455776 12910592
2455777 0
2472865 12910592
2472866 0
2473125 12910592
2473126 0
2473705 12910592
2473706 0
2473965 12910592
2473966 0
2490455 12910592
2490456 0
2490715 12910592
2490716 0
2491295 12910592
2491296 0
2491555 12910592
2491556 0
2507744 12910592
2507745 0
2508004 12910592
2508005 0
2508584 12910592
2508585 0
2508844 12910592
2508845 0
2527758 12910592
2527759 0
2527988 12910592
2527989 0
2528528 12910592
2528529 0
2528758 12910592
2528759 0
2546273 12910592
2546274 0
2546533 12910592
2546534 0
2547113 12910592
2547114 0
2547373 12910592
2547374 0
2564787 12910592
2564788 0
2565047 12910592
2565048 0
2565627 12910592
2565628 0
2565887 12910592
2565888 0
2583301 12910592
2583302 0
2583561 12910592
2583562 0
2584141 12910592
2584142 0
2584401 12910592
2584402 0
2601815 12910592
2601816 0
2602075 12910592
2602076 0
2602655 12910592
2602656 0
2602915 12910592
2602916 0
2620330 12910592
2620331 0
2620590 12910592
2620591 0
2621170 12910592
2621171 0
2621430 12910592
2621431 0
2638844 12910592
2638845 0
2639104 12910592
2639105 0
2639684 12910592
2639685 0
2639944 12910592
2639945 0
2657358 12910592
2657359 0
2657618 12910592
2657619 0
2658198 12910592
2658199 0
2658458 12910592
2658459 0
2675873 12910592
2675874 0
2676133 12910592
2676134 0
2676713 12910592
2676714 0
2676973 12910592
2676974 0
2694387 12910592
2694388 0
2694647 12910592
2694648 0
2695227 12910592
2695228 0
2695487 12910592
2695488 0
2712901 12910592
2712902 0
2713161 12910592
2713162 0
2713741 12910592
2713742 0
2714001 12910592
2714002 0
2731415 12910592
2731416 0
2731675 12910592
2731676 0
2732255 12910592
2732256 0
2732515 12910592
2732516 0
2749330 12910592
2749331 0
2749590 12910592
2749591 0
2750170 12910592
2750171 0
2750430 12910592
2750431 0
2766944 12910592
2766945 0
2767204 12910592
2767205 0
2767784 12910592
2767785 0
2768044 12910592
2768045 0
2786633 12910592
2786634 0
2786893 12910592
2786894 0
2787473 12910592
2787474 0
2787733 12910592
2787734 0
2804823 12910592
2804824 0
2805083 12910592
2805084 0
2805663 12910592
2805664 0
2805923 12910592
2805924 0
2823012 12910592
2823013 0
2823272 12910592
2823273 0
2823852 12910592
2823853 0
2824112 12910592
2824113 0
2841202 12910592
2841203 0
2841462 12910592
2841463 0
2842042 12910592
2842043 0
2842302 12910592
2842303 0
44 events for D
110357 4214960
110361 0
110787 4214960
110791 0
111527 4214960
111531 0
111957 4214960
111961 0
478369 4214960
478373 0
478799 4214960
478803 0
479539 4214960
479543 0
479969 4214960
479973 0
549343 4214960
549347 0
549773 4214960
549777 0
550513 4214960
550517 0
550943 4214960
550947 0
715157 4214960
715161 0
715587 4214960
715591 0
716327 4214960
716331 0
716757 4214960
716761 0
1083169 4214960
1083173 0
1083599 4214960
1083603 0
1084339 4214960
1084343 0
1084769 4214960
1084773 0
1688495 67463256
1688500 0
2293295 47210957
2293300 0
1212 events for E
338 12910592
339 0
598 12910592
599 0
17687 12910592
17688 0
17947 12910592
17948 0
18527 12910592
18528 0
18787 12910592
18788 0
35877 12910592
35878 0
36137 12910592
36138 0
36717 12910592
36718 0
36977 12910592
36978 0
54066 12910592
54067 0
54326 12910592
54327 0
54906 12910592
54907 0
55166 12910592
55167 0
71656 12910592
71657 0
71916 12910592
71917 0
72496 12910592
72497 0
72756 12910592
72757 0
88945 12910592
88946 0
89205 12910592
89206 0
89785 12910592
89786 0
90045 12910592
90046 0
108959 12910592
108960 0
109189 12910592
109190 0
109729 12910592
109730 0
109959 12910592
109960 0
127474 12910592
127475 0
127734 12910592
127735 0
128314 12910592
128315 0
128574 12910592
128575 0
145988 12910592
145989 0
146248 12910592
146249 0
146828 12910592
146829 0
147088 12910592
147089 0
164502 12910592
164503 0
164762 12910592
164763 0
165342 12910592
165343 0
165602 12910592
165603 0
183016 12910592
183017 0
183276 12910592
183277 0
183856 12910592
183857 0
184116 12910592
184117 0
201531 12910592
201532 0
201791 12910592
201792 0
202371 12910592
202372 0
202631 12910592
202632 0
220045 12910592
220046 0
220305 12910592
220306 0
220885 12910592
220886 0
221145 12910592
221146 0
238559 12910592
238560 0
238819 12910592
238820 0
239399 12910592
239400 0
239659 12910592
239660 0
257074 12910592
257075 0
257334 12910592
257335 0
257914 12910592
257915 0
258174 12910592
258175 0
275588 12910592
275589 0
275848 12910592
275849 0
276428 12910592
276429 0
276688 12910592
276689 0
294102 12910592
294103 0
294362 12910592
294363 0
294942 12910592
294943 0
295202 12910592
295203 0
312616 12910592
312617 0
312876 12910592
312877 0
313456 12910592
313457 0
313716 12910592
313717 0
330531 12910592
330532 0
330791 12910592
330792 0
331371 12910592
331372 0
331631 12910592
331632 0
348145 12910592
348146 0
348405 12910592
348406 0
348985 12910592
348986 0
349245 12910592
349246 0
367045 12910592
367046 0
367305 12910592
367306 0
367885 12910592
367886 0
368145 12910592
368146 0
386024 12910592
386025 0
386284 12910592
386285 0
386864 12910592
386865 0
387124 12910592
387125 0
404213 12910592
404214 0
404473 12910592
404474 0
405053 12910592
405054 0
405313 12910592
405314 0
422403 12910592
422404 0
422663 12910592
422664 0
423243 12910592
423244 0
423503 12910592
423504 0
440592 12910592
440593 0
440852 12910592
440853 0
441432 12910592
441433 0
441692 12910592
441693 0
458782 12910592
458783 0
459042 12910592
459043 0
459622 12910592
459623 0
459882 12910592
459883 0
476971 12910592
476972 0
477201 12910592
477202 0
477741 12910592
477742 0
477971 12910592
477972 0
495161 12910592
495162 0
495421 12910592
495422 0
496001 12910592
496002 0
496261 12910592
496262 0
513350 12910592
513351 0
513610 12910592
513611 0
514190 12910592
514191 0
514450 12910592
514451 0
531540 12910592
531541 0
531800 12910592
531801 0
532380 12910592
532381 0
532640 12910592
532641 0
547945 12910592
547946 0
548175 12910592
548176 0
548715 12910592
548716 0
548945 12910592
548946 0
567919 12910592
567920 0
568179 12910592
568180 0
568759 12910592
568760 0
569019 12910592
569020 0
586108 12910592
586109 0
586368 12910592
586369 0
586948 12910592
586949 0
587208 12910592
587209 0
604298 12910592
604299 0
604558 12910592
604559 0
605138 12910592
605139 0
605398 12910592
605399 0
622487 12910592
622488 0
622747 12910592
622748 0
623327 12910592
623328 0
623587 12910592
623588 0
640677 12910592
640678 0
640937 12910592
640938 0
641517 12910592
641518 0
641777 12910592
641778 0
658866 12910592
658867 0
659126 12910592
659127 0
659706 12910592
659707 0
659966 12910592
659967 0
676456 12910592
676457 0
676716 12910592
676717 0
677296 12910592
677297 0
677556 12910592
677557 0
693745 12910592
693746 0
694005 12910592
694006 0
694585 12910592
694586 0
694845 12910592
694846 0
713759 12910592
713760 0
713989 12910592
713990 0
714529 12910592
714530 0
714759 12910592
714760 0
732274 12910592
732275 0
732534 12910592
732535 0
733114 12910592
733115 0
733374 12910592
733375 0
750788 12910592
750789 0
751048 12910592
751049 0
751628 12910592
751629 0
751888 12910592
751889 0
769302 12910592
769303 0
769562 12910592
769563 0
770142 12910592
770143 0
770402 12910592
770403 0
787816 12910592
787817 0
788076 12910592
788077 0
788656 12910592
788657 0
788916 12910592
788917 0
806331 12910592
806332 0
806591 12910592
806592 0
807171 12910592
807172 0
807431 12910592
807432 0
824845 12910592
824846 0
825105 12910592
825106 0
825685 12910592
825686 0
825945 12910592
825946 0
843359 12910592
843360 0
843619 12910592
843620 0
844199 12910592
844200 0
844459 12910592
844460 0
861874 12910592
861875 0
862134 12910592
862135 0
862714 12910592
862715 0
862974 12910592
862975 0
880388 12910592
880389 0
880648 12910592
880649 0
881228 12910592
881229 0
881488 12910592
881489 0
898902 12910592
898903 0
899162 12910592
899163 0
899742 12910592
899743 0
900002 12910592
900003 0
917416 12910592
917417 0
917676 12910592
917677 0
918256 12910592
918257 0
918516 12910592
918517 0
935331 12910592
935332 0
935591 12910592
935592 0
936171 12910592
936172 0
936431 12910592
936432 0
952945 12910592
952946 0
953205 12910592
953206 0
953785 12910592
953786 0
954045 12910592
954046 0
972634 12910592
972635 0
972894 12910592
972895 0
973474 12910592
973475 0
973734 12910592
973735 0
993195 12910592
993196 0
993455 12910592
993456 0
994035 12910592
994036 0
994295 12910592
994296 0
1007595 12910592
1007596 0
1007855 12910592
1007856 0
1008435 12910592
1008436 0
1008695 12910592
1008696 0
1027203 12910592
1027204 0
1027463 12910592
1027464 0
1028043 12910592
1028044 0
1028303 12910592
1028304 0
1045392 12910592
1045393 0
1045652 12910592
1045653 0
1046232 12910592
1046233 0
1046492 12910592
1046493 0
1063582 12910592
1063583 0
1063842 12910592
1063843 0
1064422 12910592
1064423 0
1064682 12910592
1064683 0
1081771 12910592
1081772 0
1082001 12910592
1082002 0
1082541 12910592
1082542 0
1082771 12910592
1082772 0
1099961 12910592
1099962 0
1100221 12910592
1100222 0
1100801 12910592
1100802 0
1101061 12910592
1101062 0
1118150 12910592
1118151 0
1118410 12910592
1118411 0
1118990 12910592
1118991 0
1119250 12910592
1119251 0
1136340 12910592
1136341 0
1136600 12910592
1136601 0
1137180 12910592
1137181 0
1137440 12910592
1137441 0
1154529 12910592
1154530 0
1154789 12910592
1154790 0
1155369 12910592
1155370 0
1155629 12910592
1155630 0
1172719 12910592
1172720 0
1172979 12910592
1172980 0
1173559 12910592
1173560 0
1173819 12910592
1173820 0
1190908 12910592
1190909 0
1191168 12910592
1191169 0
1191748 12910592
1191749 0
1192008 12910592
1192009 0
1209098 12910592
1209099 0
1209358 12910592
1209359 0
1209938 12910592
1209939 0
1210198 12910592
1210199 0
1227287 12910592
1227288 0
1227547 12910592
1227548 0
1228127 12910592
1228128 0
1228387 12910592
1228388 0
1245477 12910592
1245478 0
1245737 12910592
1245738 0
1246317 12910592
1246318 0
1246577 12910592
1246578 0
1263666 12910592
1263667 0
1263926 12910592
1263927 0
1264506 12910592
1264507 0
1264766 12910592
1264767 0
1281256 12910592
1281257 0
1281516 12910592
1281517 0
1282096 12910592
1282097 0
1282356 12910592
1282357 0
1298545 12910592
1298546 0
1298805 12910592
1298806 0
1299385 12910592
1299386 0
1299645 12910592
1299646 0
1317445 12910592
1317446 0
1317675 12910592
1317676 0
1318215 12910592
1318216 0
1318445 12910592
1318446 0
1337074 12910592
1337075 0
1337334 12910592
1337335 0
1337914 12910592
1337915 0
1338174 12910592
1338175 0
1355588 12910592
1355589 0
1355848 12910592
1355849 0
1356428 12910592
1356429 0
1356688 12910592
1356689 0
1374102 12910592
1374103 0
1374362 12910592
1374363 0
1374942 12910592
1374943 0
1375202 12910592
1375203 0
1392616 12910592
1392617 0
1392876 12910592
1392877 0
1393456 12910592
1393457 0
1393716 12910592
1393717 0
1411131 12910592
1411132 0
1411391 12910592
1411392 0
1411971 12910592
1411972 0
1412231 12910592
1412232 0
1429645 12910592
1429646 0
1429905 12910592
1429906 0
1430485 12910592
1430486 0
1430745 12910592
1430746 0
1448159 12910592
1448160 0
1448419 12910592
1448420 0
1448999 12910592
1449000 0
1449259 12910592
1449260 0
1466674 12910592
1466675 0
1466934 12910592
1466935 0
1467514 12910592
1467515 0
1467774 12910592
1467775 0
1485188 12910592
1485189 0
1485448 12910592
1485449 0
1486028 12910592
1486029 0
1486288 12910592
1486289 0
1503702 12910592
1503703 0
1503962 12910592
1503963 0
1504542 12910592
1504543 0
1504802 12910592
1504803 0
1522216 12910592
1522217 0
1522476 12910592
1522477 0
1523056 12910592
1523057 0
1523316 12910592
1523317 0
1540131 12910592
1540132 0
1540391 12910592
1540392 0
1540971 12910592
1540972 0
1541231 12910592
1541232 0
1557745 12910592
1557746 0
1558005 12910592
1558006 0
1558585 12910592
1558586 0
1558845 12910592
1558846 0
1576645 12910592
1576646 0
1576905 12910592
1576906 0
1577485 12910592
1577486 0
1577745 12910592
1577746 0
1595624 12910592
1595625 0
1595884 12910592
1595885 0
1596464 12910592
1596465 0
1596724 12910592
1596725 0
1613813 12910592
1613814 0
1614073 12910592
1614074 0
1614653 12910592
1614654 0
1614913 12910592
1614914 0
1632003 12910592
1632004 0
1632263 12910592
1632264 0
1632843 12910592
1632844 0
1633103 12910592
1633104 0
1650192 12910592
1650193 0
1650452 12910592
1650453 0
1651032 12910592
1651033 0
1651292 12910592
1651293 0
1668382 12910592
1668383 0
1668642 12910592
1668643 0
1669222 12910592
1669223 0
1669482 12910592
1669483 0
1686571 12910592
1686572 0
1686801 12910592
1686802 0
1687341 12910592
1687342 0
1687571 12910592
1687572 0
1773745 12910592
1773746 0
1774005 12910592
1774006 0
1774585 12910592
1774586 0
1774845 12910592
1774846 0
1795708 12910592
1795709 0
1795968 12910592
1795969 0
1796548 12910592
1796549 0
1796808 12910592
1796809 0
1813898 12910592
1813899 0
1814158 12910592
1814159 0
1814738 12910592
1814739 0
1814998 12910592
1814999 0
1832087 12910592
1832088 0
1832347 12910592
1832348 0
1832927 12910592
1832928 0
1833187 12910592
1833188 0
1850277 12910592
1850278 0
1850537 12910592
1850538 0
1851117 12910592
1851118 0
1851377 12910592
1851378 0
1868466 12910592
1868467 0
1868726 12910592
1868727 0
1869306 12910592
1869307 0
1869566 12910592
1869567 0
1886056 12910592
1886057 0
1886316 12910592
1886317 0
1886896 12910592
1886897 0
1887156 12910592
1887157 0
1903345 12910592
1903346 0
1903605 12910592
1903606 0
1904185 12910592
1904186 0
1904445 12910592
1904446 0
1922245 12910592
1922246 0
1922475 12910592
1922476 0
1923015 12910592
1923016 0
1923245 12910592
1923246 0
1941874 12910592
1941875 0
1942134 12910592
1942135 0
1942714 12910592
1942715 0
1942974 12910592
1942975 0
1960388 12910592
1960389 0
1960648 12910592
1960649 0
1961228 12910592
1961229 0
1961488 12910592
1961489 0
1978902 12910592
1978903 0
1979162 12910592
1979163 0
1979742 12910592
1979743 0
1980002 12910592
1980003 0
1997416 12910592
1997417 0
1997676 12910592
1997677 0
1998256 12910592
1998257 0
1998516 12910592
1998517 0
2015931 12910592
2015932 0
2016191 12910592
2016192 0
2016771 12910592
2016772 0
2017031 12910592
2017032 0
2034445 12910592
2034446 0
2034705 12910592
2034706 0
2035285 12910592
2035286 0
2035545 12910592
2035546 0
2052959 12910592
2052960 0
2053219 12910592
2053220 0
2053799 12910592
2053800 0
2054059 12910592
2054060 0
2071474 12910592
2071475 0
2071734 12910592
2071735 0
2072314 12910592
2072315 0
2072574 12910592
2072575 0
2089988 12910592
2089989 0
2090248 12910592
2090249 0
2090828 12910592
2090829 0
2091088 12910592
2091089 0
2108502 12910592
2108503 0
2108762 12910592
2108763 0
2109342 12910592
2109343 0
2109602 12910592
2109603 0
2127016 12910592
2127017 0
2127276 12910592
2127277 0
2127856 12910592
2127857 0
2128116 12910592
2128117 0
2144931 12910592
2144932 0
2145191 12910592
2145192 0
2145771 12910592
2145772 0
2146031 12910592
2146032 0
2162545 12910592
2162546 0
2162805 12910592
2162806 0
2163385 12910592
2163386 0
2163645 12910592
2163646 0
2181445 12910592
2181446 0
2181705 12910592
2181706 0
2182285 12910592
2182286 0
2182545 12910592
2182546 0
2200424 12910592
2200425 0
2200684 12910592
2200685 0
2201264 12910592
2201265 0
2201524 12910592
2201525 0
2218613 12910592
2218614 0
2218873 12910592
2218874 0
2219453 12910592
2219454 0
2219713 12910592
2219714 0
2236803 12910592
2236804 0
2237063 12910592
2237064 0
2237643 12910592
2237644 0
2237903 12910592
2237904 0
2254992 12910592
2254993 0
2255252 12910592
2255253 0
2255832 12910592
2255833 0
2256092 12910592
2256093 0
2273182 12910592
2273183 0
2273442 12910592
2273443 0
2274022 12910592
2274023 0
2274282 12910592
2274283 0
2291371 12910592
2291372 0
2291601 12910592
2291602 0
2292141 12910592
2292142 0
2292371 12910592
2292372 0
2309561 12910592
2309562 0
2309821 12910592
2309822 0
2310401 12910592
2310402 0
2310661 12910592
2310662 0
2327750 12910592
2327751 0
2328010 12910592
2328011 0
2328590 12910592
2328591 0
2328850 12910592
2328851 0
2345940 12910592
2345941 0
2346200 12910592
2346201 0
2346780 12910592
2346781 0
2347040 12910592
2347041 0
2364129 12910592
2364130 0
2364389 12910592
2364390 0
2364969 12910592
2364970 0
2365229 12910592
2365230 0
2382319 12910592
2382320 0
2382579 12910592
2382580 0
2383159 12910592
2383160 0
2383419 12910592
2383420 0
2400508 12910592
2400509 0
2400768 12910592
2400769 0
2401348 12910592
2401349 0
2401608 12910592
2401609 0
2418698 12910592
2418699 0
2418958 12910592
2418959 0
2419538 12910592
2419539 0
2419798 12910592
2419799 0
2436887 12910592
2436888 0
2437147 12910592
2437148 0
2437727 12910592
2437728 0
2437987 12910592
2437988 0
2455077 12910592
2455078 0
2455337 12910592
2455338 0
2455917 12910592
2455918 0
2456177 12910592
2456178 0
2473266 12910592
2473267 0
2473526 12910592
2473527 0
2474106 12910592
2474107 0
2474366 12910592
2474367 0
2490856 12910592
2490857 0
2491116 12910592
2491117 0
2491696 12910592
2491697 0
2491956 12910592
2491957 0
2508145 12910592
2508146 0
2508405 12910592
2508406 0
2508985 12910592
2508986 0
2509245 12910592
2509246 0
2528159 12910592
2528160 0
2528389 12910592
2528390 0
2528929 12910592
2528930 0
2529159 12910592
2529160 0
2546674 12910592
2546675 0
2546934 12910592
2546935 0
2547514 12910592
2547515 0
2547774 12910592
2547775 0
2565188 12910592
2565189 0
2565448 12910592
2565449 0
2566028 12910592
2566029 0
2566288 12910592
2566289 0
2583702 12910592
2583703 0
2583962 12910592
2583963 0
2584542 12910592
2584543 0
2584802 12910592
2584803 0
2602216 12910592
2602217 0
2602476 12910592
2602477 0
2603056 12910592
2603057 0
2603316 12910592
2603317 0
2620731 12910592
2620732 0
2620991 12910592
2620992 0
2621571 12910592
2621572 0
2621831 12910592
2621832 0
2639245 12910592
2639246 0
2639505 12910592
2639506 0
2640085 12910592
2640086 0
2640345 12910592
2640346 0
2657759 12910592
2657760 0
2658019 12910592
2658020 0
2658599 12910592
2658600 0
2658859 12910592
2658860 0
2676274 12910592
2676275 0
2676534 12910592
2676535 0
2677114 12910592
2677115 0
2677374 12910592
2677375 0
2694788 12910592
2694789 0
2695048 12910592
2695049 0
2695628 12910592
2695629 0
2695888 12910592
2695889 0
2713302 12910592
2713303 0
2713562 12910592
2713563 0
2714142 12910592
2714143 0
2714402 12910592
2714403 0
2731816 12910592
2731817 0
2732076 12910592
2732077 0
2732656 12910592
2732657 0
2732916 12910592
2732917 0
2749731 12910592
2749732 0
2749991 12910592
2749992 0
2750571 12910592
2750572 0
2750831 12910592
2750832 0
2767345 12910592
2767346 0
2767605 12910592
2767606 0
2768185 12910592
2768186 0
2768445 12910592
2768446 0
2787034 12910592
2787035 0
2787294 12910592
2787295 0
2787874 12910592
2787875 0
2788134 12910592
2788135 0
2805224 12910592
2805225 0
2805484 12910592
2805485 0
2806064 12910592
2806065 0
2806324 12910592
2806325 0
2823413 12910592
2823414 0
2823673 12910592
2823674 0
2824253 12910592
2824254 0
2824513 12910592
2824514 0
2841603 12910592
2841604 0
2841863 12910592
2841864 0
2842443 12910592
2842444 0
2842703 12910592
2842704 0
2 events for F
693049 0
693050 18
0 events for G

205 events for H
109312 117965
109402 124709
110263 6744
111172 124709
112063 6744
112972 124709
113863 6744
114772 124709
115663 6744
116572 124709
117463 6744
118372 124709
119263 6744
120163 0
127827 117965
127917 124709
128778 6744
129687 124709
130578 6744
131487 124709
132378 6744
133287 124709
134178 6744
135078 0
313059 7514
326700 0
328874 7514
344315 0
632598 58982
632688 66496
633969 6744
634458 66496
635829 6744
636249 0
638930 58982
639020 66496
640301 6744
640790 66496
642161 6744
642590 66496
643961 6744
653381 0
659219 58982
659309 66496
660590 6744
661079 66496
662450 6744
662879 66496
664250 6744
670070 0
1010498 235930
1010588 242674
1012349 6744
1012538 242674
1014389 6744
1014578 242674
1016429 6744
1016678 242674
1018529 6744
1019549 0
1027556 235930
1027646 242674
1028262 6744
1028267 0
1043049 169032
1044849 45609
1046654 0
1580418 117965
1580508 125479
1581789 7514
1582149 0
1718088 3372
1723269 0
1743288 3372
1751649 0
1760688 3372
1766049 0
1788288 3372
1791249 0
1794166 3372
1809967 0
1950198 117965
1950288 121337
1951809 3372
1952058 121337
1953609 3372
1953849 0
1958641 117965
1958731 121337
1960072 3372
1965901 121337
1967272 3372
1969492 0
1979255 117965
1979345 121337
1980866 3372
1984715 121337
1986266 3372
1986506 0
2186088 3372
2186958 121337
2189709 3372
2190558 121337
2193249 3372
2194149 0
2200777 117965
2200867 121337
2202328 3372
2202637 121337
2204188 3372
2208028 0
2555238 19661
2555328 25951
2557089 6290
2557878 25951
2559729 6290
2560269 0
2563578 19661
2563668 25951
2565429 6290
2566218 25951
2568069 6290
2569038 25951
2570889 6290
2571618 25951
2573469 6290
2574438 25951
2576289 6290
2577018 25951
2578869 6290
2579409 0
2584158 19661
2584248 25951
2586009 6290
2586138 25951
2587989 6290
2588358 25951
2590209 6290
2590338 25951
2592189 6290
2592558 25951
2594409 6290
2594538 25951
2596384 6290
2596389 0
2600469 117965
2600559 124709
2602020 6744
2616720 0
2621084 117965
2621174 124709
2622635 6744
2635415 0
2637498 117965
2637588 124709
2639049 6744
2651829 0
2787498 19661
2787588 25951
2789349 6290
2789478 25951
2791329 6290
2791698 25951
2793549 6290
2793678 25951
2795529 6290
2795898 25951
2797749 6290
2797878 25951
2799724 6290
2799729 0
2805678 19661
2805768 25951
2806629 6290
2806758 25951
2807709 6290
2808078 25951
2809029 6290
2809278 25951
2810229 6290
2810478 25951
2811429 6290
2811558 25951
2812509 6290
2812514 0
2814198 117965
2814288 124709
2815809 6744
2817814 0
2817858 117965
2819469 6744
2819529 0
2821666 117965
2821756 124709
2823277 6744
2827082 0
2827126 117965
2828737 6744
2834197 0
2841956 117965
2842046 124709
2843567 6744
2845572 0
2845616 117965
2847227 6744
32 events for I
86948 0
98349 1300
346148 0
363549 1300
691748 0
703629 600
703809 1300
950429 700
950474 0
962649 600
962829 1300
1209569 700
1209614 0
1221729 600
1221909 1300
1295969 700
1296014 0
1314129 600
1314309 1300
1554389 700
1554434 0
1573329 600
1573449 1300
1900949 700
1900994 0
1918749 1300
2160548 0
2177949 1300
2506148 0
2517549 1950
2765348 0
2776749 1950
2 events for J
693367 0
693368 18
44 events for K
108546 4214960
108550 0
108976 4214960
108980 0
109716 4214960
109720 0
110146 4214960
110150 0
476558 4214960
476562 0
476988 4214960
476992 0
477728 4214960
477732 0
478158 4214960
478162 0
547532 4214960
547536 0
547962 4214960
547966 0
548702 4214960
548706 0
549132 4214960
549136 0
713346 4214960
713350 0
713776 4214960
713780 0
714516 4214960
714520 0
714946 4214960
714950 0
1081358 4214960
1081362 0
1081788 4214960
1081792 0
1082528 4214960
1082532 0
1082958 4214960
1082962 0
1686684 67463256
1686689 0
2291484 47210957
2291489 0
97 events for L
13891 706
18091 1285
50270 706
107063 2414
108903 706
135669 1285
141249 706
155380 1285
157360 706
395049 1285
418607 706
422807 1285
436796 706
439016 1772
454686 706
459306 1772
475075 2414
477435 1772
491065 706
546049 2414
555809 706
587892 1285
618669 706
622891 1285
632349 706
691749 0
691750 487
711863 2414
713703 487
786120 2414
802320 487
806735 2414
839563 487
843763 2414
876592 487
1079875 2414
1081715 487
1108149 2414
1132543 487
1136744 2414
1168922 487
1173123 2414
1176723 487
1194723 2414
1198323 487
1208002 2414
1210149 487
1221549 2414
1259870 487
1315549 2414
1333278 487
1337478 2414
1345449 487
1390989 2414
1406774 487
1596028 2414
1603449 487
1632452 2414
1664492 487
1684675 2414
1686515 487
1842549 2414
1864670 487
1868873 2414
1890849 487
1920349 2414
1938073 487
1942280 2414
1949949 487
2036649 2414
2049103 487
2053363 2414
2086192 487
2253296 2414
2269386 487
2273586 2414
2305645 487
2310025 2414
2339049 487
2380623 2414
2396651 487
2400912 2414
2425449 1285
2526263 2414
2528103 1285
2533156 2414
2542878 1285
2547078 2414
2554878 1285
2663049 2414
2690992 1285
2695192 2414
2706249 1285
2732220 2414
2763549 1285
2776749 2414
2787138 1285
32 events for M
90472 0
101873 1300
349672 0
367073 1300
695272 0
707153 600
707333 1300
953953 700
953998 0
966173 600
966353 1300
1213093 700
1213138 0
1225253 600
1225433 1300
1299493 700
1299538 0
1317653 600
1317833 1300
1557913 700
1557958 0
1576853 600
1576973 1300
1904473 700
1904518 0
1922273 1300
2164072 0
2181473 1300
2509672 0
2521073 1950
2768872 0
2780273 1950
36 events for N
563871 26968906
563876 0
585471 134824032
585476 0
588397 20221556
588402 0
779811 83191028
779816 0
974211 38234987
974216 0
995811 107957608
995816 0
1017411 350862225
1017416 0
1017417 4498234
1017422 0
1039011 38234987
1039016 0
1363071 42873674
1363076 0
1384671 60808152
1384676 0
1471071 123650191
1471076 0
1492671 112353360
1492676 0
1514271 191051956
1514276 0
1535871 148359728
1535876 0
2196711 92231261
2196716 0
2227071 67412016
2227076 0
2535758 67429102
2535763 0
262 events for O
7716 0
58217 1714
69627 0
71167 906
71907 1714
86916 0
104196 1714
106930 0
107110 215
118586 0
122410 1714
125445 0
148616 1500
154631 0
168806 1500
174816 0
206856 906
207606 0
316767 906
328502 0
330042 906
346116 0
367596 906
383995 0
390175 906
397136 0
440963 906
456453 0
463716 906
470036 0
558435 906
565890 0
567430 906
584079 0
590319 906
602269 0
640188 906
656837 0
663017 906
674427 0
715391 906
730245 0
736425 906
748759 0
759439 1500
765551 0
773513 1500
779625 0
824356 906
841330 0
847510 906
859785 0
862125 906
870002 0
912096 906
912862 0
966396 1714
970005 0
973476 1714
990770 0
997346 1714
1005846 0
1011756 906
1012496 1714
1024574 0
1031354 1714
1043363 0
1045643 1714
1061553 0
1067733 1714
1079742 0
1083725 906
1084465 1714
1097932 0
1104112 1714
1109616 0
1140491 215
1151911 0
1257696 906
1258436 0
1267817 906
1279227 0
1281507 906
1296516 0
1319823 906
1335045 0
1342182 906
1353559 0
1355099 906
1371859 0
1378853 906
1390373 0
1393541 906
1408541 0
1415282 906
1427616 0
1429156 906
1446130 0
1452310 906
1455216 0
1455696 906
1464645 0
1466925 906
1482859 0
1489339 906
1498416 0
1498596 1087
1501306 0
1504253 906
1520187 0
1526341 593
1532008 0
1534027 906
1536987 0
1541462 593
1555023 0
1577196 906
1583916 0
1584996 906
1593578 0
1599775 906
1611756 0
1613352 906
1628016 0
1628496 906
1629956 0
1636154 906
1648098 0
1650507 906
1666259 0
1672533 1714
1684401 0
1688581 906
1689321 1714
1725216 0
1737996 1714
1768416 0
1777896 1714
1793558 0
1795334 906
1796074 1714
1811788 0
1814526 1714
1830002 0
1836238 1714
1844016 0
1844496 906
1848236 0
1849805 906
1866437 0
1872617 906
1884027 0
1886307 906
1892616 0
1893396 906
1901316 0
1924727 906
1939840 0
1946025 906
1958359 0
1959899 906
1976873 0
1983053 906
1995387 0
1999167 906
2012402 0
2020082 906
2032416 0
2033956 906
2038116 0
2080082 906
2087959 0
2094139 906
2101980 0
2108056 906
2124216 0
2131167 1600
2141308 0
2146406 1500
2152664 0
2153726 1500
2156068 0
2181996 906
2198395 0
2204575 906
2209795 0
2210275 906
2213016 0
2220374 906
2221131 1500
2226406 0
2227731 1500
2233016 0
2240954 906
2252963 0
2255243 906
2271153 0
2277333 906
2289342 0
2293102 906
2307412 0
2313712 906
2325719 0
2328001 906
2340816 0
2341296 906
2343911 0
2350091 906
2362100 0
2364380 906
2380290 0
2381830 906
2398418 0
2404659 906
2416609 0
2418949 906
2434858 0
2441038 906
2453048 0
2454588 906
2471237 0
2477417 906
2488827 0
2493503 1500
2497518 0
2499203 1500
2503228 0
2521596 906
2524716 0
2531796 215
2543316 0
2565739 906
2581459 0
2587853 906
2600187 0
2602467 906
2618702 0
2624882 906
2637216 0
2638756 906
2655730 0
2661910 906
2674245 0
2676525 906
2692759 0
2698939 906
2711273 0
2712813 906
2729787 0
2735967 906
2747702 0
2749982 906
2765316 0
2780796 906
2784996 0
2787285 906
2803195 0
2809375 906
2821384 0
2822924 906
2839574 0
2845754 906
202 events for P
112743 117965
112833 124709
113694 6744
114603 124709
115494 6744
116403 124709
117294 6744
118203 124709
119094 6744
120003 124709
120894 6744
121803 124709
122694 6744
123594 0
131258 117965
131348 124709
132209 6744
133118 124709
134009 6744
134918 124709
135809 6744
136718 124709
137609 6744
138509 0
316490 7514
330131 0
332305 7514
347746 0
636029 58982
636119 66496
637400 6744
637889 66496
639260 6744
639680 0
642361 58982
642451 66496
643732 6744
644221 66496
645592 6744
646021 66496
647392 6744
656812 0
662650 58982
662740 66496
664021 6744
664510 66496
665881 6744
666310 66496
667681 6744
673501 0
1013929 235930
1014019 242674
1015780 6744
1015969 242674
1017820 6744
1018009 242674
1019860 6744
1020109 242674
1021960 6744
1022980 0
1030987 235930
1031077 242674
1031693 6744
1031698 0
1046480 169032
1048280 45609
1050085 0
1583849 117965
1583939 125479
1585220 7514
1585580 0
1721519 3372
1726700 0
1746719 3372
1755080 0
1764119 3372
1769480 0
1791719 3372
1794680 0
1797597 3372
1813398 0
1953629 117965
1953719 121337
1955240 3372
1955489 121337
1957040 3372
1957280 0
1962072 117965
1962162 121337
1963503 3372
1969332 121337
1970703 3372
1972923 0
1982686 117965
1982776 121337
1984297 3372
1988146 121337
1989697 3372
1989937 0
2189519 3372
2190389 121337
2193140 3372
2193989 121337
2196680 3372
2197580 0
2204208 117965
2204298 121337
2205759 3372
2206068 121337
2207619 3372
2211459 0
2558669 19661
2558759 25951
2560520 6290
2561309 25951
2563160 6290
2563700 0
2567009 19661
2567099 25951
2568860 6290
2569649 25951
2571500 6290
2572469 25951
2574320 6290
2575049 25951
2576900 6290
2577869 25951
2579720 6290
2580449 25951
2582300 6290
2582840 0
2587589 19661
2587679 25951
2589440 6290
2589569 25951
2591420 6290
2591789 25951
2593640 6290
2593769 25951
2595620 6290
2595989 25951
2597840 6290
2597969 25951
2599815 6290
2599820 0
2603900 117965
2603990 124709
2605451 6744
2620151 0
2624515 117965
2624605 124709
2626066 6744
2638846 0
2640929 117965
2641019 124709
2642480 6744
2655260 0
2790929 19661
2791019 25951
2792780 6290
2792909 25951
2794760 6290
2795129 25951
2796980 6290
2797109 25951
2798960 6290
2799329 25951
2801180 6290
2801309 25951
2803155 6290
2803160 0
2809109 19661
2809199 25951
2810060 6290
2810189 25951
2811140 6290
2811509 25951
2812460 6290
2812709 25951
2813660 6290
2813909 25951
2814860 6290
2814989 25951
2815940 6290
2815945 0
2817629 117965
2817719 124709
2819240 6744
2821245 0
2821289 117965
2822900 6744
2822960 0
2825097 117965
2825187 124709
2826708 6744
2830513 0
2830557 117965
2832168 6744
2837628 0
2845387 117965
2845477 124709
2846998 6744
20 events for Q
88889 0
89489 224
693689 0
1043729 20
1043909 0
1046069 20
1046249 0
1046309 28
1212449 0
1224749 20
1224929 0
1227089 20
1227269 0
1227329 126
1298849 0
1299089 305
1903289 0
1903889 305
2508089 0
2508689 330
123 events for R
18133 873
46933 0
98691 1365
98871 0
100671 1365
101211 3481
120411 0
201977 873
230777 0
276034 873
304834 0
363891 1365
364611 3481
383811 0
444168 3276
459168 0
694191 1979
695391 0
697191 1979
710391 0
879760 8
879761 0
880834 1365
881014 0
882814 1365
883354 1979
897754 1365
897934 1979
912334 1365
913054 1979
927454 1365
927634 1979
942034 1365
942754 1979
957154 1365
957334 1979
971734 0
1010134 3754
1010854 0
1012654 3754
1016254 0
1049691 3754
1050411 0
1052211 3754
1055811 0
1084791 3754
1085511 0
1087311 3754
1090911 0
1126191 3754
1126911 0
1128711 3754
1132311 0
1169391 3754
1170111 0
1171911 3754
1175511 0
1361991 3754
1362711 0
1364511 3754
1368111 0
1390791 3754
1391511 0
1393311 3754
1396911 0
1433091 3754
1433811 0
1435611 3754
1439211 0
1507791 3754
1508511 0
1510311 3754
1513911 0
1594191 1365
1594371 0
1596171 1365
1596711 1979
1611111 1365
1611291 1979
1625691 1365
1626411 1979
1640811 1365
1640991 1979
1655391 1365
1656111 1979
1670511 1365
1670691 1979
1685091 0
1730991 665
1763391 0
2093031 3276
2108031 0
2122491 3754
2123211 0
2125011 3754
2128611 0
2140491 3754
2141211 0
2143011 3754
2146611 0
2210691 3754
2211411 0
2213211 3754
2216811 0
2232291 1365
2232471 0
2234271 1365
2234811 2935
2249211 1365
2249391 2935
2263791 1365
2264511 2935
2278911 1365
2279091 2935
2293491 1365
2294211 2935
2308611 1365
2308791 2935
2323191 0
2680174 3276
2695174 0
2805670 665
2805671 0
562 events for S
3249 12910592
3250 0
5709 12910592
5710 0
56649 12910592
56650 0
61920 12910592
61921 0
67260 12910592
67261 0
70560 12910592
70561 0
77554 12910592
77555 0
84554 12910592
84555 0
102854 12910592
102855 0
104649 12910592
104650 0
120849 12910592
120850 0
123134 12910592
123135 0
315125 12910592
315126 0
318120 12910592
318121 0
320627 12910592
320628 0
323135 12910592
323136 0
326135 12910592
326136 0
329435 12910592
329436 0
332435 12910592
332436 0
336597 12910592
336598 0
340749 12910592
340750 0
343749 12910592
343750 0
366254 12910592
366255 0
368049 12910592
368050 0
369849 12910592
369850 0
373449 12910592
373450 0
377049 12910592
377050 0
381249 12910592
381250 0
388454 12910592
388455 0
390849 12910592
390850 0
393849 12910592
393850 0
439616 12910592
439617 0
441314 12910592
441315 0
446851 12910592
446852 0
451086 12910592
451087 0
454086 12910592
454087 0
462549 12910592
462550 0
465854 12910592
465855 0
557049 12910592
557050 0
563349 12910592
563350 0
566949 12910592
566950 0
570549 12910592
570550 0
574149 12910592
574150 0
577808 12910592
577809 0
581703 12910592
581704 0
588849 12910592
588850 0
599594 12910592
599595 0
639586 12910592
639587 0
643449 12910592
643450 0
647049 12910592
647050 0
650649 12910592
650650 0
654470 12910592
654471 0
661375 12910592
661376 0
666849 12910592
666850 0
671649 12910592
671650 0
714784 12910592
714785 0
717787 12910592
717788 0
721331 12910592
721332 0
724878 12910592
724879 0
727878 12910592
727879 0
734778 12910592
734779 0
737778 12910592
737779 0
740588 12910592
740589 0
743392 12910592
743393 0
746392 12910592
746393 0
823992 12910592
823993 0
828849 12910592
828850 0
833649 12910592
833650 0
838569 12910592
838570 0
845892 12910592
845893 0
849429 12910592
849430 0
852969 12910592
852970 0
857349 12910592
857350 0
860829 12910592
860830 0
864849 12910592
864850 0
867312 12910592
867313 0
966193 12910592
966194 0
972129 12910592
972130 0
980169 12910592
980170 0
988212 12910592
988213 0
1011371 12910592
1011372 0
1016678 12910592
1016679 0
1022207 12910592
1022208 0
1029549 12910592
1029550 0
1034049 12910592
1034050 0
1038849 12910592
1038850 0
1044296 12910592
1044297 0
1051741 12910592
1051742 0
1059069 12910592
1059070 0
1066086 12910592
1066087 0
1071730 12910592
1071731 0
1077375 12910592
1077376 0
1083121 12910592
1083122 0
1089341 12910592
1089342 0
1095565 12910592
1095566 0
1104860 12910592
1104861 0
1266170 12910592
1266171 0
1269170 12910592
1269171 0
1271518 12910592
1271519 0
1273860 12910592
1273861 0
1276860 12910592
1276861 0
1280160 12910592
1280161 0
1283160 12910592
1283161 0
1287154 12910592
1287155 0
1291149 12910592
1291150 0
1294152 12910592
1294153 0
1318484 12910592
1318485 0
1325349 12910592
1325350 0
1332509 12910592
1332510 0
1341849 12910592
1341850 0
1351192 12910592
1351193 0
1354495 12910592
1354496 0
1361992 12910592
1361993 0
1369492 12910592
1369493 0
1377372 12910592
1377373 0
1384448 12910592
1384449 0
1392194 12910592
1392195 0
1399184 12910592
1399185 0
1405929 12910592
1405930 0
1413849 12910592
1413850 0
1424649 12910592
1424650 0
1428852 12910592
1428853 0
1442649 12910592
1442650 0
1451759 12910592
1451760 0
1458313 12910592
1458314 0
1468213 12910592
1468214 0
1475049 12910592
1475050 0
1478649 12910592
1478650 0
1487692 12910592
1487693 0
1491849 12910592
1491850 0
1495932 12910592
1495933 0
1503849 12910592
1503850 0
1507329 12910592
1507330 0
1512249 12910592
1512250 0
1517351 12910592
1517352 0
1534209 12910592
1534210 0
1578549 12910592
1578550 0
1583649 12910592
1583650 0
1590849 12910592
1590850 0
1598650 12910592
1598651 0
1608969 12910592
1608970 0
1612689 12910592
1612690 0
1619198 12910592
1619199 0
1627369 12910592
1627370 0
1637049 12910592
1637050 0
1643589 12910592
1643590 0
1649649 12910592
1649650 0
1656527 12910592
1656528 0
1662849 12910592
1662850 0
1671186 12910592
1671187 0
1676611 12910592
1676612 0
1688229 12910592
1688230 0
1694611 12910592
1694612 0
1701249 12910592
1701250 0
1716999 12910592
1717000 0
1722849 12910592
1722850 0
1737849 12910592
1737850 0
1750449 12910592
1750450 0
1765749 12910592
1765750 0
1776549 12910592
1776550 0
1783871 12910592
1783872 0
1791191 12910592
1791192 0
1794727 12910592
1794728 0
1802075 12910592
1802076 0
1809421 12910592
1809422 0
1816448 12910592
1816449 0
1822450 12910592
1822451 0
1827249 12910592
1827250 0
1838649 12910592
1838650 0
1844650 12910592
1844651 0
1852689 12910592
1852690 0
1863549 12910592
1863550 0
1876315 12910592
1876316 0
1887604 12910592
1887605 0
1893849 12910592
1893850 0
1898949 12910592
1898950 0
1926249 12910592
1926250 0
1934049 12910592
1934050 0
1944851 12910592
1944852 0
1950849 12910592
1950850 0
1955992 12910592
1955993 0
1959292 12910592
1959293 0
1966901 12910592
1966902 0
1974506 12910592
1974507 0
1982049 12910592
1982050 0
1986249 12910592
1986250 0
1990450 12910592
1990451 0
1992849 12910592
1992850 0
1997822 12910592
1997823 0
2001849 12910592
2001850 0
2006049 12910592
2006050 0
2010035 12910592
2010036 0
2018437 12910592
2018438 0
2024242 12910592
2024243 0
2030049 12910592
2030050 0
2034549 12910592
2034550 0
2078829 12910592
2078830 0
2081769 12910592
2081770 0
2085549 12910592
2085550 0
2092494 12910592
2092495 0
2096052 12910592
2096053 0
2099613 12910592
2099614 0
2107449 12910592
2107450 0
2112251 12910592
2112252 0
2117049 12910592
2117050 0
2121849 12910592
2121850 0
2180349 12910592
2180350 0
2186051 12910592
2186052 0
2191449 12910592
2191450 0
2195649 12910592
2195650 0
2202928 12910592
2202929 0
2207430 12910592
2207431 0
2211069 12910592
2211070 0
2239449 12910592
2239450 0
2243877 12910592
2243878 0
2248448 12910592
2248449 0
2254031 12910592
2254032 0
2261229 12910592
2261230 0
2268429 12910592
2268430 0
2276711 12910592
2276712 0
2286369 12910592
2286370 0
2295849 12910592
2295850 0
2303049 12910592
2303050 0
2315649 12910592
2315650 0
2321049 12910592
2321050 0
2329449 12910592
2329450 0
2337249 12910592
2337250 0
2340849 12910592
2340850 0
2351649 12910592
2351650 0
2357049 12910592
2357050 0
2367849 12910592
2367850 0
2375049 12910592
2375050 0
2384231 12910592
2384232 0
2392989 12910592
2392990 0
2404961 12910592
2404962 0
2411349 12910592
2411350 0
2423649 12910592
2423650 0
2429049 12910592
2429050 0
2439393 12910592
2439394 0
2445036 12910592
2445037 0
2450681 12910592
2450682 0
2454249 12910592
2454250 0
2461427 12910592
2461428 0
2468870 12910592
2468871 0
2478849 12910592
2478850 0
2484249 12910592
2484250 0
2521149 12910592
2521150 0
2564049 12910592
2564050 0
2571594 12910592
2571595 0
2579092 12910592
2579093 0
2589249 12910592
2589250 0
2594050 12910592
2594051 0
2601120 12910592
2601121 0
2608727 12910592
2608728 0
2616251 12910592
2616252 0
2625249 12910592
2625250 0
2633649 12910592
2633650 0
2639651 12910592
2639652 0
2648649 12910592
2648650 0
2660049 12910592
2660050 0
2667849 12910592
2667850 0
2677749 12910592
2677750 0
2686929 12910592
2686930 0
2700189 12910592
2700190 0
2708049 12910592
2708050 0
2713451 12910592
2713452 0
2720649 12910592
2720650 0
2736611 12910592
2736612 0
2742549 12910592
2742550 0
2749929 12910592
2749930 0
2755629 12910592
2755630 0
2762469 12910592
2762470 0
2780889 12910592
2780890 0
2785938 12910592
2785939 0
2790849 12910592
2790850 0
2796371 12910592
2796372 0
2808849 12910592
2808850 0
2817251 12910592
2817252 0
2828649 12910592
2828650 0
2835849 12910592
2835850 0
2846649 12910592
2846650 0
123 events for T
19322 873
48122 0
99880 1365
100060 0
101860 1365
102400 3481
121600 0
203166 873
231966 0
277223 873
306023 0
365080 1365
365800 3481
385000 0
445357 3276
460357 0
695380 1979
696580 0
698380 1979
711580 0
880949 8
880950 0
882023 1365
882203 0
884003 1365
884543 1979
898943 1365
899123 1979
913523 1365
914243 1979
928643 1365
928823 1979
943223 1365
943943 1979
958343 1365
958523 1979
972923 0
1011323 3754
1012043 0
1013843 3754
1017443 0
1050880 3754
1051600 0
1053400 3754
1057000 0
1085980 3754
1086700 0
1088500 3754
1092100 0
1127380 3754
1128100 0
1129900 3754
1133500 0
1170580 3754
1171300 0
1173100 3754
1176700 0
1363180 3754
1363900 0
1365700 3754
1369300 0
1391980 3754
1392700 0
1394500 3754
1398100 0
1434280 3754
1435000 0
1436800 3754
1440400 0
1508980 3754
1509700 0
1511500 3754
1515100 0
1595380 1365
1595560 0
1597360 1365
1597900 1979
1612300 1365
1612480 1979
1626880 1365
1627600 1979
1642000 1365
1642180 1979
1656580 1365
1657300 1979
1671700 1365
1671880 1979
1686280 0
1732180 665
1764580 0
2094220 3276
2109220 0
2123680 3754
2124400 0
2126200 3754
2129800 0
2141680 3754
2142400 0
2144200 3754
2147800 0
2211880 3754
2212600 0
2214400 3754
2218000 0
2233480 1365
2233660 0
2235460 1365
2236000 2935
2250400 1365
2250580 2935
2264980 1365
2265700 2935
2280100 1365
2280280 2935
2294680 1365
2295400 2935
2309800 1365
2309980 2935
2324380 0
2681363 3276
2696363 0
2806859 665
2806860 0
