20 instruments
A 10 100 192158478.34180248 847760826.1096437
B 10 100 128045.25187067324 495183416.02819836
C 10 100 0 320000000
D 10 100 728287279.5071317 6713663885.8674479
E 10 100 0.00018113117344584602 933503441.77673233
F 10 100 5459680 2800000000
G 10 100 23264.147255000564 168504461.78361657
H 10 100 22018.298358889329 159480658.09969637
I 10 100 8192 3200000000
J 10 100 2022727.6804039259 699754440.78838515
K 10 100 20412.132877845776 869835207.86274612
L 10 100 0 974485132.8010211
M 10 100 7196.0339286610251 2810950753.383213
N 10 100 0 275897579.9041419
O 10 100 2312500 800000000
P 10 100 0 938631764.34521866
Q 10 100 2338 640000000
R 10 100 1289849390.9659207 3398902187.0561032
S 10 100 2665037.1650940888 921958803.05957663
T 10 100 6553.6061313363007 2560002395.0532427
100 downlinks
0 230 26089 8910.3347130000002
1 69275 89272 9263.3037550000008
2 92381 98613 8194.1372179999998
3 110326 122989 8812.3468479999992
4 141822 143653 28513.272391999999
5 170497 174658 29797.943813000002
6 178689 213521 9287.2106050000002
7 213522 224274 9493.8769009999996
8 227678 263758 29841.66733
9 264997 269675 9031.5484039999992
10 328475 340105 27058.173078
11 342214 345771 27764.822221999999
12 349714 366316 8866.3210920000001
13 378201 390361 30200.423556999998
14 393473 398317 9259.4321029999992
15 402509 426580 9457.3783449999992
16 428309 432137 29542.407908000001
17 437615 452458 8564.5545529999999
18 461609 484278 9335.3412189999999
19 486805 515531 27874.981927000001
20 523925 566080 30587.746092000001
21 566081 610233 9231.3874039999992
22 610234 626452 8609.2624169999999
23 627801 644033 8689.6108280000008
24 652386 654433 26609.79682
25 674075 693680 8915.2263710000007
26 696545 726495 9094.9622560000007
27 726496 744210 8333.9255690000009
28 744792 751133 27500.430241999999
29 765210 781563 8601.7316499999997
30 782856 817769 9100.8958739999998
31 831487 844776 9427.4328960000003
32 847747 858159 27243.904355999999
33 860587 882307 8431.3051790000009
34 911303 913625 27636.251289
35 933275 952563 8831.2619180000002
36 953671 970270 8966.6639699999996
37 977882 983633 54396.705881000002
38 987425 1001453 58970.262822999997
39 1004038 1033077 57826.355975999999
40 1033078 1043822 17374.699861000001
41 1059178 1085969 57611.601310999999
42 1086178 1118258 59023.283414999998
43 1119000 1124750 55193.106121999997
44 1128106 1170223 25530.421285
45 1170224 1214419 29269.697155999998
46 1214420 1218510 16830.732371999999
47 1231668 1246335 28226.256141999998
48 1248665 1251216 60093.408818999997
49 1291663 1321362 58272.632834999997
50 1321363 1328637 61499.660580999996
51 1342840 1364137 28538.149495000001
52 1377685 1383507 18090.695755000001
53 1387050 1402262 23661.293665000001
54 1404159 1432113 28757.617953000001
55 1432114 1474410 56137.919716999997
56 1475554 1492448 23437.772314999998
57 1507654 1520294 55980.942202999999
58 1533509 1547361 60635.164006999999
59 1550249 1581176 23619.145155999999
60 1601769 1610035 53049.165158000003
61 1612644 1635803 23042.764167000001
62 1635804 1640256 53421.323553000002
63 1643692 1648372 23396.302264000002
64 1651944 1664848 22759.633384000001
65 1688080 1692679 53785.922146999997
66 1703839 1720293 23595.771228000001
67 1722600 1729257 17076.713232999999
68 1732315 1767438 24932.393585000002
69 1767439 1777662 29494.590024000001
70 1780694 1786566 55821.075068999999
71 1789934 1807223 22968.383259999999
72 1808294 1812475 57490.653299999998
73 1830667 1835727 25500.801521000001
74 1877675 1901061 24904.219582000002
75 1904951 1909019 26817.789122999999
76 1921329 1951392 30236.225505999999
77 1954623 1975014 64968.303881
78 1981285 1987614 18980.648960999999
79 1991269 2032235 26276.326033000001
80 2033328 2075612 30209.873796
81 2077589 2081851 26595.764298999999
82 2112418 2119398 25812.000550000001
83 2138813 2150072 26242.243616
84 2153573 2157292 60521.572561000001
85 2165213 2182006 25759.527445
86 2196713 2208971 62910.21802
87 2212368 2246154 62402.514213000002
88 2250231 2262896 26087.487331
89 2278908 2296389 30312.554313000001
90 2303803 2315435 61079.659066
91 2326303 2338193 18673.221132999999
92 2341063 2343968 64240.288658999998
93 2348705 2358281 31143.729536999999
94 2362745 2373172 31955.262932000001
95 2378585 2417619 32548.652656999999
96 2422874 2433113 26591.031461999999
97 2438797 2448637 31032.775088999999
98 2482475 2503414 26518.557602000001
99 2509196 2513748 27135.491309000001
0 opportunities for A
0 opportunities for B
0 opportunities for C
0 opportunities for D
0 opportunities for E
0 opportunities for F
0 opportunities for G
0 opportunities for H
0 opportunities for I
0 opportunities for J
0 opportunities for K
0 opportunities for L
0 opportunities for M
0 opportunities for N
0 opportunities for O
0 opportunities for P
0 opportunities for Q
0 opportunities for R
0 opportunities for S
0 opportunities for T
198 events for A
13009 240
20208 344
49009 240
52598 444
70608 548
85009 444
92208 548
99408 1471
121041 2754
122809 1727
128208 1830
133298 1626
139859 1564
140159 3817
142641 2534
160609 2431
167808 2534
196609 2431
203808 2534
204959 344
225398 548
232609 444
239808 548
272209 444
279408 548
308209 444
311798 240
314099 178
314399 240
329808 344
344209 240
351408 344
358608 1267
380209 240
391008 344
418009 240
423408 344
423430 594
423441 1877
444998 2081
445008 3004
466598 2800
466608 1877
466641 594
479209 491
484630 240
485579 178
485879 240
488208 344
522409 240
531408 344
580009 240
587208 344
602508 1267
616909 240
625008 1267
653809 240
657419 2431
675408 2534
691609 2431
697008 2534
725841 3817
727609 3713
733008 3817
740219 1626
765409 1523
769041 240
772608 1267
794208 344
801409 240
808608 344
812198 548
830198 344
837409 240
844608 344
875209 240
884208 344
913009 240
934608 344
985009 240
992208 344
1021009 240
1028208 344
1057009 240
1066008 344
1094809 240
1100208 344
1125408 1267
1132598 1471
1147009 444
1157808 548
1165008 1471
1175819 1409
1176119 1471
1179419 3662
1179441 4944
1186609 3917
1193808 4944
1222609 3917
1222619 1727
1229808 2754
1244241 1471
1259809 444
1262219 2635
1273008 3662
1294609 2635
1301808 3662
1308998 3458
1330609 2431
1339608 2534
1370209 2431
1377408 2534
1406209 2431
1413408 3458
1434998 3662
1442209 2635
1449408 3662
1480009 2635
1489008 3662
1519009 2635
1521398 2431
1532208 2534
1555609 2431
1561008 2534
1589809 2431
1597008 2534
1625809 2431
1633008 2534
1663609 2431
1670808 2534
1672619 344
1701409 240
1708608 344
1751809 240
1762608 344
1789609 240
1798608 344
1825609 240
1834608 344
1864609 240
1864886 0
1864887 240
1866998 444
1867979 382
1868279 444
1877808 548
1899409 444
1906608 548
1937209 444
1944408 548
1953430 798
1973209 695
1980408 1722
2000241 3004
2011009 1977
2016408 3004
2039830 2754
2047009 1727
2054208 2754
2084809 1727
2089859 1664
2090159 3917
2090208 4944
2123509 3917
2126159 1727
2140608 2754
2159509 1727
2165808 2754
2173041 1471
2194609 444
2201808 548
2232409 444
2237808 1471
2248259 1409
2248559 3662
2259441 4944
2266609 3917
2273808 4944
2298959 2754
2302609 1727
2309808 2754
2338609 1727
2345808 2754
2374609 1727
2381808 2754
2386979 2691
2387279 2754
2389041 1471
2396208 548
2412409 444
2419608 548
2448409 444
2453808 548
2469109 444
2482608 548
2504209 444
2511408 548
2542009 444
2 events for B
1866118 0
1866119 74
0 events for C

52 events for D
115997 42873674
116002 0
137597 60808152
137602 0
223997 123650191
224002 0
245597 112353360
245602 0
267197 191051956
267202 0
288797 148359728
288802 0
949637 92231261
949642 0
979997 67412016
980002 0
1288684 67429102
1288689 0
1634284 42866846
1634289 0
1655884 36098616
1655889 0
1785484 15230225
1785489 0
1807084 42774218
1807089 0
1828684 51729687
1828689 0
1848590 67442760
1848595 0
1908737 51185344
1908742 0
1973537 36088368
1973542 0
2016737 46317017
2016742 0
2081537 62132584
2081542 0
2167937 55765577
2167942 0
2232737 60879901
2232742 0
2319137 79077832
2319142 0
2340737 48576383
2340742 0
2405537 294648376
2405542 0
2427137 296678458
2427142 0
2448737 98892820
2448742 0
466 events for E
20965 12910592
20966 0
23965 12910592
23966 0
26313 12910592
26314 0
28655 12910592
28656 0
31655 12910592
31656 0
34955 12910592
34956 0
37955 12910592
37956 0
41949 12910592
41950 0
45944 12910592
45945 0
48947 12910592
48948 0
73279 12910592
73280 0
80144 12910592
80145 0
87304 12910592
87305 0
96644 12910592
96645 0
105987 12910592
105988 0
109290 12910592
109291 0
116787 12910592
116788 0
124287 12910592
124288 0
132167 12910592
132168 0
139243 12910592
139244 0
146989 12910592
146990 0
153979 12910592
153980 0
160724 12910592
160725 0
168644 12910592
168645 0
179444 12910592
179445 0
183647 12910592
183648 0
197444 12910592
197445 0
206554 12910592
206555 0
213108 12910592
213109 0
223008 12910592
223009 0
229844 12910592
229845 0
233444 12910592
233445 0
242487 12910592
242488 0
246644 12910592
246645 0
250727 12910592
250728 0
258644 12910592
258645 0
262124 12910592
262125 0
267044 12910592
267045 0
272146 12910592
272147 0
289004 12910592
289005 0
333344 12910592
333345 0
338444 12910592
338445 0
345644 12910592
345645 0
353445 12910592
353446 0
363764 12910592
363765 0
367484 12910592
367485 0
373993 12910592
373994 0
382164 12910592
382165 0
391844 12910592
391845 0
398384 12910592
398385 0
404444 12910592
404445 0
411322 12910592
411323 0
417644 12910592
417645 0
425981 12910592
425982 0
431406 12910592
431407 0
443024 12910592
443025 0
449406 12910592
449407 0
456044 12910592
456045 0
471794 12910592
471795 0
477644 12910592
477645 0
492644 12910592
492645 0
505244 12910592
505245 0
520544 12910592
520545 0
531344 12910592
531345 0
538666 12910592
538667 0
545986 12910592
545987 0
549522 12910592
549523 0
556870 12910592
556871 0
564216 12910592
564217 0
571243 12910592
571244 0
577245 12910592
577246 0
582044 12910592
582045 0
593444 12910592
593445 0
599445 12910592
599446 0
607484 12910592
607485 0
618344 12910592
618345 0
631110 12910592
631111 0
642399 12910592
642400 0
648644 12910592
648645 0
653744 12910592
653745 0
681044 12910592
681045 0
688844 12910592
688845 0
699646 12910592
699647 0
705644 12910592
705645 0
710787 12910592
710788 0
714087 12910592
714088 0
721696 12910592
721697 0
729301 12910592
729302 0
736844 12910592
736845 0
741044 12910592
741045 0
745245 12910592
745246 0
747644 12910592
747645 0
752617 12910592
752618 0
756644 12910592
756645 0
760844 12910592
760845 0
764830 12910592
764831 0
773232 12910592
773233 0
779037 12910592
779038 0
784844 12910592
784845 0
789344 12910592
789345 0
833624 12910592
833625 0
836564 12910592
836565 0
840344 12910592
840345 0
847289 12910592
847290 0
850847 12910592
850848 0
854408 12910592
854409 0
862244 12910592
862245 0
867046 12910592
867047 0
871844 12910592
871845 0
876644 12910592
876645 0
935144 12910592
935145 0
940846 12910592
940847 0
946244 12910592
946245 0
950444 12910592
950445 0
957723 12910592
957724 0
962225 12910592
962226 0
965864 12910592
965865 0
994244 12910592
994245 0
998672 12910592
998673 0
1003243 12910592
1003244 0
1008826 12910592
1008827 0
1016024 12910592
1016025 0
1023224 12910592
1023225 0
1031506 12910592
1031507 0
1041164 12910592
1041165 0
1050644 12910592
1050645 0
1057844 12910592
1057845 0
1070444 12910592
1070445 0
1075844 12910592
1075845 0
1084244 12910592
1084245 0
1092044 12910592
1092045 0
1095644 12910592
1095645 0
1106444 12910592
1106445 0
1111844 12910592
1111845 0
1122644 12910592
1122645 0
1129844 12910592
1129845 0
1139026 12910592
1139027 0
1147784 12910592
1147785 0
1159756 12910592
1159757 0
1166144 12910592
1166145 0
1178444 12910592
1178445 0
1183844 12910592
1183845 0
1194188 12910592
1194189 0
1199831 12910592
1199832 0
1205476 12910592
1205477 0
1209044 12910592
1209045 0
1216222 12910592
1216223 0
1223665 12910592
1223666 0
1233644 12910592
1233645 0
1239044 12910592
1239045 0
1275944 12910592
1275945 0
1318844 12910592
1318845 0
1326389 12910592
1326390 0
1333887 12910592
1333888 0
1344044 12910592
1344045 0
1348845 12910592
1348846 0
1355915 12910592
1355916 0
1363522 12910592
1363523 0
1371046 12910592
1371047 0
1380044 12910592
1380045 0
1388444 12910592
1388445 0
1394446 12910592
1394447 0
1403444 12910592
1403445 0
1414844 12910592
1414845 0
1422644 12910592
1422645 0
1432544 12910592
1432545 0
1441724 12910592
1441725 0
1454984 12910592
1454985 0
1462844 12910592
1462845 0
1468246 12910592
1468247 0
1475444 12910592
1475445 0
1491406 12910592
1491407 0
1497344 12910592
1497345 0
1504724 12910592
1504725 0
1510424 12910592
1510425 0
1517264 12910592
1517265 0
1535684 12910592
1535685 0
1540733 12910592
1540734 0
1545644 12910592
1545645 0
1551166 12910592
1551167 0
1563644 12910592
1563645 0
1572046 12910592
1572047 0
1583444 12910592
1583445 0
1590644 12910592
1590645 0
1601444 12910592
1601445 0
1607744 12910592
1607745 0
1613491 12910592
1613492 0
1620936 12910592
1620937 0
1627844 12910592
1627845 0
1637445 12910592
1637446 0
1644644 12910592
1644645 0
1659045 12910592
1659046 0
1673444 12910592
1673445 0
1680644 12910592
1680645 0
1687844 12910592
1687845 0
1694444 12910592
1694445 0
1700444 12910592
1700445 0
1708039 12910592
1708040 0
1713683 12910592
1713684 0
1725645 12910592
1725646 0
1734644 12910592
1734645 0
1745445 12910592
1745446 0
1752644 12910592
1752645 0
1765244 12910592
1765245 0
1770644 12910592
1770645 0
1779044 12910592
1779045 0
1782946 12910592
1782947 0
1786544 12910592
1786545 0
1801604 12910592
1801605 0
1805326 12910592
1805327 0
1817804 12910592
1817805 0
1821404 12910592
1821405 0
1837244 12910592
1837245 0
1844444 12910592
1844445 0
1853444 12910592
1853445 0
1860644 12910592
1860645 0
1889446 26897
1889926 0
1900246 26897
1900726 0
1997445 26897
1997925 0
2008246 26897
2008726 0
2029846 26897
2030326 0
2046880 26897
2047360 0
2056245 26897
2056725 0
2067324 26897
2067804 0
2085045 26897
2085525 0
2141445 26897
2141925 0
2153446 26897
2153926 0
2176294 26897
2176774 0
2218246 26897
2218726 0
2239846 26897
2240326 0
2320546 26897
2321026 0
2340646 26897
2341126 0
2530246 26897
2530726 0
2 events for F
1863875 0
1863876 2650
287 events for G
11568 906
12308 0
21689 906
33099 0
35379 906
50388 0
73695 906
88917 0
96054 906
107431 0
108971 906
125731 0
132725 906
144245 0
147413 906
162413 0
169154 906
181488 0
183028 906
200002 0
206182 906
209088 0
209568 906
218517 0
220797 906
236731 0
243211 906
252288 0
252468 1087
255178 0
258125 906
274059 0
280213 593
285880 0
287899 906
290859 0
295334 593
308895 0
331068 906
337788 0
338868 906
347450 0
353647 906
365628 0
367224 906
381888 0
382368 906
383828 0
390026 906
401970 0
404379 906
420131 0
426405 1714
438273 0
442453 906
443193 1714
479088 0
491868 1714
522288 0
531768 1714
547430 0
549206 906
549946 1714
565660 0
568398 1714
583874 0
590110 1714
597888 0
598368 906
602108 0
603677 906
620309 0
626489 906
637899 0
640179 906
646488 0
647268 906
655188 0
678599 906
693712 0
699897 906
712231 0
713771 906
730745 0
736925 906
749259 0
753039 906
766274 0
773954 906
786288 0
787828 906
791988 0
833954 906
841831 0
848011 906
855852 0
861928 906
878088 0
885039 1600
895180 0
900278 1500
906536 0
907598 1500
909940 0
935868 906
952267 0
958447 906
963667 0
964147 906
966888 0
974246 906
975003 1500
980278 0
981603 1500
986888 0
994826 906
1006835 0
1009115 906
1025025 0
1031205 906
1043214 0
1046974 906
1061284 0
1067584 906
1079591 0
1081873 906
1094688 0
1095168 906
1097783 0
1103963 906
1115972 0
1118252 906
1134162 0
1135702 906
1152290 0
1158531 906
1170481 0
1172821 906
1188730 0
1194910 906
1206920 0
1208460 906
1225109 0
1231289 906
1242699 0
1247375 1500
1251390 0
1253075 1500
1257100 0
1275468 906
1278588 0
1285668 215
1297188 0
1319611 906
1335331 0
1341725 906
1354059 0
1356339 906
1372574 0
1378754 906
1391088 0
1392628 906
1409602 0
1415782 906
1428117 0
1430397 906
1446631 0
1452811 906
1465145 0
1466685 906
1483659 0
1489839 906
1501574 0
1503854 906
1519188 0
1534668 906
1538868 0
1541157 906
1557067 0
1563247 906
1575256 0
1576796 906
1593446 0
1599626 906
1611635 0
1613915 906
1629825 0
1636005 906
1648014 0
1651797 906
1666062 0
1672384 906
1684369 0
1686695 906
1702583 0
1708763 906
1720772 0
1723052 906
1738962 0
1740502 906
1757151 0
1763331 906
1775341 0
1777621 906
1791288 0
1799710 906
1810030 0
1813560 906
1829720 0
1836089 906
1847499 0
1849779 906
1864788 0
1879968 1087
1882678 0
1889198 906
1903102 0
1909282 215
1920702 0
1960604 906
1976731 0
1982911 906
1995318 0
1997418 906
2013239 0
2019725 906
2031587 0
2033495 906
2044308 0
2045268 906
2050356 0
2056539 906
2068766 0
2071047 906
2087174 0
2093354 906
2105033 0
2107590 906
2123443 0
2139468 906
2143188 0
2145879 906
2161709 0
2167889 906
2174688 0
2175168 906
2179488 0
2181601 906
2188026 0
2189028 906
2197682 0
2204110 906
2215850 0
2218668 1714
2233968 0
2240511 1714
2252211 0
2256814 1714
2260308 0
2260473 906
2270328 0
2276552 906
2288479 0
2290766 906
2304288 0
2304768 1714
2305804 0
2312773 1714
2314153 0
2315268 1714
2316267 0
2317068 1714
2317548 0
2317938 1714
2318538 0
2319908 1714
2322435 0
2326468 906
2327208 1714
2342388 0
2435807 906
2436727 593
2450648 0
2457717 593
2468758 0
2527888 906
2544588 0
287 events for H
10622 906
11362 0
20743 906
32153 0
34433 906
49442 0
72749 906
87971 0
95108 906
106485 0
108025 906
124785 0
131779 906
143299 0
146467 906
161467 0
168208 906
180542 0
182082 906
199056 0
205236 906
208142 0
208622 906
217571 0
219851 906
235785 0
242265 906
251342 0
251522 1087
254232 0
257179 906
273113 0
279267 593
284934 0
286953 906
289913 0
294388 593
307949 0
330122 906
336842 0
337922 906
346504 0
352701 906
364682 0
366278 906
380942 0
381422 906
382882 0
389080 906
401024 0
403433 906
419185 0
425459 1714
437327 0
441507 906
442247 1714
478142 0
490922 1714
521342 0
530822 1714
546484 0
548260 906
549000 1714
564714 0
567452 1714
582928 0
589164 1714
596942 0
597422 906
601162 0
602731 906
619363 0
625543 906
636953 0
639233 906
645542 0
646322 906
654242 0
677653 906
692766 0
698951 906
711285 0
712825 906
729799 0
735979 906
748313 0
752093 906
765328 0
773008 906
785342 0
786882 906
791042 0
833008 906
840885 0
847065 906
854906 0
860982 906
877142 0
884093 1600
894234 0
899332 1500
905590 0
906652 1500
908994 0
934922 906
951321 0
957501 906
962721 0
963201 906
965942 0
973300 906
974057 1500
979332 0
980657 1500
985942 0
993880 906
1005889 0
1008169 906
1024079 0
1030259 906
1042268 0
1046028 906
1060338 0
1066638 906
1078645 0
1080927 906
1093742 0
1094222 906
1096837 0
1103017 906
1115026 0
1117306 906
1133216 0
1134756 906
1151344 0
1157585 906
1169535 0
1171875 906
1187784 0
1193964 906
1205974 0
1207514 906
1224163 0
1230343 906
1241753 0
1246429 1500
1250444 0
1252129 1500
1256154 0
1274522 906
1277642 0
1284722 215
1296242 0
1318665 906
1334385 0
1340779 906
1353113 0
1355393 906
1371628 0
1377808 906
1390142 0
1391682 906
1408656 0
1414836 906
1427171 0
1429451 906
1445685 0
1451865 906
1464199 0
1465739 906
1482713 0
1488893 906
1500628 0
1502908 906
1518242 0
1533722 906
1537922 0
1540211 906
1556121 0
1562301 906
1574310 0
1575850 906
1592500 0
1598680 906
1610689 0
1612969 906
1628879 0
1635059 906
1647068 0
1650851 906
1665116 0
1671438 906
1683423 0
1685749 906
1701637 0
1707817 906
1719826 0
1722106 906
1738016 0
1739556 906
1756205 0
1762385 906
1774395 0
1776675 906
1790342 0
1798764 906
1809084 0
1812614 906
1828774 0
1835143 906
1846553 0
1848833 906
1863842 0
1879022 1087
1881732 0
1888252 906
1902156 0
1908336 215
1919756 0
1959658 906
1975785 0
1981965 906
1994372 0
1996472 906
2012293 0
2018779 906
2030641 0
2032549 906
2043362 0
2044322 906
2049410 0
2055593 906
2067820 0
2070101 906
2086228 0
2092408 906
2104087 0
2106644 906
2122497 0
2138522 906
2142242 0
2144933 906
2160763 0
2166943 906
2173742 0
2174222 906
2178542 0
2180655 906
2187080 0
2188082 906
2196736 0
2203164 906
2214904 0
2217722 1714
2233022 0
2239565 1714
2251265 0
2255868 1714
2259362 0
2259527 906
2269382 0
2275606 906
2287533 0
2289820 906
2303342 0
2303822 1714
2304858 0
2311827 1714
2313207 0
2314322 1714
2315321 0
2316122 1714
2316602 0
2316992 1714
2317592 0
2318962 1714
2321489 0
2325522 906
2326262 1714
2341442 0
2434861 906
2435781 593
2449702 0
2456771 593
2467812 0
2526942 906
2543642 0
1080 events for I
13395 12910592
13396 0
13655 12910592
13656 0
14235 12910592
14236 0
14495 12910592
14496 0
30985 12910592
30986 0
31245 12910592
31246 0
31825 12910592
31826 0
32085 12910592
32086 0
48274 12910592
48275 0
48534 12910592
48535 0
49114 12910592
49115 0
49374 12910592
49375 0
67174 12910592
67175 0
67404 12910592
67405 0
67944 12910592
67945 0
68174 12910592
68175 0
86803 12910592
86804 0
87063 12910592
87064 0
87643 12910592
87644 0
87903 12910592
87904 0
105317 12910592
105318 0
105577 12910592
105578 0
106157 12910592
106158 0
106417 12910592
106418 0
123831 12910592
123832 0
124091 12910592
124092 0
124671 12910592
124672 0
124931 12910592
124932 0
142345 12910592
142346 0
142605 12910592
142606 0
143185 12910592
143186 0
143445 12910592
143446 0
160860 12910592
160861 0
161120 12910592
161121 0
161700 12910592
161701 0
161960 12910592
161961 0
179374 12910592
179375 0
179634 12910592
179635 0
180214 12910592
180215 0
180474 12910592
180475 0
197888 12910592
197889 0
198148 12910592
198149 0
198728 12910592
198729 0
198988 12910592
198989 0
216403 12910592
216404 0
216663 12910592
216664 0
217243 12910592
217244 0
217503 12910592
217504 0
234917 12910592
234918 0
235177 12910592
235178 0
235757 12910592
235758 0
236017 12910592
236018 0
253431 12910592
253432 0
253691 12910592
253692 0
254271 12910592
254272 0
254531 12910592
254532 0
271945 12910592
271946 0
272205 12910592
272206 0
272785 12910592
272786 0
273045 12910592
273046 0
289860 12910592
289861 0
290120 12910592
290121 0
290700 12910592
290701 0
290960 12910592
290961 0
307474 12910592
307475 0
307734 12910592
307735 0
308314 12910592
308315 0
308574 12910592
308575 0
326374 12910592
326375 0
326634 12910592
326635 0
327214 12910592
327215 0
327474 12910592
327475 0
345353 12910592
345354 0
345613 12910592
345614 0
346193 12910592
346194 0
346453 12910592
346454 0
363542 12910592
363543 0
363802 12910592
363803 0
364382 12910592
364383 0
364642 12910592
364643 0
381732 12910592
381733 0
381992 12910592
381993 0
382572 12910592
382573 0
382832 12910592
382833 0
399921 12910592
399922 0
400181 12910592
400182 0
400761 12910592
400762 0
401021 12910592
401022 0
418111 12910592
418112 0
418371 12910592
418372 0
418951 12910592
418952 0
419211 12910592
419212 0
436300 12910592
436301 0
436530 12910592
436531 0
437070 12910592
437071 0
437300 12910592
437301 0
523474 12910592
523475 0
523734 12910592
523735 0
524314 12910592
524315 0
524574 12910592
524575 0
545437 12910592
545438 0
545697 12910592
545698 0
546277 12910592
546278 0
546537 12910592
546538 0
563627 12910592
563628 0
563887 12910592
563888 0
564467 12910592
564468 0
564727 12910592
564728 0
581816 12910592
581817 0
582076 12910592
582077 0
582656 12910592
582657 0
582916 12910592
582917 0
600006 12910592
600007 0
600266 12910592
600267 0
600846 12910592
600847 0
601106 12910592
601107 0
618195 12910592
618196 0
618455 12910592
618456 0
619035 12910592
619036 0
619295 12910592
619296 0
635785 12910592
635786 0
636045 12910592
636046 0
636625 12910592
636626 0
636885 12910592
636886 0
653074 12910592
653075 0
653334 12910592
653335 0
653914 12910592
653915 0
654174 12910592
654175 0
671974 12910592
671975 0
672204 12910592
672205 0
672744 12910592
672745 0
672974 12910592
672975 0
691603 12910592
691604 0
691863 12910592
691864 0
692443 12910592
692444 0
692703 12910592
692704 0
710117 12910592
710118 0
710377 12910592
710378 0
710957 12910592
710958 0
711217 12910592
711218 0
728631 12910592
728632 0
728891 12910592
728892 0
729471 12910592
729472 0
729731 12910592
729732 0
747145 12910592
747146 0
747405 12910592
747406 0
747985 12910592
747986 0
748245 12910592
748246 0
765660 12910592
765661 0
765920 12910592
765921 0
766500 12910592
766501 0
766760 12910592
766761 0
784174 12910592
784175 0
784434 12910592
784435 0
785014 12910592
785015 0
785274 12910592
785275 0
802688 12910592
802689 0
802948 12910592
802949 0
803528 12910592
803529 0
803788 12910592
803789 0
821203 12910592
821204 0
821463 12910592
821464 0
822043 12910592
822044 0
822303 12910592
822304 0
839717 12910592
839718 0
839977 12910592
839978 0
840557 12910592
840558 0
840817 12910592
840818 0
858231 12910592
858232 0
858491 12910592
858492 0
859071 12910592
859072 0
859331 12910592
859332 0
876745 12910592
876746 0
877005 12910592
877006 0
877585 12910592
877586 0
877845 12910592
877846 0
894660 12910592
894661 0
894920 12910592
894921 0
895500 12910592
895501 0
895760 12910592
895761 0
912274 12910592
912275 0
912534 12910592
912535 0
913114 12910592
913115 0
913374 12910592
913375 0
931174 12910592
931175 0
931434 12910592
931435 0
932014 12910592
932015 0
932274 12910592
932275 0
950153 12910592
950154 0
950413 12910592
950414 0
950993 12910592
950994 0
951253 12910592
951254 0
968342 12910592
968343 0
968602 12910592
968603 0
969182 12910592
969183 0
969442 12910592
969443 0
986532 12910592
986533 0
986792 12910592
986793 0
987372 12910592
987373 0
987632 12910592
987633 0
1004721 12910592
1004722 0
1004981 12910592
1004982 0
1005561 12910592
1005562 0
1005821 12910592
1005822 0
1022911 12910592
1022912 0
1023171 12910592
1023172 0
1023751 12910592
1023752 0
1024011 12910592
1024012 0
1041100 12910592
1041101 0
1041330 12910592
1041331 0
1041870 12910592
1041871 0
1042100 12910592
1042101 0
1059290 12910592
1059291 0
1059550 12910592
1059551 0
1060130 12910592
1060131 0
1060390 12910592
1060391 0
1077479 12910592
1077480 0
1077739 12910592
1077740 0
1078319 12910592
1078320 0
1078579 12910592
1078580 0
1095669 12910592
1095670 0
1095929 12910592
1095930 0
1096509 12910592
1096510 0
1096769 12910592
1096770 0
1113858 12910592
1113859 0
1114118 12910592
1114119 0
1114698 12910592
1114699 0
1114958 12910592
1114959 0
1132048 12910592
1132049 0
1132308 12910592
1132309 0
1132888 12910592
1132889 0
1133148 12910592
1133149 0
1150237 12910592
1150238 0
1150497 12910592
1150498 0
1151077 12910592
1151078 0
1151337 12910592
1151338 0
1168427 12910592
1168428 0
1168687 12910592
1168688 0
1169267 12910592
1169268 0
1169527 12910592
1169528 0
1186616 12910592
1186617 0
1186876 12910592
1186877 0
1187456 12910592
1187457 0
1187716 12910592
1187717 0
1204806 12910592
1204807 0
1205066 12910592
1205067 0
1205646 12910592
1205647 0
1205906 12910592
1205907 0
1222995 12910592
1222996 0
1223255 12910592
1223256 0
1223835 12910592
1223836 0
1224095 12910592
1224096 0
1240585 12910592
1240586 0
1240845 12910592
1240846 0
1241425 12910592
1241426 0
1241685 12910592
1241686 0
1257874 12910592
1257875 0
1258134 12910592
1258135 0
1258714 12910592
1258715 0
1258974 12910592
1258975 0
1277888 12910592
1277889 0
1278118 12910592
1278119 0
1278658 12910592
1278659 0
1278888 12910592
1278889 0
1296403 12910592
1296404 0
1296663 12910592
1296664 0
1297243 12910592
1297244 0
1297503 12910592
1297504 0
1314917 12910592
1314918 0
1315177 12910592
1315178 0
1315757 12910592
1315758 0
1316017 12910592
1316018 0
1333431 12910592
1333432 0
1333691 12910592
1333692 0
1334271 12910592
1334272 0
1334531 12910592
1334532 0
1351945 12910592
1351946 0
1352205 12910592
1352206 0
1352785 12910592
1352786 0
1353045 12910592
1353046 0
1370460 12910592
1370461 0
1370720 12910592
1370721 0
1371300 12910592
1371301 0
1371560 12910592
1371561 0
1388974 12910592
1388975 0
1389234 12910592
1389235 0
1389814 12910592
1389815 0
1390074 12910592
1390075 0
1407488 12910592
1407489 0
1407748 12910592
1407749 0
1408328 12910592
1408329 0
1408588 12910592
1408589 0
1426003 12910592
1426004 0
1426263 12910592
1426264 0
1426843 12910592
1426844 0
1427103 12910592
1427104 0
1444517 12910592
1444518 0
1444777 12910592
1444778 0
1445357 12910592
1445358 0
1445617 12910592
1445618 0
1463031 12910592
1463032 0
1463291 12910592
1463292 0
1463871 12910592
1463872 0
1464131 12910592
1464132 0
1481545 12910592
1481546 0
1481805 12910592
1481806 0
1482385 12910592
1482386 0
1482645 12910592
1482646 0
1499460 12910592
1499461 0
1499720 12910592
1499721 0
1500300 12910592
1500301 0
1500560 12910592
1500561 0
1517074 12910592
1517075 0
1517334 12910592
1517335 0
1517914 12910592
1517915 0
1518174 12910592
1518175 0
1536763 12910592
1536764 0
1537023 12910592
1537024 0
1537603 12910592
1537604 0
1537863 12910592
1537864 0
1554953 12910592
1554954 0
1555213 12910592
1555214 0
1555793 12910592
1555794 0
1556053 12910592
1556054 0
1573142 12910592
1573143 0
1573402 12910592
1573403 0
1573982 12910592
1573983 0
1574242 12910592
1574243 0
1591332 12910592
1591333 0
1591592 12910592
1591593 0
1592172 12910592
1592173 0
1592432 12910592
1592433 0
1609521 12910592
1609522 0
1609781 12910592
1609782 0
1610361 12910592
1610362 0
1610621 12910592
1610622 0
1627711 12910592
1627712 0
1627971 12910592
1627972 0
1628551 12910592
1628552 0
1628811 12910592
1628812 0
1645900 12910592
1645901 0
1646130 12910592
1646131 0
1646670 12910592
1646671 0
1646900 12910592
1646901 0
1664090 12910592
1664091 0
1664350 12910592
1664351 0
1664930 12910592
1664931 0
1665190 12910592
1665191 0
1682279 12910592
1682280 0
1682539 12910592
1682540 0
1683119 12910592
1683120 0
1683379 12910592
1683380 0
1700469 12910592
1700470 0
1700729 12910592
1700730 0
1701309 12910592
1701310 0
1701569 12910592
1701570 0
1718658 12910592
1718659 0
1718918 12910592
1718919 0
1719498 12910592
1719499 0
1719758 12910592
1719759 0
1736848 12910592
1736849 0
1737108 12910592
1737109 0
1737688 12910592
1737689 0
1737948 12910592
1737949 0
1755037 12910592
1755038 0
1755297 12910592
1755298 0
1755877 12910592
1755878 0
1756137 12910592
1756138 0
1773227 12910592
1773228 0
1773487 12910592
1773488 0
1774067 12910592
1774068 0
1774327 12910592
1774328 0
1791416 12910592
1791417 0
1791676 12910592
1791677 0
1792256 12910592
1792257 0
1792516 12910592
1792517 0
1809606 12910592
1809607 0
1809866 12910592
1809867 0
1810446 12910592
1810447 0
1810706 12910592
1810707 0
1827795 12910592
1827796 0
1828055 12910592
1828056 0
1828635 12910592
1828636 0
1828895 12910592
1828896 0
1845385 12910592
1845386 0
1845645 12910592
1845646 0
1846225 12910592
1846226 0
1846485 12910592
1846486 0
1862674 12910592
1862675 0
1862934 12910592
1862935 0
1863514 12910592
1863515 0
1863774 12910592
1863775 0
1882522 215177
1882582 0
1882752 215177
1882812 0
1883292 215177
1883352 0
1883522 215177
1883582 0
1900929 215177
1900989 0
1901189 215177
1901249 0
1901769 215177
1901829 0
1902029 215177
1902089 0
1919336 215177
1919396 0
1919596 215177
1919656 0
1920176 215177
1920236 0
1920436 215177
1920496 0
1937744 215177
1937804 0
1938004 215177
1938064 0
1938584 215177
1938644 0
1938844 215177
1938904 0
1956151 215177
1956211 0
1956411 215177
1956471 0
1956991 215177
1957051 0
1957251 215177
1957311 0
1974558 215177
1974618 0
1974818 215177
1974878 0
1975398 215177
1975458 0
1975658 215177
1975718 0
1992965 215177
1993025 0
1993225 215177
1993285 0
1993805 215177
1993865 0
1994065 215177
1994125 0
2011372 215177
2011432 0
2011632 215177
2011692 0
2012212 215177
2012272 0
2012472 215177
2012532 0
2029779 215177
2029839 0
2030039 215177
2030099 0
2030619 215177
2030679 0
2030879 215177
2030939 0
2048186 215177
2048246 0
2048446 215177
2048506 0
2049026 215177
2049086 0
2049286 215177
2049346 0
2066594 215177
2066654 0
2066854 215177
2066914 0
2067434 215177
2067494 0
2067694 215177
2067754 0
2085001 215177
2085061 0
2085261 215177
2085321 0
2085841 215177
2085901 0
2086101 215177
2086161 0
2103408 215177
2103468 0
2103668 215177
2103728 0
2104248 215177
2104308 0
2104508 215177
2104568 0
2121815 215177
2121875 0
2122075 215177
2122135 0
2122655 215177
2122715 0
2122915 215177
2122975 0
2141426 215177
2141486 0
2141686 215177
2141746 0
2142266 215177
2142326 0
2142526 215177
2142586 0
2159536 215177
2159596 0
2159796 215177
2159856 0
2160376 215177
2160436 0
2160636 215177
2160696 0
2177647 215177
2177707 0
2177907 215177
2177967 0
2178487 215177
2178547 0
2178747 215177
2178807 0
2195757 215177
2195817 0
2196017 215177
2196077 0
2196597 215177
2196657 0
2196857 215177
2196917 0
2213868 215177
2213928 0
2214128 215177
2214188 0
2214708 215177
2214768 0
2214968 215177
2215028 0
2231978 215177
2232038 0
2232238 215177
2232298 0
2232818 215177
2232878 0
2233078 215177
2233138 0
2250089 215177
2250149 0
2250319 215177
2250379 0
2250859 215177
2250919 0
2251089 215177
2251149 0
2268199 215177
2268259 0
2268459 215177
2268519 0
2269039 215177
2269099 0
2269299 215177
2269359 0
2286310 215177
2286370 0
2286570 215177
2286630 0
2287150 215177
2287210 0
2287410 215177
2287470 0
2304420 215177
2304480 0
2304680 215177
2304740 0
2305260 215177
2305320 0
2305520 215177
2305580 0
2322531 215177
2322591 0
2322791 215177
2322851 0
2323371 215177
2323431 0
2323631 215177
2323691 0
2340641 215177
2340701 0
2340901 215177
2340961 0
2341481 215177
2341541 0
2341741 215177
2341801 0
2358752 215177
2358812 0
2359012 215177
2359072 0
2359592 215177
2359652 0
2359852 215177
2359912 0
2376862 215177
2376922 0
2377122 215177
2377182 0
2377702 215177
2377762 0
2377962 215177
2378022 0
2394973 215177
2395033 0
2395233 215177
2395293 0
2395813 215177
2395873 0
2396073 215177
2396133 0
2413083 215177
2413143 0
2413343 215177
2413403 0
2413923 215177
2413983 0
2414183 215177
2414243 0
2431194 215177
2431254 0
2431454 215177
2431514 0
2432034 215177
2432094 0
2432294 215177
2432354 0
2449304 215177
2449364 0
2449564 215177
2449624 0
2450144 215177
2450204 0
2450404 215177
2450464 0
2467415 215177
2467475 0
2467675 215177
2467735 0
2468255 215177
2468315 0
2468515 215177
2468575 0
2487322 215177
2487382 0
2487552 215177
2487612 0
2488092 215177
2488152 0
2488322 215177
2488382 0
2505729 215177
2505789 0
2505989 215177
2506049 0
2506569 215177
2506629 0
2506829 215177
2506889 0
2524136 215177
2524196 0
2524396 215177
2524456 0
2524976 215177
2525036 0
2525236 215177
2525296 0
2542544 215177
2542604 0
2542804 215177
2542864 0
2543384 215177
2543444 0
2543644 215177
2543704 0
20 events for J
51349 700
51394 0
69509 600
69689 1300
309769 700
309814 0
328709 600
328829 1300
656329 700
656374 0
674129 1300
915928 0
933329 1300
1261528 0
1272929 1950
1520728 0
1532129 1950
1866328 0
1866330 1944
2482529 1300
28 events for K
441421 67463256
441426 0
1046221 47210957
1046226 0
1887176 4214960
1887180 0
1887606 4214960
1887610 0
1888346 4214960
1888350 0
1888776 4214960
1888780 0
2254743 4214960
2254747 0
2255173 4214960
2255177 0
2255913 4214960
2255917 0
2256343 4214960
2256347 0
2491976 4214960
2491980 0
2492406 4214960
2492410 0
2493146 4214960
2493150 0
2493576 4214960
2493580 0
82 events for L
5708 1000
6708 0
50040 1000
51040 0
111893 1000
112893 0
173903 1000
174903 0
225571 1000
226571 0
269403 1000
270403 0
312952 1000
313952 0
356295 1000
357295 0
399405 1000
400405 0
442165 1000
443165 0
484714 1000
485714 0
527326 1000
528326 0
570258 1000
571258 0
613628 1000
614628 0
657275 1000
658275 0
700951 1000
701951 0
744682 1000
745682 0
788410 1000
789410 0
832562 1000
833562 0
871601 1000
872601 0
925095 1000
926095 0
965467 1000
966467 0
1011668 1000
1012668 0
1059459 1000
1060459 0
1108967 1000
1109967 0
1157298 1000
1158298 0
1203985 1000
1204985 0
1250148 1000
1251148 0
1295146 1000
1296146 0
1339851 1000
1340851 0
1384768 1000
1385768 0
1429952 1000
1430952 0
1475706 1000
1476706 0
1521041 1000
1522041 0
1565153 1000
1566153 0
1609012 1000
1610012 0
1652590 1000
1653590 0
1695826 1000
1696826 0
1738749 1000
1739749 0
1781577 1000
1782577 0
1824874 1000
1825874 0
1076 events for M
16592 12910592
16593 0
16852 12910592
16853 0
17432 12910592
17433 0
17692 12910592
17693 0
34182 12910592
34183 0
34442 12910592
34443 0
35022 12910592
35023 0
35282 12910592
35283 0
51471 12910592
51472 0
51731 12910592
51732 0
52311 12910592
52312 0
52571 12910592
52572 0
70371 12910592
70372 0
70601 12910592
70602 0
71141 12910592
71142 0
71371 12910592
71372 0
90000 12910592
90001 0
90260 12910592
90261 0
90840 12910592
90841 0
91100 12910592
91101 0
108514 12910592
108515 0
108774 12910592
108775 0
109354 12910592
109355 0
109614 12910592
109615 0
127028 12910592
127029 0
127288 12910592
127289 0
127868 12910592
127869 0
128128 12910592
128129 0
145542 12910592
145543 0
145802 12910592
145803 0
146382 12910592
146383 0
146642 12910592
146643 0
164057 12910592
164058 0
164317 12910592
164318 0
164897 12910592
164898 0
165157 12910592
165158 0
182571 12910592
182572 0
182831 12910592
182832 0
183411 12910592
183412 0
183671 12910592
183672 0
201085 12910592
201086 0
201345 12910592
201346 0
201925 12910592
201926 0
202185 12910592
202186 0
219600 12910592
219601 0
219860 12910592
219861 0
220440 12910592
220441 0
220700 12910592
220701 0
238114 12910592
238115 0
238374 12910592
238375 0
238954 12910592
238955 0
239214 12910592
239215 0
256628 12910592
256629 0
256888 12910592
256889 0
257468 12910592
257469 0
257728 12910592
257729 0
275142 12910592
275143 0
275402 12910592
275403 0
275982 12910592
275983 0
276242 12910592
276243 0
293057 12910592
293058 0
293317 12910592
293318 0
293897 12910592
293898 0
294157 12910592
294158 0
310671 12910592
310672 0
310931 12910592
310932 0
311511 12910592
311512 0
311771 12910592
311772 0
329571 12910592
329572 0
329831 12910592
329832 0
330411 12910592
330412 0
330671 12910592
330672 0
348550 12910592
348551 0
348810 12910592
348811 0
349390 12910592
349391 0
349650 12910592
349651 0
366739 12910592
366740 0
366999 12910592
367000 0
367579 12910592
367580 0
367839 12910592
367840 0
384929 12910592
384930 0
385189 12910592
385190 0
385769 12910592
385770 0
386029 12910592
386030 0
403118 12910592
403119 0
403378 12910592
403379 0
403958 12910592
403959 0
404218 12910592
404219 0
421308 12910592
421309 0
421568 12910592
421569 0
422148 12910592
422149 0
422408 12910592
422409 0
439497 12910592
439498 0
439727 12910592
439728 0
440267 12910592
440268 0
440497 12910592
440498 0
526671 12910592
526672 0
526931 12910592
526932 0
527511 12910592
527512 0
527771 12910592
527772 0
548634 12910592
548635 0
548894 12910592
548895 0
549474 12910592
549475 0
549734 12910592
549735 0
566824 12910592
566825 0
567084 12910592
567085 0
567664 12910592
567665 0
567924 12910592
567925 0
585013 12910592
585014 0
585273 12910592
585274 0
585853 12910592
585854 0
586113 12910592
586114 0
603203 12910592
603204 0
603463 12910592
603464 0
604043 12910592
604044 0
604303 12910592
604304 0
621392 12910592
621393 0
621652 12910592
621653 0
622232 12910592
622233 0
622492 12910592
622493 0
638982 12910592
638983 0
639242 12910592
639243 0
639822 12910592
639823 0
640082 12910592
640083 0
656271 12910592
656272 0
656531 12910592
656532 0
657111 12910592
657112 0
657371 12910592
657372 0
675171 12910592
675172 0
675401 12910592
675402 0
675941 12910592
675942 0
676171 12910592
676172 0
694800 12910592
694801 0
695060 12910592
695061 0
695640 12910592
695641 0
695900 12910592
695901 0
713314 12910592
713315 0
713574 12910592
713575 0
714154 12910592
714155 0
714414 12910592
714415 0
731828 12910592
731829 0
732088 12910592
732089 0
732668 12910592
732669 0
732928 12910592
732929 0
750342 12910592
750343 0
750602 12910592
750603 0
751182 12910592
751183 0
751442 12910592
751443 0
768857 12910592
768858 0
769117 12910592
769118 0
769697 12910592
769698 0
769957 12910592
769958 0
787371 12910592
787372 0
787631 12910592
787632 0
788211 12910592
788212 0
788471 12910592
788472 0
805885 12910592
805886 0
806145 12910592
806146 0
806725 12910592
806726 0
806985 12910592
806986 0
824400 12910592
824401 0
824660 12910592
824661 0
825240 12910592
825241 0
825500 12910592
825501 0
842914 12910592
842915 0
843174 12910592
843175 0
843754 12910592
843755 0
844014 12910592
844015 0
861428 12910592
861429 0
861688 12910592
861689 0
862268 12910592
862269 0
862528 12910592
862529 0
879942 12910592
879943 0
880202 12910592
880203 0
880782 12910592
880783 0
881042 12910592
881043 0
897857 12910592
897858 0
898117 12910592
898118 0
898697 12910592
898698 0
898957 12910592
898958 0
915471 12910592
915472 0
915731 12910592
915732 0
916311 12910592
916312 0
916571 12910592
916572 0
934371 12910592
934372 0
934631 12910592
934632 0
935211 12910592
935212 0
935471 12910592
935472 0
953350 12910592
953351 0
953610 12910592
953611 0
954190 12910592
954191 0
954450 12910592
954451 0
971539 12910592
971540 0
971799 12910592
971800 0
972379 12910592
972380 0
972639 12910592
972640 0
989729 12910592
989730 0
989989 12910592
989990 0
990569 12910592
990570 0
990829 12910592
990830 0
1007918 12910592
1007919 0
1008178 12910592
1008179 0
1008758 12910592
1008759 0
1009018 12910592
1009019 0
1026108 12910592
1026109 0
1026368 12910592
1026369 0
1026948 12910592
1026949 0
1027208 12910592
1027209 0
1044297 12910592
1044298 0
1044527 12910592
1044528 0
1045067 12910592
1045068 0
1045297 12910592
1045298 0
1062487 12910592
1062488 0
1062747 12910592
1062748 0
1063327 12910592
1063328 0
1063587 12910592
1063588 0
1080676 12910592
1080677 0
1080936 12910592
1080937 0
1081516 12910592
1081517 0
1081776 12910592
1081777 0
1098866 12910592
1098867 0
1099126 12910592
1099127 0
1099706 12910592
1099707 0
1099966 12910592
1099967 0
1117055 12910592
1117056 0
1117315 12910592
1117316 0
1117895 12910592
1117896 0
1118155 12910592
1118156 0
1135245 12910592
1135246 0
1135505 12910592
1135506 0
1136085 12910592
1136086 0
1136345 12910592
1136346 0
1153434 12910592
1153435 0
1153694 12910592
1153695 0
1154274 12910592
1154275 0
1154534 12910592
1154535 0
1171624 12910592
1171625 0
1171884 12910592
1171885 0
1172464 12910592
1172465 0
1172724 12910592
1172725 0
1189813 12910592
1189814 0
1190073 12910592
1190074 0
1190653 12910592
1190654 0
1190913 12910592
1190914 0
1208003 12910592
1208004 0
1208263 12910592
1208264 0
1208843 12910592
1208844 0
1209103 12910592
1209104 0
1226192 12910592
1226193 0
1226452 12910592
1226453 0
1227032 12910592
1227033 0
1227292 12910592
1227293 0
1243782 12910592
1243783 0
1244042 12910592
1244043 0
1244622 12910592
1244623 0
1244882 12910592
1244883 0
1261071 12910592
1261072 0
1261331 12910592
1261332 0
1261911 12910592
1261912 0
1262171 12910592
1262172 0
1281085 12910592
1281086 0
1281315 12910592
1281316 0
1281855 12910592
1281856 0
1282085 12910592
1282086 0
1299600 12910592
1299601 0
1299860 12910592
1299861 0
1300440 12910592
1300441 0
1300700 12910592
1300701 0
1318114 12910592
1318115 0
1318374 12910592
1318375 0
1318954 12910592
1318955 0
1319214 12910592
1319215 0
1336628 12910592
1336629 0
1336888 12910592
1336889 0
1337468 12910592
1337469 0
1337728 12910592
1337729 0
1355142 12910592
1355143 0
1355402 12910592
1355403 0
1355982 12910592
1355983 0
1356242 12910592
1356243 0
1373657 12910592
1373658 0
1373917 12910592
1373918 0
1374497 12910592
1374498 0
1374757 12910592
1374758 0
1392171 12910592
1392172 0
1392431 12910592
1392432 0
1393011 12910592
1393012 0
1393271 12910592
1393272 0
1410685 12910592
1410686 0
1410945 12910592
1410946 0
1411525 12910592
1411526 0
1411785 12910592
1411786 0
1429200 12910592
1429201 0
1429460 12910592
1429461 0
1430040 12910592
1430041 0
1430300 12910592
1430301 0
1447714 12910592
1447715 0
1447974 12910592
1447975 0
1448554 12910592
1448555 0
1448814 12910592
1448815 0
1466228 12910592
1466229 0
1466488 12910592
1466489 0
1467068 12910592
1467069 0
1467328 12910592
1467329 0
1484742 12910592
1484743 0
1485002 12910592
1485003 0
1485582 12910592
1485583 0
1485842 12910592
1485843 0
1502657 12910592
1502658 0
1502917 12910592
1502918 0
1503497 12910592
1503498 0
1503757 12910592
1503758 0
1520271 12910592
1520272 0
1520531 12910592
1520532 0
1521111 12910592
1521112 0
1521371 12910592
1521372 0
1539960 12910592
1539961 0
1540220 12910592
1540221 0
1540800 12910592
1540801 0
1541060 12910592
1541061 0
1558150 12910592
1558151 0
1558410 12910592
1558411 0
1558990 12910592
1558991 0
1559250 12910592
1559251 0
1576339 12910592
1576340 0
1576599 12910592
1576600 0
1577179 12910592
1577180 0
1577439 12910592
1577440 0
1594529 12910592
1594530 0
1594789 12910592
1594790 0
1595369 12910592
1595370 0
1595629 12910592
1595630 0
1612718 12910592
1612719 0
1612978 12910592
1612979 0
1613558 12910592
1613559 0
1613818 12910592
1613819 0
1630908 12910592
1630909 0
1631168 12910592
1631169 0
1631748 12910592
1631749 0
1632008 12910592
1632009 0
1649097 12910592
1649098 0
1649327 12910592
1649328 0
1649867 12910592
1649868 0
1650097 12910592
1650098 0
1667287 12910592
1667288 0
1667547 12910592
1667548 0
1668127 12910592
1668128 0
1668387 12910592
1668388 0
1685476 12910592
1685477 0
1685736 12910592
1685737 0
1686316 12910592
1686317 0
1686576 12910592
1686577 0
1703666 12910592
1703667 0
1703926 12910592
1703927 0
1704506 12910592
1704507 0
1704766 12910592
1704767 0
1721855 12910592
1721856 0
1722115 12910592
1722116 0
1722695 12910592
1722696 0
1722955 12910592
1722956 0
1740045 12910592
1740046 0
1740305 12910592
1740306 0
1740885 12910592
1740886 0
1741145 12910592
1741146 0
1758234 12910592
1758235 0
1758494 12910592
1758495 0
1759074 12910592
1759075 0
1759334 12910592
1759335 0
1776424 12910592
1776425 0
1776684 12910592
1776685 0
1777264 12910592
1777265 0
1777524 12910592
1777525 0
1794613 12910592
1794614 0
1794873 12910592
1794874 0
1795453 12910592
1795454 0
1795713 12910592
1795714 0
1812803 12910592
1812804 0
1813063 12910592
1813064 0
1813643 12910592
1813644 0
1813903 12910592
1813904 0
1830992 12910592
1830993 0
1831252 12910592
1831253 0
1831832 12910592
1831833 0
1832092 12910592
1832093 0
1848582 12910592
1848583 0
1848842 12910592
1848843 0
1849422 12910592
1849423 0
1849682 12910592
1849683 0
1865871 12910592
1865872 0
1866131 12910592
1866132 0
1866711 12910592
1866712 0
1866971 12910592
1866972 0
1885719 215177
1885779 0
1885949 215177
1886009 0
1886489 215177
1886549 0
1886719 215177
1886779 0
1904126 215177
1904186 0
1904386 215177
1904446 0
1904966 215177
1905026 0
1905226 215177
1905286 0
1922533 215177
1922593 0
1922793 215177
1922853 0
1923373 215177
1923433 0
1923633 215177
1923693 0
1940941 215177
1941001 0
1941201 215177
1941261 0
1941781 215177
1941841 0
1942041 215177
1942101 0
1959348 215177
1959408 0
1959608 215177
1959668 0
1960188 215177
1960248 0
1960448 215177
1960508 0
1977755 215177
1977815 0
1978015 215177
1978075 0
1978595 215177
1978655 0
1978855 215177
1978915 0
1996162 215177
1996222 0
1996422 215177
1996482 0
1997002 215177
1997062 0
1997262 215177
1997322 0
2014569 215177
2014629 0
2014829 215177
2014889 0
2015409 215177
2015469 0
2015669 215177
2015729 0
2032976 215177
2033036 0
2033236 215177
2033296 0
2033816 215177
2033876 0
2034076 215177
2034136 0
2051383 215177
2051443 0
2051643 215177
2051703 0
2052223 215177
2052283 0
2052483 215177
2052543 0
2069791 215177
2069851 0
2070051 215177
2070111 0
2070631 215177
2070691 0
2070891 215177
2070951 0
2088198 215177
2088258 0
2088458 215177
2088518 0
2089038 215177
2089098 0
2089298 215177
2089358 0
2106605 215177
2106665 0
2106865 215177
2106925 0
2107445 215177
2107505 0
2107705 215177
2107765 0
2125012 215177
2125072 0
2125272 215177
2125332 0
2125852 215177
2125912 0
2126112 215177
2126172 0
2144623 215177
2144683 0
2144883 215177
2144943 0
2145463 215177
2145523 0
2145723 215177
2145783 0
2162733 215177
2162793 0
2162993 215177
2163053 0
2163573 215177
2163633 0
2163833 215177
2163893 0
2180844 215177
2180904 0
2181104 215177
2181164 0
2181684 215177
2181744 0
2181944 215177
2182004 0
2198954 215177
2199014 0
2199214 215177
2199274 0
2199794 215177
2199854 0
2200054 215177
2200114 0
2217065 215177
2217125 0
2217325 215177
2217385 0
2217905 215177
2217965 0
2218165 215177
2218225 0
2235175 215177
2235235 0
2235435 215177
2235495 0
2236015 215177
2236075 0
2236275 215177
2236335 0
2253286 215177
2253346 0
2253516 215177
2253576 0
2254056 215177
2254116 0
2254286 215177
2254346 0
2271396 215177
2271456 0
2271656 215177
2271716 0
2272236 215177
2272296 0
2272496 215177
2272556 0
2289507 215177
2289567 0
2289767 215177
2289827 0
2290347 215177
2290407 0
2290607 215177
2290667 0
2307617 215177
2307677 0
2307877 215177
2307937 0
2308457 215177
2308517 0
2308717 215177
2308777 0
2325728 215177
2325788 0
2325988 215177
2326048 0
2326568 215177
2326628 0
2326828 215177
2326888 0
2343838 215177
2343898 0
2344098 215177
2344158 0
2344678 215177
2344738 0
2344938 215177
2344998 0
2361949 215177
2362009 0
2362209 215177
2362269 0
2362789 215177
2362849 0
2363049 215177
2363109 0
2380059 215177
2380119 0
2380319 215177
2380379 0
2380899 215177
2380959 0
2381159 215177
2381219 0
2398170 215177
2398230 0
2398430 215177
2398490 0
2399010 215177
2399070 0
2399270 215177
2399330 0
2416280 215177
2416340 0
2416540 215177
2416600 0
2417120 215177
2417180 0
2417380 215177
2417440 0
2434391 215177
2434451 0
2434651 215177
2434711 0
2435231 215177
2435291 0
2435491 215177
2435551 0
2452501 215177
2452561 0
2452761 215177
2452821 0
2453341 215177
2453401 0
2453601 215177
2453661 0
2470612 215177
2470672 0
2470872 215177
2470932 0
2471452 215177
2471512 0
2471712 215177
2471772 0
2490519 215177
2490579 0
2490749 215177
2490809 0
2491289 215177
2491349 0
2491519 215177
2491579 0
2508926 215177
2508986 0
2509186 215177
2509246 0
2509766 215177
2509826 0
2510026 215177
2510086 0
2527333 215177
2527393 0
2527593 215177
2527653 0
2528173 215177
2528233 0
2528433 215177
2528493 0
2545741 215177
2545801 0
2546001 215177
2546061 0
0 events for N

20 events for O
48895 700
48940 0
67055 600
67235 1300
307315 700
307360 0
326255 600
326375 1300
653875 700
653920 0
671675 1300
913474 0
930875 1300
1259074 0
1270475 1950
1518274 0
1529675 1950
1863874 0
1863876 1944
2480075 1300
82 events for P
6819 1000
7819 0
51151 1000
52151 0
113004 1000
114004 0
175014 1000
176014 0
226682 1000
227682 0
270514 1000
271514 0
314063 1000
315063 0
357406 1000
358406 0
400516 1000
401516 0
443276 1000
444276 0
485825 1000
486825 0
528437 1000
529437 0
571369 1000
572369 0
614739 1000
615739 0
658386 1000
659386 0
702062 1000
703062 0
745793 1000
746793 0
789521 1000
790521 0
833673 1000
834673 0
872712 1000
873712 0
926206 1000
927206 0
966578 1000
967578 0
1012779 1000
1013779 0
1060570 1000
1061570 0
1110078 1000
1111078 0
1158409 1000
1159409 0
1205096 1000
1206096 0
1251259 1000
1252259 0
1296257 1000
1297257 0
1340962 1000
1341962 0
1385879 1000
1386879 0
1431063 1000
1432063 0
1476817 1000
1477817 0
1522152 1000
1523152 0
1566264 1000
1567264 0
1610123 1000
1611123 0
1653701 1000
1654701 0
1696937 1000
1697937 0
1739860 1000
1740860 0
1782688 1000
1783688 0
1825985 1000
1826985 0
92 events for Q
114575 3754
115295 0
117095 3754
120695 0
143375 3754
144095 0
145895 3754
149495 0
185675 3754
186395 0
188195 3754
191795 0
260375 3754
261095 0
262895 3754
266495 0
346775 1365
346955 0
348755 1365
349295 1979
363695 1365
363875 1979
378275 1365
378995 1979
393395 1365
393575 1979
407975 1365
408695 1979
423095 1365
423275 1979
437675 0
483575 665
515975 0
845615 3276
860615 0
875075 3754
875795 0
877595 3754
881195 0
893075 3754
893795 0
895595 3754
899195 0
963275 3754
963995 0
965795 3754
969395 0
984875 1365
985055 0
986855 1365
987395 2935
1001795 1365
1001975 2935
1016375 1365
1017095 2935
1031495 1365
1031675 2935
1046075 1365
1046795 2935
1061195 1365
1061375 2935
1075775 0
1432758 3276
1447758 0
1558254 665
1558255 0
1631012 665
1631013 0
1704910 3276
1719910 0
1875575 1979
1876775 0
1878575 1979
1882175 1365
1882895 1979
1897295 1365
1897475 1979
1926275 1365
1926995 1979
1941395 1365
1941575 1979
1975175 1365
1975895 1979
1990295 1365
1990475 1979
2009675 0
2051546 4096
2059746 0
2344001 665
2373161 0
2509089 665
2538609 0
310 events for R
336775 117965
336865 125479
338146 7514
338506 0
474445 3372
479626 0
499645 3372
508006 0
517045 3372
522406 0
544645 3372
547606 0
550523 3372
566324 0
706555 117965
706645 121337
708166 3372
708415 121337
709966 3372
710206 0
714998 117965
715088 121337
716429 3372
722258 121337
723629 3372
725849 0
735612 117965
735702 121337
737223 3372
741072 121337
742623 3372
742863 0
942445 3372
943315 121337
946066 3372
946915 121337
949606 3372
950506 0
957134 117965
957224 121337
958685 3372
958994 121337
960545 3372
964385 0
1311595 19661
1311685 25951
1313446 6290
1314235 25951
1316086 6290
1316626 0
1319935 19661
1320025 25951
1321786 6290
1322575 25951
1324426 6290
1325395 25951
1327246 6290
1327975 25951
1329826 6290
1330795 25951
1332646 6290
1333375 25951
1335226 6290
1335766 0
1340515 19661
1340605 25951
1342366 6290
1342495 25951
1344346 6290
1344715 25951
1346566 6290
1346695 25951
1348546 6290
1348915 25951
1350766 6290
1350895 25951
1352741 6290
1352746 0
1356826 117965
1356916 124709
1358377 6744
1373077 0
1377441 117965
1377531 124709
1378992 6744
1391772 0
1393855 117965
1393945 124709
1395406 6744
1408186 0
1543855 19661
1543945 25951
1545706 6290
1545835 25951
1547686 6290
1548055 25951
1549906 6290
1550035 25951
1551886 6290
1552255 25951
1554106 6290
1554235 25951
1556081 6290
1556086 0
1562035 19661
1562125 25951
1562986 6290
1563115 25951
1564066 6290
1564435 25951
1565386 6290
1565635 25951
1566586 6290
1566835 25951
1567786 6290
1567915 25951
1568866 6290
1568871 0
1570555 117965
1570645 124709
1572166 6744
1574171 0
1574215 117965
1575826 6744
1575886 0
1578023 117965
1578113 124709
1579634 6744
1583439 0
1583483 117965
1585094 6744
1590554 0
1598313 117965
1598403 124709
1599924 6744
1601929 0
1601973 117965
1603584 6744
1608744 0
1614492 6290
1625253 0
1634782 6290
1645543 0
1653114 6290
1656675 0
1894555 58982
1897306 7514
1900820 0
1907969 58982
1908059 66496
1909400 7514
1909709 66496
1911140 7514
1911389 66496
1912820 7514
1913069 66496
1914500 7514
1914749 66496
1916180 7514
1916190 0
1961091 58982
1961181 66496
1962522 7514
1962951 66496
1964382 7514
1964751 66496
1966182 7514
1966551 66496
1967982 7514
1968351 66496
1969782 7514
1970151 66496
1971582 7514
1971951 66496
1973382 7514
1973751 66496
1975182 7514
1975551 66496
1976982 7514
1977412 0
1981598 58982
1981688 66496
1983029 7514
1983458 66496
1984889 7514
1985258 66496
1986689 7514
1987058 66496
1988489 7514
1988858 66496
1990289 7514
1990658 66496
1992089 7514
1992458 66496
1993889 7514
1994258 66496
1995689 7514
1995819 0
1997905 58982
1997995 66496
1999456 7514
1999525 66496
2001076 7514
2001145 66496
2002576 7514
2002581 0
2045845 7514
2051026 0
2056816 7514
2069437 0
2071624 7514
2087845 0
2166595 58982
2166685 66496
2168026 7514
2168455 66496
2169886 7514
2170246 0
2170555 58982
2170645 66496
2171986 7514
2172235 66496
2173666 7514
2173975 66496
2175406 7514
2175411 0
2261755 58982
2261845 66496
2263186 7514
2263255 66496
2264686 7514
2264755 66496
2266186 7514
2266255 66496
2267686 7514
2267755 66496
2269186 7514
2269255 66496
2270686 7514
2271046 0
2275240 58982
2275330 66496
2276671 7514
2277100 66496
2278531 7514
2278900 66496
2280331 7514
2280700 58982
2282131 7514
2282500 66496
2283931 7514
2284300 58982
2285731 7514
2286100 66496
2287531 7514
2287720 66496
2289151 7514
2289156 0
2291253 58982
2291343 66496
2292684 7514
2292933 66496
2294364 7514
2294613 66496
2296044 7514
2296293 66496
2297724 7514
2297973 66496
2299404 7514
2299653 66496
2301084 7514
2301333 66496
2302764 7514
2303013 66496
2304444 7514
2304989 0
2494705 7514
2505671 0
2512915 58982
2513005 66496
2513726 7514
2513815 66496
2514626 7514
2514955 66496
2515766 7514
2515855 66496
2516666 7514
2516995 66496
2517806 7514
2517895 66496
2518706 7514
2519215 66496
2520026 7514
2520115 66496
2520926 7514
2521255 66496
2522066 7514
2522155 66496
2522966 7514
2523295 66496
2524106 7514
2524195 66496
2525006 7514
2525011 0
2529115 58982
2529205 65726
2534326 6744
2539975 65726
2545186 6744
2545306 0
20 events for S
52033 700
52078 0
70193 600
70373 1300
310453 700
310498 0
329393 600
329513 1300
657013 700
657058 0
674813 1300
916612 0
934013 1300
1262212 0
1273613 1950
1521412 0
1532813 1950
1867012 0
1867014 1944
2483213 1300
1079 events for T
16191 12910592
16192 0
16451 12910592
16452 0
17031 12910592
17032 0
17291 12910592
17292 0
33781 12910592
33782 0
34041 12910592
34042 0
34621 12910592
34622 0
34881 12910592
34882 0
51070 12910592
51071 0
51330 12910592
51331 0
51910 12910592
51911 0
52170 12910592
52171 0
69970 12910592
69971 0
70200 12910592
70201 0
70740 12910592
70741 0
70970 12910592
70971 0
89599 12910592
89600 0
89859 12910592
89860 0
90439 12910592
90440 0
90699 12910592
90700 0
108113 12910592
108114 0
108373 12910592
108374 0
108953 12910592
108954 0
109213 12910592
109214 0
126627 12910592
126628 0
126887 12910592
126888 0
127467 12910592
127468 0
127727 12910592
127728 0
145141 12910592
145142 0
145401 12910592
145402 0
145981 12910592
145982 0
146241 12910592
146242 0
163656 12910592
163657 0
163916 12910592
163917 0
164496 12910592
164497 0
164756 12910592
164757 0
182170 12910592
182171 0
182430 12910592
182431 0
183010 12910592
183011 0
183270 12910592
183271 0
200684 12910592
200685 0
200944 12910592
200945 0
201524 12910592
201525 0
201784 12910592
201785 0
219199 12910592
219200 0
219459 12910592
219460 0
220039 12910592
220040 0
220299 12910592
220300 0
237713 12910592
237714 0
237973 12910592
237974 0
238553 12910592
238554 0
238813 12910592
238814 0
256227 12910592
256228 0
256487 12910592
256488 0
257067 12910592
257068 0
257327 12910592
257328 0
274741 12910592
274742 0
275001 12910592
275002 0
275581 12910592
275582 0
275841 12910592
275842 0
292656 12910592
292657 0
292916 12910592
292917 0
293496 12910592
293497 0
293756 12910592
293757 0
310270 12910592
310271 0
310530 12910592
310531 0
311110 12910592
311111 0
311370 12910592
311371 0
329170 12910592
329171 0
329430 12910592
329431 0
330010 12910592
330011 0
330270 12910592
330271 0
348149 12910592
348150 0
348409 12910592
348410 0
348989 12910592
348990 0
349249 12910592
349250 0
366338 12910592
366339 0
366598 12910592
366599 0
367178 12910592
367179 0
367438 12910592
367439 0
384528 12910592
384529 0
384788 12910592
384789 0
385368 12910592
385369 0
385628 12910592
385629 0
402717 12910592
402718 0
402977 12910592
402978 0
403557 12910592
403558 0
403817 12910592
403818 0
420907 12910592
420908 0
421167 12910592
421168 0
421747 12910592
421748 0
422007 12910592
422008 0
439096 12910592
439097 0
439326 12910592
439327 0
439866 12910592
439867 0
440096 12910592
440097 0
526270 12910592
526271 0
526530 12910592
526531 0
527110 12910592
527111 0
527370 12910592
527371 0
548233 12910592
548234 0
548493 12910592
548494 0
549073 12910592
549074 0
549333 12910592
549334 0
566423 12910592
566424 0
566683 12910592
566684 0
567263 12910592
567264 0
567523 12910592
567524 0
584612 12910592
584613 0
584872 12910592
584873 0
585452 12910592
585453 0
585712 12910592
585713 0
602802 12910592
602803 0
603062 12910592
603063 0
603642 12910592
603643 0
603902 12910592
603903 0
620991 12910592
620992 0
621251 12910592
621252 0
621831 12910592
621832 0
622091 12910592
622092 0
638581 12910592
638582 0
638841 12910592
638842 0
639421 12910592
639422 0
639681 12910592
639682 0
655870 12910592
655871 0
656130 12910592
656131 0
656710 12910592
656711 0
656970 12910592
656971 0
674770 12910592
674771 0
675000 12910592
675001 0
675540 12910592
675541 0
675770 12910592
675771 0
694399 12910592
694400 0
694659 12910592
694660 0
695239 12910592
695240 0
695499 12910592
695500 0
712913 12910592
712914 0
713173 12910592
713174 0
713753 12910592
713754 0
714013 12910592
714014 0
731427 12910592
731428 0
731687 12910592
731688 0
732267 12910592
732268 0
732527 12910592
732528 0
749941 12910592
749942 0
750201 12910592
750202 0
750781 12910592
750782 0
751041 12910592
751042 0
768456 12910592
768457 0
768716 12910592
768717 0
769296 12910592
769297 0
769556 12910592
769557 0
786970 12910592
786971 0
787230 12910592
787231 0
787810 12910592
787811 0
788070 12910592
788071 0
805484 12910592
805485 0
805744 12910592
805745 0
806324 12910592
806325 0
806584 12910592
806585 0
823999 12910592
824000 0
824259 12910592
824260 0
824839 12910592
824840 0
825099 12910592
825100 0
842513 12910592
842514 0
842773 12910592
842774 0
843353 12910592
843354 0
843613 12910592
843614 0
861027 12910592
861028 0
861287 12910592
861288 0
861867 12910592
861868 0
862127 12910592
862128 0
879541 12910592
879542 0
879801 12910592
879802 0
880381 12910592
880382 0
880641 12910592
880642 0
897456 12910592
897457 0
897716 12910592
897717 0
898296 12910592
898297 0
898556 12910592
898557 0
915070 12910592
915071 0
915330 12910592
915331 0
915910 12910592
915911 0
916170 12910592
916171 0
933970 12910592
933971 0
934230 12910592
934231 0
934810 12910592
934811 0
935070 12910592
935071 0
952949 12910592
952950 0
953209 12910592
953210 0
953789 12910592
953790 0
954049 12910592
954050 0
971138 12910592
971139 0
971398 12910592
971399 0
971978 12910592
971979 0
972238 12910592
972239 0
989328 12910592
989329 0
989588 12910592
989589 0
990168 12910592
990169 0
990428 12910592
990429 0
1007517 12910592
1007518 0
1007777 12910592
1007778 0
1008357 12910592
1008358 0
1008617 12910592
1008618 0
1025707 12910592
1025708 0
1025967 12910592
1025968 0
1026547 12910592
1026548 0
1026807 12910592
1026808 0
1043896 12910592
1043897 0
1044126 12910592
1044127 0
1044666 12910592
1044667 0
1044896 12910592
1044897 0
1062086 12910592
1062087 0
1062346 12910592
1062347 0
1062926 12910592
1062927 0
1063186 12910592
1063187 0
1080275 12910592
1080276 0
1080535 12910592
1080536 0
1081115 12910592
1081116 0
1081375 12910592
1081376 0
1098465 12910592
1098466 0
1098725 12910592
1098726 0
1099305 12910592
1099306 0
1099565 12910592
1099566 0
1116654 12910592
1116655 0
1116914 12910592
1116915 0
1117494 12910592
1117495 0
1117754 12910592
1117755 0
1134844 12910592
1134845 0
1135104 12910592
1135105 0
1135684 12910592
1135685 0
1135944 12910592
1135945 0
1153033 12910592
1153034 0
1153293 12910592
1153294 0
1153873 12910592
1153874 0
1154133 12910592
1154134 0
1171223 12910592
1171224 0
1171483 12910592
1171484 0
1172063 12910592
1172064 0
1172323 12910592
1172324 0
1189412 12910592
1189413 0
1189672 12910592
1189673 0
1190252 12910592
1190253 0
1190512 12910592
1190513 0
1207602 12910592
1207603 0
1207862 12910592
1207863 0
1208442 12910592
1208443 0
1208702 12910592
1208703 0
1225791 12910592
1225792 0
1226051 12910592
1226052 0
1226631 12910592
1226632 0
1226891 12910592
1226892 0
1243381 12910592
1243382 0
1243641 12910592
1243642 0
1244221 12910592
1244222 0
1244481 12910592
1244482 0
1260670 12910592
1260671 0
1260930 12910592
1260931 0
1261510 12910592
1261511 0
1261770 12910592
1261771 0
1280684 12910592
1280685 0
1280914 12910592
1280915 0
1281454 12910592
1281455 0
1281684 12910592
1281685 0
1299199 12910592
1299200 0
1299459 12910592
1299460 0
1300039 12910592
1300040 0
1300299 12910592
1300300 0
1317713 12910592
1317714 0
1317973 12910592
1317974 0
1318553 12910592
1318554 0
1318813 12910592
1318814 0
1336227 12910592
1336228 0
1336487 12910592
1336488 0
1337067 12910592
1337068 0
1337327 12910592
1337328 0
1354741 12910592
1354742 0
1355001 12910592
1355002 0
1355581 12910592
1355582 0
1355841 12910592
1355842 0
1373256 12910592
1373257 0
1373516 12910592
1373517 0
1374096 12910592
1374097 0
1374356 12910592
1374357 0
1391770 12910592
1391771 0
1392030 12910592
1392031 0
1392610 12910592
1392611 0
1392870 12910592
1392871 0
1410284 12910592
1410285 0
1410544 12910592
1410545 0
1411124 12910592
1411125 0
1411384 12910592
1411385 0
1428799 12910592
1428800 0
1429059 12910592
1429060 0
1429639 12910592
1429640 0
1429899 12910592
1429900 0
1447313 12910592
1447314 0
1447573 12910592
1447574 0
1448153 12910592
1448154 0
1448413 12910592
1448414 0
1465827 12910592
1465828 0
1466087 12910592
1466088 0
1466667 12910592
1466668 0
1466927 12910592
1466928 0
1484341 12910592
1484342 0
1484601 12910592
1484602 0
1485181 12910592
1485182 0
1485441 12910592
1485442 0
1502256 12910592
1502257 0
1502516 12910592
1502517 0
1503096 12910592
1503097 0
1503356 12910592
1503357 0
1519870 12910592
1519871 0
1520130 12910592
1520131 0
1520710 12910592
1520711 0
1520970 12910592
1520971 0
1539559 12910592
1539560 0
1539819 12910592
1539820 0
1540399 12910592
1540400 0
1540659 12910592
1540660 0
1557749 12910592
1557750 0
1558009 12910592
1558010 0
1558589 12910592
1558590 0
1558849 12910592
1558850 0
1575938 12910592
1575939 0
1576198 12910592
1576199 0
1576778 12910592
1576779 0
1577038 12910592
1577039 0
1594128 12910592
1594129 0
1594388 12910592
1594389 0
1594968 12910592
1594969 0
1595228 12910592
1595229 0
1612317 12910592
1612318 0
1612577 12910592
1612578 0
1613157 12910592
1613158 0
1613417 12910592
1613418 0
1630507 12910592
1630508 0
1630767 12910592
1630768 0
1631347 12910592
1631348 0
1631607 12910592
1631608 0
1648696 12910592
1648697 0
1648926 12910592
1648927 0
1649466 12910592
1649467 0
1649696 12910592
1649697 0
1666886 12910592
1666887 0
1667146 12910592
1667147 0
1667726 12910592
1667727 0
1667986 12910592
1667987 0
1685075 12910592
1685076 0
1685335 12910592
1685336 0
1685915 12910592
1685916 0
1686175 12910592
1686176 0
1703265 12910592
1703266 0
1703525 12910592
1703526 0
1704105 12910592
1704106 0
1704365 12910592
1704366 0
1721454 12910592
1721455 0
1721714 12910592
1721715 0
1722294 12910592
1722295 0
1722554 12910592
1722555 0
1739644 12910592
1739645 0
1739904 12910592
1739905 0
1740484 12910592
1740485 0
1740744 12910592
1740745 0
1757833 12910592
1757834 0
1758093 12910592
1758094 0
1758673 12910592
1758674 0
1758933 12910592
1758934 0
1776023 12910592
1776024 0
1776283 12910592
1776284 0
1776863 12910592
1776864 0
1777123 12910592
1777124 0
1794212 12910592
1794213 0
1794472 12910592
1794473 0
1795052 12910592
1795053 0
1795312 12910592
1795313 0
1812402 12910592
1812403 0
1812662 12910592
1812663 0
1813242 12910592
1813243 0
1813502 12910592
1813503 0
1830591 12910592
1830592 0
1830851 12910592
1830852 0
1831431 12910592
1831432 0
1831691 12910592
1831692 0
1848181 12910592
1848182 0
1848441 12910592
1848442 0
1849021 12910592
1849022 0
1849281 12910592
1849282 0
1865470 12910592
1865471 0
1865730 12910592
1865731 0
1866310 12910592
1866311 0
1866570 12910592
1866571 0
1885318 215177
1885378 0
1885548 215177
1885608 0
1886088 215177
1886148 0
1886318 215177
1886378 0
1903725 215177
1903785 0
1903985 215177
1904045 0
1904565 215177
1904625 0
1904825 215177
1904885 0
1922132 215177
1922192 0
1922392 215177
1922452 0
1922972 215177
1923032 0
1923232 215177
1923292 0
1940540 215177
1940600 0
1940800 215177
1940860 0
1941380 215177
1941440 0
1941640 215177
1941700 0
1958947 215177
1959007 0
1959207 215177
1959267 0
1959787 215177
1959847 0
1960047 215177
1960107 0
1977354 215177
1977414 0
1977614 215177
1977674 0
1978194 215177
1978254 0
1978454 215177
1978514 0
1995761 215177
1995821 0
1996021 215177
1996081 0
1996601 215177
1996661 0
1996861 215177
1996921 0
2014168 215177
2014228 0
2014428 215177
2014488 0
2015008 215177
2015068 0
2015268 215177
2015328 0
2032575 215177
2032635 0
2032835 215177
2032895 0
2033415 215177
2033475 0
2033675 215177
2033735 0
2050982 215177
2051042 0
2051242 215177
2051302 0
2051822 215177
2051882 0
2052082 215177
2052142 0
2069390 215177
2069450 0
2069650 215177
2069710 0
2070230 215177
2070290 0
2070490 215177
2070550 0
2087797 215177
2087857 0
2088057 215177
2088117 0
2088637 215177
2088697 0
2088897 215177
2088957 0
2106204 215177
2106264 0
2106464 215177
2106524 0
2107044 215177
2107104 0
2107304 215177
2107364 0
2124611 215177
2124671 0
2124871 215177
2124931 0
2125451 215177
2125511 0
2125711 215177
2125771 0
2144222 215177
2144282 0
2144482 215177
2144542 0
2145062 215177
2145122 0
2145322 215177
2145382 0
2162332 215177
2162392 0
2162592 215177
2162652 0
2163172 215177
2163232 0
2163432 215177
2163492 0
2180443 215177
2180503 0
2180703 215177
2180763 0
2181283 215177
2181343 0
2181543 215177
2181603 0
2198553 215177
2198613 0
2198813 215177
2198873 0
2199393 215177
2199453 0
2199653 215177
2199713 0
2216664 215177
2216724 0
2216924 215177
2216984 0
2217504 215177
2217564 0
2217764 215177
2217824 0
2234774 215177
2234834 0
2235034 215177
2235094 0
2235614 215177
2235674 0
2235874 215177
2235934 0
2252885 215177
2252945 0
2253115 215177
2253175 0
2253655 215177
2253715 0
2253885 215177
2253945 0
2270995 215177
2271055 0
2271255 215177
2271315 0
2271835 215177
2271895 0
2272095 215177
2272155 0
2289106 215177
2289166 0
2289366 215177
2289426 0
2289946 215177
2290006 0
2290206 215177
2290266 0
2307216 215177
2307276 0
2307476 215177
2307536 0
2308056 215177
2308116 0
2308316 215177
2308376 0
2325327 215177
2325387 0
2325587 215177
2325647 0
2326167 215177
2326227 0
2326427 215177
2326487 0
2343437 215177
2343497 0
2343697 215177
2343757 0
2344277 215177
2344337 0
2344537 215177
2344597 0
2361548 215177
2361608 0
2361808 215177
2361868 0
2362388 215177
2362448 0
2362648 215177
2362708 0
2379658 215177
2379718 0
2379918 215177
2379978 0
2380498 215177
2380558 0
2380758 215177
2380818 0
2397769 215177
2397829 0
2398029 215177
2398089 0
2398609 215177
2398669 0
2398869 215177
2398929 0
2415879 215177
2415939 0
2416139 215177
2416199 0
2416719 215177
2416779 0
2416979 215177
2417039 0
2433990 215177
2434050 0
2434250 215177
2434310 0
2434830 215177
2434890 0
2435090 215177
2435150 0
2452100 215177
2452160 0
2452360 215177
2452420 0
2452940 215177
2453000 0
2453200 215177
2453260 0
2470211 215177
2470271 0
2470471 215177
2470531 0
2471051 215177
2471111 0
2471311 215177
2471371 0
2490118 215177
2490178 0
2490348 215177
2490408 0
2490888 215177
2490948 0
2491118 215177
2491178 0
2508525 215177
2508585 0
2508785 215177
2508845 0
2509365 215177
2509425 0
2509625 215177
2509685 0
2526932 215177
2526992 0
2527192 215177
2527252 0
2527772 215177
2527832 0
2528032 215177
2528092 0
2545340 215177
2545400 0
2545600 215177
2545660 0
2546180 215177
2546240 0
2546440 215177
