20 instruments
A 10 100 22090 160000000
B 10 100 728287279.5071317 6713663885.8674479
C 10 100 7152.7561699728749 2794045378.8956542
D 10 100 24955.266722182481 180753403.14844713
E 10 100 5910082.7758317869 3030989320.3134623
F 10 100 0 938631764.34521866
G 10 100 2419.0747377101388 662193255.831689
H 10 100 6499613.0472409306 3333330256.035996
I 10 100 6553.6061313363007 2560002395.0532427
J 10 100 177168740.44080633 781629408.46013641
K 10 100 763800535.41096985 7041040280.2382517
L 10 100 47192398.279190399 1501427445.7644184
M 10 100 23264.147255000564 168504461.78361657
N 10 100 22528 960000000
O 10 100 0.00018444817663405244 950598422.35720563
P 10 100 183507440.74517861 809594356.20986629
Q 10 100 20927.686835728317 891804836.74978614
R 10 100 2312500 800000000
S 10 100 157159.98672976866 607777468.940395
T 10 100 376310 320000000
60 downlinks
0 1093 43377 30209.873796
1 45354 49616 26595.764298999999
2 80183 87163 25812.000550000001
3 106578 117837 26242.243616
4 121338 125057 60521.572561000001
5 132978 149771 25759.527445
6 164478 176736 62910.21802
7 180133 213919 62402.514213000002
8 217996 230661 26087.487331
9 246673 264154 30312.554313000001
10 271568 283200 61079.659066
11 294068 305958 18673.221132999999
12 308828 311733 64240.288658999998
13 316470 326046 31143.729536999999
14 330510 340937 31955.262932000001
15 346350 385384 32548.652656999999
16 390639 400878 26591.031461999999
17 406562 416402 31032.775088999999
18 450240 471179 26518.557602000001
19 476961 481513 27135.491309000001
20 514257 522214 30548.763144
21 552660 566992 61173.218094999997
22 569751 580962 25727.776897
23 584224 602728 60685.825332
24 605299 636843 31943.127114999999
25 639046 656499 26854.269729
26 661124 667134 60653.754335999998
27 709440 730451 25877.051024
28 735934 740752 26858.741764999999
29 751541 771862 30730.334417999999
30 777935 816929 64710.467042999997
31 822258 835045 26821.553663999999
32 838535 857767 30352.900559999998
33 866528 870384 62069.510897
34 897630 918520 24941.171042000002
35 920190 947191 64615.886477
36 950573 992754 29824.478802000001
37 994911 1000151 25807.814231
38 1021224 1032970 30500.246913999999
39 1036892 1041243 63784.759174999999
40 1055040 1074694 26887.570243999999
41 1081238 1086354 26801.861517000001
42 1109434 1119136 30816.996993000001
43 1156513 1164010 30054.646581000001
44 1167567 1209533 25083.168038
45 1209534 1240739 31964.981436999999
46 1242907 1267592 26020.402946999999
47 1295856 1300360 65210.357319000002
48 1314240 1325764 26020.533994000001
49 1329002 1339419 25744.512599999998
50 1343310 1358157 62740.845427
51 1382179 1385565 59751.354583
52 1390050 1402780 26793.545150000002
53 1410330 1419492 25803.846627999999
54 1426554 1437742 25578.956714
55 1441496 1469060 37319.959895
56 1501490 1527620 26914.434292999998
57 1530350 1552069 37696.254029999996
58 1554826 1559578 40703.395508000001
59 1573440 1593309 25449.31221
0 opportunities for A
0 opportunities for B
0 opportunities for C
0 opportunities for D
0 opportunities for E
0 opportunities for F
0 opportunities for G
0 opportunities for H
0 opportunities for I
0 opportunities for J
0 opportunities for K
0 opportunities for L
0 opportunities for M
0 opportunities for N
0 opportunities for O
0 opportunities for P
0 opportunities for Q
0 opportunities for R
0 opportunities for S
0 opportunities for T
134 events for A
9180 0
10140 906
15228 0
21411 906
33638 0
35919 906
52046 0
58226 906
69905 0
72462 906
88315 0
104340 906
108060 0
110751 906
126581 0
132761 906
139560 0
140040 906
144360 0
146473 906
152898 0
153900 906
162554 0
168982 906
180722 0
183540 1714
198840 0
205383 1714
217083 0
221686 1714
225180 0
225345 906
235200 0
241424 906
253351 0
255638 906
269160 0
269640 1714
270676 0
277645 1714
279025 0
280140 1714
281139 0
281940 1714
282420 0
282810 1714
283410 0
284780 1714
287307 0
291340 906
292080 1714
307260 0
400679 906
401599 593
415520 0
422589 593
433630 0
492760 906
509460 0
515769 906
527996 0
552583 906
553333 0
626211 906
636531 0
639979 906
656439 0
678687 1500
684502 0
686150 1500
691795 0
751032 906
767602 0
773782 906
785713 0
852780 906
858044 0
859695 906
874655 0
882445 906
894436 0
897000 906
912360 0
918666 906
930360 0
932200 906
948707 0
954887 906
966600 0
969240 906
984900 0
991108 906
1003344 0
1097521 906
1112760 0
1120569 906
1132796 0
1137240 215
1148660 0
1176540 906
1187760 0
1194197 906
1206120 0
1208940 906
1219560 0
1267826 906
1280053 0
1281593 906
1298460 0
1327740 906
1336311 0
1342961 906
1349040 0
1356100 906
1361044 0
1364090 906
1372260 0
1378582 906
1390273 0
1392793 906
1405323 0
1414803 906
1426734 0
1430422 906
1444844 0
1451024 906
1462955 0
1465235 906
1481065 0
1503300 906
1504040 1500
1510045 0
1523653 1500
1529658 0
51 events for B
49302 62132584
49307 0
135702 55765577
135707 0
200502 60879901
200507 0
286902 79077832
286907 0
308502 48576383
308507 0
373302 294648376
373307 0
394902 296678458
394907 0
416502 98892820
416507 0
546162 164236787
546167 0
632562 62903535
632567 0
654162 107834631
654167 0
913362 75634496
913367 0
934962 54224800
934967 0
956562 63262266
956567 0
978162 64391949
978167 0
1037804 30501450
1037809 0
1129362 48936228
1129367 0
1323762 299009561
1323767 0
1323872 4498234
1323874 3748528
1323877 0
1323897 4815876
1323911 0
1345362 74179864
1345367 0
1366962 283378476
1366967 0
1432962 384982799
1432967 0
1518162 110156519
1518167 0
1561362 113081558
1561367 0
700 events for C
170 215177
230 0
430 215177
490 0
17737 215177
17797 0
17997 215177
18057 0
18577 215177
18637 0
18837 215177
18897 0
36145 215177
36205 0
36405 215177
36465 0
36985 215177
37045 0
37245 215177
37305 0
54552 215177
54612 0
54812 215177
54872 0
55392 215177
55452 0
55652 215177
55712 0
72959 215177
73019 0
73219 215177
73279 0
73799 215177
73859 0
74059 215177
74119 0
91366 215177
91426 0
91626 215177
91686 0
92206 215177
92266 0
92466 215177
92526 0
110977 215177
111037 0
111237 215177
111297 0
111817 215177
111877 0
112077 215177
112137 0
129087 215177
129147 0
129347 215177
129407 0
129927 215177
129987 0
130187 215177
130247 0
147198 215177
147258 0
147458 215177
147518 0
148038 215177
148098 0
148298 215177
148358 0
165308 215177
165368 0
165568 215177
165628 0
166148 215177
166208 0
166408 215177
166468 0
183419 215177
183479 0
183679 215177
183739 0
184259 215177
184319 0
184519 215177
184579 0
201529 215177
201589 0
201789 215177
201849 0
202369 215177
202429 0
202629 215177
202689 0
219640 215177
219700 0
219870 215177
219930 0
220410 215177
220470 0
220640 215177
220700 0
237750 215177
237810 0
238010 215177
238070 0
238590 215177
238650 0
238850 215177
238910 0
255861 215177
255921 0
256121 215177
256181 0
256701 215177
256761 0
256961 215177
257021 0
273971 215177
274031 0
274231 215177
274291 0
274811 215177
274871 0
275071 215177
275131 0
292082 215177
292142 0
292342 215177
292402 0
292922 215177
292982 0
293182 215177
293242 0
310192 215177
310252 0
310452 215177
310512 0
311032 215177
311092 0
311292 215177
311352 0
328303 215177
328363 0
328563 215177
328623 0
329143 215177
329203 0
329403 215177
329463 0
346413 215177
346473 0
346673 215177
346733 0
347253 215177
347313 0
347513 215177
347573 0
364524 215177
364584 0
364784 215177
364844 0
365364 215177
365424 0
365624 215177
365684 0
382634 215177
382694 0
382894 215177
382954 0
383474 215177
383534 0
383734 215177
383794 0
400745 215177
400805 0
401005 215177
401065 0
401585 215177
401645 0
401845 215177
401905 0
418855 215177
418915 0
419115 215177
419175 0
419695 215177
419755 0
419955 215177
420015 0
436966 215177
437026 0
437226 215177
437286 0
437806 215177
437866 0
438066 215177
438126 0
456873 215177
456933 0
457103 215177
457163 0
457643 215177
457703 0
457873 215177
457933 0
475280 215177
475340 0
475540 215177
475600 0
476120 215177
476180 0
476380 215177
476440 0
493687 215177
493747 0
493947 215177
494007 0
494527 215177
494587 0
494787 215177
494847 0
512095 215177
512155 0
512355 215177
512415 0
512935 215177
512995 0
513195 215177
513255 0
530502 215177
530562 0
530762 215177
530822 0
531342 215177
531402 0
531602 215177
531662 0
548909 215177
548969 0
549169 215177
549229 0
549749 215177
549809 0
550009 215177
550069 0
567316 215177
567376 0
567576 215177
567636 0
568156 215177
568216 0
568416 215177
568476 0
585723 215177
585783 0
585983 215177
586043 0
586563 215177
586623 0
586823 215177
586883 0
604130 215177
604190 0
604390 215177
604450 0
604970 215177
605030 0
605230 215177
605290 0
622537 215177
622597 0
622797 215177
622857 0
623377 215177
623437 0
623637 215177
623697 0
640945 215177
641005 0
641205 215177
641265 0
641785 215177
641845 0
642045 215177
642105 0
659352 215177
659412 0
659612 215177
659672 0
660192 215177
660252 0
660452 215177
660512 0
677759 215177
677819 0
678019 215177
678079 0
678599 215177
678659 0
678859 215177
678919 0
696166 215177
696226 0
696426 215177
696486 0
697006 215177
697066 0
697266 215177
697326 0
715777 215177
715837 0
716037 215177
716097 0
716617 215177
716677 0
716877 215177
716937 0
733887 215177
733947 0
734147 215177
734207 0
734727 215177
734787 0
734987 215177
735047 0
751998 215177
752058 0
752258 215177
752318 0
752838 215177
752898 0
753098 215177
753158 0
770108 215177
770168 0
770368 215177
770428 0
770948 215177
771008 0
771208 215177
771268 0
788219 215177
788279 0
788479 215177
788539 0
789059 215177
789119 0
789319 215177
789379 0
806329 215177
806389 0
806589 215177
806649 0
807169 215177
807229 0
807429 215177
807489 0
824440 215177
824500 0
824670 215177
824730 0
825210 215177
825270 0
825440 215177
825500 0
842550 215177
842610 0
842810 215177
842870 0
843390 215177
843450 0
843650 215177
843710 0
860661 215177
860721 0
860921 215177
860981 0
861501 215177
861561 0
861761 215177
861821 0
878771 215177
878831 0
879031 215177
879091 0
879611 215177
879671 0
879871 215177
879931 0
896882 215177
896942 0
897142 215177
897202 0
897722 215177
897782 0
897982 215177
898042 0
914992 215177
915052 0
915252 215177
915312 0
915832 215177
915892 0
916092 215177
916152 0
933103 215177
933163 0
933363 215177
933423 0
933943 215177
934003 0
934203 215177
934263 0
951213 215177
951273 0
951473 215177
951533 0
952053 215177
952113 0
952313 215177
952373 0
969324 215177
969384 0
969584 215177
969644 0
970164 215177
970224 0
970424 215177
970484 0
987434 215177
987494 0
987694 215177
987754 0
988274 215177
988334 0
988534 215177
988594 0
1005545 215177
1005605 0
1005805 215177
1005865 0
1006385 215177
1006445 0
1006645 215177
1006705 0
1023655 215177
1023715 0
1023915 215177
1023975 0
1024495 215177
1024555 0
1024755 215177
1024815 0
1041766 215177
1041826 0
1042026 215177
1042086 0
1042606 215177
1042666 0
1042866 215177
1042926 0
1061673 215177
1061733 0
1061903 215177
1061963 0
1062443 215177
1062503 0
1062673 215177
1062733 0
1080080 215177
1080140 0
1080340 215177
1080400 0
1080920 215177
1080980 0
1081180 215177
1081240 0
1098487 215177
1098547 0
1098747 215177
1098807 0
1099327 215177
1099387 0
1099587 215177
1099647 0
1116895 215177
1116955 0
1117155 215177
1117215 0
1117735 215177
1117795 0
1117995 215177
1118055 0
1135302 215177
1135362 0
1135562 215177
1135622 0
1136142 215177
1136202 0
1136402 215177
1136462 0
1153709 215177
1153769 0
1153969 215177
1154029 0
1154549 215177
1154609 0
1154809 215177
1154869 0
1172116 215177
1172176 0
1172376 215177
1172436 0
1172956 215177
1173016 0
1173216 215177
1173276 0
1190523 215177
1190583 0
1190783 215177
1190843 0
1191363 215177
1191423 0
1191623 215177
1191683 0
1208930 215177
1208990 0
1209190 215177
1209250 0
1209770 215177
1209830 0
1210030 215177
1210090 0
1227337 215177
1227397 0
1227597 215177
1227657 0
1228177 215177
1228237 0
1228437 215177
1228497 0
1245745 215177
1245805 0
1246005 215177
1246065 0
1246585 215177
1246645 0
1246845 215177
1246905 0
1264152 215177
1264212 0
1264412 215177
1264472 0
1264992 215177
1265052 0
1265252 215177
1265312 0
1282559 215177
1282619 0
1282819 215177
1282879 0
1283399 215177
1283459 0
1283659 215177
1283719 0
1300966 215177
1301026 0
1301226 215177
1301286 0
1301806 215177
1301866 0
1302066 215177
1302126 0
1320577 215177
1320637 0
1320837 215177
1320897 0
1321417 215177
1321477 0
1321677 215177
1321737 0
1338687 215177
1338747 0
1338947 215177
1339007 0
1339527 215177
1339587 0
1339787 215177
1339847 0
1356798 215177
1356858 0
1357058 215177
1357118 0
1357638 215177
1357698 0
1357898 215177
1357958 0
1374908 215177
1374968 0
1375168 215177
1375228 0
1375748 215177
1375808 0
1376008 215177
1376068 0
1393019 215177
1393079 0
1393279 215177
1393339 0
1393859 215177
1393919 0
1394119 215177
1394179 0
1411129 215177
1411189 0
1411389 215177
1411449 0
1411969 215177
1412029 0
1412229 215177
1412289 0
1429240 215177
1429300 0
1429470 215177
1429530 0
1430010 215177
1430070 0
1430240 215177
1430300 0
1447350 215177
1447410 0
1447610 215177
1447670 0
1448190 215177
1448250 0
1448450 215177
1448510 0
1465461 215177
1465521 0
1465721 215177
1465781 0
1466301 215177
1466361 0
1466561 215177
1466621 0
1483571 215177
1483631 0
1483831 215177
1483891 0
1484411 215177
1484471 0
1484671 215177
1484731 0
1501682 215177
1501742 0
1501942 215177
1502002 0
1502522 215177
1502582 0
1502782 215177
1502842 0
1519792 215177
1519852 0
1520052 215177
1520112 0
1520632 215177
1520692 0
1520892 215177
1520952 0
1537903 215177
1537963 0
1538163 215177
1538223 0
1538743 215177
1538803 0
1539003 215177
1539063 0
1556013 215177
1556073 0
1556273 215177
1556333 0
1556853 215177
1556913 0
1557113 215177
1557173 0
1573066 215177
1573126 0
1573326 215177
1573386 0
1573906 215177
1573966 0
1574166 215177
1574226 0
1592234 215177
1592294 0
1592494 215177
1592554 0
1593074 215177
1593134 0
1593334 215177
1593394 0
134 events for D
10122 0
11082 906
16170 0
22353 906
34580 0
36861 906
52988 0
59168 906
70847 0
73404 906
89257 0
105282 906
109002 0
111693 906
127523 0
133703 906
140502 0
140982 906
145302 0
147415 906
153840 0
154842 906
163496 0
169924 906
181664 0
184482 1714
199782 0
206325 1714
218025 0
222628 1714
226122 0
226287 906
236142 0
242366 906
254293 0
256580 906
270102 0
270582 1714
271618 0
278587 1714
279967 0
281082 1714
282081 0
282882 1714
283362 0
283752 1714
284352 0
285722 1714
288249 0
292282 906
293022 1714
308202 0
401621 906
402541 593
416462 0
423531 593
434572 0
493702 906
510402 0
516711 906
528938 0
553525 906
554275 0
627153 906
637473 0
640921 906
657381 0
679629 1500
685444 0
687092 1500
692737 0
751974 906
768544 0
774724 906
786655 0
853722 906
858986 0
860637 906
875597 0
883387 906
895378 0
897942 906
913302 0
919608 906
931302 0
933142 906
949649 0
955829 906
967542 0
970182 906
985842 0
992050 906
1004286 0
1098463 906
1113702 0
1121511 906
1133738 0
1138182 215
1149602 0
1177482 906
1188702 0
1195139 906
1207062 0
1209882 906
1220502 0
1268768 906
1280995 0
1282535 906
1299402 0
1328682 906
1337253 0
1343903 906
1349982 0
1357042 906
1361986 0
1365032 906
1373202 0
1379524 906
1391215 0
1393735 906
1406265 0
1415745 906
1427676 0
1431364 906
1445786 0
1451966 906
1463897 0
1466177 906
1482007 0
1504242 906
1504982 1500
1510987 0
1524595 1500
1530600 0
0 events for E

0 events for F

46 events for G
22106 4096
30306 0
314561 665
343721 0
479649 665
509169 0
553278 4096
561478 0
626906 4096
635106 0
709835 4096
718035 0
810698 4096
818898 0
883140 4096
891340 0
991803 4096
1000003 0
1328015 3754
1328735 0
1330535 3754
1334135 0
1341335 3754
1342055 0
1343855 3754
1347455 0
1363055 3754
1363775 0
1365575 3754
1369175 0
1377575 3754
1378295 0
1380095 3754
1383695 0
1441415 3754
1442135 0
1443935 3754
1447535 0
1487135 3754
1487855 0
1489655 3754
1493255 0
1533935 3754
1534655 0
1536455 3754
1540055 0
0 events for H

704 events for I
340 215177
400 0
600 215177
660 0
1180 215177
1240 0
1440 215177
1500 0
18747 215177
18807 0
19007 215177
19067 0
19587 215177
19647 0
19847 215177
19907 0
37155 215177
37215 0
37415 215177
37475 0
37995 215177
38055 0
38255 215177
38315 0
55562 215177
55622 0
55822 215177
55882 0
56402 215177
56462 0
56662 215177
56722 0
73969 215177
74029 0
74229 215177
74289 0
74809 215177
74869 0
75069 215177
75129 0
92376 215177
92436 0
92636 215177
92696 0
93216 215177
93276 0
93476 215177
93536 0
111987 215177
112047 0
112247 215177
112307 0
112827 215177
112887 0
113087 215177
113147 0
130097 215177
130157 0
130357 215177
130417 0
130937 215177
130997 0
131197 215177
131257 0
148208 215177
148268 0
148468 215177
148528 0
149048 215177
149108 0
149308 215177
149368 0
166318 215177
166378 0
166578 215177
166638 0
167158 215177
167218 0
167418 215177
167478 0
184429 215177
184489 0
184689 215177
184749 0
185269 215177
185329 0
185529 215177
185589 0
202539 215177
202599 0
202799 215177
202859 0
203379 215177
203439 0
203639 215177
203699 0
220650 215177
220710 0
220880 215177
220940 0
221420 215177
221480 0
221650 215177
221710 0
238760 215177
238820 0
239020 215177
239080 0
239600 215177
239660 0
239860 215177
239920 0
256871 215177
256931 0
257131 215177
257191 0
257711 215177
257771 0
257971 215177
258031 0
274981 215177
275041 0
275241 215177
275301 0
275821 215177
275881 0
276081 215177
276141 0
293092 215177
293152 0
293352 215177
293412 0
293932 215177
293992 0
294192 215177
294252 0
311202 215177
311262 0
311462 215177
311522 0
312042 215177
312102 0
312302 215177
312362 0
329313 215177
329373 0
329573 215177
329633 0
330153 215177
330213 0
330413 215177
330473 0
347423 215177
347483 0
347683 215177
347743 0
348263 215177
348323 0
348523 215177
348583 0
365534 215177
365594 0
365794 215177
365854 0
366374 215177
366434 0
366634 215177
366694 0
383644 215177
383704 0
383904 215177
383964 0
384484 215177
384544 0
384744 215177
384804 0
401755 215177
401815 0
402015 215177
402075 0
402595 215177
402655 0
402855 215177
402915 0
419865 215177
419925 0
420125 215177
420185 0
420705 215177
420765 0
420965 215177
421025 0
437976 215177
438036 0
438236 215177
438296 0
438816 215177
438876 0
439076 215177
439136 0
457883 215177
457943 0
458113 215177
458173 0
458653 215177
458713 0
458883 215177
458943 0
476290 215177
476350 0
476550 215177
476610 0
477130 215177
477190 0
477390 215177
477450 0
494697 215177
494757 0
494957 215177
495017 0
495537 215177
495597 0
495797 215177
495857 0
513105 215177
513165 0
513365 215177
513425 0
513945 215177
514005 0
514205 215177
514265 0
531512 215177
531572 0
531772 215177
531832 0
532352 215177
532412 0
532612 215177
532672 0
549919 215177
549979 0
550179 215177
550239 0
550759 215177
550819 0
551019 215177
551079 0
568326 215177
568386 0
568586 215177
568646 0
569166 215177
569226 0
569426 215177
569486 0
586733 215177
586793 0
586993 215177
587053 0
587573 215177
587633 0
587833 215177
587893 0
605140 215177
605200 0
605400 215177
605460 0
605980 215177
606040 0
606240 215177
606300 0
623547 215177
623607 0
623807 215177
623867 0
624387 215177
624447 0
624647 215177
624707 0
641955 215177
642015 0
642215 215177
642275 0
642795 215177
642855 0
643055 215177
643115 0
660362 215177
660422 0
660622 215177
660682 0
661202 215177
661262 0
661462 215177
661522 0
678769 215177
678829 0
679029 215177
679089 0
679609 215177
679669 0
679869 215177
679929 0
697176 215177
697236 0
697436 215177
697496 0
698016 215177
698076 0
698276 215177
698336 0
716787 215177
716847 0
717047 215177
717107 0
717627 215177
717687 0
717887 215177
717947 0
734897 215177
734957 0
735157 215177
735217 0
735737 215177
735797 0
735997 215177
736057 0
753008 215177
753068 0
753268 215177
753328 0
753848 215177
753908 0
754108 215177
754168 0
771118 215177
771178 0
771378 215177
771438 0
771958 215177
772018 0
772218 215177
772278 0
789229 215177
789289 0
789489 215177
789549 0
790069 215177
790129 0
790329 215177
790389 0
807339 215177
807399 0
807599 215177
807659 0
808179 215177
808239 0
808439 215177
808499 0
825450 215177
825510 0
825680 215177
825740 0
826220 215177
826280 0
826450 215177
826510 0
843560 215177
843620 0
843820 215177
843880 0
844400 215177
844460 0
844660 215177
844720 0
861671 215177
861731 0
861931 215177
861991 0
862511 215177
862571 0
862771 215177
862831 0
879781 215177
879841 0
880041 215177
880101 0
880621 215177
880681 0
880881 215177
880941 0
897892 215177
897952 0
898152 215177
898212 0
898732 215177
898792 0
898992 215177
899052 0
916002 215177
916062 0
916262 215177
916322 0
916842 215177
916902 0
917102 215177
917162 0
934113 215177
934173 0
934373 215177
934433 0
934953 215177
935013 0
935213 215177
935273 0
952223 215177
952283 0
952483 215177
952543 0
953063 215177
953123 0
953323 215177
953383 0
970334 215177
970394 0
970594 215177
970654 0
971174 215177
971234 0
971434 215177
971494 0
988444 215177
988504 0
988704 215177
988764 0
989284 215177
989344 0
989544 215177
989604 0
1006555 215177
1006615 0
1006815 215177
1006875 0
1007395 215177
1007455 0
1007655 215177
1007715 0
1024665 215177
1024725 0
1024925 215177
1024985 0
1025505 215177
1025565 0
1025765 215177
1025825 0
1042776 215177
1042836 0
1043036 215177
1043096 0
1043616 215177
1043676 0
1043876 215177
1043936 0
1062683 215177
1062743 0
1062913 215177
1062973 0
1063453 215177
1063513 0
1063683 215177
1063743 0
1081090 215177
1081150 0
1081350 215177
1081410 0
1081930 215177
1081990 0
1082190 215177
1082250 0
1099497 215177
1099557 0
1099757 215177
1099817 0
1100337 215177
1100397 0
1100597 215177
1100657 0
1117905 215177
1117965 0
1118165 215177
1118225 0
1118745 215177
1118805 0
1119005 215177
1119065 0
1136312 215177
1136372 0
1136572 215177
1136632 0
1137152 215177
1137212 0
1137412 215177
1137472 0
1154719 215177
1154779 0
1154979 215177
1155039 0
1155559 215177
1155619 0
1155819 215177
1155879 0
1173126 215177
1173186 0
1173386 215177
1173446 0
1173966 215177
1174026 0
1174226 215177
1174286 0
1191533 215177
1191593 0
1191793 215177
1191853 0
1192373 215177
1192433 0
1192633 215177
1192693 0
1209940 215177
1210000 0
1210200 215177
1210260 0
1210780 215177
1210840 0
1211040 215177
1211100 0
1228347 215177
1228407 0
1228607 215177
1228667 0
1229187 215177
1229247 0
1229447 215177
1229507 0
1246755 215177
1246815 0
1247015 215177
1247075 0
1247595 215177
1247655 0
1247855 215177
1247915 0
1265162 215177
1265222 0
1265422 215177
1265482 0
1266002 215177
1266062 0
1266262 215177
1266322 0
1283569 215177
1283629 0
1283829 215177
1283889 0
1284409 215177
1284469 0
1284669 215177
1284729 0
1301976 215177
1302036 0
1302236 215177
1302296 0
1302816 215177
1302876 0
1303076 215177
1303136 0
1321587 215177
1321647 0
1321847 215177
1321907 0
1322427 215177
1322487 0
1322687 215177
1322747 0
1339697 215177
1339757 0
1339957 215177
1340017 0
1340537 215177
1340597 0
1340797 215177
1340857 0
1357808 215177
1357868 0
1358068 215177
1358128 0
1358648 215177
1358708 0
1358908 215177
1358968 0
1375918 215177
1375978 0
1376178 215177
1376238 0
1376758 215177
1376818 0
1377018 215177
1377078 0
1394029 215177
1394089 0
1394289 215177
1394349 0
1394869 215177
1394929 0
1395129 215177
1395189 0
1412139 215177
1412199 0
1412399 215177
1412459 0
1412979 215177
1413039 0
1413239 215177
1413299 0
1430250 215177
1430310 0
1430480 215177
1430540 0
1431020 215177
1431080 0
1431250 215177
1431310 0
1448360 215177
1448420 0
1448620 215177
1448680 0
1449200 215177
1449260 0
1449460 215177
1449520 0
1466471 215177
1466531 0
1466731 215177
1466791 0
1467311 215177
1467371 0
1467571 215177
1467631 0
1484581 215177
1484641 0
1484841 215177
1484901 0
1485421 215177
1485481 0
1485681 215177
1485741 0
1502692 215177
1502752 0
1502952 215177
1503012 0
1503532 215177
1503592 0
1503792 215177
1503852 0
1520802 215177
1520862 0
1521062 215177
1521122 0
1521642 215177
1521702 0
1521902 215177
1521962 0
1538913 215177
1538973 0
1539173 215177
1539233 0
1539753 215177
1539813 0
1540013 215177
1540073 0
1557023 215177
1557083 0
1557283 215177
1557343 0
1557863 215177
1557923 0
1558123 215177
1558183 0
1574076 215177
1574136 0
1574336 215177
1574396 0
1574916 215177
1574976 0
1575176 215177
1575236 0
1593244 215177
1593304 0
1593504 215177
1593564 0
1594084 215177
1594144 0
1594344 215177
1594404 0
135 events for J
6654 2754
13833 1727
21032 2754
51633 1727
56683 1664
56983 3917
57032 4944
90333 3917
92983 1727
107432 2754
126333 1727
132632 2754
139865 1471
161433 444
168632 548
199233 444
204632 1471
215083 1409
215383 3662
226265 4944
233433 3917
240632 4944
265783 2754
269433 1727
276632 2754
305433 1727
312632 2754
341433 1727
348632 2754
353803 2691
354103 2754
355865 1471
363032 548
379233 444
386432 548
415233 444
420632 548
435933 444
449432 548
471033 444
478232 548
508833 444
514232 1471
525022 1267
525043 1205
525343 3458
528665 4740
546633 3713
552032 3817
582633 3713
584443 1523
591632 1626
611422 1830
620433 1727
625832 1830
633054 2081
636665 798
654633 695
658265 1977
661832 3004
679832 2081
679865 798
695133 695
697843 632
697854 382
698143 444
710432 548
730233 444
737432 548
766233 444
773432 548
802233 444
809432 548
838233 444
845432 548
870643 485
870943 548
876033 444
881432 548
910233 444
919232 548
948033 444
955232 548
984033 444
989432 548
1020033 444
1025465 1727
1027232 2754
1039833 1727
1043443 1664
1043743 1727
1047065 444
1054232 1471
1075833 444
1083032 1471
1113633 444
1119032 1471
1149633 444
1156832 1471
1187433 444
1192832 1471
1225233 444
1230632 1471
1259433 444
1266632 548
1299933 444
1302283 382
1302583 2635
1302654 2885
1306265 4168
1313432 5195
1335033 4168
1342232 5195
1371033 4168
1378232 5195
1389054 4944
1408833 3917
1414232 4944
1444833 3917
1450232 4944
1453903 2754
1480833 1727
1486232 2754
1497054 3004
1516833 1977
1522232 3004
1558233 1977
1561783 1915
1561854 1664
1562083 3917
1567783 1727
1572632 2754
1587065 1471
1589733 444
1594232 1471
51 events for K
50778 62132584
50783 0
137178 55765577
137183 0
201978 60879901
201983 0
288378 79077832
288383 0
309978 48576383
309983 0
374778 294648376
374783 0
396378 296678458
396383 0
417978 98892820
417983 0
547638 164236787
547643 0
634038 62903535
634043 0
655638 107834631
655643 0
914838 75634496
914843 0
936438 54224800
936443 0
958038 63262266
958043 0
979638 64391949
979643 0
1039280 30501450
1039285 0
1130838 48936228
1130843 0
1325238 299009561
1325243 0
1325348 4498234
1325350 3748528
1325353 0
1325373 4815876
1325387 0
1346838 74179864
1346843 0
1368438 283378476
1368443 0
1434438 384982799
1434443 0
1519638 110156519
1519643 0
1562838 113081558
1562843 0
8 events for L
438385 1772
458392 2414
460232 1772
552728 2414
615786 1772
789938 2414
854469 1772
1043185 2414
135 events for M
1260 906
12073 0
13033 906
18121 0
24304 906
36531 0
38812 906
54939 0
61119 906
72798 0
75355 906
91208 0
107233 906
110953 0
113644 906
129474 0
135654 906
142453 0
142933 906
147253 0
149366 906
155791 0
156793 906
165447 0
171875 906
183615 0
186433 1714
201733 0
208276 1714
219976 0
224579 1714
228073 0
228238 906
238093 0
244317 906
256244 0
258531 906
272053 0
272533 1714
273569 0
280538 1714
281918 0
283033 1714
284032 0
284833 1714
285313 0
285703 1714
286303 0
287673 1714
290200 0
294233 906
294973 1714
310153 0
403572 906
404492 593
418413 0
425482 593
436523 0
495653 906
512353 0
518662 906
530889 0
555476 906
556226 0
629104 906
639424 0
642872 906
659332 0
681580 1500
687395 0
689043 1500
694688 0
753925 906
770495 0
776675 906
788606 0
855673 906
860937 0
862588 906
877548 0
885338 906
897329 0
899893 906
915253 0
921559 906
933253 0
935093 906
951600 0
957780 906
969493 0
972133 906
987793 0
994001 906
1006237 0
1100414 906
1115653 0
1123462 906
1135689 0
1140133 215
1151553 0
1179433 906
1190653 0
1197090 906
1209013 0
1211833 906
1222453 0
1270719 906
1282946 0
1284486 906
1301353 0
1330633 906
1339204 0
1345854 906
1351933 0
1358993 906
1363937 0
1366983 906
1375153 0
1381475 906
1393166 0
1395686 906
1408216 0
1417696 906
1429627 0
1433315 906
1447737 0
1453917 906
1465848 0
1468128 906
1483958 0
1506193 906
1506933 1500
1512938 0
1526546 1500
1532551 0
40 events for N
219424 4214960
219428 0
219854 4214960
219858 0
220594 4214960
220598 0
221024 4214960
221028 0
456657 4214960
456661 0
457087 4214960
457091 0
457827 4214960
457831 0
458257 4214960
458261 0
824224 4214960
824228 0
824654 4214960
824658 0
825394 4214960
825398 0
825824 4214960
825828 0
1061457 4214960
1061461 0
1061887 4214960
1061891 0
1062627 4214960
1062631 0
1063057 4214960
1063061 0
1429024 4214960
1429028 0
1429454 4214960
1429458 0
1430194 4214960
1430198 0
1430624 4214960
1430628 0
126 events for O
13471 26897
13951 0
22836 26897
23316 0
33915 26897
34395 0
51636 26897
52116 0
108036 26897
108516 0
120037 26897
120517 0
142885 26897
143365 0
184837 26897
185317 0
206437 26897
206917 0
287137 26897
287617 0
307237 26897
307717 0
496837 26897
497317 0
518437 26897
518917 0
630637 26897
631117 0
651637 26897
652117 0
757237 26897
757717 0
775237 26897
775717 0
870337 26897
870817 0
898297 26897
898777 0
919663 26897
920143 0
985178 26897
985658 0
1099559 26897
1100039 0
1102236 26897
1102716 0
1107636 26897
1108116 0
1111236 26897
1111716 0
1121567 26897
1122047 0
1125700 26897
1126180 0
1129300 26897
1129780 0
1132536 26897
1133016 0
1177838 26897
1178318 0
1182636 26897
1183116 0
1187796 26897
1188276 0
1195836 26897
1196316 0
1200518 26897
1200998 0
1205174 26897
1205654 0
1210806 26897
1211286 0
1216235 26897
1216715 0
1219236 26897
1219716 0
1268824 26897
1269304 0
1274436 26897
1274916 0
1280329 26897
1280809 0
1285236 26897
1285716 0
1291184 26897
1291664 0
1298736 26897
1299216 0
1329036 26897
1329516 0
1336237 26897
1336717 0
1344636 26897
1345116 0
1349436 26897
1349916 0
1358437 26897
1358917 0
1369356 26897
1369836 0
1384236 26897
1384716 0
1389035 26897
1389515 0
1394089 26897
1394569 0
1423958 26897
1424438 0
1426836 26897
1427316 0
1432849 26897
1433329 0
1438249 26897
1438729 0
1443651 26897
1444131 0
1454445 26897
1454925 0
1463231 26897
1463711 0
1470983 26897
1471463 0
1477238 26897
1477718 0
1481343 26897
1481823 0
135 events for P
6834 2754
14013 1727
21212 2754
51813 1727
56863 1664
57163 3917
57212 4944
90513 3917
93163 1727
107612 2754
126513 1727
132812 2754
140045 1471
161613 444
168812 548
199413 444
204812 1471
215263 1409
215563 3662
226445 4944
233613 3917
240812 4944
265963 2754
269613 1727
276812 2754
305613 1727
312812 2754
341613 1727
348812 2754
353983 2691
354283 2754
356045 1471
363212 548
379413 444
386612 548
415413 444
420812 548
436113 444
449612 548
471213 444
478412 548
509013 444
514412 1471
525202 1267
525223 1205
525523 3458
528845 4740
546813 3713
552212 3817
582813 3713
584623 1523
591812 1626
611602 1830
620613 1727
626012 1830
633234 2081
636845 798
654813 695
658445 1977
662012 3004
680012 2081
680045 798
695313 695
698023 632
698034 382
698323 444
710612 548
730413 444
737612 548
766413 444
773612 548
802413 444
809612 548
838413 444
845612 548
870823 485
871123 548
876213 444
881612 548
910413 444
919412 548
948213 444
955412 548
984213 444
989612 548
1020213 444
1025645 1727
1027412 2754
1040013 1727
1043623 1664
1043923 1727
1047245 444
1054412 1471
1076013 444
1083212 1471
1113813 444
1119212 1471
1149813 444
1157012 1471
1187613 444
1193012 1471
1225413 444
1230812 1471
1259613 444
1266812 548
1300113 444
1302463 382
1302763 2635
1302834 2885
1306445 4168
1313612 5195
1335213 4168
1342412 5195
1371213 4168
1378412 5195
1389234 4944
1409013 3917
1414412 4944
1445013 3917
1450412 4944
1454083 2754
1481013 1727
1486412 2754
1497234 3004
1517013 1977
1522412 3004
1558413 1977
1561963 1915
1562034 1664
1562263 3917
1567963 1727
1572812 2754
1587245 1471
1589913 444
1594412 1471
40 events for Q
221126 4214960
221130 0
221556 4214960
221560 0
222296 4214960
222300 0
222726 4214960
222730 0
458359 4214960
458363 0
458789 4214960
458793 0
459529 4214960
459533 0
459959 4214960
459963 0
825926 4214960
825930 0
826356 4214960
826360 0
827096 4214960
827100 0
827526 4214960
827530 0
1063159 4214960
1063163 0
1063589 4214960
1063593 0
1064329 4214960
1064333 0
1064759 4214960
1064763 0
1430726 4214960
1430730 0
1431156 4214960
1431160 0
1431896 4214960
1431900 0
1432326 4214960
1432330 0
9 events for R
447840 1300
695639 0
707040 1300
1041239 0
1052640 1300
1300439 0
1311840 1300
1559639 0
1571040 1300
0 events for S

39 events for T
33480 28
33780 0
34440 20
34620 0
36780 20
36960 0
37020 201
63960 28
64260 0
64320 20
64500 203
90540 0
102900 20
103080 0
105240 20
105420 0
105480 36
124560 0
125220 20
125400 0
127560 20
127740 0
127800 36
146880 0
147540 20
147720 0
149880 20
150060 0
150120 36
179340 0
375300 20
375480 0
377640 20
377820 0
377880 12
436140 0
436440 330
1040640 0
1041240 330
