20 instruments
A 10 100 376310 320000000
B 10 100 2312500 800000000
C 10 100 24955.266722182481 180753403.14844713
D 10 100 177168740.44080633 781629408.46013641
E 10 100 183507440.74517861 809594356.20986629
F 10 100 8192 3200000000
G 10 100 763800535.41096985 7041040280.2382517
H 10 100 50290700 1600000000
I 10 100 1991925.5289842244 689098561.3783263
J 10 100 0 275897579.9041419
K 10 100 2665037.1650940888 921958803.05957663
L 10 100 1538660356.7547786 4054547831.9712734
M 10 100 1801610371.8348846 4747451505.5334387
N 10 100 0 296462475.07613176
O 10 100 5910082.7758317869 3030989320.3134623
P 10 100 309096.09667920991 262843801.48639998
Q 10 100 22090 160000000
R 10 100 192158478.34180248 847760826.1096437
S 10 100 199466000 880000000
T 10 100 22018.298358889329 159480658.09969637
100 downlinks
0 1 10745 17374.699861000001
1 26101 52892 57611.601310999999
2 53101 85181 59023.283414999998
3 85923 91673 55193.106121999997
4 95029 137146 25530.421285
5 137147 181342 29269.697155999998
6 181343 185433 16830.732371999999
7 198591 213258 28226.256141999998
8 215588 218139 60093.408818999997
9 258586 288285 58272.632834999997
10 288286 295560 61499.660580999996
11 309763 331060 28538.149495000001
12 344608 350430 18090.695755000001
13 353973 369185 23661.293665000001
14 371082 399036 28757.617953000001
15 399037 441333 56137.919716999997
16 442477 459371 23437.772314999998
17 474577 487217 55980.942202999999
18 500432 514284 60635.164006999999
19 517172 548099 23619.145155999999
20 568692 576958 53049.165158000003
21 579567 602726 23042.764167000001
22 602727 607179 53421.323553000002
23 610615 615295 23396.302264000002
24 618867 631771 22759.633384000001
25 655003 659602 53785.922146999997
26 670762 687216 23595.771228000001
27 689523 696180 17076.713232999999
28 699238 734361 24932.393585000002
29 734362 744585 29494.590024000001
30 747617 753489 55821.075068999999
31 756857 774146 22968.383259999999
32 775217 779398 57490.653299999998
33 797590 802650 25500.801521000001
34 844598 867984 24904.219582000002
35 871874 875942 26817.789122999999
36 888252 918315 30236.225505999999
37 921546 941937 64968.303881
38 948208 954537 18980.648960999999
39 958192 999158 26276.326033000001
40 1000251 1042535 30209.873796
41 1044512 1048774 26595.764298999999
42 1079341 1086321 25812.000550000001
43 1105736 1116995 26242.243616
44 1120496 1124215 60521.572561000001
45 1132136 1148929 25759.527445
46 1163636 1175894 62910.21802
47 1179291 1213077 62402.514213000002
48 1217154 1229819 26087.487331
49 1245831 1263312 30312.554313000001
50 1270726 1282358 61079.659066
51 1293226 1305116 18673.221132999999
52 1307986 1310891 64240.288658999998
53 1315628 1325204 31143.729536999999
54 1329668 1340095 31955.262932000001
55 1345508 1384542 32548.652656999999
56 1389797 1400036 26591.031461999999
57 1405720 1415560 31032.775088999999
58 1449398 1470337 26518.557602000001
59 1476119 1480671 27135.491309000001
60 1513415 1521372 30548.763144
61 1551818 1566150 61173.218094999997
62 1568909 1580120 25727.776897
63 1583382 1601886 60685.825332
64 1604457 1636001 31943.127114999999
65 1638204 1655657 26854.269729
66 1660282 1666292 60653.754335999998
67 1708598 1729609 25877.051024
68 1735092 1739910 26858.741764999999
69 1750699 1771020 30730.334417999999
70 1777093 1816087 64710.467042999997
71 1821416 1834203 26821.553663999999
72 1837693 1856925 30352.900559999998
73 1865686 1869542 62069.510897
74 1896788 1917678 24941.171042000002
75 1919348 1946349 64615.886477
76 1949731 1991912 29824.478802000001
77 1994069 1999309 25807.814231
78 2020382 2032128 30500.246913999999
79 2036050 2040401 63784.759174999999
80 2054198 2073852 26887.570243999999
81 2080396 2085512 26801.861517000001
82 2108592 2118294 30816.996993000001
83 2155671 2163168 30054.646581000001
84 2166725 2208691 25083.168038
85 2208692 2239897 31964.981436999999
86 2242065 2266750 26020.402946999999
87 2295014 2299518 65210.357319000002
88 2313398 2324922 26020.533994000001
89 2328160 2338577 25744.512599999998
90 2342468 2357315 62740.845427
91 2381337 2384723 59751.354583
92 2389208 2401938 26793.545150000002
93 2409488 2418650 25803.846627999999
94 2425712 2436900 25578.956714
95 2440654 2468218 37319.959895
96 2500648 2526778 26914.434292999998
97 2529508 2551227 37696.254029999996
98 2553984 2558736 40703.395508000001
99 2572598 2592467 25449.31221
0 opportunities for A
0 opportunities for B
0 opportunities for C
0 opportunities for D
0 opportunities for E
0 opportunities for F
0 opportunities for G
0 opportunities for H
0 opportunities for I
0 opportunities for J
0 opportunities for K
0 opportunities for L
0 opportunities for M
0 opportunities for N
0 opportunities for O
0 opportunities for P
0 opportunities for Q
0 opportunities for R
0 opportunities for S
0 opportunities for T
59 events for A
225398 0
225998 330
830198 0
845078 20
845258 0
847418 20
847598 0
847658 126
873578 0
874238 20
874418 0
876578 20
876758 0
876818 218
891878 0
892538 20
892718 0
894878 20
895058 0
895118 32
1032638 28
1032938 0
1033598 20
1033778 0
1035938 20
1036118 0
1036178 201
1063118 28
1063418 0
1063478 20
1063658 203
1089698 0
1102058 20
1102238 0
1104398 20
1104578 0
1104638 36
1123718 0
1124378 20
1124558 0
1126718 20
1126898 0
1126958 36
1146038 0
1146698 20
1146878 0
1149038 20
1149218 0
1149278 36
1178498 0
1374458 20
1374638 0
1376798 20
1376978 0
1377038 12
1435298 0
1435598 330
2039798 0
2040398 330
15 events for B
225997 0
237398 1950
485197 0
496598 1950
830797 0
830799 1944
1446998 1300
1694797 0
1706198 1300
2040397 0
2051798 1300
2299597 0
2310998 1300
2558797 0
2570198 1300
242 events for C
8186 0
11946 906
26256 0
32556 906
44563 0
46845 906
59660 0
60140 906
62755 0
68935 906
80944 0
83224 906
99134 0
100674 906
117262 0
123503 906
135453 0
137793 906
153702 0
159882 906
171892 0
173432 906
190081 0
196261 906
207671 0
212347 1500
216362 0
218047 1500
222072 0
240440 906
243560 0
250640 215
262160 0
284583 906
300303 0
306697 906
319031 0
321311 906
337546 0
343726 906
356060 0
357600 906
374574 0
380754 906
393089 0
395369 906
411603 0
417783 906
430117 0
431657 906
448631 0
454811 906
466546 0
468826 906
484160 0
499640 906
503840 0
506129 906
522039 0
528219 906
540228 0
541768 906
558418 0
564598 906
576607 0
578887 906
594797 0
600977 906
612986 0
616769 906
631034 0
637356 906
649341 0
651667 906
667555 0
673735 906
685744 0
688024 906
703934 0
705474 906
722123 0
728303 906
740313 0
742593 906
756260 0
764682 906
775002 0
778532 906
794692 0
801061 906
812471 0
814751 906
829760 0
844940 1087
847650 0
854170 906
868074 0
874254 215
885674 0
925576 906
941703 0
947883 906
960290 0
962390 906
978211 0
984697 906
996559 0
998467 906
1009280 0
1010240 906
1015328 0
1021511 906
1033738 0
1036019 906
1052146 0
1058326 906
1070005 0
1072562 906
1088415 0
1104440 906
1108160 0
1110851 906
1126681 0
1132861 906
1139660 0
1140140 906
1144460 0
1146573 906
1152998 0
1154000 906
1162654 0
1169082 906
1180822 0
1183640 1714
1198940 0
1205483 1714
1217183 0
1221786 1714
1225280 0
1225445 906
1235300 0
1241524 906
1253451 0
1255738 906
1269260 0
1269740 1714
1270776 0
1277745 1714
1279125 0
1280240 1714
1281239 0
1282040 1714
1282520 0
1282910 1714
1283510 0
1284880 1714
1287407 0
1291440 906
1292180 1714
1307360 0
1400779 906
1401699 593
1415620 0
1422689 593
1433730 0
1492860 906
1509560 0
1515869 906
1528096 0
1552683 906
1553433 0
1626311 906
1636631 0
1640079 906
1656539 0
1678787 1500
1684602 0
1686250 1500
1691895 0
1751132 906
1767702 0
1773882 906
1785813 0
1852880 906
1858144 0
1859795 906
1874755 0
1882545 906
1894536 0
1897100 906
1912460 0
1918766 906
1930460 0
1932300 906
1948807 0
1954987 906
1966700 0
1969340 906
1985000 0
1991208 906
2003444 0
2097621 906
2112860 0
2120669 906
2132896 0
2137340 215
2148760 0
2176640 906
2187860 0
2194297 906
2206220 0
2209040 906
2219660 0
2267926 906
2280153 0
2281693 906
2298560 0
2327840 906
2336411 0
2343061 906
2349140 0
2356200 906
2361144 0
2364190 906
2372360 0
2378682 906
2390373 0
2392893 906
2405423 0
2414903 906
2426834 0
2430522 906
2444944 0
2451124 906
2463055 0
2465335 906
2481165 0
2503400 906
2504140 1500
2510145 0
2523753 1500
2529758 0
208 events for D
22991 240
31990 344
60791 240
66190 344
91390 1267
98580 1471
112991 444
123790 548
130990 1471
141801 1409
142101 1471
145401 3662
145423 4944
152591 3917
159790 4944
188591 3917
188601 1727
195790 2754
210223 1471
225791 444
228201 2635
238990 3662
260591 2635
267790 3662
274980 3458
296591 2431
305590 2534
336191 2431
343390 2534
372191 2431
379390 3458
400980 3662
408191 2635
415390 3662
445991 2635
454990 3662
484991 2635
487380 2431
498190 2534
521591 2431
526990 2534
555791 2431
562990 2534
591791 2431
598990 2534
629591 2431
636790 2534
638601 344
667391 240
674590 344
717791 240
728590 344
755591 240
764590 344
791591 240
800590 344
830591 240
830868 0
830869 240
832980 444
833961 382
834261 444
843790 548
865391 444
872590 548
903191 444
910390 548
919412 798
939191 695
946390 1722
966223 3004
976991 1977
982390 3004
1005812 2754
1012991 1727
1020190 2754
1050791 1727
1055841 1664
1056141 3917
1056190 4944
1089491 3917
1092141 1727
1106590 2754
1125491 1727
1131790 2754
1139023 1471
1160591 444
1167790 548
1198391 444
1203790 1471
1214241 1409
1214541 3662
1225423 4944
1232591 3917
1239790 4944
1264941 2754
1268591 1727
1275790 2754
1304591 1727
1311790 2754
1340591 1727
1347790 2754
1352961 2691
1353261 2754
1355023 1471
1362190 548
1378391 444
1385590 548
1414391 444
1419790 548
1435091 444
1448590 548
1470191 444
1477390 548
1507991 444
1513390 1471
1524180 1267
1524201 1205
1524501 3458
1527823 4740
1545791 3713
1551190 3817
1581791 3713
1583601 1523
1590790 1626
1610580 1830
1619591 1727
1624990 1830
1632212 2081
1635823 798
1653791 695
1657423 1977
1660990 3004
1678990 2081
1679023 798
1694291 695
1697001 632
1697012 382
1697301 444
1709590 548
1729391 444
1736590 548
1765391 444
1772590 548
1801391 444
1808590 548
1837391 444
1844590 548
1869801 485
1870101 548
1875191 444
1880590 548
1909391 444
1918390 548
1947191 444
1954390 548
1983191 444
1988590 548
2019191 444
2024623 1727
2026390 2754
2038991 1727
2042601 1664
2042901 1727
2046223 444
2053390 1471
2074991 444
2082190 1471
2112791 444
2118190 1471
2148791 444
2155990 1471
2186591 444
2191990 1471
2224391 444
2229790 1471
2258591 444
2265790 548
2299091 444
2301441 382
2301741 2635
2301812 2885
2305423 4168
2312590 5195
2334191 4168
2341390 5195
2370191 4168
2377390 5195
2388212 4944
2407991 3917
2413390 4944
2443991 3917
2449390 4944
2453061 2754
2479991 1727
2485390 2754
2496212 3004
2515991 1977
2521390 3004
2557391 1977
2560941 1915
2561012 1664
2561241 3917
2566941 1727
2571790 2754
2586223 1471
2588891 444
2593390 1471
208 events for E
23171 240
32170 344
60971 240
66370 344
91570 1267
98760 1471
113171 444
123970 548
131170 1471
141981 1409
142281 1471
145581 3662
145603 4944
152771 3917
159970 4944
188771 3917
188781 1727
195970 2754
210403 1471
225971 444
228381 2635
239170 3662
260771 2635
267970 3662
275160 3458
296771 2431
305770 2534
336371 2431
343570 2534
372371 2431
379570 3458
401160 3662
408371 2635
415570 3662
446171 2635
455170 3662
485171 2635
487560 2431
498370 2534
521771 2431
527170 2534
555971 2431
563170 2534
591971 2431
599170 2534
629771 2431
636970 2534
638781 344
667571 240
674770 344
717971 240
728770 344
755771 240
764770 344
791771 240
800770 344
830771 240
831048 0
831049 240
833160 444
834141 382
834441 444
843970 548
865571 444
872770 548
903371 444
910570 548
919592 798
939371 695
946570 1722
966403 3004
977171 1977
982570 3004
1005992 2754
1013171 1727
1020370 2754
1050971 1727
1056021 1664
1056321 3917
1056370 4944
1089671 3917
1092321 1727
1106770 2754
1125671 1727
1131970 2754
1139203 1471
1160771 444
1167970 548
1198571 444
1203970 1471
1214421 1409
1214721 3662
1225603 4944
1232771 3917
1239970 4944
1265121 2754
1268771 1727
1275970 2754
1304771 1727
1311970 2754
1340771 1727
1347970 2754
1353141 2691
1353441 2754
1355203 1471
1362370 548
1378571 444
1385770 548
1414571 444
1419970 548
1435271 444
1448770 548
1470371 444
1477570 548
1508171 444
1513570 1471
1524360 1267
1524381 1205
1524681 3458
1528003 4740
1545971 3713
1551370 3817
1581971 3713
1583781 1523
1590970 1626
1610760 1830
1619771 1727
1625170 1830
1632392 2081
1636003 798
1653971 695
1657603 1977
1661170 3004
1679170 2081
1679203 798
1694471 695
1697181 632
1697192 382
1697481 444
1709770 548
1729571 444
1736770 548
1765571 444
1772770 548
1801571 444
1808770 548
1837571 444
1844770 548
1869981 485
1870281 548
1875371 444
1880770 548
1909571 444
1918570 548
1947371 444
1954570 548
1983371 444
1988770 548
2019371 444
2024803 1727
2026570 2754
2039171 1727
2042781 1664
2043081 1727
2046403 444
2053570 1471
2075171 444
2082370 1471
2112971 444
2118370 1471
2148971 444
2156170 1471
2186771 444
2192170 1471
2224571 444
2229970 1471
2258771 444
2265970 548
2299271 444
2301621 382
2301921 2635
2301992 2885
2305603 4168
2312770 5195
2334371 4168
2341570 5195
2370371 4168
2377570 5195
2388392 4944
2408171 3917
2413570 4944
2444171 3917
2449570 4944
2453241 2754
2480171 1727
2485570 2754
2496392 3004
2516171 1977
2521570 3004
2557571 1977
2561121 1915
2561192 1664
2561421 3917
2567121 1727
2571970 2754
2586403 1471
2589071 444
2593570 1471
1136 events for F
8023 12910592
8024 0
8253 12910592
8254 0
8793 12910592
8794 0
9023 12910592
9024 0
26213 12910592
26214 0
26473 12910592
26474 0
27053 12910592
27054 0
27313 12910592
27314 0
44402 12910592
44403 0
44662 12910592
44663 0
45242 12910592
45243 0
45502 12910592
45503 0
62592 12910592
62593 0
62852 12910592
62853 0
63432 12910592
63433 0
63692 12910592
63693 0
80781 12910592
80782 0
81041 12910592
81042 0
81621 12910592
81622 0
81881 12910592
81882 0
98971 12910592
98972 0
99231 12910592
99232 0
99811 12910592
99812 0
100071 12910592
100072 0
117160 12910592
117161 0
117420 12910592
117421 0
118000 12910592
118001 0
118260 12910592
118261 0
135350 12910592
135351 0
135610 12910592
135611 0
136190 12910592
136191 0
136450 12910592
136451 0
153539 12910592
153540 0
153799 12910592
153800 0
154379 12910592
154380 0
154639 12910592
154640 0
171729 12910592
171730 0
171989 12910592
171990 0
172569 12910592
172570 0
172829 12910592
172830 0
189918 12910592
189919 0
190178 12910592
190179 0
190758 12910592
190759 0
191018 12910592
191019 0
207508 12910592
207509 0
207768 12910592
207769 0
208348 12910592
208349 0
208608 12910592
208609 0
224797 12910592
224798 0
225057 12910592
225058 0
225637 12910592
225638 0
225897 12910592
225898 0
244811 12910592
244812 0
245041 12910592
245042 0
245581 12910592
245582 0
245811 12910592
245812 0
263326 12910592
263327 0
263586 12910592
263587 0
264166 12910592
264167 0
264426 12910592
264427 0
281840 12910592
281841 0
282100 12910592
282101 0
282680 12910592
282681 0
282940 12910592
282941 0
300354 12910592
300355 0
300614 12910592
300615 0
301194 12910592
301195 0
301454 12910592
301455 0
318868 12910592
318869 0
319128 12910592
319129 0
319708 12910592
319709 0
319968 12910592
319969 0
337383 12910592
337384 0
337643 12910592
337644 0
338223 12910592
338224 0
338483 12910592
338484 0
355897 12910592
355898 0
356157 12910592
356158 0
356737 12910592
356738 0
356997 12910592
356998 0
374411 12910592
374412 0
374671 12910592
374672 0
375251 12910592
375252 0
375511 12910592
375512 0
392926 12910592
392927 0
393186 12910592
393187 0
393766 12910592
393767 0
394026 12910592
394027 0
411440 12910592
411441 0
411700 12910592
411701 0
412280 12910592
412281 0
412540 12910592
412541 0
429954 12910592
429955 0
430214 12910592
430215 0
430794 12910592
430795 0
431054 12910592
431055 0
448468 12910592
448469 0
448728 12910592
448729 0
449308 12910592
449309 0
449568 12910592
449569 0
466383 12910592
466384 0
466643 12910592
466644 0
467223 12910592
467224 0
467483 12910592
467484 0
483997 12910592
483998 0
484257 12910592
484258 0
484837 12910592
484838 0
485097 12910592
485098 0
503686 12910592
503687 0
503946 12910592
503947 0
504526 12910592
504527 0
504786 12910592
504787 0
521876 12910592
521877 0
522136 12910592
522137 0
522716 12910592
522717 0
522976 12910592
522977 0
540065 12910592
540066 0
540325 12910592
540326 0
540905 12910592
540906 0
541165 12910592
541166 0
558255 12910592
558256 0
558515 12910592
558516 0
559095 12910592
559096 0
559355 12910592
559356 0
576444 12910592
576445 0
576704 12910592
576705 0
577284 12910592
577285 0
577544 12910592
577545 0
594634 12910592
594635 0
594894 12910592
594895 0
595474 12910592
595475 0
595734 12910592
595735 0
612823 12910592
612824 0
613053 12910592
613054 0
613593 12910592
613594 0
613823 12910592
613824 0
631013 12910592
631014 0
631273 12910592
631274 0
631853 12910592
631854 0
632113 12910592
632114 0
649202 12910592
649203 0
649462 12910592
649463 0
650042 12910592
650043 0
650302 12910592
650303 0
667392 12910592
667393 0
667652 12910592
667653 0
668232 12910592
668233 0
668492 12910592
668493 0
685581 12910592
685582 0
685841 12910592
685842 0
686421 12910592
686422 0
686681 12910592
686682 0
703771 12910592
703772 0
704031 12910592
704032 0
704611 12910592
704612 0
704871 12910592
704872 0
721960 12910592
721961 0
722220 12910592
722221 0
722800 12910592
722801 0
723060 12910592
723061 0
740150 12910592
740151 0
740410 12910592
740411 0
740990 12910592
740991 0
741250 12910592
741251 0
758339 12910592
758340 0
758599 12910592
758600 0
759179 12910592
759180 0
759439 12910592
759440 0
776529 12910592
776530 0
776789 12910592
776790 0
777369 12910592
777370 0
777629 12910592
777630 0
794718 12910592
794719 0
794978 12910592
794979 0
795558 12910592
795559 0
795818 12910592
795819 0
812308 12910592
812309 0
812568 12910592
812569 0
813148 12910592
813149 0
813408 12910592
813409 0
829597 12910592
829598 0
829857 12910592
829858 0
830437 12910592
830438 0
830697 12910592
830698 0
849445 215177
849505 0
849675 215177
849735 0
850215 215177
850275 0
850445 215177
850505 0
867852 215177
867912 0
868112 215177
868172 0
868692 215177
868752 0
868952 215177
869012 0
886259 215177
886319 0
886519 215177
886579 0
887099 215177
887159 0
887359 215177
887419 0
904667 215177
904727 0
904927 215177
904987 0
905507 215177
905567 0
905767 215177
905827 0
923074 215177
923134 0
923334 215177
923394 0
923914 215177
923974 0
924174 215177
924234 0
941481 215177
941541 0
941741 215177
941801 0
942321 215177
942381 0
942581 215177
942641 0
959888 215177
959948 0
960148 215177
960208 0
960728 215177
960788 0
960988 215177
961048 0
978295 215177
978355 0
978555 215177
978615 0
979135 215177
979195 0
979395 215177
979455 0
996702 215177
996762 0
996962 215177
997022 0
997542 215177
997602 0
997802 215177
997862 0
1015109 215177
1015169 0
1015369 215177
1015429 0
1015949 215177
1016009 0
1016209 215177
1016269 0
1033517 215177
1033577 0
1033777 215177
1033837 0
1034357 215177
1034417 0
1034617 215177
1034677 0
1051924 215177
1051984 0
1052184 215177
1052244 0
1052764 215177
1052824 0
1053024 215177
1053084 0
1070331 215177
1070391 0
1070591 215177
1070651 0
1071171 215177
1071231 0
1071431 215177
1071491 0
1088738 215177
1088798 0
1088998 215177
1089058 0
1089578 215177
1089638 0
1089838 215177
1089898 0
1108349 215177
1108409 0
1108609 215177
1108669 0
1109189 215177
1109249 0
1109449 215177
1109509 0
1126459 215177
1126519 0
1126719 215177
1126779 0
1127299 215177
1127359 0
1127559 215177
1127619 0
1144570 215177
1144630 0
1144830 215177
1144890 0
1145410 215177
1145470 0
1145670 215177
1145730 0
1162680 215177
1162740 0
1162940 215177
1163000 0
1163520 215177
1163580 0
1163780 215177
1163840 0
1180791 215177
1180851 0
1181051 215177
1181111 0
1181631 215177
1181691 0
1181891 215177
1181951 0
1198901 215177
1198961 0
1199161 215177
1199221 0
1199741 215177
1199801 0
1200001 215177
1200061 0
1217012 215177
1217072 0
1217242 215177
1217302 0
1217782 215177
1217842 0
1218012 215177
1218072 0
1235122 215177
1235182 0
1235382 215177
1235442 0
1235962 215177
1236022 0
1236222 215177
1236282 0
1253233 215177
1253293 0
1253493 215177
1253553 0
1254073 215177
1254133 0
1254333 215177
1254393 0
1271343 215177
1271403 0
1271603 215177
1271663 0
1272183 215177
1272243 0
1272443 215177
1272503 0
1289454 215177
1289514 0
1289714 215177
1289774 0
1290294 215177
1290354 0
1290554 215177
1290614 0
1307564 215177
1307624 0
1307824 215177
1307884 0
1308404 215177
1308464 0
1308664 215177
1308724 0
1325675 215177
1325735 0
1325935 215177
1325995 0
1326515 215177
1326575 0
1326775 215177
1326835 0
1343785 215177
1343845 0
1344045 215177
1344105 0
1344625 215177
1344685 0
1344885 215177
1344945 0
1361896 215177
1361956 0
1362156 215177
1362216 0
1362736 215177
1362796 0
1362996 215177
1363056 0
1380006 215177
1380066 0
1380266 215177
1380326 0
1380846 215177
1380906 0
1381106 215177
1381166 0
1398117 215177
1398177 0
1398377 215177
1398437 0
1398957 215177
1399017 0
1399217 215177
1399277 0
1416227 215177
1416287 0
1416487 215177
1416547 0
1417067 215177
1417127 0
1417327 215177
1417387 0
1434338 215177
1434398 0
1434598 215177
1434658 0
1435178 215177
1435238 0
1435438 215177
1435498 0
1454245 215177
1454305 0
1454475 215177
1454535 0
1455015 215177
1455075 0
1455245 215177
1455305 0
1472652 215177
1472712 0
1472912 215177
1472972 0
1473492 215177
1473552 0
1473752 215177
1473812 0
1491059 215177
1491119 0
1491319 215177
1491379 0
1491899 215177
1491959 0
1492159 215177
1492219 0
1509467 215177
1509527 0
1509727 215177
1509787 0
1510307 215177
1510367 0
1510567 215177
1510627 0
1527874 215177
1527934 0
1528134 215177
1528194 0
1528714 215177
1528774 0
1528974 215177
1529034 0
1546281 215177
1546341 0
1546541 215177
1546601 0
1547121 215177
1547181 0
1547381 215177
1547441 0
1564688 215177
1564748 0
1564948 215177
1565008 0
1565528 215177
1565588 0
1565788 215177
1565848 0
1583095 215177
1583155 0
1583355 215177
1583415 0
1583935 215177
1583995 0
1584195 215177
1584255 0
1601502 215177
1601562 0
1601762 215177
1601822 0
1602342 215177
1602402 0
1602602 215177
1602662 0
1619909 215177
1619969 0
1620169 215177
1620229 0
1620749 215177
1620809 0
1621009 215177
1621069 0
1638317 215177
1638377 0
1638577 215177
1638637 0
1639157 215177
1639217 0
1639417 215177
1639477 0
1656724 215177
1656784 0
1656984 215177
1657044 0
1657564 215177
1657624 0
1657824 215177
1657884 0
1675131 215177
1675191 0
1675391 215177
1675451 0
1675971 215177
1676031 0
1676231 215177
1676291 0
1693538 215177
1693598 0
1693798 215177
1693858 0
1694378 215177
1694438 0
1694638 215177
1694698 0
1713149 215177
1713209 0
1713409 215177
1713469 0
1713989 215177
1714049 0
1714249 215177
1714309 0
1731259 215177
1731319 0
1731519 215177
1731579 0
1732099 215177
1732159 0
1732359 215177
1732419 0
1749370 215177
1749430 0
1749630 215177
1749690 0
1750210 215177
1750270 0
1750470 215177
1750530 0
1767480 215177
1767540 0
1767740 215177
1767800 0
1768320 215177
1768380 0
1768580 215177
1768640 0
1785591 215177
1785651 0
1785851 215177
1785911 0
1786431 215177
1786491 0
1786691 215177
1786751 0
1803701 215177
1803761 0
1803961 215177
1804021 0
1804541 215177
1804601 0
1804801 215177
1804861 0
1821812 215177
1821872 0
1822042 215177
1822102 0
1822582 215177
1822642 0
1822812 215177
1822872 0
1839922 215177
1839982 0
1840182 215177
1840242 0
1840762 215177
1840822 0
1841022 215177
1841082 0
1858033 215177
1858093 0
1858293 215177
1858353 0
1858873 215177
1858933 0
1859133 215177
1859193 0
1876143 215177
1876203 0
1876403 215177
1876463 0
1876983 215177
1877043 0
1877243 215177
1877303 0
1894254 215177
1894314 0
1894514 215177
1894574 0
1895094 215177
1895154 0
1895354 215177
1895414 0
1912364 215177
1912424 0
1912624 215177
1912684 0
1913204 215177
1913264 0
1913464 215177
1913524 0
1930475 215177
1930535 0
1930735 215177
1930795 0
1931315 215177
1931375 0
1931575 215177
1931635 0
1948585 215177
1948645 0
1948845 215177
1948905 0
1949425 215177
1949485 0
1949685 215177
1949745 0
1966696 215177
1966756 0
1966956 215177
1967016 0
1967536 215177
1967596 0
1967796 215177
1967856 0
1984806 215177
1984866 0
1985066 215177
1985126 0
1985646 215177
1985706 0
1985906 215177
1985966 0
2002917 215177
2002977 0
2003177 215177
2003237 0
2003757 215177
2003817 0
2004017 215177
2004077 0
2021027 215177
2021087 0
2021287 215177
2021347 0
2021867 215177
2021927 0
2022127 215177
2022187 0
2039138 215177
2039198 0
2039398 215177
2039458 0
2039978 215177
2040038 0
2040238 215177
2040298 0
2059045 215177
2059105 0
2059275 215177
2059335 0
2059815 215177
2059875 0
2060045 215177
2060105 0
2077452 215177
2077512 0
2077712 215177
2077772 0
2078292 215177
2078352 0
2078552 215177
2078612 0
2095859 215177
2095919 0
2096119 215177
2096179 0
2096699 215177
2096759 0
2096959 215177
2097019 0
2114267 215177
2114327 0
2114527 215177
2114587 0
2115107 215177
2115167 0
2115367 215177
2115427 0
2132674 215177
2132734 0
2132934 215177
2132994 0
2133514 215177
2133574 0
2133774 215177
2133834 0
2151081 215177
2151141 0
2151341 215177
2151401 0
2151921 215177
2151981 0
2152181 215177
2152241 0
2169488 215177
2169548 0
2169748 215177
2169808 0
2170328 215177
2170388 0
2170588 215177
2170648 0
2187895 215177
2187955 0
2188155 215177
2188215 0
2188735 215177
2188795 0
2188995 215177
2189055 0
2206302 215177
2206362 0
2206562 215177
2206622 0
2207142 215177
2207202 0
2207402 215177
2207462 0
2224709 215177
2224769 0
2224969 215177
2225029 0
2225549 215177
2225609 0
2225809 215177
2225869 0
2243117 215177
2243177 0
2243377 215177
2243437 0
2243957 215177
2244017 0
2244217 215177
2244277 0
2261524 215177
2261584 0
2261784 215177
2261844 0
2262364 215177
2262424 0
2262624 215177
2262684 0
2279931 215177
2279991 0
2280191 215177
2280251 0
2280771 215177
2280831 0
2281031 215177
2281091 0
2298338 215177
2298398 0
2298598 215177
2298658 0
2299178 215177
2299238 0
2299438 215177
2299498 0
2317949 215177
2318009 0
2318209 215177
2318269 0
2318789 215177
2318849 0
2319049 215177
2319109 0
2336059 215177
2336119 0
2336319 215177
2336379 0
2336899 215177
2336959 0
2337159 215177
2337219 0
2354170 215177
2354230 0
2354430 215177
2354490 0
2355010 215177
2355070 0
2355270 215177
2355330 0
2372280 215177
2372340 0
2372540 215177
2372600 0
2373120 215177
2373180 0
2373380 215177
2373440 0
2390391 215177
2390451 0
2390651 215177
2390711 0
2391231 215177
2391291 0
2391491 215177
2391551 0
2408501 215177
2408561 0
2408761 215177
2408821 0
2409341 215177
2409401 0
2409601 215177
2409661 0
2426612 215177
2426672 0
2426842 215177
2426902 0
2427382 215177
2427442 0
2427612 215177
2427672 0
2444722 215177
2444782 0
2444982 215177
2445042 0
2445562 215177
2445622 0
2445822 215177
2445882 0
2462833 215177
2462893 0
2463093 215177
2463153 0
2463673 215177
2463733 0
2463933 215177
2463993 0
2480943 215177
2481003 0
2481203 215177
2481263 0
2481783 215177
2481843 0
2482043 215177
2482103 0
2499054 215177
2499114 0
2499314 215177
2499374 0
2499894 215177
2499954 0
2500154 215177
2500214 0
2517164 215177
2517224 0
2517424 215177
2517484 0
2518004 215177
2518064 0
2518264 215177
2518324 0
2535275 215177
2535335 0
2535535 215177
2535595 0
2536115 215177
2536175 0
2536375 215177
2536435 0
2553385 215177
2553445 0
2553645 215177
2553705 0
2554225 215177
2554285 0
2554485 215177
2554545 0
2570438 215177
2570498 0
2570698 215177
2570758 0
2571278 215177
2571338 0
2571538 215177
2571598 0
2589606 215177
2589666 0
2589866 215177
2589926 0
2590446 215177
2590506 0
2590706 215177
2590766 0
71 events for G
257083 67429102
257088 0
602683 42866846
602688 0
624283 36098616
624288 0
753883 15230225
753888 0
775483 42774218
775488 0
797083 51729687
797088 0
816989 67442760
816994 0
877136 51185344
877141 0
941936 36088368
941941 0
985136 46317017
985141 0
1049936 62132584
1049941 0
1136336 55765577
1136341 0
1201136 60879901
1201141 0
1287536 79077832
1287541 0
1309136 48576383
1309141 0
1373936 294648376
1373941 0
1395536 296678458
1395541 0
1417136 98892820
1417141 0
1546796 164236787
1546801 0
1633196 62903535
1633201 0
1654796 107834631
1654801 0
1913996 75634496
1914001 0
1935596 54224800
1935601 0
1957196 63262266
1957201 0
1978796 64391949
1978801 0
2038438 30501450
2038443 0
2129996 48936228
2130001 0
2324396 299009561
2324401 0
2324506 4498234
2324508 3748528
2324511 0
2324531 4815876
2324545 0
2345996 74179864
2346001 0
2367596 283378476
2367601 0
2433596 384982799
2433601 0
2518796 110156519
2518801 0
2561996 113081558
2562001 0
37 events for H
25494 487
29874 2414
58898 487
100472 2414
116500 487
120761 2414
145298 1285
246112 2414
247952 1285
253005 2414
262727 1285
266927 2414
274727 1285
382898 2414
410841 1285
415041 2414
426098 1285
452069 2414
483398 1285
496598 2414
506987 1285
614124 2414
615964 1285
620498 2414
630272 1285
634635 2414
663698 2057
830798 0
830799 2414
1435598 1772
1455605 2414
1457445 1772
1549941 2414
1612999 1772
1787151 2414
1851682 1772
2040398 2414
15 events for I
229521 0
240922 1950
488721 0
500122 1950
834321 0
834323 1944
1450522 1300
1698321 0
1709722 1300
2043921 0
2055322 1300
2303121 0
2314522 1300
2562321 0
2573722 1300
0 events for J

15 events for K
229135 0
240536 1950
488335 0
499736 1950
833935 0
833937 1944
1450136 1300
1697935 0
1709336 1300
2043535 0
2054936 1300
2302735 0
2314136 1300
2561935 0
2573336 1300
404 events for L
276960 19661
277050 25951
278811 6290
279600 25951
281451 6290
281991 0
285300 19661
285390 25951
287151 6290
287940 25951
289791 6290
290760 25951
292611 6290
293340 25951
295191 6290
296160 25951
298011 6290
298740 25951
300591 6290
301131 0
305880 19661
305970 25951
307731 6290
307860 25951
309711 6290
310080 25951
311931 6290
312060 25951
313911 6290
314280 25951
316131 6290
316260 25951
318106 6290
318111 0
322191 117965
322281 124709
323742 6744
338442 0
342806 117965
342896 124709
344357 6744
357137 0
359220 117965
359310 124709
360771 6744
373551 0
509220 19661
509310 25951
511071 6290
511200 25951
513051 6290
513420 25951
515271 6290
515400 25951
517251 6290
517620 25951
519471 6290
519600 25951
521446 6290
521451 0
527400 19661
527490 25951
528351 6290
528480 25951
529431 6290
529800 25951
530751 6290
531000 25951
531951 6290
532200 25951
533151 6290
533280 25951
534231 6290
534236 0
535920 117965
536010 124709
537531 6744
539536 0
539580 117965
541191 6744
541251 0
543388 117965
543478 124709
544999 6744
548804 0
548848 117965
550459 6744
555919 0
563678 117965
563768 124709
565289 6744
567294 0
567338 117965
568949 6744
574109 0
579857 6290
590618 0
600147 6290
610908 0
618479 6290
622040 0
859920 58982
862671 7514
866185 0
873334 58982
873424 66496
874765 7514
875074 66496
876505 7514
876754 66496
878185 7514
878434 66496
879865 7514
880114 66496
881545 7514
881555 0
926456 58982
926546 66496
927887 7514
928316 66496
929747 7514
930116 66496
931547 7514
931916 66496
933347 7514
933716 66496
935147 7514
935516 66496
936947 7514
937316 66496
938747 7514
939116 66496
940547 7514
940916 66496
942347 7514
942777 0
946963 58982
947053 66496
948394 7514
948823 66496
950254 7514
950623 66496
952054 7514
952423 66496
953854 7514
954223 66496
955654 7514
956023 66496
957454 7514
957823 66496
959254 7514
959623 66496
961054 7514
961184 0
963270 58982
963360 66496
964821 7514
964890 66496
966441 7514
966510 66496
967941 7514
967946 0
1011210 7514
1016391 0
1022181 7514
1034802 0
1036989 7514
1053210 0
1131960 58982
1132050 66496
1133391 7514
1133820 66496
1135251 7514
1135611 0
1135920 58982
1136010 66496
1137351 7514
1137600 66496
1139031 7514
1139340 66496
1140771 7514
1140776 0
1227120 58982
1227210 66496
1228551 7514
1228620 66496
1230051 7514
1230120 66496
1231551 7514
1231620 66496
1233051 7514
1233120 66496
1234551 7514
1234620 66496
1236051 7514
1236411 0
1240605 58982
1240695 66496
1242036 7514
1242465 66496
1243896 7514
1244265 66496
1245696 7514
1246065 58982
1247496 7514
1247865 66496
1249296 7514
1249665 58982
1251096 7514
1251465 66496
1252896 7514
1253085 66496
1254516 7514
1254521 0
1256618 58982
1256708 66496
1258049 7514
1258298 66496
1259729 7514
1259978 66496
1261409 7514
1261658 66496
1263089 7514
1263338 66496
1264769 7514
1265018 66496
1266449 7514
1266698 66496
1268129 7514
1268378 66496
1269809 7514
1270354 0
1460070 7514
1471036 0
1478280 58982
1478370 66496
1479091 7514
1479180 66496
1479991 7514
1480320 66496
1481131 7514
1481220 66496
1482031 7514
1482360 66496
1483171 7514
1483260 66496
1484071 7514
1484580 66496
1485391 7514
1485480 66496
1486291 7514
1486620 66496
1487431 7514
1487520 66496
1488331 7514
1488660 66496
1489471 7514
1489560 66496
1490371 7514
1490376 0
1494480 58982
1494570 65726
1499691 6744
1505340 65726
1510551 6744
1510671 0
1514949 58982
1515039 65726
1520160 6744
1522209 65726
1527420 6744
1527591 0
1529571 169032
1530891 45609
1531556 0
1716531 58982
1716621 66496
1717962 7514
1720191 66496
1721622 7514
1723791 66496
1725222 7514
1727391 66496
1728822 7514
1729191 66496
1730622 7514
1730982 0
1736741 58982
1736831 66496
1738172 7514
1738601 66496
1740032 7514
1740401 66496
1741832 7514
1742201 66496
1743632 7514
1743992 0
1745520 58982
1745610 65726
1748151 6744
1748220 65726
1750671 6744
1750676 0
1752752 58982
1752842 62354
1755383 3372
1756412 62354
1759043 3372
1760012 62354
1762643 3372
1763612 62354
1766243 3372
1768763 0
1772962 58982
1773052 62354
1775593 3372
1776622 62354
1779253 3372
1780222 62354
1782853 3372
1783822 62354
1786453 3372
1786873 0
1853804 58982
1853894 66496
1855235 7514
1855620 0
1855664 58982
1857095 7514
1857464 66496
1858895 7514
1859255 0
1861415 58982
1861505 66496
1862846 7514
1865075 66496
1866506 7514
1866875 66496
1868306 7514
1868675 66496
1870106 7514
1870475 66496
1871906 7514
1874075 66496
1875506 7514
1875866 0
1881625 58982
1881715 66496
1883056 7514
1885285 66496
1886716 7514
1887085 66496
1888516 7514
1888885 66496
1890316 7514
1892485 66496
1893916 7514
1894276 0
2064599 58982
2064689 65726
2066030 6744
2068259 65726
2069690 6744
2070059 65726
2071490 6744
2073659 65726
2075090 6744
2077259 65726
2078690 6744
2078785 0
2082934 58982
2083024 65726
2084305 6744
2084494 65726
2085865 6744
2086054 65726
2087425 6744
2087614 65726
2088985 6744
2089174 65726
2090545 6744
2090871 0
2119749 58982
2119838 248143
2120040 58982
2120199 65726
2121120 6744
2124489 65726
2125860 6744
2129169 65726
2130540 6744
2133600 0
2328720 235930
2328810 7514
2335851 6744
2337392 0
2341541 235930
2341631 242674
2348672 6744
2350213 0
2393863 7514
2394120 243444
2397771 7514
2409834 0
404 events for M
276526 19661
276616 25951
278377 6290
279166 25951
281017 6290
281557 0
284866 19661
284956 25951
286717 6290
287506 25951
289357 6290
290326 25951
292177 6290
292906 25951
294757 6290
295726 25951
297577 6290
298306 25951
300157 6290
300697 0
305446 19661
305536 25951
307297 6290
307426 25951
309277 6290
309646 25951
311497 6290
311626 25951
313477 6290
313846 25951
315697 6290
315826 25951
317672 6290
317677 0
321757 117965
321847 124709
323308 6744
338008 0
342372 117965
342462 124709
343923 6744
356703 0
358786 117965
358876 124709
360337 6744
373117 0
508786 19661
508876 25951
510637 6290
510766 25951
512617 6290
512986 25951
514837 6290
514966 25951
516817 6290
517186 25951
519037 6290
519166 25951
521012 6290
521017 0
526966 19661
527056 25951
527917 6290
528046 25951
528997 6290
529366 25951
530317 6290
530566 25951
531517 6290
531766 25951
532717 6290
532846 25951
533797 6290
533802 0
535486 117965
535576 124709
537097 6744
539102 0
539146 117965
540757 6744
540817 0
542954 117965
543044 124709
544565 6744
548370 0
548414 117965
550025 6744
555485 0
563244 117965
563334 124709
564855 6744
566860 0
566904 117965
568515 6744
573675 0
579423 6290
590184 0
599713 6290
610474 0
618045 6290
621606 0
859486 58982
862237 7514
865751 0
872900 58982
872990 66496
874331 7514
874640 66496
876071 7514
876320 66496
877751 7514
878000 66496
879431 7514
879680 66496
881111 7514
881121 0
926022 58982
926112 66496
927453 7514
927882 66496
929313 7514
929682 66496
931113 7514
931482 66496
932913 7514
933282 66496
934713 7514
935082 66496
936513 7514
936882 66496
938313 7514
938682 66496
940113 7514
940482 66496
941913 7514
942343 0
946529 58982
946619 66496
947960 7514
948389 66496
949820 7514
950189 66496
951620 7514
951989 66496
953420 7514
953789 66496
955220 7514
955589 66496
957020 7514
957389 66496
958820 7514
959189 66496
960620 7514
960750 0
962836 58982
962926 66496
964387 7514
964456 66496
966007 7514
966076 66496
967507 7514
967512 0
1010776 7514
1015957 0
1021747 7514
1034368 0
1036555 7514
1052776 0
1131526 58982
1131616 66496
1132957 7514
1133386 66496
1134817 7514
1135177 0
1135486 58982
1135576 66496
1136917 7514
1137166 66496
1138597 7514
1138906 66496
1140337 7514
1140342 0
1226686 58982
1226776 66496
1228117 7514
1228186 66496
1229617 7514
1229686 66496
1231117 7514
1231186 66496
1232617 7514
1232686 66496
1234117 7514
1234186 66496
1235617 7514
1235977 0
1240171 58982
1240261 66496
1241602 7514
1242031 66496
1243462 7514
1243831 66496
1245262 7514
1245631 58982
1247062 7514
1247431 66496
1248862 7514
1249231 58982
1250662 7514
1251031 66496
1252462 7514
1252651 66496
1254082 7514
1254087 0
1256184 58982
1256274 66496
1257615 7514
1257864 66496
1259295 7514
1259544 66496
1260975 7514
1261224 66496
1262655 7514
1262904 66496
1264335 7514
1264584 66496
1266015 7514
1266264 66496
1267695 7514
1267944 66496
1269375 7514
1269920 0
1459636 7514
1470602 0
1477846 58982
1477936 66496
1478657 7514
1478746 66496
1479557 7514
1479886 66496
1480697 7514
1480786 66496
1481597 7514
1481926 66496
1482737 7514
1482826 66496
1483637 7514
1484146 66496
1484957 7514
1485046 66496
1485857 7514
1486186 66496
1486997 7514
1487086 66496
1487897 7514
1488226 66496
1489037 7514
1489126 66496
1489937 7514
1489942 0
1494046 58982
1494136 65726
1499257 6744
1504906 65726
1510117 6744
1510237 0
1514515 58982
1514605 65726
1519726 6744
1521775 65726
1526986 6744
1527157 0
1529137 169032
1530457 45609
1531122 0
1716097 58982
1716187 66496
1717528 7514
1719757 66496
1721188 7514
1723357 66496
1724788 7514
1726957 66496
1728388 7514
1728757 66496
1730188 7514
1730548 0
1736307 58982
1736397 66496
1737738 7514
1738167 66496
1739598 7514
1739967 66496
1741398 7514
1741767 66496
1743198 7514
1743558 0
1745086 58982
1745176 65726
1747717 6744
1747786 65726
1750237 6744
1750242 0
1752318 58982
1752408 62354
1754949 3372
1755978 62354
1758609 3372
1759578 62354
1762209 3372
1763178 62354
1765809 3372
1768329 0
1772528 58982
1772618 62354
1775159 3372
1776188 62354
1778819 3372
1779788 62354
1782419 3372
1783388 62354
1786019 3372
1786439 0
1853370 58982
1853460 66496
1854801 7514
1855186 0
1855230 58982
1856661 7514
1857030 66496
1858461 7514
1858821 0
1860981 58982
1861071 66496
1862412 7514
1864641 66496
1866072 7514
1866441 66496
1867872 7514
1868241 66496
1869672 7514
1870041 66496
1871472 7514
1873641 66496
1875072 7514
1875432 0
1881191 58982
1881281 66496
1882622 7514
1884851 66496
1886282 7514
1886651 66496
1888082 7514
1888451 66496
1889882 7514
1892051 66496
1893482 7514
1893842 0
2064165 58982
2064255 65726
2065596 6744
2067825 65726
2069256 6744
2069625 65726
2071056 6744
2073225 65726
2074656 6744
2076825 65726
2078256 6744
2078351 0
2082500 58982
2082590 65726
2083871 6744
2084060 65726
2085431 6744
2085620 65726
2086991 6744
2087180 65726
2088551 6744
2088740 65726
2090111 6744
2090437 0
2119315 58982
2119404 248143
2119606 58982
2119765 65726
2120686 6744
2124055 65726
2125426 6744
2128735 65726
2130106 6744
2133166 0
2328286 235930
2328376 7514
2335417 6744
2336958 0
2341107 235930
2341197 242674
2348238 6744
2349779 0
2393429 7514
2393686 243444
2397337 7514
2409400 0
0 events for N

2 events for O
832435 0
832436 2650
59 events for P
225488 0
226088 330
830288 0
845168 20
845348 0
847508 20
847688 0
847748 126
873668 0
874328 20
874508 0
876668 20
876848 0
876908 218
891968 0
892628 20
892808 0
894968 20
895148 0
895208 32
1032728 28
1033028 0
1033688 20
1033868 0
1036028 20
1036208 0
1036268 201
1063208 28
1063508 0
1063568 20
1063748 203
1089788 0
1102148 20
1102328 0
1104488 20
1104668 0
1104728 36
1123808 0
1124468 20
1124648 0
1126808 20
1126988 0
1127048 36
1146128 0
1146788 20
1146968 0
1149128 20
1149308 0
1149368 36
1178588 0
1374548 20
1374728 0
1376888 20
1377068 0
1377128 12
1435388 0
1435688 330
2039888 0
2040488 330
242 events for Q
7244 0
11004 906
25314 0
31614 906
43621 0
45903 906
58718 0
59198 906
61813 0
67993 906
80002 0
82282 906
98192 0
99732 906
116320 0
122561 906
134511 0
136851 906
152760 0
158940 906
170950 0
172490 906
189139 0
195319 906
206729 0
211405 1500
215420 0
217105 1500
221130 0
239498 906
242618 0
249698 215
261218 0
283641 906
299361 0
305755 906
318089 0
320369 906
336604 0
342784 906
355118 0
356658 906
373632 0
379812 906
392147 0
394427 906
410661 0
416841 906
429175 0
430715 906
447689 0
453869 906
465604 0
467884 906
483218 0
498698 906
502898 0
505187 906
521097 0
527277 906
539286 0
540826 906
557476 0
563656 906
575665 0
577945 906
593855 0
600035 906
612044 0
615827 906
630092 0
636414 906
648399 0
650725 906
666613 0
672793 906
684802 0
687082 906
702992 0
704532 906
721181 0
727361 906
739371 0
741651 906
755318 0
763740 906
774060 0
777590 906
793750 0
800119 906
811529 0
813809 906
828818 0
843998 1087
846708 0
853228 906
867132 0
873312 215
884732 0
924634 906
940761 0
946941 906
959348 0
961448 906
977269 0
983755 906
995617 0
997525 906
1008338 0
1009298 906
1014386 0
1020569 906
1032796 0
1035077 906
1051204 0
1057384 906
1069063 0
1071620 906
1087473 0
1103498 906
1107218 0
1109909 906
1125739 0
1131919 906
1138718 0
1139198 906
1143518 0
1145631 906
1152056 0
1153058 906
1161712 0
1168140 906
1179880 0
1182698 1714
1197998 0
1204541 1714
1216241 0
1220844 1714
1224338 0
1224503 906
1234358 0
1240582 906
1252509 0
1254796 906
1268318 0
1268798 1714
1269834 0
1276803 1714
1278183 0
1279298 1714
1280297 0
1281098 1714
1281578 0
1281968 1714
1282568 0
1283938 1714
1286465 0
1290498 906
1291238 1714
1306418 0
1399837 906
1400757 593
1414678 0
1421747 593
1432788 0
1491918 906
1508618 0
1514927 906
1527154 0
1551741 906
1552491 0
1625369 906
1635689 0
1639137 906
1655597 0
1677845 1500
1683660 0
1685308 1500
1690953 0
1750190 906
1766760 0
1772940 906
1784871 0
1851938 906
1857202 0
1858853 906
1873813 0
1881603 906
1893594 0
1896158 906
1911518 0
1917824 906
1929518 0
1931358 906
1947865 0
1954045 906
1965758 0
1968398 906
1984058 0
1990266 906
2002502 0
2096679 906
2111918 0
2119727 906
2131954 0
2136398 215
2147818 0
2175698 906
2186918 0
2193355 906
2205278 0
2208098 906
2218718 0
2266984 906
2279211 0
2280751 906
2297618 0
2326898 906
2335469 0
2342119 906
2348198 0
2355258 906
2360202 0
2363248 906
2371418 0
2377740 906
2389431 0
2391951 906
2404481 0
2413961 906
2425892 0
2429580 906
2444002 0
2450182 906
2462113 0
2464393 906
2480223 0
2502458 906
2503198 1500
2509203 0
2522811 1500
2528816 0
208 events for R
23932 240
32931 344
61732 240
67131 344
92331 1267
99521 1471
113932 444
124731 548
131931 1471
142742 1409
143042 1471
146342 3662
146364 4944
153532 3917
160731 4944
189532 3917
189542 1727
196731 2754
211164 1471
226732 444
229142 2635
239931 3662
261532 2635
268731 3662
275921 3458
297532 2431
306531 2534
337132 2431
344331 2534
373132 2431
380331 3458
401921 3662
409132 2635
416331 3662
446932 2635
455931 3662
485932 2635
488321 2431
499131 2534
522532 2431
527931 2534
556732 2431
563931 2534
592732 2431
599931 2534
630532 2431
637731 2534
639542 344
668332 240
675531 344
718732 240
729531 344
756532 240
765531 344
792532 240
801531 344
831532 240
831809 0
831810 240
833921 444
834902 382
835202 444
844731 548
866332 444
873531 548
904132 444
911331 548
920353 798
940132 695
947331 1722
967164 3004
977932 1977
983331 3004
1006753 2754
1013932 1727
1021131 2754
1051732 1727
1056782 1664
1057082 3917
1057131 4944
1090432 3917
1093082 1727
1107531 2754
1126432 1727
1132731 2754
1139964 1471
1161532 444
1168731 548
1199332 444
1204731 1471
1215182 1409
1215482 3662
1226364 4944
1233532 3917
1240731 4944
1265882 2754
1269532 1727
1276731 2754
1305532 1727
1312731 2754
1341532 1727
1348731 2754
1353902 2691
1354202 2754
1355964 1471
1363131 548
1379332 444
1386531 548
1415332 444
1420731 548
1436032 444
1449531 548
1471132 444
1478331 548
1508932 444
1514331 1471
1525121 1267
1525142 1205
1525442 3458
1528764 4740
1546732 3713
1552131 3817
1582732 3713
1584542 1523
1591731 1626
1611521 1830
1620532 1727
1625931 1830
1633153 2081
1636764 798
1654732 695
1658364 1977
1661931 3004
1679931 2081
1679964 798
1695232 695
1697942 632
1697953 382
1698242 444
1710531 548
1730332 444
1737531 548
1766332 444
1773531 548
1802332 444
1809531 548
1838332 444
1845531 548
1870742 485
1871042 548
1876132 444
1881531 548
1910332 444
1919331 548
1948132 444
1955331 548
1984132 444
1989531 548
2020132 444
2025564 1727
2027331 2754
2039932 1727
2043542 1664
2043842 1727
2047164 444
2054331 1471
2075932 444
2083131 1471
2113732 444
2119131 1471
2149732 444
2156931 1471
2187532 444
2192931 1471
2225332 444
2230731 1471
2259532 444
2266731 548
2300032 444
2302382 382
2302682 2635
2302753 2885
2306364 4168
2313531 5195
2335132 4168
2342331 5195
2371132 4168
2378331 5195
2389153 4944
2408932 3917
2414331 4944
2444932 3917
2450331 4944
2454002 2754
2480932 1727
2486331 2754
2497153 3004
2516932 1977
2522331 3004
2558332 1977
2561882 1915
2561953 1664
2562182 3917
2567882 1727
2572731 2754
2587164 1471
2589832 444
2594331 1471
208 events for S
22921 240
31920 344
60721 240
66120 344
91320 1267
98510 1471
112921 444
123720 548
130920 1471
141731 1409
142031 1471
145331 3662
145353 4944
152521 3917
159720 4944
188521 3917
188531 1727
195720 2754
210153 1471
225721 444
228131 2635
238920 3662
260521 2635
267720 3662
274910 3458
296521 2431
305520 2534
336121 2431
343320 2534
372121 2431
379320 3458
400910 3662
408121 2635
415320 3662
445921 2635
454920 3662
484921 2635
487310 2431
498120 2534
521521 2431
526920 2534
555721 2431
562920 2534
591721 2431
598920 2534
629521 2431
636720 2534
638531 344
667321 240
674520 344
717721 240
728520 344
755521 240
764520 344
791521 240
800520 344
830521 240
830798 0
830799 240
832910 444
833891 382
834191 444
843720 548
865321 444
872520 548
903121 444
910320 548
919342 798
939121 695
946320 1722
966153 3004
976921 1977
982320 3004
1005742 2754
1012921 1727
1020120 2754
1050721 1727
1055771 1664
1056071 3917
1056120 4944
1089421 3917
1092071 1727
1106520 2754
1125421 1727
1131720 2754
1138953 1471
1160521 444
1167720 548
1198321 444
1203720 1471
1214171 1409
1214471 3662
1225353 4944
1232521 3917
1239720 4944
1264871 2754
1268521 1727
1275720 2754
1304521 1727
1311720 2754
1340521 1727
1347720 2754
1352891 2691
1353191 2754
1354953 1471
1362120 548
1378321 444
1385520 548
1414321 444
1419720 548
1435021 444
1448520 548
1470121 444
1477320 548
1507921 444
1513320 1471
1524110 1267
1524131 1205
1524431 3458
1527753 4740
1545721 3713
1551120 3817
1581721 3713
1583531 1523
1590720 1626
1610510 1830
1619521 1727
1624920 1830
1632142 2081
1635753 798
1653721 695
1657353 1977
1660920 3004
1678920 2081
1678953 798
1694221 695
1696931 632
1696942 382
1697231 444
1709520 548
1729321 444
1736520 548
1765321 444
1772520 548
1801321 444
1808520 548
1837321 444
1844520 548
1869731 485
1870031 548
1875121 444
1880520 548
1909321 444
1918320 548
1947121 444
1954320 548
1983121 444
1988520 548
2019121 444
2024553 1727
2026320 2754
2038921 1727
2042531 1664
2042831 1727
2046153 444
2053320 1471
2074921 444
2082120 1471
2112721 444
2118120 1471
2148721 444
2155920 1471
2186521 444
2191920 1471
2224321 444
2229720 1471
2258521 444
2265720 548
2299021 444
2301371 382
2301671 2635
2301742 2885
2305353 4168
2312520 5195
2334121 4168
2341320 5195
2370121 4168
2377320 5195
2388142 4944
2407921 3917
2413320 4944
2443921 3917
2449320 4944
2452991 2754
2479921 1727
2485320 2754
2496142 3004
2515921 1977
2521320 3004
2557321 1977
2560871 1915
2560942 1664
2561171 3917
2566871 1727
2571720 2754
2586153 1471
2588821 444
2593320 1471
242 events for T
9191 0
12951 906
27261 0
33561 906
45568 0
47850 906
60665 0
61145 906
63760 0
69940 906
81949 0
84229 906
100139 0
101679 906
118267 0
124508 906
136458 0
138798 906
154707 0
160887 906
172897 0
174437 906
191086 0
197266 906
208676 0
213352 1500
217367 0
219052 1500
223077 0
241445 906
244565 0
251645 215
263165 0
285588 906
301308 0
307702 906
320036 0
322316 906
338551 0
344731 906
357065 0
358605 906
375579 0
381759 906
394094 0
396374 906
412608 0
418788 906
431122 0
432662 906
449636 0
455816 906
467551 0
469831 906
485165 0
500645 906
504845 0
507134 906
523044 0
529224 906
541233 0
542773 906
559423 0
565603 906
577612 0
579892 906
595802 0
601982 906
613991 0
617774 906
632039 0
638361 906
650346 0
652672 906
668560 0
674740 906
686749 0
689029 906
704939 0
706479 906
723128 0
729308 906
741318 0
743598 906
757265 0
765687 906
776007 0
779537 906
795697 0
802066 906
813476 0
815756 906
830765 0
845945 1087
848655 0
855175 906
869079 0
875259 215
886679 0
926581 906
942708 0
948888 906
961295 0
963395 906
979216 0
985702 906
997564 0
999472 906
1010285 0
1011245 906
1016333 0
1022516 906
1034743 0
1037024 906
1053151 0
1059331 906
1071010 0
1073567 906
1089420 0
1105445 906
1109165 0
1111856 906
1127686 0
1133866 906
1140665 0
1141145 906
1145465 0
1147578 906
1154003 0
1155005 906
1163659 0
1170087 906
1181827 0
1184645 1714
1199945 0
1206488 1714
1218188 0
1222791 1714
1226285 0
1226450 906
1236305 0
1242529 906
1254456 0
1256743 906
1270265 0
1270745 1714
1271781 0
1278750 1714
1280130 0
1281245 1714
1282244 0
1283045 1714
1283525 0
1283915 1714
1284515 0
1285885 1714
1288412 0
1292445 906
1293185 1714
1308365 0
1401784 906
1402704 593
1416625 0
1423694 593
1434735 0
1493865 906
1510565 0
1516874 906
1529101 0
1553688 906
1554438 0
1627316 906
1637636 0
1641084 906
1657544 0
1679792 1500
1685607 0
1687255 1500
1692900 0
1752137 906
1768707 0
1774887 906
1786818 0
1853885 906
1859149 0
1860800 906
1875760 0
1883550 906
1895541 0
1898105 906
1913465 0
1919771 906
1931465 0
1933305 906
1949812 0
1955992 906
1967705 0
1970345 906
1986005 0
1992213 906
2004449 0
2098626 906
2113865 0
2121674 906
2133901 0
2138345 215
2149765 0
2177645 906
2188865 0
2195302 906
2207225 0
2210045 906
2220665 0
2268931 906
2281158 0
2282698 906
2299565 0
2328845 906
2337416 0
2344066 906
2350145 0
2357205 906
2362149 0
2365195 906
2373365 0
2379687 906
2391378 0
2393898 906
2406428 0
2415908 906
2427839 0
2431527 906
2445949 0
2452129 906
2464060 0
2466340 906
2482170 0
2504405 906
2505145 1500
2511150 0
2524758 1500
2530763 0
