20 instruments
A 10 100 0.00017956089109901502 925410610.77784157
B 10 100 431759.25152321503 367151977.05994737
C 10 100 0.00018444817663405244 950598422.35720563
D 10 100 0 275897579.9041419
E 10 100 0 320000000
F 10 100 0 895660078.44187188
G 10 100 5459680 2800000000
H 10 100 0 296462475.07613176
I 10 100 154000 595557000
J 10 100 2419.0747377101388 662193255.831689
K 10 100 6499613.0472409306 3333330256.035996
L 10 100 45126217.813212499 1435691857.5629289
M 10 100 40786.332763907049 54547276.407707497
N 10 100 157159.98672976866 607777468.940395
O 10 100 128045.25187067324 495183416.02819836
P 10 100 0 974485132.8010211
Q 10 100 183507440.74517861 809594356.20986629
R 10 100 23264.147255000564 168504461.78361657
S 10 100 1517960000 4000000000
T 10 100 2022727.6804039259 699754440.78838515
60 downlinks
0 1 10745 17374.699861000001
1 26101 52892 57611.601310999999
2 53101 85181 59023.283414999998
3 85923 91673 55193.106121999997
4 95029 137146 25530.421285
5 137147 181342 29269.697155999998
6 181343 185433 16830.732371999999
7 198591 213258 28226.256141999998
8 215588 218139 60093.408818999997
9 258586 288285 58272.632834999997
10 288286 295560 61499.660580999996
11 309763 331060 28538.149495000001
12 344608 350430 18090.695755000001
13 353973 369185 23661.293665000001
14 371082 399036 28757.617953000001
15 399037 441333 56137.919716999997
16 442477 459371 23437.772314999998
17 474577 487217 55980.942202999999
18 500432 514284 60635.164006999999
19 517172 548099 23619.145155999999
20 568692 576958 53049.165158000003
21 579567 602726 23042.764167000001
22 602727 607179 53421.323553000002
23 610615 615295 23396.302264000002
24 618867 631771 22759.633384000001
25 655003 659602 53785.922146999997
26 670762 687216 23595.771228000001
27 689523 696180 17076.713232999999
28 699238 734361 24932.393585000002
29 734362 744585 29494.590024000001
30 747617 753489 55821.075068999999
31 756857 774146 22968.383259999999
32 775217 779398 57490.653299999998
33 797590 802650 25500.801521000001
34 844598 867984 24904.219582000002
35 871874 875942 26817.789122999999
36 888252 918315 30236.225505999999
37 921546 941937 64968.303881
38 948208 954537 18980.648960999999
39 958192 999158 26276.326033000001
40 1000251 1042535 30209.873796
41 1044512 1048774 26595.764298999999
42 1079341 1086321 25812.000550000001
43 1105736 1116995 26242.243616
44 1120496 1124215 60521.572561000001
45 1132136 1148929 25759.527445
46 1163636 1175894 62910.21802
47 1179291 1213077 62402.514213000002
48 1217154 1229819 26087.487331
49 1245831 1263312 30312.554313000001
50 1270726 1282358 61079.659066
51 1293226 1305116 18673.221132999999
52 1307986 1310891 64240.288658999998
53 1315628 1325204 31143.729536999999
54 1329668 1340095 31955.262932000001
55 1345508 1384542 32548.652656999999
56 1389797 1400036 26591.031461999999
57 1405720 1415560 31032.775088999999
58 1449398 1470337 26518.557602000001
59 1476119 1480671 27135.491309000001
0 opportunities for A
0 opportunities for B
0 opportunities for C
0 opportunities for D
0 opportunities for E
0 opportunities for F
0 opportunities for G
0 opportunities for H
0 opportunities for I
0 opportunities for J
0 opportunities for K
0 opportunities for L
0 opportunities for M
0 opportunities for N
0 opportunities for O
0 opportunities for P
0 opportunities for Q
0 opportunities for R
0 opportunities for S
0 opportunities for T
218 events for A
9384 12910592
9385 0
18864 12910592
18865 0
26064 12910592
26065 0
38664 12910592
38665 0
44064 12910592
44065 0
52464 12910592
52465 0
60264 12910592
60265 0
63864 12910592
63865 0
74664 12910592
74665 0
80064 12910592
80065 0
90864 12910592
90865 0
98064 12910592
98065 0
107246 12910592
107247 0
116004 12910592
116005 0
127976 12910592
127977 0
134364 12910592
134365 0
146664 12910592
146665 0
152064 12910592
152065 0
162408 12910592
162409 0
168051 12910592
168052 0
173696 12910592
173697 0
177264 12910592
177265 0
184442 12910592
184443 0
191885 12910592
191886 0
201864 12910592
201865 0
207264 12910592
207265 0
244164 12910592
244165 0
287064 12910592
287065 0
294609 12910592
294610 0
302107 12910592
302108 0
312264 12910592
312265 0
317065 12910592
317066 0
324135 12910592
324136 0
331742 12910592
331743 0
339266 12910592
339267 0
348264 12910592
348265 0
356664 12910592
356665 0
362666 12910592
362667 0
371664 12910592
371665 0
383064 12910592
383065 0
390864 12910592
390865 0
400764 12910592
400765 0
409944 12910592
409945 0
423204 12910592
423205 0
431064 12910592
431065 0
436466 12910592
436467 0
443664 12910592
443665 0
459626 12910592
459627 0
465564 12910592
465565 0
472944 12910592
472945 0
478644 12910592
478645 0
485484 12910592
485485 0
503904 12910592
503905 0
508953 12910592
508954 0
513864 12910592
513865 0
519386 12910592
519387 0
531864 12910592
531865 0
540266 12910592
540267 0
551664 12910592
551665 0
558864 12910592
558865 0
569664 12910592
569665 0
575964 12910592
575965 0
581711 12910592
581712 0
589156 12910592
589157 0
596064 12910592
596065 0
605665 12910592
605666 0
612864 12910592
612865 0
627265 12910592
627266 0
641664 12910592
641665 0
648864 12910592
648865 0
656064 12910592
656065 0
662664 12910592
662665 0
668664 12910592
668665 0
676259 12910592
676260 0
681903 12910592
681904 0
693865 12910592
693866 0
702864 12910592
702865 0
713665 12910592
713666 0
720864 12910592
720865 0
733464 12910592
733465 0
738864 12910592
738865 0
747264 12910592
747265 0
751166 12910592
751167 0
754764 12910592
754765 0
769824 12910592
769825 0
773546 12910592
773547 0
786024 12910592
786025 0
789624 12910592
789625 0
805464 12910592
805465 0
812664 12910592
812665 0
821664 12910592
821665 0
828864 12910592
828865 0
857666 26897
858146 0
868466 26897
868946 0
965665 26897
966145 0
976466 26897
976946 0
998066 26897
998546 0
1015100 26897
1015580 0
1024465 26897
1024945 0
1035544 26897
1036024 0
1053265 26897
1053745 0
1109665 26897
1110145 0
1121666 26897
1122146 0
1144514 26897
1144994 0
1186466 26897
1186946 0
1208066 26897
1208546 0
1288766 26897
1289246 0
1308866 26897
1309346 0
1498466 26897
1498946 0
57 events for B
227938 0
228538 330
832738 0
847618 20
847798 0
849958 20
850138 0
850198 126
876118 0
876778 20
876958 0
879118 20
879298 0
879358 218
894418 0
895078 20
895258 0
897418 20
897598 0
897658 32
1035178 28
1035478 0
1036138 20
1036318 0
1038478 20
1038658 0
1038718 201
1065658 28
1065958 0
1066018 20
1066198 203
1092238 0
1104598 20
1104778 0
1106938 20
1107118 0
1107178 36
1126258 0
1126918 20
1127098 0
1129258 20
1129438 0
1129498 36
1148578 0
1149238 20
1149418 0
1151578 20
1151758 0
1151818 36
1181038 0
1376998 20
1377178 0
1379338 20
1379518 0
1379578 12
1437838 0
1438138 330
218 events for C
6913 12910592
6914 0
16393 12910592
16394 0
23593 12910592
23594 0
36193 12910592
36194 0
41593 12910592
41594 0
49993 12910592
49994 0
57793 12910592
57794 0
61393 12910592
61394 0
72193 12910592
72194 0
77593 12910592
77594 0
88393 12910592
88394 0
95593 12910592
95594 0
104775 12910592
104776 0
113533 12910592
113534 0
125505 12910592
125506 0
131893 12910592
131894 0
144193 12910592
144194 0
149593 12910592
149594 0
159937 12910592
159938 0
165580 12910592
165581 0
171225 12910592
171226 0
174793 12910592
174794 0
181971 12910592
181972 0
189414 12910592
189415 0
199393 12910592
199394 0
204793 12910592
204794 0
241693 12910592
241694 0
284593 12910592
284594 0
292138 12910592
292139 0
299636 12910592
299637 0
309793 12910592
309794 0
314594 12910592
314595 0
321664 12910592
321665 0
329271 12910592
329272 0
336795 12910592
336796 0
345793 12910592
345794 0
354193 12910592
354194 0
360195 12910592
360196 0
369193 12910592
369194 0
380593 12910592
380594 0
388393 12910592
388394 0
398293 12910592
398294 0
407473 12910592
407474 0
420733 12910592
420734 0
428593 12910592
428594 0
433995 12910592
433996 0
441193 12910592
441194 0
457155 12910592
457156 0
463093 12910592
463094 0
470473 12910592
470474 0
476173 12910592
476174 0
483013 12910592
483014 0
501433 12910592
501434 0
506482 12910592
506483 0
511393 12910592
511394 0
516915 12910592
516916 0
529393 12910592
529394 0
537795 12910592
537796 0
549193 12910592
549194 0
556393 12910592
556394 0
567193 12910592
567194 0
573493 12910592
573494 0
579240 12910592
579241 0
586685 12910592
586686 0
593593 12910592
593594 0
603194 12910592
603195 0
610393 12910592
610394 0
624794 12910592
624795 0
639193 12910592
639194 0
646393 12910592
646394 0
653593 12910592
653594 0
660193 12910592
660194 0
666193 12910592
666194 0
673788 12910592
673789 0
679432 12910592
679433 0
691394 12910592
691395 0
700393 12910592
700394 0
711194 12910592
711195 0
718393 12910592
718394 0
730993 12910592
730994 0
736393 12910592
736394 0
744793 12910592
744794 0
748695 12910592
748696 0
752293 12910592
752294 0
767353 12910592
767354 0
771075 12910592
771076 0
783553 12910592
783554 0
787153 12910592
787154 0
802993 12910592
802994 0
810193 12910592
810194 0
819193 12910592
819194 0
826393 12910592
826394 0
855195 26897
855675 0
865995 26897
866475 0
963194 26897
963674 0
973995 26897
974475 0
995595 26897
996075 0
1012629 26897
1013109 0
1021994 26897
1022474 0
1033073 26897
1033553 0
1050794 26897
1051274 0
1107194 26897
1107674 0
1119195 26897
1119675 0
1142043 26897
1142523 0
1183995 26897
1184475 0
1205595 26897
1206075 0
1286295 26897
1286775 0
1306395 26897
1306875 0
1495995 26897
1496475 0
0 events for D

0 events for E

36 events for F
26057 1000
27057 0
75565 1000
76565 0
123896 1000
124896 0
170583 1000
171583 0
216746 1000
217746 0
261744 1000
262744 0
306449 1000
307449 0
351366 1000
352366 0
396550 1000
397550 0
442304 1000
443304 0
487639 1000
488639 0
531751 1000
532751 0
575610 1000
576610 0
619188 1000
620188 0
662424 1000
663424 0
705347 1000
706347 0
748175 1000
749175 0
791472 1000
792472 0
2 events for G
830798 0
830799 2650
0 events for H

2 events for I
830798 0
830799 74
37 events for J
1213 1365
1393 2935
15793 1365
16513 2935
30913 1365
31093 2935
45493 0
402476 3276
417476 0
527972 665
527973 0
600730 665
600731 0
674628 3276
689628 0
845293 1979
846493 0
848293 1979
851893 1365
852613 1979
867013 1365
867193 1979
895993 1365
896713 1979
911113 1365
911293 1979
944893 1365
945613 1979
960013 1365
960193 1979
979393 0
1021264 4096
1029464 0
1313719 665
1342879 0
1478807 665
1508327 0
2 events for K
832658 0
832659 2650
32 events for L
25898 487
30278 2414
59302 487
100876 2414
116904 487
121165 2414
145702 1285
246516 2414
248356 1285
253409 2414
263131 1285
267331 2414
275131 1285
383302 2414
411245 1285
415445 2414
426502 1285
452473 2414
483802 1285
497002 2414
507391 1285
614528 2414
616368 1285
620902 2414
630676 1285
635039 2414
664102 2057
831202 0
831203 2414
1436002 1772
1456009 2414
1457849 1772
2 events for M
832098 0
832099 18
2 events for N
833879 0
833880 74
2 events for O
833041 0
833042 74
36 events for P
26382 1000
27382 0
75890 1000
76890 0
124221 1000
125221 0
170908 1000
171908 0
217071 1000
218071 0
262069 1000
263069 0
306774 1000
307774 0
351691 1000
352691 0
396875 1000
397875 0
442629 1000
443629 0
487964 1000
488964 0
532076 1000
533076 0
575935 1000
576935 0
619513 1000
620513 0
662749 1000
663749 0
705672 1000
706672 0
748500 1000
749500 0
791797 1000
792797 0
115 events for Q
23171 240
32170 344
60971 240
66370 344
91570 1267
98760 1471
113171 444
123970 548
131170 1471
141981 1409
142281 1471
145581 3662
145603 4944
152771 3917
159970 4944
188771 3917
188781 1727
195970 2754
210403 1471
225971 444
228381 2635
239170 3662
260771 2635
267970 3662
275160 3458
296771 2431
305770 2534
336371 2431
343570 2534
372371 2431
379570 3458
401160 3662
408371 2635
415570 3662
446171 2635
455170 3662
485171 2635
487560 2431
498370 2534
521771 2431
527170 2534
555971 2431
563170 2534
591971 2431
599170 2534
629771 2431
636970 2534
638781 344
667571 240
674770 344
717971 240
728770 344
755771 240
764770 344
791771 240
800770 344
830771 240
831048 0
831049 240
833160 444
834141 382
834441 444
843970 548
865571 444
872770 548
903371 444
910570 548
919592 798
939371 695
946570 1722
966403 3004
977171 1977
982570 3004
1005992 2754
1013171 1727
1020370 2754
1050971 1727
1056021 1664
1056321 3917
1056370 4944
1089671 3917
1092321 1727
1106770 2754
1125671 1727
1131970 2754
1139203 1471
1160771 444
1167970 548
1198571 444
1203970 1471
1214421 1409
1214721 3662
1225603 4944
1232771 3917
1239970 4944
1265121 2754
1268771 1727
1275970 2754
1304771 1727
1311970 2754
1340771 1727
1347970 2754
1353141 2691
1353441 2754
1355203 1471
1362370 548
1378571 444
1385770 548
1414571 444
1419970 548
1435271 444
1448770 548
1470371 444
1477570 548
1508171 444
167 events for R
10137 0
13897 906
28207 0
34507 906
46514 0
48796 906
61611 0
62091 906
64706 0
70886 906
82895 0
85175 906
101085 0
102625 906
119213 0
125454 906
137404 0
139744 906
155653 0
161833 906
173843 0
175383 906
192032 0
198212 906
209622 0
214298 1500
218313 0
219998 1500
224023 0
242391 906
245511 0
252591 215
264111 0
286534 906
302254 0
308648 906
320982 0
323262 906
339497 0
345677 906
358011 0
359551 906
376525 0
382705 906
395040 0
397320 906
413554 0
419734 906
432068 0
433608 906
450582 0
456762 906
468497 0
470777 906
486111 0
501591 906
505791 0
508080 906
523990 0
530170 906
542179 0
543719 906
560369 0
566549 906
578558 0
580838 906
596748 0
602928 906
614937 0
618720 906
632985 0
639307 906
651292 0
653618 906
669506 0
675686 906
687695 0
689975 906
705885 0
707425 906
724074 0
730254 906
742264 0
744544 906
758211 0
766633 906
776953 0
780483 906
796643 0
803012 906
814422 0
816702 906
831711 0
846891 1087
849601 0
856121 906
870025 0
876205 215
887625 0
927527 906
943654 0
949834 906
962241 0
964341 906
980162 0
986648 906
998510 0
1000418 906
1011231 0
1012191 906
1017279 0
1023462 906
1035689 0
1037970 906
1054097 0
1060277 906
1071956 0
1074513 906
1090366 0
1106391 906
1110111 0
1112802 906
1128632 0
1134812 906
1141611 0
1142091 906
1146411 0
1148524 906
1154949 0
1155951 906
1164605 0
1171033 906
1182773 0
1185591 1714
1200891 0
1207434 1714
1219134 0
1223737 1714
1227231 0
1227396 906
1237251 0
1243475 906
1255402 0
1257689 906
1271211 0
1271691 1714
1272727 0
1279696 1714
1281076 0
1282191 1714
1283190 0
1283991 1714
1284471 0
1284861 1714
1285461 0
1286831 1714
1289358 0
1293391 906
1294131 1714
1309311 0
1402730 906
1403650 593
1417571 0
1424640 593
1435681 0
1494811 906
1511511 0
268 events for S
275087 19661
275177 25951
276938 6290
277727 25951
279578 6290
280118 0
283427 19661
283517 25951
285278 6290
286067 25951
287918 6290
288887 25951
290738 6290
291467 25951
293318 6290
294287 25951
296138 6290
296867 25951
298718 6290
299258 0
304007 19661
304097 25951
305858 6290
305987 25951
307838 6290
308207 25951
310058 6290
310187 25951
312038 6290
312407 25951
314258 6290
314387 25951
316233 6290
316238 0
320318 117965
320408 124709
321869 6744
336569 0
340933 117965
341023 124709
342484 6744
355264 0
357347 117965
357437 124709
358898 6744
371678 0
507347 19661
507437 25951
509198 6290
509327 25951
511178 6290
511547 25951
513398 6290
513527 25951
515378 6290
515747 25951
517598 6290
517727 25951
519573 6290
519578 0
525527 19661
525617 25951
526478 6290
526607 25951
527558 6290
527927 25951
528878 6290
529127 25951
530078 6290
530327 25951
531278 6290
531407 25951
532358 6290
532363 0
534047 117965
534137 124709
535658 6744
537663 0
537707 117965
539318 6744
539378 0
541515 117965
541605 124709
543126 6744
546931 0
546975 117965
548586 6744
554046 0
561805 117965
561895 124709
563416 6744
565421 0
565465 117965
567076 6744
572236 0
577984 6290
588745 0
598274 6290
609035 0
616606 6290
620167 0
858047 58982
860798 7514
864312 0
871461 58982
871551 66496
872892 7514
873201 66496
874632 7514
874881 66496
876312 7514
876561 66496
877992 7514
878241 66496
879672 7514
879682 0
924583 58982
924673 66496
926014 7514
926443 66496
927874 7514
928243 66496
929674 7514
930043 66496
931474 7514
931843 66496
933274 7514
933643 66496
935074 7514
935443 66496
936874 7514
937243 66496
938674 7514
939043 66496
940474 7514
940904 0
945090 58982
945180 66496
946521 7514
946950 66496
948381 7514
948750 66496
950181 7514
950550 66496
951981 7514
952350 66496
953781 7514
954150 66496
955581 7514
955950 66496
957381 7514
957750 66496
959181 7514
959311 0
961397 58982
961487 66496
962948 7514
963017 66496
964568 7514
964637 66496
966068 7514
966073 0
1009337 7514
1014518 0
1020308 7514
1032929 0
1035116 7514
1051337 0
1130087 58982
1130177 66496
1131518 7514
1131947 66496
1133378 7514
1133738 0
1134047 58982
1134137 66496
1135478 7514
1135727 66496
1137158 7514
1137467 66496
1138898 7514
1138903 0
1225247 58982
1225337 66496
1226678 7514
1226747 66496
1228178 7514
1228247 66496
1229678 7514
1229747 66496
1231178 7514
1231247 66496
1232678 7514
1232747 66496
1234178 7514
1234538 0
1238732 58982
1238822 66496
1240163 7514
1240592 66496
1242023 7514
1242392 66496
1243823 7514
1244192 58982
1245623 7514
1245992 66496
1247423 7514
1247792 58982
1249223 7514
1249592 66496
1251023 7514
1251212 66496
1252643 7514
1252648 0
1254745 58982
1254835 66496
1256176 7514
1256425 66496
1257856 7514
1258105 66496
1259536 7514
1259785 66496
1261216 7514
1261465 66496
1262896 7514
1263145 66496
1264576 7514
1264825 66496
1266256 7514
1266505 66496
1267936 7514
1268481 0
1458197 7514
1469163 0
1476407 58982
1476497 66496
1477218 7514
1477307 66496
1478118 7514
1478447 66496
1479258 7514
1479347 66496
1480158 7514
1480487 66496
1481298 7514
1481387 66496
1482198 7514
1482707 66496
1483518 7514
1483607 66496
1484418 7514
1484747 66496
1485558 7514
1485647 66496
1486458 7514
1486787 66496
1487598 7514
1487687 66496
1488498 7514
1488503 0
1492607 58982
1492697 65726
1497818 6744
1503467 65726
1508678 6744
1508798 0
1513076 58982
1513166 65726
7 events for T
228451 0
239852 1950
487651 0
499052 1950
833251 0
833253 1944
1449452 1300
