20 instruments
A 10 100 22090 160000000
B 10 100 0 974485132.8010211
C 10 100 431759.25152321503 367151977.05994737
D 10 100 0.00018444817663405244 950598422.35720563
E 10 100 1289849390.9659207 3398902187.0561032
F 10 100 0.000155227 800000000
G 10 100 0 296462475.07613176
H 10 100 154000 595557000
I 10 100 24955.266722182481 180753403.14844713
J 10 100 141644.34804627756 547774564.8662138
K 10 100 728287279.5071317 6713663885.8674479
L 10 100 1991925.5289842244 689098561.3783263
M 10 100 4367744.2331614867 2240000119.5770016
N 10 100 23264.147255000564 168504461.78361657
O 10 100 7152.7561699728749 2794045378.8956542
P 10 100 50290700 1600000000
Q 10 100 157159.98672976866 607777468.940395
R 10 100 2022727.6804039259 699754440.78838515
S 10 100 0 888000000
T 10 100 199466000 880000000
140 downlinks
0 4798 53082 56661.696495999997
1 53083 65378 56748.807657999998
2 69583 81788 58852.465277000003
3 101982 128282 17334.486729
4 134983 177358 60764.045818999999
5 177359 224775 24005.080918
6 232481 236678 18969.341575999999
7 242081 263441 18036.499982000001
8 286480 298552 52719.905522000001
9 307554 338163 54389.954824
10 362078 373852 17991.02982
11 393839 435558 61717.871531999997
12 436206 481755 24930.695499000001
13 500677 524316 22398.438724
14 539312 567759 17244.778962
15 570575 582913 18220.925300999999
16 599675 611235 58678.576760000004
17 614434 654273 58555.537063999996
18 654274 669159 18992.23504
19 686974 723495 13796.402593000001
20 738990 777271 59962.626314000001
21 777272 783181 23204.996364999999
22 800612 823747 60314.874481999999
23 826171 842579 18020.649063000001
24 884912 912352 17416.188300000002
25 938369 958655 17116.766715000002
26 959367 965865 60234.572946
27 969867 989960 16963.427941999998
28 997858 1040196 60809.052052999999
29 1040197 1065276 23716.228502000002
30 1065865 1073367 18029.108412000001
31 1077025 1080105 60100.563959999999
32 1144112 1170537 17729.224104000001
33 1203863 1215945 17589.138943000002
34 1218621 1250960 58302.529763999999
35 1250961 1268405 18080.346756999999
36 1276761 1304397 55874.873438000002
37 1310359 1333585 60291.091052000003
38 1343024 1385346 60832.041154999999
39 1385347 1423456 24945.773354000001
40 1423457 1447270 18650.039686
41 1489712 1515327 17801.393711000001
42 1515760 1518903 18241.361444999999
43 1535354 1558187 24067.369501000001
44 1559352 1583335 56712.888793999999
45 1609452 1618307 58370.132263
46 1621823 1642663 58005.525035999999
47 1644214 1682049 24930.123806
48 1682050 1703223 16739.689300999999
49 1748912 1773479 18181.419744999999
50 1795447 1821063 18610.315675999998
51 1822505 1860893 59847.283359000001
52 1862345 1878420 18063.419893999999
53 1883045 1907850 18186.627066000001
54 1908902 1924749 56843.492619999997
55 1947082 1980541 9175.5815739999998
56 1980542 1992031 9288.5908459999991
57 1995299 2033298 29976.478185
58 2035439 2052476 8340.6453669999992
59 2061839 2072142 28164.287346000001
60 2094512 2117095 9615.6592349999992
61 2139237 2167733 8936.4976299999998
62 2167734 2171557 29078.912095
63 2187234 2194681 8738.7729049999998
64 2212862 2248251 9283.3064869999998
65 2248252 2294030 9136.56639
66 2294031 2310438 8867.2325060000003
67 2325865 2330271 30843.021497000002
68 2353712 2370481 8651.5363890000008
69 2372028 2394935 8598.6086899999991
70 2397828 2426324 28620.571626000001
71 2426325 2437245 29488.2804
72 2440485 2462885 29574.456625999999
73 2468925 2482262 8990.2936559999998
74 2484825 2513707 27889.095755999999
75 2515722 2525851 27279.489213000001
76 2528702 2531927 29339.122920000002
77 2538222 2547048 30467.823106
78 2556522 2568072 9273.8508989999991
79 2571327 2592563 28091.132868000001
80 2593425 2637464 9462.077765
81 2637465 2652798 8739.387213
82 2693312 2708216 27177.101999999999
83 2723765 2747874 28867.988366000001
84 2748815 2771343 8757.0573490000006
85 2810066 2852314 30482.278361000001
86 2852315 2889208 9337.789702
87 2889209 2917670 8515.7706749999998
88 2958512 2973395 8900.7025030000004
89 2975605 3001394 8778.3355150000007
90 3001405 3029777 29886.497736000001
91 3032302 3059543 29243.536622
92 3060262 3064475 26517.245249
93 3068971 3083243 8834.4018649999998
94 3102502 3113877 9457.9623840000004
95 3125898 3145794 28164.872808
96 3155273 3197502 30503.298975000002
97 3197503 3219918 8691.2845450000004
98 3220394 3230389 8525.9525360000007
99 3233054 3236807 28086.786929000002
100 3298112 3326056 9305.8530659999997
101 3327880 3332394 9003.7058219999999
102 3357791 3373552 29720.859928999998
103 3406545 3410202 28196.056719
104 3414184 3430897 8724.7512220000008
105 3432487 3459822 9238.0711549999996
106 3460743 3500487 29465.914934
107 3500488 3508464 8736.7051790000005
108 3531483 3545497 8623.2506759999997
109 3557312 3579561 8421.9856619999991
110 3583802 3603661 27549.328343000001
111 3615479 3632738 29572.320551000001
112 3635035 3665174 29086.290951999999
113 3665275 3693950 8813.8421070000004
114 3702175 3719141 29493.047434
115 3727071 3750562 27435.630709000001
116 3751453 3762981 29792.428981000001
117 3766071 3775954 8997.6095590000004
118 3778971 3802158 26654.011493000002
119 3816512 3839637 8664.3956859999998
120 3839867 3865726 8910.3347130000002
121 3908912 3928909 9263.3037550000008
122 3932018 3938250 8194.1372179999998
123 3949963 3962626 8812.3468479999992
124 3981459 3983290 28513.272391999999
125 4010134 4014295 29797.943813000002
126 4018326 4053158 9287.2106050000002
127 4053159 4063911 9493.8769009999996
128 4067315 4103395 29841.66733
129 4104634 4109312 9031.5484039999992
130 4168112 4179742 27058.173078
131 4181851 4185408 27764.822221999999
132 4189351 4205953 8866.3210920000001
133 4217838 4229998 30200.423556999998
134 4233110 4237954 9259.4321029999992
135 4242146 4266217 9457.3783449999992
136 4267946 4271774 29542.407908000001
137 4277252 4292095 8564.5545529999999
138 4301246 4323915 9335.3412189999999
139 4326442 4355168 27874.981927000001
0 opportunities for A
0 opportunities for B
0 opportunities for C
0 opportunities for D
0 opportunities for E
0 opportunities for F
0 opportunities for G
0 opportunities for H
0 opportunities for I
0 opportunities for J
0 opportunities for K
0 opportunities for L
0 opportunities for M
0 opportunities for N
0 opportunities for O
0 opportunities for P
0 opportunities for Q
0 opportunities for R
0 opportunities for S
0 opportunities for T
338 events for A
10797 0
15177 906
28585 0
34765 906
46373 0
49532 906
64161 0
70341 906
81950 0
84230 906
92732 0
94112 593
98742 0
105618 593
109462 0
111152 593
117042 0
120752 593
124702 0
126512 593
132993 0
138302 1500
144322 0
145622 1500
151642 0
161912 215
173332 0
230436 906
241444 0
246632 906
255032 0
281912 906
296861 0
303041 906
315375 0
316875 906
333889 0
377098 906
389432 0
390932 906
407646 0
466069 906
481832 0
488483 906
495632 0
497372 906
499918 0
502018 906
517532 0
568712 906
569492 0
576180 906
591790 0
597970 906
609979 0
655112 906
655892 0
707107 906
719116 0
721396 906
738251 0
817112 906
817892 0
886712 906
900632 0
907841 906
938689 0
944869 906
957032 0
959483 906
975718 0
981898 906
994232 0
995732 906
1000232 0
1046312 906
1047362 0
1143812 906
1160211 0
1166391 906
1173032 0
1174052 906
1178072 0
1180552 906
1196552 0
1202770 906
1214479 0
1217059 906
1232729 0
1239149 906
1250798 0
1254758 906
1268928 0
1319698 906
1320728 0
1403533 906
1404273 0
1439223 1500
1444402 0
1449902 479
1451142 0
1452622 479
1454732 1500
1460712 0
1466372 479
1468432 0
1490472 906
1505614 0
1512932 906
1522362 0
1527555 906
1543189 0
1549669 906
1561703 0
1564583 906
1580518 0
1586698 906
1598732 0
1601612 906
1617246 0
1623212 1087
1625922 0
1626426 215
1637846 0
1697772 1600
1707957 0
1712912 906
1713812 1500
1720295 0
1721362 1500
1724262 0
1748612 906
1765011 0
1771191 906
1783200 0
1784700 906
1801390 0
1807570 906
1819579 0
1845259 906
1845999 0
1926259 906
1927009 0
2044193 593
2054882 0
2057722 906
2058472 593
2071312 0
2095272 906
2110232 0
2117441 906
2129775 0
2132055 906
2148289 0
2154469 906
2166803 0
2169083 906
2185318 0
2191498 906
2203832 0
2206872 906
2222511 0
2228526 906
2240861 0
2243141 906
2258561 0
2265555 906
2277889 0
2279429 906
2296403 0
2302583 906
2314318 0
2316898 906
2331932 0
2353412 906
2369811 0
2375991 906
2387552 0
2389540 906
2405940 0
2412370 906
2424250 0
2426659 906
2442569 0
2448749 906
2460758 0
2464398 906
2478948 0
2485128 906
2497137 0
2499417 906
2512832 0
2526212 906
2533516 0
2535796 906
2551286 0
2553366 906
2569715 0
2576075 906
2587965 0
2590485 906
2598332 0
2648833 1714
2660243 0
2661783 906
2662523 1714
2677532 0
2694812 1714
2697546 0
2697726 215
2709202 0
2713026 1714
2716061 0
2739232 1500
2745247 0
2759422 1500
2765432 0
2797472 906
2798222 0
2907383 906
2919118 0
2920658 906
2936732 0
2958212 906
2974611 0
2980791 906
2987752 0
3031579 906
3047069 0
3054332 906
3060652 0
3149051 906
3156506 0
3158046 906
3174695 0
3180935 906
3192885 0
3230804 906
3247453 0
3253633 906
3265043 0
3306007 906
3320861 0
3327041 906
3339375 0
3350055 1500
3356167 0
3364129 1500
3370241 0
3414972 906
3431946 0
3438126 906
3450401 0
3452741 906
3460618 0
3502712 906
3503478 0
3557012 1714
3560621 0
3564092 1714
3581386 0
3587962 1714
3596462 0
3602372 906
3603112 1714
3615190 0
3621970 1714
3633979 0
3636259 1714
3652169 0
3658349 1714
3670358 0
3674341 906
3675081 1714
3688548 0
3694728 1714
3700232 0
3731107 215
3742527 0
3848312 906
3849052 0
3858433 906
3869843 0
3872123 906
3887132 0
3910439 906
3925661 0
3932798 906
3944175 0
3945715 906
3962475 0
3969469 906
3980989 0
3984157 906
3999157 0
4005898 906
4018232 0
4019772 906
4036746 0
4042926 906
4045832 0
4046312 906
4055261 0
4057541 906
4073475 0
4079955 906
4089032 0
4089212 1087
4091922 0
4094869 906
4110803 0
4116957 593
4122624 0
4124643 906
4127603 0
4132078 593
4145639 0
4167812 906
4174532 0
4175612 906
4184194 0
4190391 906
4202372 0
4203968 906
4218632 0
4219112 906
4220572 0
4226770 906
4238714 0
4241123 906
4256875 0
4263149 1714
4275017 0
4279197 906
4279937 1714
4315832 0
4328612 1714
4359032 0
78 events for B
209204 10000000
209205 0
251133 10000000
251134 0
293781 10000000
293782 0
336699 10000000
336700 0
379677 10000000
379678 0
422534 10000000
422535 0
465064 10000000
465065 0
507049 10000000
507050 0
548542 10000000
548543 0
590192 10000000
590193 0
632649 10000000
632650 0
675950 10000000
675951 0
719865 10000000
719866 0
764221 10000000
764222 0
808958 10000000
808959 0
854180 10000000
854181 0
3325067 1000
3326067 0
3370775 1000
3371775 0
3416674 1000
3417674 0
3462797 1000
3463797 0
3509245 1000
3510245 0
3556052 1000
3557052 0
3620860 1000
3621860 0
3666479 1000
3667479 0
3711354 1000
3712354 0
3751726 1000
3751790 0
3764337 1000
3765337 0
3800944 1000
3801944 0
3845345 1000
3846345 0
3889677 1000
3890677 0
3951530 1000
3952530 0
4013540 1000
4014540 0
4065208 1000
4066208 0
4109040 1000
4110040 0
4152589 1000
4153589 0
4195932 1000
4196932 0
4239042 1000
4240042 0
4281802 1000
4282802 0
4324351 1000
4325351 0
84 events for C
262252 0
262852 185
867052 0
885712 20
885892 0
888052 20
888232 0
888292 62
934732 0
935392 20
935572 0
937732 20
937912 0
937972 62
984412 0
984532 20
984712 289
997972 0
1017352 20
1031924 0
1032584 20
1032764 0
1034924 20
1035104 0
1035164 62
1081604 0
1082384 20
1230652 0
1231432 20
1231612 0
1233772 20
1233952 0
1234012 53
1287472 0
1288132 20
1288312 0
1290472 20
1290652 0
1290712 53
1344172 0
1344832 20
1345012 0
1347172 20
1347352 0
1347412 53
1400872 0
1401532 20
1401712 0
1403872 20
1404052 0
1404112 53
1457572 0
1457692 20
1457872 252
1472092 0
1749712 20
1749892 0
1752052 20
1752232 0
1752292 28
2006092 0
2006752 20
2006932 0
2009092 20
2009272 0
2009332 56
2077012 0
2077252 243
2681452 0
2682052 224
3286252 0
3636292 20
3636472 0
3638632 20
3638812 0
3638872 28
3805012 0
3817312 20
3817492 0
3819652 20
3819832 0
3819892 126
3891412 0
3891652 305
678 events for D
4207 12910592
4208 0
16447 1089536
16448 0
25512 12910592
25513 0
35707 12910592
35708 0
45312 12910592
45313 0
54307 12910592
54308 0
63307 1089536
63308 0
72607 12910592
72608 0
81007 1089536
81008 0
88507 12910592
88508 0
92412 12910592
92413 0
231432 12910592
231433 0
234307 1089536
234308 0
237907 12910592
237908 0
241687 12910592
241688 0
248707 1089536
248708 0
252012 12910592
252013 0
255307 12910592
255308 0
282907 12910592
282908 0
289987 1089536
289988 0
297127 12910592
297128 0
304032 12910592
304033 0
309307 1089536
309308 0
315607 12910592
315608 0
318907 12910592
318908 0
324312 12910592
324313 0
329707 1089536
329708 0
334147 12910592
334148 0
378067 12910592
378068 0
381907 1089536
381908 0
385512 12910592
385513 0
389707 1089536
389708 0
393007 12910592
393008 0
395707 12910592
395708 0
401707 1089536
401708 0
404532 12910592
404533 0
467352 12910592
467353 0
471907 12910592
471908 0
477007 1089536
477008 0
481507 12910592
481508 0
489732 12910592
489733 0
504067 12910592
504068 0
507907 1089536
507908 0
511507 12910592
511508 0
515107 1089536
515108 0
517807 12910592
517808 0
577147 12910592
577148 0
581112 12910592
581113 0
584707 1089536
584708 0
588307 12910592
588308 0
592027 1089536
592028 0
598927 12910592
598928 0
602532 12910592
602533 0
606127 1089536
606128 0
610207 12910592
610208 0
708067 12910592
708068 0
711672 12910592
711673 0
715267 1089536
715268 0
719347 12910592
719348 0
722647 1089536
722648 0
726247 12910592
726248 0
729847 1089536
729848 0
733452 12910592
733453 0
737527 12910592
737528 0
888612 12910592
888613 0
893257 12910592
893258 0
900907 12910592
900908 0
908841 12910592
908842 0
920300 12910592
920301 0
938964 12910592
938965 0
945864 12910592
945865 0
948345 12910592
948346 0
952507 12910592
952508 0
956108 12910592
956109 0
960783 12910592
960784 0
968385 12910592
968386 0
975993 12910592
975994 0
983125 12910592
983126 0
990307 12910592
990308 0
1000507 12910592
1000508 0
1144807 12910592
1144808 0
1152646 12910592
1152647 0
1167386 12910592
1167387 0
1173012 12910592
1173013 0
1182275 12910592
1182276 0
1189570 12910592
1189571 0
1195212 12910592
1195213 0
1206307 12910592
1206308 0
1214108 12910592
1214109 0
1218354 12910592
1218355 0
1222079 12910592
1222080 0
1225679 12910592
1225680 0
1233004 12910592
1233005 0
1240569 12910592
1240570 0
1249513 12910592
1249514 0
1257013 12910592
1257014 0
1263192 12910592
1263193 0
1269203 12910592
1269204 0
1493137 12910592
1493138 0
1505107 12910592
1505108 0
1513636 12910592
1513637 0
1518586 12910592
1518587 0
1520712 12910592
1520713 0
1528850 12910592
1528851 0
1536907 12910592
1536908 0
1542192 12910592
1542193 0
1551907 12910592
1551908 0
1558506 12910592
1558507 0
1559708 12910592
1559709 0
1565883 12910592
1565884 0
1572607 12910592
1572608 0
1580793 12910592
1580794 0
1587698 12910592
1587699 0
1593350 12910592
1593351 0
1599007 12910592
1599008 0
1610214 12910592
1610215 0
1617521 12910592
1617522 0
1749612 12910592
1749613 0
1761046 12910592
1761047 0
1772191 12910592
1772192 0
1783475 12910592
1783476 0
1786775 12910592
1786776 0
1794220 12910592
1794221 0
1801665 12910592
1801666 0
1808707 12910592
1808708 0
1814707 12910592
1814708 0
1819812 12910592
1819813 0
2097307 12910592
2097308 0
2108107 12910592
2108108 0
2118441 12910592
2118442 0
2123107 12910592
2123108 0
2133667 12910592
2133668 0
2139912 12910592
2139913 0
2147107 12910592
2147108 0
2156107 12910592
2156108 0
2163306 12910592
2163307 0
2165793 12910592
2165794 0
2174707 12910592
2174708 0
2185507 12910592
2185508 0
2192707 12910592
2192708 0
2202607 12910592
2202608 0
2229312 12910592
2229313 0
2241136 12910592
2241137 0
2249711 12910592
2249712 0
2254872 12910592
2254873 0
2266550 12910592
2266551 0
2272357 12910592
2272358 0
2281464 12910592
2281465 0
2289071 12910592
2289072 0
2309090 12910592
2309091 0
2314593 12910592
2314594 0
2322350 12910592
2322351 0
2332212 12910592
2332213 0
2354407 12910592
2354408 0
2362807 12910592
2362808 0
2376986 12910592
2376987 0
2387827 12910592
2387828 0
2391580 12910592
2391581 0
2406215 12910592
2406216 0
2414340 12910592
2414341 0
2422506 12910592
2422507 0
2427907 12910592
2427908 0
2438107 12910592
2438108 0
2455393 12910592
2455394 0
2466948 12910592
2466949 0
2477112 12910592
2477113 0
2486707 12910592
2486708 0
2495107 12910592
2495108 0
2502349 12910592
2502350 0
2505907 12910592
2505908 0
2512808 12910592
2512809 0
2526907 12910592
2526908 0
2533259 12910592
2533260 0
2538326 12910592
2538327 0
2545507 12910592
2545508 0
2550326 12910592
2550327 0
2566392 12910592
2566393 0
2577487 12910592
2577488 0
2587572 12910592
2587573 0
2592427 12910592
2592428 0
2596507 12910592
2596508 0
2598967 12910592
2598968 0
2649907 12910592
2649908 0
2655178 12910592
2655179 0
2660518 12910592
2660519 0
2663818 12910592
2663819 0
2670812 12910592
2670813 0
2677812 12910592
2677813 0
2696112 12910592
2696113 0
2697907 12910592
2697908 0
2714107 12910592
2714108 0
2716392 12910592
2716393 0
2908383 12910592
2908384 0
2911378 12910592
2911379 0
2913885 12910592
2913886 0
2916393 12910592
2916394 0
2919393 12910592
2919394 0
2922693 12910592
2922694 0
2925693 12910592
2925694 0
2929855 12910592
2929856 0
2934007 12910592
2934008 0
2937007 12910592
2937008 0
2959512 12910592
2959513 0
2961307 12910592
2961308 0
2963107 12910592
2963108 0
2966707 12910592
2966708 0
2970307 12910592
2970308 0
2974507 12910592
2974508 0
2981712 12910592
2981713 0
2984107 12910592
2984108 0
2987107 12910592
2987108 0
3032874 12910592
3032875 0
3034572 12910592
3034573 0
3040109 12910592
3040110 0
3044344 12910592
3044345 0
3047344 12910592
3047345 0
3055807 12910592
3055808 0
3059112 12910592
3059113 0
3150307 12910592
3150308 0
3156607 12910592
3156608 0
3160207 12910592
3160208 0
3163807 12910592
3163808 0
3167407 12910592
3167408 0
3171066 12910592
3171067 0
3174961 12910592
3174962 0
3182107 12910592
3182108 0
3192852 12910592
3192853 0
3232844 12910592
3232845 0
3236707 12910592
3236708 0
3240307 12910592
3240308 0
3243907 12910592
3243908 0
3247728 12910592
3247729 0
3254633 12910592
3254634 0
3260107 12910592
3260108 0
3264907 12910592
3264908 0
3308042 12910592
3308043 0
3311045 12910592
3311046 0
3314589 12910592
3314590 0
3318136 12910592
3318137 0
3321136 12910592
3321137 0
3328036 12910592
3328037 0
3331036 12910592
3331037 0
3333846 12910592
3333847 0
3336650 12910592
3336651 0
3339650 12910592
3339651 0
3417250 12910592
3417251 0
3422107 12910592
3422108 0
3426907 12910592
3426908 0
3431827 12910592
3431828 0
3439150 12910592
3439151 0
3442687 12910592
3442688 0
3446227 12910592
3446228 0
3450607 12910592
3450608 0
3454087 12910592
3454088 0
3458107 12910592
3458108 0
3460570 12910592
3460571 0
3559451 12910592
3559452 0
3565387 12910592
3565388 0
3573427 12910592
3573428 0
3581470 12910592
3581471 0
3604629 12910592
3604630 0
3609936 12910592
3609937 0
3615465 12910592
3615466 0
3622807 12910592
3622808 0
3627307 12910592
3627308 0
3632107 12910592
3632108 0
3637554 12910592
3637555 0
3644999 12910592
3645000 0
3652327 12910592
3652328 0
3659344 12910592
3659345 0
3664988 12910592
3664989 0
3670633 12910592
3670634 0
3676379 12910592
3676380 0
3682599 12910592
3682600 0
3688823 12910592
3688824 0
3698118 12910592
3698119 0
3859428 12910592
3859429 0
3862428 12910592
3862429 0
3864776 12910592
3864777 0
3867118 12910592
3867119 0
3870118 12910592
3870119 0
3873418 12910592
3873419 0
3876418 12910592
3876419 0
3880412 12910592
3880413 0
3884407 12910592
3884408 0
3887410 12910592
3887411 0
3911742 12910592
3911743 0
3918607 12910592
3918608 0
3925767 12910592
3925768 0
3935107 12910592
3935108 0
3944450 12910592
3944451 0
3947753 12910592
3947754 0
3955250 12910592
3955251 0
3962750 12910592
3962751 0
3970630 12910592
3970631 0
3977706 12910592
3977707 0
3985452 12910592
3985453 0
3992442 12910592
3992443 0
3999187 12910592
3999188 0
4007107 12910592
4007108 0
4017907 12910592
4017908 0
4022110 12910592
4022111 0
4035907 12910592
4035908 0
4045017 12910592
4045018 0
4051571 12910592
4051572 0
4061471 12910592
4061472 0
4068307 12910592
4068308 0
4071907 12910592
4071908 0
4080950 12910592
4080951 0
4085107 12910592
4085108 0
4089190 12910592
4089191 0
4097107 12910592
4097108 0
4100587 12910592
4100588 0
4105507 12910592
4105508 0
4110609 12910592
4110610 0
4127467 12910592
4127468 0
4171807 12910592
4171808 0
4176907 12910592
4176908 0
4184107 12910592
4184108 0
4191908 12910592
4191909 0
4202227 12910592
4202228 0
4205947 12910592
4205948 0
4212456 12910592
4212457 0
4220627 12910592
4220628 0
4230307 12910592
4230308 0
4236847 12910592
4236848 0
4242907 12910592
4242908 0
4249785 12910592
4249786 0
4256107 12910592
4256108 0
4264444 12910592
4264445 0
4269869 12910592
4269870 0
4281487 12910592
4281488 0
4287869 12910592
4287870 0
4294507 12910592
4294508 0
4310257 12910592
4310258 0
4316107 12910592
4316108 0
4331107 12910592
4331108 0
4343707 12910592
4343708 0
4359007 12910592
4359008 0
454 events for E
858 6744
3248 0
10492 117965
10582 125479
11323 7514
12352 125479
13123 7514
14143 0
18557 117965
18647 119538
19388 1573
20417 119538
21188 1573
22217 119538
22988 1573
24017 119538
24788 1573
25817 119538
26588 1573
31808 0
36345 117965
36435 119538
37176 1573
38205 119538
38976 1573
40005 119538
40776 1573
41805 119538
42576 7514
43605 119538
44376 1573
49596 0
52033 117965
52123 125479
52864 7514
53284 0
291232 117965
291382 125479
292003 7514
292432 125479
293203 7514
293632 125479
294403 7514
295012 125479
295783 7514
300043 0
304621 117965
304711 125479
305452 7514
305881 125479
306652 7514
307081 125479
307852 7514
308281 125479
309052 7514
311872 0
312892 117965
312982 124709
313723 6744
314152 124709
314923 6744
315352 124709
316123 6744
316552 124709
317323 6744
318343 0
321035 117965
321125 124709
321866 6744
322295 124709
323066 6744
323495 124709
324266 6744
324695 124709
325466 6744
326495 124709
327266 6744
328295 124709
329066 6744
330095 124709
330866 6744
337286 0
341649 117965
341739 124709
342480 6744
342909 124709
343680 6744
344109 124709
344880 6744
345309 124709
346080 6744
347109 124709
347880 6744
355500 0
358063 117965
358153 124709
358894 7514
358899 6744
359323 124709
360094 6744
360523 124709
361294 6744
361723 124709
362494 6744
363523 124709
364294 6744
365323 124709
366094 6744
374314 0
378678 117965
378768 124709
379509 6744
379938 124709
380709 6744
381138 124709
381909 6744
382338 124709
383109 6744
383538 124709
384309 6744
385938 124709
386709 6744
392529 0
395092 117965
395182 124709
395923 6744
396352 124709
397123 6744
397552 124709
398323 6744
398743 0
548332 117965
548482 119538
548503 1573
549532 119538
550303 1573
550732 119538
551503 1573
552112 119538
552883 1573
553312 119538
554083 1573
554572 119538
555343 1573
555772 119538
556543 1573
557743 0
563171 117965
563261 119538
564002 1573
564431 119538
565202 1573
565631 119538
566402 1573
566831 119538
567602 1573
568031 119538
568802 1573
571622 0
894142 14189
894823 58982
894922 7514
895208 0
895252 73171
896623 7514
901972 66496
903343 7514
904243 0
909421 58982
909511 66496
910852 7514
913081 66496
914452 7514
914881 66496
916252 7514
916672 0
917392 58982
917482 66496
918823 7514
919208 0
919252 58982
920623 7514
923743 0
925835 58982
925925 66496
927266 7514
927651 0
927695 58982
929066 7514
932486 0
932769 58982
932859 66496
934200 7514
934585 0
934629 58982
936000 7514
942300 0
946449 58982
946539 66496
947880 7514
952200 0
952492 58982
952582 66496
953923 7514
958243 0
1154182 7514
1163803 0
1168061 7514
1171202 0
1171582 7514
1176643 0
1284682 7514
1291123 0
1293286 179338
1293388 0
1294977 7514
1309328 0
1313577 7514
1327518 0
1498192 19661
1498282 27175
1498963 7514
1499632 27175
1500403 7514
1500652 27175
1501423 7514
1502092 27175
1502863 7514
1503112 27175
1503883 7514
1504552 27175
1505323 7514
1505572 27175
1506343 7514
1507012 27175
1507783 7514
1508032 27175
1508803 7514
1509043 0
1514332 19661
1514422 27175
1514983 7514
1515112 27175
1515763 7514
1516312 27175
1516903 7514
1517092 27175
1517743 7514
1518292 27175
1518943 7514
1519072 27175
1519723 7514
1520272 27175
1520923 7514
1521052 27175
1521703 7514
1522252 27175
1522903 7514
1523032 27175
1523683 7514
1524232 27175
1524883 7514
1525012 27175
1525663 7514
1525783 0
1757482 7514
1759552 66496
1760923 7514
1764112 66496
1765483 7514
1768603 0
1772771 58982
1772861 66496
1774142 7514
1777391 66496
1778762 7514
1779002 0
1779292 58982
1779382 66496
1780663 7514
1783912 66496
1785283 7514
1786783 0
1788860 58982
1788950 66496
1790231 7514
1793480 66496
1794851 7514
1798811 0
1799092 58982
1799182 66496
1800463 7514
1803412 66496
1804783 7514
1804963 0
1809150 58982
1809240 66496
1810521 7514
1811910 66496
1813281 7514
1813821 0
1814092 58982
1814182 66496
1815463 7514
1820452 66496
1821823 7514
1823143 0
1825239 117965
1825329 124709
1826190 6744
1827099 124709
1827990 6744
1828899 124709
1829790 6744
1830699 124709
1831590 6744
1832499 124709
1833390 6744
1834299 124709
1835190 6744
1836099 124709
1836990 6744
1841370 0
1845529 117965
1845619 124709
1846480 6744
1847389 124709
1848280 6744
1849189 124709
1850080 6744
1850989 124709
1851880 6744
1852789 124709
1853680 6744
1854589 124709
1855480 6744
1856389 124709
1857280 6744
1858189 124709
1859080 6744
1859560 0
1863718 117965
1863808 124709
1864669 6744
1865578 124709
1866469 6744
1867369 0
1882243 169032
1883563 45609
1884888 0
2061193 7514
2068354 0
2362012 117965
2362102 124709
2362903 6744
2363032 124709
2363738 6744
2363743 0
2364592 58982
2364682 66496
2365963 7514
2373403 0
2377571 58982
2377661 7514
2386202 0
2386492 117965
2386582 124709
2387443 6744
2391163 0
2393660 117965
2393750 124709
2394611 6744
2404511 0
2413950 117965
2414040 124709
2414901 6744
2424801 0
2705306 117965
2705396 124709
2706257 6744
2707166 124709
2708057 6744
2708966 124709
2709857 6744
2710766 124709
2711657 6744
2712566 124709
2713457 6744
2714366 124709
2715257 6744
2716157 0
2723821 117965
2723911 124709
2724772 6744
2725681 124709
2726572 6744
2727481 124709
2728372 6744
2729281 124709
2730172 6744
2731072 0
2909053 7514
2922694 0
2924868 7514
2940309 0
3228592 58982
3228682 66496
3229963 6744
3230452 66496
3231823 6744
3232243 0
3234924 58982
3235014 66496
3236295 6744
3236784 66496
3238155 6744
3238584 66496
3239955 6744
3249375 0
3255213 58982
3255303 66496
3256584 6744
3257073 66496
3258444 6744
3258873 66496
3260244 6744
3266064 0
3606492 235930
3606582 242674
3608343 6744
3608532 242674
3610383 6744
3610572 242674
3612423 6744
3612672 242674
3614523 6744
3615543 0
3623550 235930
3623640 242674
3624256 6744
3624261 0
3639043 169032
3640843 45609
3642648 0
4176412 117965
4176502 125479
4177783 7514
4178143 0
4314082 3372
4319263 0
4339282 3372
4347643 0
4356682 3372
4362043 0
678 events for F
3512 12910592
3513 0
15752 1089536
15753 0
24817 12910592
24818 0
35012 12910592
35013 0
44617 12910592
44618 0
53612 12910592
53613 0
62612 1089536
62613 0
71912 12910592
71913 0
80312 1089536
80313 0
87812 12910592
87813 0
91717 12910592
91718 0
230737 12910592
230738 0
233612 1089536
233613 0
237212 12910592
237213 0
240992 12910592
240993 0
248012 1089536
248013 0
251317 12910592
251318 0
254612 12910592
254613 0
282212 12910592
282213 0
289292 1089536
289293 0
296432 12910592
296433 0
303337 12910592
303338 0
308612 1089536
308613 0
314912 12910592
314913 0
318212 12910592
318213 0
323617 12910592
323618 0
329012 1089536
329013 0
333452 12910592
333453 0
377372 12910592
377373 0
381212 1089536
381213 0
384817 12910592
384818 0
389012 1089536
389013 0
392312 12910592
392313 0
395012 12910592
395013 0
401012 1089536
401013 0
403837 12910592
403838 0
466657 12910592
466658 0
471212 12910592
471213 0
476312 1089536
476313 0
480812 12910592
480813 0
489037 12910592
489038 0
503372 12910592
503373 0
507212 1089536
507213 0
510812 12910592
510813 0
514412 1089536
514413 0
517112 12910592
517113 0
576452 12910592
576453 0
580417 12910592
580418 0
584012 1089536
584013 0
587612 12910592
587613 0
591332 1089536
591333 0
598232 12910592
598233 0
601837 12910592
601838 0
605432 1089536
605433 0
609512 12910592
609513 0
707372 12910592
707373 0
710977 12910592
710978 0
714572 1089536
714573 0
718652 12910592
718653 0
721952 1089536
721953 0
725552 12910592
725553 0
729152 1089536
729153 0
732757 12910592
732758 0
736832 12910592
736833 0
887917 12910592
887918 0
892562 12910592
892563 0
900212 12910592
900213 0
908146 12910592
908147 0
919605 12910592
919606 0
938269 12910592
938270 0
945169 12910592
945170 0
947650 12910592
947651 0
951812 12910592
951813 0
955413 12910592
955414 0
960088 12910592
960089 0
967690 12910592
967691 0
975298 12910592
975299 0
982430 12910592
982431 0
989612 12910592
989613 0
999812 12910592
999813 0
1144112 12910592
1144113 0
1151951 12910592
1151952 0
1166691 12910592
1166692 0
1172317 12910592
1172318 0
1181580 12910592
1181581 0
1188875 12910592
1188876 0
1194517 12910592
1194518 0
1205612 12910592
1205613 0
1213413 12910592
1213414 0
1217659 12910592
1217660 0
1221384 12910592
1221385 0
1224984 12910592
1224985 0
1232309 12910592
1232310 0
1239874 12910592
1239875 0
1248818 12910592
1248819 0
1256318 12910592
1256319 0
1262497 12910592
1262498 0
1268508 12910592
1268509 0
1492442 12910592
1492443 0
1504412 12910592
1504413 0
1512941 12910592
1512942 0
1517891 12910592
1517892 0
1520017 12910592
1520018 0
1528155 12910592
1528156 0
1536212 12910592
1536213 0
1541497 12910592
1541498 0
1551212 12910592
1551213 0
1557811 12910592
1557812 0
1559013 12910592
1559014 0
1565188 12910592
1565189 0
1571912 12910592
1571913 0
1580098 12910592
1580099 0
1587003 12910592
1587004 0
1592655 12910592
1592656 0
1598312 12910592
1598313 0
1609519 12910592
1609520 0
1616826 12910592
1616827 0
1748917 12910592
1748918 0
1760351 12910592
1760352 0
1771496 12910592
1771497 0
1782780 12910592
1782781 0
1786080 12910592
1786081 0
1793525 12910592
1793526 0
1800970 12910592
1800971 0
1808012 12910592
1808013 0
1814012 12910592
1814013 0
1819117 12910592
1819118 0
2096612 12910592
2096613 0
2107412 12910592
2107413 0
2117746 12910592
2117747 0
2122412 12910592
2122413 0
2132972 12910592
2132973 0
2139217 12910592
2139218 0
2146412 12910592
2146413 0
2155412 12910592
2155413 0
2162611 12910592
2162612 0
2165098 12910592
2165099 0
2174012 12910592
2174013 0
2184812 12910592
2184813 0
2192012 12910592
2192013 0
2201912 12910592
2201913 0
2228617 12910592
2228618 0
2240441 12910592
2240442 0
2249016 12910592
2249017 0
2254177 12910592
2254178 0
2265855 12910592
2265856 0
2271662 12910592
2271663 0
2280769 12910592
2280770 0
2288376 12910592
2288377 0
2308395 12910592
2308396 0
2313898 12910592
2313899 0
2321655 12910592
2321656 0
2331517 12910592
2331518 0
2353712 12910592
2353713 0
2362112 12910592
2362113 0
2376291 12910592
2376292 0
2387132 12910592
2387133 0
2390885 12910592
2390886 0
2405520 12910592
2405521 0
2413645 12910592
2413646 0
2421811 12910592
2421812 0
2427212 12910592
2427213 0
2437412 12910592
2437413 0
2454698 12910592
2454699 0
2466253 12910592
2466254 0
2476417 12910592
2476418 0
2486012 12910592
2486013 0
2494412 12910592
2494413 0
2501654 12910592
2501655 0
2505212 12910592
2505213 0
2512113 12910592
2512114 0
2526212 12910592
2526213 0
2532564 12910592
2532565 0
2537631 12910592
2537632 0
2544812 12910592
2544813 0
2549631 12910592
2549632 0
2565697 12910592
2565698 0
2576792 12910592
2576793 0
2586877 12910592
2586878 0
2591732 12910592
2591733 0
2595812 12910592
2595813 0
2598272 12910592
2598273 0
2649212 12910592
2649213 0
2654483 12910592
2654484 0
2659823 12910592
2659824 0
2663123 12910592
2663124 0
2670117 12910592
2670118 0
2677117 12910592
2677118 0
2695417 12910592
2695418 0
2697212 12910592
2697213 0
2713412 12910592
2713413 0
2715697 12910592
2715698 0
2907688 12910592
2907689 0
2910683 12910592
2910684 0
2913190 12910592
2913191 0
2915698 12910592
2915699 0
2918698 12910592
2918699 0
2921998 12910592
2921999 0
2924998 12910592
2924999 0
2929160 12910592
2929161 0
2933312 12910592
2933313 0
2936312 12910592
2936313 0
2958817 12910592
2958818 0
2960612 12910592
2960613 0
2962412 12910592
2962413 0
2966012 12910592
2966013 0
2969612 12910592
2969613 0
2973812 12910592
2973813 0
2981017 12910592
2981018 0
2983412 12910592
2983413 0
2986412 12910592
2986413 0
3032179 12910592
3032180 0
3033877 12910592
3033878 0
3039414 12910592
3039415 0
3043649 12910592
3043650 0
3046649 12910592
3046650 0
3055112 12910592
3055113 0
3058417 12910592
3058418 0
3149612 12910592
3149613 0
3155912 12910592
3155913 0
3159512 12910592
3159513 0
3163112 12910592
3163113 0
3166712 12910592
3166713 0
3170371 12910592
3170372 0
3174266 12910592
3174267 0
3181412 12910592
3181413 0
3192157 12910592
3192158 0
3232149 12910592
3232150 0
3236012 12910592
3236013 0
3239612 12910592
3239613 0
3243212 12910592
3243213 0
3247033 12910592
3247034 0
3253938 12910592
3253939 0
3259412 12910592
3259413 0
3264212 12910592
3264213 0
3307347 12910592
3307348 0
3310350 12910592
3310351 0
3313894 12910592
3313895 0
3317441 12910592
3317442 0
3320441 12910592
3320442 0
3327341 12910592
3327342 0
3330341 12910592
3330342 0
3333151 12910592
3333152 0
3335955 12910592
3335956 0
3338955 12910592
3338956 0
3416555 12910592
3416556 0
3421412 12910592
3421413 0
3426212 12910592
3426213 0
3431132 12910592
3431133 0
3438455 12910592
3438456 0
3441992 12910592
3441993 0
3445532 12910592
3445533 0
3449912 12910592
3449913 0
3453392 12910592
3453393 0
3457412 12910592
3457413 0
3459875 12910592
3459876 0
3558756 12910592
3558757 0
3564692 12910592
3564693 0
3572732 12910592
3572733 0
3580775 12910592
3580776 0
3603934 12910592
3603935 0
3609241 12910592
3609242 0
3614770 12910592
3614771 0
3622112 12910592
3622113 0
3626612 12910592
3626613 0
3631412 12910592
3631413 0
3636859 12910592
3636860 0
3644304 12910592
3644305 0
3651632 12910592
3651633 0
3658649 12910592
3658650 0
3664293 12910592
3664294 0
3669938 12910592
3669939 0
3675684 12910592
3675685 0
3681904 12910592
3681905 0
3688128 12910592
3688129 0
3697423 12910592
3697424 0
3858733 12910592
3858734 0
3861733 12910592
3861734 0
3864081 12910592
3864082 0
3866423 12910592
3866424 0
3869423 12910592
3869424 0
3872723 12910592
3872724 0
3875723 12910592
3875724 0
3879717 12910592
3879718 0
3883712 12910592
3883713 0
3886715 12910592
3886716 0
3911047 12910592
3911048 0
3917912 12910592
3917913 0
3925072 12910592
3925073 0
3934412 12910592
3934413 0
3943755 12910592
3943756 0
3947058 12910592
3947059 0
3954555 12910592
3954556 0
3962055 12910592
3962056 0
3969935 12910592
3969936 0
3977011 12910592
3977012 0
3984757 12910592
3984758 0
3991747 12910592
3991748 0
3998492 12910592
3998493 0
4006412 12910592
4006413 0
4017212 12910592
4017213 0
4021415 12910592
4021416 0
4035212 12910592
4035213 0
4044322 12910592
4044323 0
4050876 12910592
4050877 0
4060776 12910592
4060777 0
4067612 12910592
4067613 0
4071212 12910592
4071213 0
4080255 12910592
4080256 0
4084412 12910592
4084413 0
4088495 12910592
4088496 0
4096412 12910592
4096413 0
4099892 12910592
4099893 0
4104812 12910592
4104813 0
4109914 12910592
4109915 0
4126772 12910592
4126773 0
4171112 12910592
4171113 0
4176212 12910592
4176213 0
4183412 12910592
4183413 0
4191213 12910592
4191214 0
4201532 12910592
4201533 0
4205252 12910592
4205253 0
4211761 12910592
4211762 0
4219932 12910592
4219933 0
4229612 12910592
4229613 0
4236152 12910592
4236153 0
4242212 12910592
4242213 0
4249090 12910592
4249091 0
4255412 12910592
4255413 0
4263749 12910592
4263750 0
4269174 12910592
4269175 0
4280792 12910592
4280793 0
4287174 12910592
4287175 0
4293812 12910592
4293813 0
4309562 12910592
4309563 0
4315412 12910592
4315413 0
4330412 12910592
4330413 0
4343012 12910592
4343013 0
4358312 12910592
4358313 0
3 events for G
771718 90
782638 3500
806698 0
4 events for H
865112 0
865113 74
3284312 0
3284313 74
339 events for I
130 906
11739 0
16119 906
29527 0
35707 906
47315 0
50474 906
65103 0
71283 906
82892 0
85172 906
93674 0
95054 593
99684 0
106560 593
110404 0
112094 593
117984 0
121694 593
125644 0
127454 593
133935 0
139244 1500
145264 0
146564 1500
152584 0
162854 215
174274 0
231378 906
242386 0
247574 906
255974 0
282854 906
297803 0
303983 906
316317 0
317817 906
334831 0
378040 906
390374 0
391874 906
408588 0
467011 906
482774 0
489425 906
496574 0
498314 906
500860 0
502960 906
518474 0
569654 906
570434 0
577122 906
592732 0
598912 906
610921 0
656054 906
656834 0
708049 906
720058 0
722338 906
739193 0
818054 906
818834 0
887654 906
901574 0
908783 906
939631 0
945811 906
957974 0
960425 906
976660 0
982840 906
995174 0
996674 906
1001174 0
1047254 906
1048304 0
1144754 906
1161153 0
1167333 906
1173974 0
1174994 906
1179014 0
1181494 906
1197494 0
1203712 906
1215421 0
1218001 906
1233671 0
1240091 906
1251740 0
1255700 906
1269870 0
1320640 906
1321670 0
1404475 906
1405215 0
1440165 1500
1445344 0
1450844 479
1452084 0
1453564 479
1455674 1500
1461654 0
1467314 479
1469374 0
1491414 906
1506556 0
1513874 906
1523304 0
1528497 906
1544131 0
1550611 906
1562645 0
1565525 906
1581460 0
1587640 906
1599674 0
1602554 906
1618188 0
1624154 1087
1626864 0
1627368 215
1638788 0
1698714 1600
1708899 0
1713854 906
1714754 1500
1721237 0
1722304 1500
1725204 0
1749554 906
1765953 0
1772133 906
1784142 0
1785642 906
1802332 0
1808512 906
1820521 0
1846201 906
1846941 0
1927201 906
1927951 0
2045135 593
2055824 0
2058664 906
2059414 593
2072254 0
2096214 906
2111174 0
2118383 906
2130717 0
2132997 906
2149231 0
2155411 906
2167745 0
2170025 906
2186260 0
2192440 906
2204774 0
2207814 906
2223453 0
2229468 906
2241803 0
2244083 906
2259503 0
2266497 906
2278831 0
2280371 906
2297345 0
2303525 906
2315260 0
2317840 906
2332874 0
2354354 906
2370753 0
2376933 906
2388494 0
2390482 906
2406882 0
2413312 906
2425192 0
2427601 906
2443511 0
2449691 906
2461700 0
2465340 906
2479890 0
2486070 906
2498079 0
2500359 906
2513774 0
2527154 906
2534458 0
2536738 906
2552228 0
2554308 906
2570657 0
2577017 906
2588907 0
2591427 906
2599274 0
2649775 1714
2661185 0
2662725 906
2663465 1714
2678474 0
2695754 1714
2698488 0
2698668 215
2710144 0
2713968 1714
2717003 0
2740174 1500
2746189 0
2760364 1500
2766374 0
2798414 906
2799164 0
2908325 906
2920060 0
2921600 906
2937674 0
2959154 906
2975553 0
2981733 906
2988694 0
3032521 906
3048011 0
3055274 906
3061594 0
3149993 906
3157448 0
3158988 906
3175637 0
3181877 906
3193827 0
3231746 906
3248395 0
3254575 906
3265985 0
3306949 906
3321803 0
3327983 906
3340317 0
3350997 1500
3357109 0
3365071 1500
3371183 0
3415914 906
3432888 0
3439068 906
3451343 0
3453683 906
3461560 0
3503654 906
3504420 0
3557954 1714
3561563 0
3565034 1714
3582328 0
3588904 1714
3597404 0
3603314 906
3604054 1714
3616132 0
3622912 1714
3634921 0
3637201 1714
3653111 0
3659291 1714
3671300 0
3675283 906
3676023 1714
3689490 0
3695670 1714
3701174 0
3732049 215
3743469 0
3849254 906
3849994 0
3859375 906
3870785 0
3873065 906
3888074 0
3911381 906
3926603 0
3933740 906
3945117 0
3946657 906
3963417 0
3970411 906
3981931 0
3985099 906
4000099 0
4006840 906
4019174 0
4020714 906
4037688 0
4043868 906
4046774 0
4047254 906
4056203 0
4058483 906
4074417 0
4080897 906
4089974 0
4090154 1087
4092864 0
4095811 906
4111745 0
4117899 593
4123566 0
4125585 906
4128545 0
4133020 593
4146581 0
4168754 906
4175474 0
4176554 906
4185136 0
4191333 906
4203314 0
4204910 906
4219574 0
4220054 906
4221514 0
4227712 906
4239656 0
4242065 906
4257817 0
4264091 1714
4275959 0
4280139 906
4280879 1714
4316774 0
4329554 1714
4359974 0
4 events for J
868232 0
868233 74
3287432 0
3287433 74
542 events for K
95553 718864
95554 0
96163 718864
96164 0
96794 3748528
96797 0
97053 718864
97054 0
97663 718864
97664 0
98294 3748528
98297 0
98553 718864
98554 0
99163 718864
99164 0
99794 3748528
99797 0
107313 718864
107314 0
107923 718864
107924 0
108554 3748528
108557 0
108813 718864
108814 0
109423 718864
109424 0
110054 3748528
110057 0
110313 718864
110314 0
110923 718864
110924 0
111554 3748528
111557 0
141974 4313184
141975 2310336
141976 0
142105 4313184
142107 0
142250 192528
142251 0
142555 2156592
142556 0
142874 3594320
142875 962640
142876 0
142922 3594320
142923 962640
142924 0
143193 718864
143194 0
143203 718864
143204 0
143213 718864
143214 0
143223 718864
143224 0
143233 718864
143234 0
143243 718864
143244 0
143253 718864
143254 0
143263 718864
143264 0
143273 718864
143274 0
143283 718864
143284 0
143293 718864
143294 0
143303 718864
143304 0
143313 718864
143314 0
143323 718864
143324 0
143333 718864
143334 0
143343 718864
143344 0
143353 718864
143354 0
143373 192528
143374 0
143383 192528
143384 0
143393 192528
143394 0
143403 192528
143404 0
143413 192528
143414 0
143423 192528
143424 0
143433 192528
143434 0
143443 192528
143444 0
143453 192528
143454 0
143463 192528
143464 0
143473 192528
143474 0
143483 192528
143484 0
143493 192528
143494 0
249074 4494818
249075 3748528
249078 0
249084 4494818
249089 0
249134 4494818
249139 0
249194 4494818
249195 3748528
249198 0
249204 4494818
249209 0
249254 4494818
249259 0
249314 4494818
249319 0
249324 4494818
249329 0
249374 4494818
249375 3748528
249378 0
253274 4494818
253275 3748528
253278 0
253284 4494818
253289 0
253334 4494818
253339 0
253394 4494818
253395 3748528
253398 0
253404 4494818
253409 0
253454 4494818
253459 0
253514 4494818
253519 0
253524 4494818
253529 0
253574 4494818
253575 3748528
253578 0
290498 82880
290499 0
290508 82880
290509 0
290518 82880
290519 0
290549 82880
290550 0
290559 82880
290560 0
290569 82880
290570 0
339950 3748528
339953 0
343550 3748528
343553 0
347150 3748528
347153 0
350750 3748528
350753 0
354170 3748528
354173 0
356364 3748528
356367 0
359964 3748528
359967 0
363564 3748528
363567 0
367164 3748528
367167 0
370764 3748528
370767 0
376979 3748528
376982 0
380579 3748528
380582 0
384179 3748528
384182 0
387779 3748528
387782 0
391199 3748528
391202 0
393393 3748528
393396 0
396993 3748528
396996 0
398567 3748528
398570 0
398577 3748528
398580 0
399167 3748528
399170 0
399177 3748528
399180 0
401481 3748528
401484 0
401491 3748528
401494 0
402081 3748528
402084 0
402091 3748528
402094 0
408381 3748528
408384 0
408391 3748528
408394 0
408981 3748528
408984 0
408991 3748528
408994 0
426981 3748528
426984 0
426991 3748528
426994 0
427581 3748528
427584 0
427591 3748528
427594 0
490464 2824208
490465 0
490584 2824208
490585 0
490704 2824208
490705 0
491184 2824208
491185 0
491304 2824208
491305 0
491424 2824208
491425 0
491904 2824208
491905 0
492024 2824208
492025 0
492144 2824208
492145 0
492624 2824208
492625 0
492744 2824208
492745 0
492864 2824208
492865 0
493344 2824208
493345 0
493464 2824208
493465 0
493584 2824208
493585 0
494064 2824208
494065 0
494184 2824208
494185 0
494304 2824208
494305 0
494784 2824208
494785 0
494904 2824208
494905 0
495024 2824208
495025 0
495504 2824208
495505 0
495624 2824208
495625 0
495744 2824208
495745 0
496224 2824208
496225 0
496344 2824208
496345 0
496464 2824208
496465 0
496884 2824208
496885 0
497004 2824208
497005 0
497124 2824208
497125 0
497664 2824208
497665 0
497784 2824208
497785 0
497904 2824208
497905 0
500579 2824208
500580 0
500670 3748528
500673 0
500879 2824208
500880 0
500949 2824208
500950 0
501160 3765611
501163 0
504479 2824208
504480 0
504570 3748528
504573 0
504779 2824208
504780 0
504849 2824208
504850 0
505060 3765611
505063 0
506579 2824208
506580 0
506670 3748528
506673 0
506879 2824208
506880 0
506949 2824208
506950 0
507160 3765611
507163 0
508079 2824208
508080 0
508170 3748528
508173 0
508379 2824208
508380 0
508449 2824208
508450 0
508660 3765611
508663 0
518193 2824208
518194 0
518284 3748528
518287 0
518493 2824208
518494 0
518563 2824208
518564 0
518774 3765611
518777 0
577541 3748528
577544 0
577556 5000000
577574 0
579341 3748528
579344 0
579356 5000000
579374 0
581141 3748528
581144 0
581156 5000000
581174 0
582941 3748528
582944 0
582956 5000000
582974 0
584741 3748528
584744 0
584756 5000000
584774 0
586541 3748528
586544 0
586556 5000000
586574 0
588341 3748528
588344 0
588356 5000000
588374 0
590141 3748528
590144 0
590156 5000000
590174 0
591941 3748528
591944 0
591956 5000000
591974 0
597831 3748528
597834 0
597846 5000000
597864 0
599631 3748528
599634 0
599646 5000000
599664 0
601431 3748528
601434 0
601446 5000000
601464 0
603231 3748528
603234 0
603246 5000000
603264 0
605031 3748528
605034 0
605046 5000000
605064 0
606831 3748528
606834 0
606846 5000000
606864 0
608631 3748528
608634 0
608646 5000000
608664 0
610431 3748528
610434 0
610446 5000000
610464 0
656493 3748528
656496 0
656513 3748528
656516 0
656533 3748528
656536 0
662793 3748528
662796 0
662813 3748528
662816 0
662833 3748528
662836 0
670609 3748528
670612 0
670629 3748528
670632 0
670649 3748528
670652 0
676909 3748528
676912 0
676929 3748528
676932 0
676949 3748528
676952 0
683209 3748528
683212 0
683229 3748528
683232 0
683249 3748528
683252 0
688609 3748528
688612 0
688629 3748528
688632 0
688649 3748528
688652 0
693409 3748528
693412 0
693429 3748528
693432 0
693449 3748528
693452 0
698209 3748528
698212 0
698229 3748528
698232 0
698249 3748528
698252 0
702188 3748528
702191 0
702208 3748528
702211 0
702228 3748528
702231 0
1061234 226158674
1061239 0
1082834 20242052
1082839 0
1104434 20242052
1104439 0
1169234 178452312
1169236 8996469
1169241 0
1298834 18598775
1298839 0
1320434 22542416
1320439 0
1342034 57946826
1342039 0
1363634 112491168
1363639 0
1385234 89992935
1385239 0
1445897 90225847
1445898 99456
1445899 17992937
1445904 0
1514835 36047367
1514840 0
1536435 39436416
1536440 0
1644435 79610631
1644440 0
1666035 77494701
1666040 0
1774035 73767533
1774040 0
1795635 221441780
1795640 0
2054835 47723996
2054840 0
2071785 12683312
2071790 0
2227634 9037466
2227639 0
2270834 270264152
2270839 0
3156434 26968906
3156439 0
3178034 134824032
3178039 0
3180960 20221556
3180965 0
3372374 83191028
3372379 0
3566774 38234987
3566779 0
3588374 107957608
3588379 0
3609974 350862225
3609979 0
3609980 4498234
3609985 0
3631574 38234987
3631579 0
3955634 42873674
3955639 0
3977234 60808152
3977239 0
4063634 123650191
4063639 0
4085234 112353360
4085239 0
4106834 191051956
4106839 0
4128434 148359728
4128439 0
47 events for L
263716 0
281236 1370
522916 0
540436 1370
868516 0
886216 600
886396 1300
1126276 600
1126476 0
1145416 600
1145596 1300
1472760 700
1472805 0
1491016 600
1491256 1300
1732076 700
1732121 0
1750216 600
1750456 1300
2077416 700
2077461 0
2095636 1300
2337435 0
2354836 1300
2683035 0
2694436 1300
2942235 0
2959636 1300
3287835 0
3299716 600
3299896 1300
3546516 700
3546561 0
3558736 600
3558916 1300
3805656 700
3805701 0
3817816 600
3817996 1300
3892056 700
3892101 0
3910216 600
3910396 1300
4150476 700
4150521 0
4169416 600
4169536 1300
4 events for M
867935 0
867936 2650
3287135 0
3287136 2650
339 events for N
2081 906
13690 0
18070 906
31478 0
37658 906
49266 0
52425 906
67054 0
73234 906
84843 0
87123 906
95625 0
97005 593
101635 0
108511 593
112355 0
114045 593
119935 0
123645 593
127595 0
129405 593
135886 0
141195 1500
147215 0
148515 1500
154535 0
164805 215
176225 0
233329 906
244337 0
249525 906
257925 0
284805 906
299754 0
305934 906
318268 0
319768 906
336782 0
379991 906
392325 0
393825 906
410539 0
468962 906
484725 0
491376 906
498525 0
500265 906
502811 0
504911 906
520425 0
571605 906
572385 0
579073 906
594683 0
600863 906
612872 0
658005 906
658785 0
710000 906
722009 0
724289 906
741144 0
820005 906
820785 0
889605 906
903525 0
910734 906
941582 0
947762 906
959925 0
962376 906
978611 0
984791 906
997125 0
998625 906
1003125 0
1049205 906
1050255 0
1146705 906
1163104 0
1169284 906
1175925 0
1176945 906
1180965 0
1183445 906
1199445 0
1205663 906
1217372 0
1219952 906
1235622 0
1242042 906
1253691 0
1257651 906
1271821 0
1322591 906
1323621 0
1406426 906
1407166 0
1442116 1500
1447295 0
1452795 479
1454035 0
1455515 479
1457625 1500
1463605 0
1469265 479
1471325 0
1493365 906
1508507 0
1515825 906
1525255 0
1530448 906
1546082 0
1552562 906
1564596 0
1567476 906
1583411 0
1589591 906
1601625 0
1604505 906
1620139 0
1626105 1087
1628815 0
1629319 215
1640739 0
1700665 1600
1710850 0
1715805 906
1716705 1500
1723188 0
1724255 1500
1727155 0
1751505 906
1767904 0
1774084 906
1786093 0
1787593 906
1804283 0
1810463 906
1822472 0
1848152 906
1848892 0
1929152 906
1929902 0
2047086 593
2057775 0
2060615 906
2061365 593
2074205 0
2098165 906
2113125 0
2120334 906
2132668 0
2134948 906
2151182 0
2157362 906
2169696 0
2171976 906
2188211 0
2194391 906
2206725 0
2209765 906
2225404 0
2231419 906
2243754 0
2246034 906
2261454 0
2268448 906
2280782 0
2282322 906
2299296 0
2305476 906
2317211 0
2319791 906
2334825 0
2356305 906
2372704 0
2378884 906
2390445 0
2392433 906
2408833 0
2415263 906
2427143 0
2429552 906
2445462 0
2451642 906
2463651 0
2467291 906
2481841 0
2488021 906
2500030 0
2502310 906
2515725 0
2529105 906
2536409 0
2538689 906
2554179 0
2556259 906
2572608 0
2578968 906
2590858 0
2593378 906
2601225 0
2651726 1714
2663136 0
2664676 906
2665416 1714
2680425 0
2697705 1714
2700439 0
2700619 215
2712095 0
2715919 1714
2718954 0
2742125 1500
2748140 0
2762315 1500
2768325 0
2800365 906
2801115 0
2910276 906
2922011 0
2923551 906
2939625 0
2961105 906
2977504 0
2983684 906
2990645 0
3034472 906
3049962 0
3057225 906
3063545 0
3151944 906
3159399 0
3160939 906
3177588 0
3183828 906
3195778 0
3233697 906
3250346 0
3256526 906
3267936 0
3308900 906
3323754 0
3329934 906
3342268 0
3352948 1500
3359060 0
3367022 1500
3373134 0
3417865 906
3434839 0
3441019 906
3453294 0
3455634 906
3463511 0
3505605 906
3506371 0
3559905 1714
3563514 0
3566985 1714
3584279 0
3590855 1714
3599355 0
3605265 906
3606005 1714
3618083 0
3624863 1714
3636872 0
3639152 1714
3655062 0
3661242 1714
3673251 0
3677234 906
3677974 1714
3691441 0
3697621 1714
3703125 0
3734000 215
3745420 0
3851205 906
3851945 0
3861326 906
3872736 0
3875016 906
3890025 0
3913332 906
3928554 0
3935691 906
3947068 0
3948608 906
3965368 0
3972362 906
3983882 0
3987050 906
4002050 0
4008791 906
4021125 0
4022665 906
4039639 0
4045819 906
4048725 0
4049205 906
4058154 0
4060434 906
4076368 0
4082848 906
4091925 0
4092105 1087
4094815 0
4097762 906
4113696 0
4119850 593
4125517 0
4127536 906
4130496 0
4134971 593
4148532 0
4170705 906
4177425 0
4178505 906
4187087 0
4193284 906
4205265 0
4206861 906
4221525 0
4222005 906
4223465 0
4229663 906
4241607 0
4244016 906
4259768 0
4266042 1714
4277910 0
4282090 906
4282830 1714
4318725 0
4331505 1714
4361925 0
1864 events for O
13362 12910592
13363 0
13592 12910592
13593 0
14132 12910592
14133 0
14362 12910592
14363 0
31150 12910592
31151 0
31410 12910592
31411 0
31990 12910592
31991 0
32250 12910592
32251 0
48938 12910592
48939 0
49198 12910592
49199 0
49778 12910592
49779 0
50038 12910592
50039 0
66726 12910592
66727 0
66986 12910592
66987 0
67566 12910592
67567 0
67826 12910592
67827 0
84515 12910592
84516 0
84775 12910592
84776 0
85355 12910592
85356 0
85615 12910592
85616 0
102303 12910592
102304 0
102563 12910592
102564 0
103143 12910592
103144 0
103403 12910592
103404 0
120091 12910592
120092 0
120351 12910592
120352 0
120931 12910592
120932 0
121191 12910592
121192 0
137879 12910592
137880 0
138139 12910592
138140 0
138719 12910592
138720 0
138979 12910592
138980 0
155668 12910592
155669 0
155928 12910592
155929 0
156508 12910592
156509 0
156768 12910592
156769 0
173456 12910592
173457 0
173716 12910592
173717 0
174296 12910592
174297 0
174556 12910592
174557 0
191244 12910592
191245 0
191504 12910592
191505 0
192084 12910592
192085 0
192344 12910592
192345 0
209032 12910592
209033 0
209292 12910592
209293 0
209872 12910592
209873 0
210132 12910592
210133 0
226821 12910592
226822 0
227081 12910592
227082 0
227661 12910592
227662 0
227921 12910592
227922 0
244009 12910592
244010 0
244269 12910592
244270 0
244849 12910592
244850 0
245109 12910592
245110 0
260897 12910592
260898 0
261157 12910592
261158 0
261737 12910592
261738 0
261997 12910592
261998 0
279797 12910592
279798 0
280027 12910592
280028 0
280567 12910592
280568 0
280797 12910592
280798 0
299426 12910592
299427 0
299686 12910592
299687 0
300266 12910592
300267 0
300526 12910592
300527 0
317940 12910592
317941 0
318200 12910592
318201 0
318780 12910592
318781 0
319040 12910592
319041 0
336454 12910592
336455 0
336714 12910592
336715 0
337294 12910592
337295 0
337554 12910592
337555 0
354968 12910592
354969 0
355228 12910592
355229 0
355808 12910592
355809 0
356068 12910592
356069 0
373483 12910592
373484 0
373743 12910592
373744 0
374323 12910592
374324 0
374583 12910592
374584 0
391997 12910592
391998 0
392257 12910592
392258 0
392837 12910592
392838 0
393097 12910592
393098 0
410511 12910592
410512 0
410771 12910592
410772 0
411351 12910592
411352 0
411611 12910592
411612 0
429026 12910592
429027 0
429286 12910592
429287 0
429866 12910592
429867 0
430126 12910592
430127 0
447540 12910592
447541 0
447800 12910592
447801 0
448380 12910592
448381 0
448640 12910592
448641 0
466054 12910592
466055 0
466314 12910592
466315 0
466894 12910592
466895 0
467154 12910592
467155 0
484568 12910592
484569 0
484828 12910592
484829 0
485408 12910592
485409 0
485668 12910592
485669 0
502483 12910592
502484 0
502743 12910592
502744 0
503323 12910592
503324 0
503583 12910592
503584 0
520097 12910592
520098 0
520357 12910592
520358 0
520937 12910592
520938 0
521197 12910592
521198 0
538997 12910592
538998 0
539257 12910592
539258 0
539837 12910592
539838 0
540097 12910592
540098 0
557976 12910592
557977 0
558236 12910592
558237 0
558816 12910592
558817 0
559076 12910592
559077 0
576165 12910592
576166 0
576425 12910592
576426 0
577005 12910592
577006 0
577265 12910592
577266 0
594355 12910592
594356 0
594615 12910592
594616 0
595195 12910592
595196 0
595455 12910592
595456 0
612544 12910592
612545 0
612804 12910592
612805 0
613384 12910592
613385 0
613644 12910592
613645 0
630734 12910592
630735 0
630994 12910592
630995 0
631574 12910592
631575 0
631834 12910592
631835 0
648923 12910592
648924 0
649153 12910592
649154 0
649693 12910592
649694 0
649923 12910592
649924 0
667113 12910592
667114 0
667373 12910592
667374 0
667953 12910592
667954 0
668213 12910592
668214 0
685302 12910592
685303 0
685562 12910592
685563 0
686142 12910592
686143 0
686402 12910592
686403 0
703492 12910592
703493 0
703752 12910592
703753 0
704332 12910592
704333 0
704592 12910592
704593 0
721681 12910592
721682 0
721941 12910592
721942 0
722521 12910592
722522 0
722781 12910592
722782 0
739871 12910592
739872 0
740131 12910592
740132 0
740711 12910592
740712 0
740971 12910592
740972 0
758060 12910592
758061 0
758320 12910592
758321 0
758900 12910592
758901 0
759160 12910592
759161 0
776250 12910592
776251 0
776510 12910592
776511 0
777090 12910592
777091 0
777350 12910592
777351 0
794439 12910592
794440 0
794699 12910592
794700 0
795279 12910592
795280 0
795539 12910592
795540 0
812629 12910592
812630 0
812889 12910592
812890 0
813469 12910592
813470 0
813729 12910592
813730 0
830818 12910592
830819 0
831078 12910592
831079 0
831658 12910592
831659 0
831918 12910592
831919 0
848408 12910592
848409 0
848668 12910592
848669 0
849248 12910592
849249 0
849508 12910592
849509 0
865697 12910592
865698 0
865957 12910592
865958 0
866537 12910592
866538 0
866797 12910592
866798 0
884597 12910592
884598 0
884827 12910592
884828 0
885367 12910592
885368 0
885597 12910592
885598 0
904226 12910592
904227 0
904486 12910592
904487 0
905066 12910592
905067 0
905326 12910592
905327 0
922740 12910592
922741 0
923000 12910592
923001 0
923580 12910592
923581 0
923840 12910592
923841 0
941254 12910592
941255 0
941514 12910592
941515 0
942094 12910592
942095 0
942354 12910592
942355 0
959768 12910592
959769 0
960028 12910592
960029 0
960608 12910592
960609 0
960868 12910592
960869 0
978283 12910592
978284 0
978543 12910592
978544 0
979123 12910592
979124 0
979383 12910592
979384 0
996797 12910592
996798 0
997057 12910592
997058 0
997637 12910592
997638 0
997897 12910592
997898 0
1015311 12910592
1015312 0
1015571 12910592
1015572 0
1016151 12910592
1016152 0
1016411 12910592
1016412 0
1033826 12910592
1033827 0
1034086 12910592
1034087 0
1034666 12910592
1034667 0
1034926 12910592
1034927 0
1052340 12910592
1052341 0
1052600 12910592
1052601 0
1053180 12910592
1053181 0
1053440 12910592
1053441 0
1070854 12910592
1070855 0
1071114 12910592
1071115 0
1071694 12910592
1071695 0
1071954 12910592
1071955 0
1089368 12910592
1089369 0
1089628 12910592
1089629 0
1090208 12910592
1090209 0
1090468 12910592
1090469 0
1107283 12910592
1107284 0
1107543 12910592
1107544 0
1108123 12910592
1108124 0
1108383 12910592
1108384 0
1124897 12910592
1124898 0
1125157 12910592
1125158 0
1125737 12910592
1125738 0
1125997 12910592
1125998 0
1143797 12910592
1143798 0
1144057 12910592
1144058 0
1144637 12910592
1144638 0
1144897 12910592
1144898 0
1162776 12910592
1162777 0
1163036 12910592
1163037 0
1163616 12910592
1163617 0
1163876 12910592
1163877 0
1180965 12910592
1180966 0
1181225 12910592
1181226 0
1181805 12910592
1181806 0
1182065 12910592
1182066 0
1199155 12910592
1199156 0
1199415 12910592
1199416 0
1199995 12910592
1199996 0
1200255 12910592
1200256 0
1217344 12910592
1217345 0
1217604 12910592
1217605 0
1218184 12910592
1218185 0
1218444 12910592
1218445 0
1235534 12910592
1235535 0
1235794 12910592
1235795 0
1236374 12910592
1236375 0
1236634 12910592
1236635 0
1253723 12910592
1253724 0
1253953 12910592
1253954 0
1254493 12910592
1254494 0
1254723 12910592
1254724 0
1271913 12910592
1271914 0
1272173 12910592
1272174 0
1272753 12910592
1272754 0
1273013 12910592
1273014 0
1290102 12910592
1290103 0
1290362 12910592
1290363 0
1290942 12910592
1290943 0
1291202 12910592
1291203 0
1308292 12910592
1308293 0
1308552 12910592
1308553 0
1309132 12910592
1309133 0
1309392 12910592
1309393 0
1326481 12910592
1326482 0
1326741 12910592
1326742 0
1327321 12910592
1327322 0
1327581 12910592
1327582 0
1344671 12910592
1344672 0
1344931 12910592
1344932 0
1345511 12910592
1345512 0
1345771 12910592
1345772 0
1362860 12910592
1362861 0
1363120 12910592
1363121 0
1363700 12910592
1363701 0
1363960 12910592
1363961 0
1381050 12910592
1381051 0
1381310 12910592
1381311 0
1381890 12910592
1381891 0
1382150 12910592
1382151 0
1399239 12910592
1399240 0
1399499 12910592
1399500 0
1400079 12910592
1400080 0
1400339 12910592
1400340 0
1417429 12910592
1417430 0
1417689 12910592
1417690 0
1418269 12910592
1418270 0
1418529 12910592
1418530 0
1435618 12910592
1435619 0
1435878 12910592
1435879 0
1436458 12910592
1436459 0
1436718 12910592
1436719 0
1453208 12910592
1453209 0
1453468 12910592
1453469 0
1454048 12910592
1454049 0
1454308 12910592
1454309 0
1470497 12910592
1470498 0
1470757 12910592
1470758 0
1471337 12910592
1471338 0
1471597 12910592
1471598 0
1489397 12910592
1489398 0
1489627 12910592
1489628 0
1490167 12910592
1490168 0
1490397 12910592
1490398 0
1509026 12910592
1509027 0
1509286 12910592
1509287 0
1509866 12910592
1509867 0
1510126 12910592
1510127 0
1527540 12910592
1527541 0
1527800 12910592
1527801 0
1528380 12910592
1528381 0
1528640 12910592
1528641 0
1546054 12910592
1546055 0
1546314 12910592
1546315 0
1546894 12910592
1546895 0
1547154 12910592
1547155 0
1564568 12910592
1564569 0
1564828 12910592
1564829 0
1565408 12910592
1565409 0
1565668 12910592
1565669 0
1583083 12910592
1583084 0
1583343 12910592
1583344 0
1583923 12910592
1583924 0
1584183 12910592
1584184 0
1601597 12910592
1601598 0
1601857 12910592
1601858 0
1602437 12910592
1602438 0
1602697 12910592
1602698 0
1620111 12910592
1620112 0
1620371 12910592
1620372 0
1620951 12910592
1620952 0
1621211 12910592
1621212 0
1638626 12910592
1638627 0
1638886 12910592
1638887 0
1639466 12910592
1639467 0
1639726 12910592
1639727 0
1657140 12910592
1657141 0
1657400 12910592
1657401 0
1657980 12910592
1657981 0
1658240 12910592
1658241 0
1675654 12910592
1675655 0
1675914 12910592
1675915 0
1676494 12910592
1676495 0
1676754 12910592
1676755 0
1694168 12910592
1694169 0
1694428 12910592
1694429 0
1695008 12910592
1695009 0
1695268 12910592
1695269 0
1712083 12910592
1712084 0
1712343 12910592
1712344 0
1712923 12910592
1712924 0
1713183 12910592
1713184 0
1729697 12910592
1729698 0
1729957 12910592
1729958 0
1730537 12910592
1730538 0
1730797 12910592
1730798 0
1748597 12910592
1748598 0
1748857 12910592
1748858 0
1749437 12910592
1749438 0
1749697 12910592
1749698 0
1767576 12910592
1767577 0
1767836 12910592
1767837 0
1768416 12910592
1768417 0
1768676 12910592
1768677 0
1785765 12910592
1785766 0
1786025 12910592
1786026 0
1786605 12910592
1786606 0
1786865 12910592
1786866 0
1803955 12910592
1803956 0
1804215 12910592
1804216 0
1804795 12910592
1804796 0
1805055 12910592
1805056 0
1822144 12910592
1822145 0
1822404 12910592
1822405 0
1822984 12910592
1822985 0
1823244 12910592
1823245 0
1840334 12910592
1840335 0
1840594 12910592
1840595 0
1841174 12910592
1841175 0
1841434 12910592
1841435 0
1858523 12910592
1858524 0
1858753 12910592
1858754 0
1859293 12910592
1859294 0
1859523 12910592
1859524 0
1876713 12910592
1876714 0
1876973 12910592
1876974 0
1877553 12910592
1877554 0
1877813 12910592
1877814 0
1894902 12910592
1894903 0
1895162 12910592
1895163 0
1895742 12910592
1895743 0
1896002 12910592
1896003 0
1913092 12910592
1913093 0
1913352 12910592
1913353 0
1913932 12910592
1913933 0
1914192 12910592
1914193 0
1931281 12910592
1931282 0
1931541 12910592
1931542 0
1932121 12910592
1932122 0
1932381 12910592
1932382 0
1949471 12910592
1949472 0
1949731 12910592
1949732 0
1950311 12910592
1950312 0
1950571 12910592
1950572 0
1967660 12910592
1967661 0
1967920 12910592
1967921 0
1968500 12910592
1968501 0
1968760 12910592
1968761 0
1985850 12910592
1985851 0
1986110 12910592
1986111 0
1986690 12910592
1986691 0
1986950 12910592
1986951 0
2004039 12910592
2004040 0
2004299 12910592
2004300 0
2004879 12910592
2004880 0
2005139 12910592
2005140 0
2022229 12910592
2022230 0
2022489 12910592
2022490 0
2023069 12910592
2023070 0
2023329 12910592
2023330 0
2040418 12910592
2040419 0
2040678 12910592
2040679 0
2041258 12910592
2041259 0
2041518 12910592
2041519 0
2058008 12910592
2058009 0
2058268 12910592
2058269 0
2058848 12910592
2058849 0
2059108 12910592
2059109 0
2075297 12910592
2075298 0
2075557 12910592
2075558 0
2076137 12910592
2076138 0
2076397 12910592
2076398 0
2094197 12910592
2094198 0
2094427 12910592
2094428 0
2094967 12910592
2094968 0
2095197 12910592
2095198 0
2113826 12910592
2113827 0
2114086 12910592
2114087 0
2114666 12910592
2114667 0
2114926 12910592
2114927 0
2132340 12910592
2132341 0
2132600 12910592
2132601 0
2133180 12910592
2133181 0
2133440 12910592
2133441 0
2150854 12910592
2150855 0
2151114 12910592
2151115 0
2151694 12910592
2151695 0
2151954 12910592
2151955 0
2169368 12910592
2169369 0
2169628 12910592
2169629 0
2170208 12910592
2170209 0
2170468 12910592
2170469 0
2187883 12910592
2187884 0
2188143 12910592
2188144 0
2188723 12910592
2188724 0
2188983 12910592
2188984 0
2206397 12910592
2206398 0
2206657 12910592
2206658 0
2207237 12910592
2207238 0
2207497 12910592
2207498 0
2224911 12910592
2224912 0
2225171 12910592
2225172 0
2225751 12910592
2225752 0
2226011 12910592
2226012 0
2243426 12910592
2243427 0
2243686 12910592
2243687 0
2244266 12910592
2244267 0
2244526 12910592
2244527 0
2261940 12910592
2261941 0
2262200 12910592
2262201 0
2262780 12910592
2262781 0
2263040 12910592
2263041 0
2280454 12910592
2280455 0
2280714 12910592
2280715 0
2281294 12910592
2281295 0
2281554 12910592
2281555 0
2298968 12910592
2298969 0
2299228 12910592
2299229 0
2299808 12910592
2299809 0
2300068 12910592
2300069 0
2316883 12910592
2316884 0
2317143 12910592
2317144 0
2317723 12910592
2317724 0
2317983 12910592
2317984 0
2334497 12910592
2334498 0
2334757 12910592
2334758 0
2335337 12910592
2335338 0
2335597 12910592
2335598 0
2353397 12910592
2353398 0
2353657 12910592
2353658 0
2354237 12910592
2354238 0
2354497 12910592
2354498 0
2372376 12910592
2372377 0
2372636 12910592
2372637 0
2373216 12910592
2373217 0
2373476 12910592
2373477 0
2390565 12910592
2390566 0
2390825 12910592
2390826 0
2391405 12910592
2391406 0
2391665 12910592
2391666 0
2408755 12910592
2408756 0
2409015 12910592
2409016 0
2409595 12910592
2409596 0
2409855 12910592
2409856 0
2426944 12910592
2426945 0
2427204 12910592
2427205 0
2427784 12910592
2427785 0
2428044 12910592
2428045 0
2445134 12910592
2445135 0
2445394 12910592
2445395 0
2445974 12910592
2445975 0
2446234 12910592
2446235 0
2463323 12910592
2463324 0
2463553 12910592
2463554 0
2464093 12910592
2464094 0
2464323 12910592
2464324 0
2481513 12910592
2481514 0
2481773 12910592
2481774 0
2482353 12910592
2482354 0
2482613 12910592
2482614 0
2499702 12910592
2499703 0
2499962 12910592
2499963 0
2500542 12910592
2500543 0
2500802 12910592
2500803 0
2536081 12910592
2536082 0
2536341 12910592
2536342 0
2536921 12910592
2536922 0
2537181 12910592
2537182 0
2554271 12910592
2554272 0
2554531 12910592
2554532 0
2555111 12910592
2555112 0
2555371 12910592
2555372 0
2572460 12910592
2572461 0
2572720 12910592
2572721 0
2573300 12910592
2573301 0
2573560 12910592
2573561 0
2590650 12910592
2590651 0
2590910 12910592
2590911 0
2591490 12910592
2591491 0
2591750 12910592
2591751 0
2608839 12910592
2608840 0
2609099 12910592
2609100 0
2609679 12910592
2609680 0
2609939 12910592
2609940 0
2627029 12910592
2627030 0
2627289 12910592
2627290 0
2627869 12910592
2627870 0
2628129 12910592
2628130 0
2645218 12910592
2645219 0
2645478 12910592
2645479 0
2646058 12910592
2646059 0
2646318 12910592
2646319 0
2662808 12910592
2662809 0
2663068 12910592
2663069 0
2663648 12910592
2663649 0
2663908 12910592
2663909 0
2680097 12910592
2680098 0
2680357 12910592
2680358 0
2680937 12910592
2680938 0
2681197 12910592
2681198 0
2700111 12910592
2700112 0
2700341 12910592
2700342 0
2700881 12910592
2700882 0
2701111 12910592
2701112 0
2718626 12910592
2718627 0
2718886 12910592
2718887 0
2719466 12910592
2719467 0
2719726 12910592
2719727 0
2737140 12910592
2737141 0
2737400 12910592
2737401 0
2737980 12910592
2737981 0
2738240 12910592
2738241 0
2755654 12910592
2755655 0
2755914 12910592
2755915 0
2756494 12910592
2756495 0
2756754 12910592
2756755 0
2774168 12910592
2774169 0
2774428 12910592
2774429 0
2775008 12910592
2775009 0
2775268 12910592
2775269 0
2792683 12910592
2792684 0
2792943 12910592
2792944 0
2793523 12910592
2793524 0
2793783 12910592
2793784 0
2811197 12910592
2811198 0
2811457 12910592
2811458 0
2812037 12910592
2812038 0
2812297 12910592
2812298 0
2829711 12910592
2829712 0
2829971 12910592
2829972 0
2830551 12910592
2830552 0
2830811 12910592
2830812 0
2848226 12910592
2848227 0
2848486 12910592
2848487 0
2849066 12910592
2849067 0
2849326 12910592
2849327 0
2866740 12910592
2866741 0
2867000 12910592
2867001 0
2867580 12910592
2867581 0
2867840 12910592
2867841 0
2885254 12910592
2885255 0
2885514 12910592
2885515 0
2886094 12910592
2886095 0
2886354 12910592
2886355 0
2903768 12910592
2903769 0
2904028 12910592
2904029 0
2904608 12910592
2904609 0
2904868 12910592
2904869 0
2921683 12910592
2921684 0
2921943 12910592
2921944 0
2922523 12910592
2922524 0
2922783 12910592
2922784 0
2939297 12910592
2939298 0
2939557 12910592
2939558 0
2940137 12910592
2940138 0
2940397 12910592
2940398 0
2958197 12910592
2958198 0
2958457 12910592
2958458 0
2959037 12910592
2959038 0
2959297 12910592
2959298 0
2977176 12910592
2977177 0
2977436 12910592
2977437 0
2978016 12910592
2978017 0
2978276 12910592
2978277 0
2995365 12910592
2995366 0
2995625 12910592
2995626 0
2996205 12910592
2996206 0
2996465 12910592
2996466 0
3013555 12910592
3013556 0
3013815 12910592
3013816 0
3014395 12910592
3014396 0
3014655 12910592
3014656 0
3031744 12910592
3031745 0
3032004 12910592
3032005 0
3032584 12910592
3032585 0
3032844 12910592
3032845 0
3049934 12910592
3049935 0
3050194 12910592
3050195 0
3050774 12910592
3050775 0
3051034 12910592
3051035 0
3068123 12910592
3068124 0
3068353 12910592
3068354 0
3068893 12910592
3068894 0
3069123 12910592
3069124 0
3086313 12910592
3086314 0
3086573 12910592
3086574 0
3087153 12910592
3087154 0
3087413 12910592
3087414 0
3104502 12910592
3104503 0
3104762 12910592
3104763 0
3105342 12910592
3105343 0
3105602 12910592
3105603 0
3122692 12910592
3122693 0
3122952 12910592
3122953 0
3123532 12910592
3123533 0
3123792 12910592
3123793 0
3139097 12910592
3139098 0
3139327 12910592
3139328 0
3139867 12910592
3139868 0
3140097 12910592
3140098 0
3159071 12910592
3159072 0
3159331 12910592
3159332 0
3159911 12910592
3159912 0
3160171 12910592
3160172 0
3177260 12910592
3177261 0
3177520 12910592
3177521 0
3178100 12910592
3178101 0
3178360 12910592
3178361 0
3195450 12910592
3195451 0
3195710 12910592
3195711 0
3196290 12910592
3196291 0
3196550 12910592
3196551 0
3213639 12910592
3213640 0
3213899 12910592
3213900 0
3214479 12910592
3214480 0
3214739 12910592
3214740 0
3231829 12910592
3231830 0
3232089 12910592
3232090 0
3232669 12910592
3232670 0
3232929 12910592
3232930 0
3250018 12910592
3250019 0
3250278 12910592
3250279 0
3250858 12910592
3250859 0
3251118 12910592
3251119 0
3267608 12910592
3267609 0
3267868 12910592
3267869 0
3268448 12910592
3268449 0
3268708 12910592
3268709 0
3284897 12910592
3284898 0
3285157 12910592
3285158 0
3285737 12910592
3285738 0
3285997 12910592
3285998 0
3304911 12910592
3304912 0
3305141 12910592
3305142 0
3305681 12910592
3305682 0
3305911 12910592
3305912 0
3323426 12910592
3323427 0
3323686 12910592
3323687 0
3324266 12910592
3324267 0
3324526 12910592
3324527 0
3341940 12910592
3341941 0
3342200 12910592
3342201 0
3342780 12910592
3342781 0
3343040 12910592
3343041 0
3360454 12910592
3360455 0
3360714 12910592
3360715 0
3361294 12910592
3361295 0
3361554 12910592
3361555 0
3378968 12910592
3378969 0
3379228 12910592
3379229 0
3379808 12910592
3379809 0
3380068 12910592
3380069 0
3397483 12910592
3397484 0
3397743 12910592
3397744 0
3398323 12910592
3398324 0
3398583 12910592
3398584 0
3415997 12910592
3415998 0
3416257 12910592
3416258 0
3416837 12910592
3416838 0
3417097 12910592
3417098 0
3434511 12910592
3434512 0
3434771 12910592
3434772 0
3435351 12910592
3435352 0
3435611 12910592
3435612 0
3453026 12910592
3453027 0
3453286 12910592
3453287 0
3453866 12910592
3453867 0
3454126 12910592
3454127 0
3471540 12910592
3471541 0
3471800 12910592
3471801 0
3472380 12910592
3472381 0
3472640 12910592
3472641 0
3490054 12910592
3490055 0
3490314 12910592
3490315 0
3490894 12910592
3490895 0
3491154 12910592
3491155 0
3508568 12910592
3508569 0
3508828 12910592
3508829 0
3509408 12910592
3509409 0
3509668 12910592
3509669 0
3526483 12910592
3526484 0
3526743 12910592
3526744 0
3527323 12910592
3527324 0
3527583 12910592
3527584 0
3544097 12910592
3544098 0
3544357 12910592
3544358 0
3544937 12910592
3544938 0
3545197 12910592
3545198 0
3563786 12910592
3563787 0
3564046 12910592
3564047 0
3564626 12910592
3564627 0
3564886 12910592
3564887 0
3584347 12910592
3584348 0
3584607 12910592
3584608 0
3585187 12910592
3585188 0
3585447 12910592
3585448 0
3598747 12910592
3598748 0
3599007 12910592
3599008 0
3599587 12910592
3599588 0
3599847 12910592
3599848 0
3618355 12910592
3618356 0
3618615 12910592
3618616 0
3619195 12910592
3619196 0
3619455 12910592
3619456 0
3636544 12910592
3636545 0
3636804 12910592
3636805 0
3637384 12910592
3637385 0
3637644 12910592
3637645 0
3654734 12910592
3654735 0
3654994 12910592
3654995 0
3655574 12910592
3655575 0
3655834 12910592
3655835 0
3672923 12910592
3672924 0
3673153 12910592
3673154 0
3673693 12910592
3673694 0
3673923 12910592
3673924 0
3691113 12910592
3691114 0
3691373 12910592
3691374 0
3691953 12910592
3691954 0
3692213 12910592
3692214 0
3709302 12910592
3709303 0
3709562 12910592
3709563 0
3710142 12910592
3710143 0
3710402 12910592
3710403 0
3727492 12910592
3727493 0
3727752 12910592
3727753 0
3728332 12910592
3728333 0
3728592 12910592
3728593 0
3745681 12910592
3745682 0
3745941 12910592
3745942 0
3746521 12910592
3746522 0
3746781 12910592
3746782 0
3763871 12910592
3763872 0
3764131 12910592
3764132 0
3764711 12910592
3764712 0
3764971 12910592
3764972 0
3782060 12910592
3782061 0
3782320 12910592
3782321 0
3782900 12910592
3782901 0
3783160 12910592
3783161 0
3800250 12910592
3800251 0
3800510 12910592
3800511 0
3801090 12910592
3801091 0
3801350 12910592
3801351 0
3818439 12910592
3818440 0
3818699 12910592
3818700 0
3819279 12910592
3819280 0
3819539 12910592
3819540 0
3836629 12910592
3836630 0
3836889 12910592
3836890 0
3837469 12910592
3837470 0
3837729 12910592
3837730 0
3854818 12910592
3854819 0
3855078 12910592
3855079 0
3855658 12910592
3855659 0
3855918 12910592
3855919 0
3872408 12910592
3872409 0
3872668 12910592
3872669 0
3873248 12910592
3873249 0
3873508 12910592
3873509 0
3889697 12910592
3889698 0
3889957 12910592
3889958 0
3890537 12910592
3890538 0
3890797 12910592
3890798 0
3908597 12910592
3908598 0
3908827 12910592
3908828 0
3909367 12910592
3909368 0
3909597 12910592
3909598 0
3928226 12910592
3928227 0
3928486 12910592
3928487 0
3929066 12910592
3929067 0
3929326 12910592
3929327 0
3946740 12910592
3946741 0
3947000 12910592
3947001 0
3947580 12910592
3947581 0
3947840 12910592
3947841 0
3965254 12910592
3965255 0
3965514 12910592
3965515 0
3966094 12910592
3966095 0
3966354 12910592
3966355 0
3983768 12910592
3983769 0
3984028 12910592
3984029 0
3984608 12910592
3984609 0
3984868 12910592
3984869 0
4002283 12910592
4002284 0
4002543 12910592
4002544 0
4003123 12910592
4003124 0
4003383 12910592
4003384 0
4020797 12910592
4020798 0
4021057 12910592
4021058 0
4021637 12910592
4021638 0
4021897 12910592
4021898 0
4039311 12910592
4039312 0
4039571 12910592
4039572 0
4040151 12910592
4040152 0
4040411 12910592
4040412 0
4057826 12910592
4057827 0
4058086 12910592
4058087 0
4058666 12910592
4058667 0
4058926 12910592
4058927 0
4076340 12910592
4076341 0
4076600 12910592
4076601 0
4077180 12910592
4077181 0
4077440 12910592
4077441 0
4094854 12910592
4094855 0
4095114 12910592
4095115 0
4095694 12910592
4095695 0
4095954 12910592
4095955 0
4113368 12910592
4113369 0
4113628 12910592
4113629 0
4114208 12910592
4114209 0
4114468 12910592
4114469 0
4131283 12910592
4131284 0
4131543 12910592
4131544 0
4132123 12910592
4132124 0
4132383 12910592
4132384 0
4148897 12910592
4148898 0
4149157 12910592
4149158 0
4149737 12910592
4149738 0
4149997 12910592
4149998 0
4167797 12910592
4167798 0
4168057 12910592
4168058 0
4168637 12910592
4168638 0
4168897 12910592
4168898 0
4186776 12910592
4186777 0
4187036 12910592
4187037 0
4187616 12910592
4187617 0
4187876 12910592
4187877 0
4204965 12910592
4204966 0
4205225 12910592
4205226 0
4205805 12910592
4205806 0
4206065 12910592
4206066 0
4223155 12910592
4223156 0
4223415 12910592
4223416 0
4223995 12910592
4223996 0
4224255 12910592
4224256 0
4241344 12910592
4241345 0
4241604 12910592
4241605 0
4242184 12910592
4242185 0
4242444 12910592
4242445 0
4259534 12910592
4259535 0
4259794 12910592
4259795 0
4260374 12910592
4260375 0
4260634 12910592
4260635 0
4277723 12910592
4277724 0
4277953 12910592
4277954 0
4278493 12910592
4278494 0
4278723 12910592
4278724 0
102 events for P
6812 1642
12877 2414
14717 1642
50312 2414
92912 1642
279312 2414
281152 1642
412326 2414
482012 1642
648438 2414
650278 1642
865112 0
865113 1285
884112 2414
885952 1285
1217059 2057
1232909 1285
1237349 2057
1253238 2414
1255478 2057
1269108 1285
1488912 2414
1490752 1285
1858038 2414
1859878 1285
1878528 2057
1928896 706
2042852 2057
2074712 706
2093712 2414
2095552 706
2115641 1285
2148469 706
2462838 2414
2464678 706
2514912 2414
2522272 706
2524565 1772
2554106 1285
2569895 706
2574275 1285
2606454 706
2610654 1285
2642833 706
2699626 2414
2701466 706
2728232 1285
2733812 706
2747943 1285
2749923 706
2987612 1285
3011170 706
3015370 1285
3029359 706
3031579 1772
3047249 706
3051869 1772
3067638 2414
3069998 1772
3083628 706
3138612 2414
3148372 706
3180455 1285
3211232 706
3215454 1285
3224912 706
3284312 0
3284313 487
3304426 2414
3306266 487
3378683 2414
3394883 487
3399298 2414
3432126 487
3436326 2414
3469155 487
3672438 2414
3674278 487
3700712 2414
3725106 487
3729307 2414
3761485 487
3765686 2414
3769286 487
3787286 2414
3790886 487
3800565 2414
3802712 487
3814112 2414
3852433 487
3908112 2414
3925841 487
3930041 2414
3938012 487
3983552 2414
3999337 487
4188591 2414
4196012 487
4225015 2414
4257055 487
4277238 2414
4279078 487
4 events for Q
868193 0
868194 74
3287393 0
3287394 74
47 events for R
262646 0
280166 1370
521846 0
539366 1370
867446 0
885146 600
885326 1300
1125206 600
1125406 0
1144346 600
1144526 1300
1471690 700
1471735 0
1489946 600
1490186 1300
1731006 700
1731051 0
1749146 600
1749386 1300
2076346 700
2076391 0
2094566 1300
2336365 0
2353766 1300
2681965 0
2693366 1300
2941165 0
2958566 1300
3286765 0
3298646 600
3298826 1300
3545446 700
3545491 0
3557666 600
3557846 1300
3804586 700
3804631 0
3816746 600
3816926 1300
3890986 700
3891031 0
3909146 600
3909326 1300
4149406 700
4149451 0
4168346 600
4168466 1300
78 events for S
208634 10000000
208635 0
250563 10000000
250564 0
293211 10000000
293212 0
336129 10000000
336130 0
379107 10000000
379108 0
421964 10000000
421965 0
464494 10000000
464495 0
506479 10000000
506480 0
547972 10000000
547973 0
589622 10000000
589623 0
632079 10000000
632080 0
675380 10000000
675381 0
719295 10000000
719296 0
763651 10000000
763652 0
808388 10000000
808389 0
853610 10000000
853611 0
3324497 1000
3325497 0
3370205 1000
3371205 0
3416104 1000
3417104 0
3462227 1000
3463227 0
3508675 1000
3509675 0
3555482 1000
3556482 0
3620290 1000
3621290 0
3665909 1000
3666909 0
3710784 1000
3711784 0
3751156 1000
3751220 0
3763767 1000
3764767 0
3800374 1000
3801374 0
3844775 1000
3845775 0
3889107 1000
3890107 0
3950960 1000
3951960 0
4012970 1000
4013970 0
4064638 1000
4065638 0
4108470 1000
4109470 0
4152019 1000
4153019 0
4195362 1000
4196362 0
4238472 1000
4239472 0
4281232 1000
4282232 0
4323781 1000
4324781 0
320 events for T
26635 1727
33834 2754
62635 1727
69834 2754
98635 1727
105834 2754
150835 1727
159834 1830
186835 1727
195834 1830
222835 1727
222845 3917
231834 4021
242634 4944
244445 2754
258535 1727
280434 2754
294835 1727
302034 2754
330835 1727
338034 1830
370435 1727
377634 1830
406435 1727
413634 1830
442435 1727
449634 2754
480235 1727
487434 2754
519235 1727
521945 1664
522245 1727
525245 3917
537834 4944
555835 3917
561234 4944
588235 3917
590045 1727
599034 2754
611607 1471
627835 444
635034 1471
663835 444
671034 1471
699835 444
707034 1471
708845 3662
752035 2635
761034 2738
763636 2685
789835 2581
800634 3608
812836 3662
813245 1471
825835 444
833034 548
864835 444
865112 0
865113 444
867245 382
867545 444
883434 548
901435 444
906834 1471
914045 3662
914067 4944
935635 3917
946434 4944
950045 2754
957267 1471
966234 548
975235 444
982434 548
996616 798
1011235 695
1018434 798
1040056 548
1047235 444
1058034 1471
1086835 444
1094034 1471
1123735 444
1144434 1471
1158835 444
1166034 1471
1194835 444
1202034 1471
1212845 1409
1213145 1471
1230835 444
1239834 548
1263245 2738
1268635 2635
1275834 2738
1299245 548
1304635 444
1310034 548
1322635 444
1331634 548
1358635 444
1367634 548
1385645 485
1385945 2738
1394635 2635
1403634 3662
1410867 4944
1432435 3917
1439634 4944
1454012 5195
1469335 4168
1488234 5195
1497256 4944
1497267 3662
1500845 1471
1506235 444
1511634 1471
1522434 548
1542235 444
1551234 548
1562045 485
1562345 548
1580035 444
1587234 1471
1616035 444
1626834 548
1652035 444
1659234 548
1691635 444
1698834 548
1728835 444
1731245 382
1731545 444
1749234 548
1763635 444
1770834 548
1770845 2738
1799635 2635
1806834 3662
1835635 2635
1842834 2738
1850045 548
1850056 798
1873435 695
1882434 798
1904045 736
1904056 485
1904345 548
1909435 444
1914834 548
1927435 444
1936434 548
1963435 444
1972434 548
1999435 444
2008434 1471
2037235 444
2044434 548
2074435 444
2094834 548
2111035 444
2116434 548
2148835 444
2156034 548
2184835 444
2192034 548
2220835 444
2229834 548
2249945 485
2250245 548
2256835 444
2265834 548
2294635 444
2303634 548
2333635 444
2354034 548
2369635 444
2375634 548
2404435 444
2411634 548
2440435 444
2447634 548
2478835 444
2483634 548
2512435 444
2526834 548
2568235 444
2577234 548
2595245 2738
2604235 2635
2613234 2738
2615045 548
2642035 444
2649234 548
2679235 444
2681624 240
2692434 344
2696045 2534
2714035 2431
2714045 240
2721234 344
2751835 240
2760834 344
2789635 240
2796834 344
2825635 240
2836434 344
2861635 240
2870634 344
2899435 240
2906634 344
2938435 240
2958834 344
2973235 240
2980434 344
3009235 240
3016434 344
3045235 240
3056034 344
3083035 240
3088434 344
3119035 240
3124434 344
3173035 240
3182034 344
3200345 281
3200645 344
3210835 240
3218034 344
3246835 240
3254034 344
3284035 240
3284312 0
3284313 240
3287345 178
3287645 240
3300834 344
3320635 240
3329634 344
3356635 240
3365634 344
3394435 240
3401634 344
3430435 240
3437634 344
3460145 281
3460445 344
3466435 240
3473634 344
3504235 240
3513234 344
3542035 240
3556434 344
3560105 281
3560405 344
3614035 240
3624834 344
3650035 240
3657234 344
3676145 281
3676445 344
3687835 240
3693234 344
3725635 240
3732834 344
3759835 240
3768834 344
3799435 240
3805745 178
3806045 240
3815634 344
3851635 240
3858834 344
3887635 240
3891224 444
3909234 548
3923635 444
3930834 548
3938034 1471
3959667 2754
3961435 1727
3966834 1830
3971924 1626
3978485 1564
3978785 3817
3981267 2534
3999235 2431
4006434 2534
4035235 2431
4042434 2534
4043585 344
4064024 548
4071235 444
4078434 548
4110835 444
4118034 548
4146835 444
4150424 240
4152725 178
4153025 240
4168434 344
4182835 240
4190034 344
4197234 1267
4218835 240
4229634 344
4256635 240
4262034 344
4262056 594
4262067 1877
4283624 2081
4283634 3004
4305224 2800
4305234 1877
4305267 594
4317835 491
4323256 240
4324205 178
4324505 240
4326834 344
4361035 240
