20 instruments
A 10 100 0 888000000
B 10 100 2022727.6804039259 699754440.78838515
C 10 100 7196.0339286610251 2810950753.383213
D 10 100 0.00018444817663405244 950598422.35720563
E 10 100 199466000 880000000
F 10 100 0.000155227 800000000
G 10 100 37632 50328700
H 10 100 20927.686835728317 891804836.74978614
I 10 100 2338 640000000
J 10 100 0 320000000
K 10 100 45126217.813212499 1435691857.5629289
L 10 100 1991925.5289842244 689098561.3783263
M 10 100 192158478.34180248 847760826.1096437
N 10 100 0.00018113117344584602 933503441.77673233
O 10 100 1517960000 4000000000
P 10 100 1538660356.7547786 4054547831.9712734
Q 10 100 5459680 2800000000
R 10 100 815344000 7516190000
S 10 100 20805.899747385713 886615046.05336845
T 10 100 128045.25187067324 495183416.02819836
100 downlinks
0 4798 53082 56661.696495999997
1 53083 65378 56748.807657999998
2 69583 81788 58852.465277000003
3 101982 128282 17334.486729
4 134983 177358 60764.045818999999
5 177359 224775 24005.080918
6 232481 236678 18969.341575999999
7 242081 263441 18036.499982000001
8 286480 298552 52719.905522000001
9 307554 338163 54389.954824
10 362078 373852 17991.02982
11 393839 435558 61717.871531999997
12 436206 481755 24930.695499000001
13 500677 524316 22398.438724
14 539312 567759 17244.778962
15 570575 582913 18220.925300999999
16 599675 611235 58678.576760000004
17 614434 654273 58555.537063999996
18 654274 669159 18992.23504
19 686974 723495 13796.402593000001
20 738990 777271 59962.626314000001
21 777272 783181 23204.996364999999
22 800612 823747 60314.874481999999
23 826171 842579 18020.649063000001
24 884912 912352 17416.188300000002
25 938369 958655 17116.766715000002
26 959367 965865 60234.572946
27 969867 989960 16963.427941999998
28 997858 1040196 60809.052052999999
29 1040197 1065276 23716.228502000002
30 1065865 1073367 18029.108412000001
31 1077025 1080105 60100.563959999999
32 1144112 1170537 17729.224104000001
33 1203863 1215945 17589.138943000002
34 1218621 1250960 58302.529763999999
35 1250961 1268405 18080.346756999999
36 1276761 1304397 55874.873438000002
37 1310359 1333585 60291.091052000003
38 1343024 1385346 60832.041154999999
39 1385347 1423456 24945.773354000001
40 1423457 1447270 18650.039686
41 1489712 1515327 17801.393711000001
42 1515760 1518903 18241.361444999999
43 1535354 1558187 24067.369501000001
44 1559352 1583335 56712.888793999999
45 1609452 1618307 58370.132263
46 1621823 1642663 58005.525035999999
47 1644214 1682049 24930.123806
48 1682050 1703223 16739.689300999999
49 1748912 1773479 18181.419744999999
50 1795447 1821063 18610.315675999998
51 1822505 1860893 59847.283359000001
52 1862345 1878420 18063.419893999999
53 1883045 1907850 18186.627066000001
54 1908902 1924749 56843.492619999997
55 1947082 1980541 9175.5815739999998
56 1980542 1992031 9288.5908459999991
57 1995299 2033298 29976.478185
58 2035439 2052476 8340.6453669999992
59 2061839 2072142 28164.287346000001
60 2094512 2117095 9615.6592349999992
61 2139237 2167733 8936.4976299999998
62 2167734 2171557 29078.912095
63 2187234 2194681 8738.7729049999998
64 2212862 2248251 9283.3064869999998
65 2248252 2294030 9136.56639
66 2294031 2310438 8867.2325060000003
67 2325865 2330271 30843.021497000002
68 2353712 2370481 8651.5363890000008
69 2372028 2394935 8598.6086899999991
70 2397828 2426324 28620.571626000001
71 2426325 2437245 29488.2804
72 2440485 2462885 29574.456625999999
73 2468925 2482262 8990.2936559999998
74 2484825 2513707 27889.095755999999
75 2515722 2525851 27279.489213000001
76 2528702 2531927 29339.122920000002
77 2538222 2547048 30467.823106
78 2556522 2568072 9273.8508989999991
79 2571327 2592563 28091.132868000001
80 2593425 2637464 9462.077765
81 2637465 2652798 8739.387213
82 2693312 2708216 27177.101999999999
83 2723765 2747874 28867.988366000001
84 2748815 2771343 8757.0573490000006
85 2810066 2852314 30482.278361000001
86 2852315 2889208 9337.789702
87 2889209 2917670 8515.7706749999998
88 2958512 2973395 8900.7025030000004
89 2975605 3001394 8778.3355150000007
90 3001405 3029777 29886.497736000001
91 3032302 3059543 29243.536622
92 3060262 3064475 26517.245249
93 3068971 3083243 8834.4018649999998
94 3102502 3113877 9457.9623840000004
95 3125898 3145794 28164.872808
96 3155273 3197502 30503.298975000002
97 3197503 3219918 8691.2845450000004
98 3220394 3230389 8525.9525360000007
99 3233054 3236807 28086.786929000002
0 opportunities for A
0 opportunities for B
0 opportunities for C
0 opportunities for D
0 opportunities for E
0 opportunities for F
0 opportunities for G
0 opportunities for H
0 opportunities for I
0 opportunities for J
0 opportunities for K
0 opportunities for L
0 opportunities for M
0 opportunities for N
0 opportunities for O
0 opportunities for P
0 opportunities for Q
0 opportunities for R
0 opportunities for S
0 opportunities for T
32 events for A
208634 10000000
208635 0
250563 10000000
250564 0
293211 10000000
293212 0
336129 10000000
336130 0
379107 10000000
379108 0
421964 10000000
421965 0
464494 10000000
464495 0
506479 10000000
506480 0
547972 10000000
547973 0
589622 10000000
589623 0
632079 10000000
632080 0
675380 10000000
675381 0
719295 10000000
719296 0
763651 10000000
763652 0
808388 10000000
808389 0
853610 10000000
853611 0
29 events for B
262646 0
280166 1370
521846 0
539366 1370
867446 0
885146 600
885326 1300
1125206 600
1125406 0
1144346 600
1144526 1300
1471690 700
1471735 0
1489946 600
1490186 1300
1731006 700
1731051 0
1749146 600
1749386 1300
2076346 700
2076391 0
2094566 1300
2336365 0
2353766 1300
2681965 0
2693366 1300
2941165 0
2958566 1300
3286765 0
1432 events for C
14773 12910592
14774 0
15003 12910592
15004 0
15543 12910592
15544 0
15773 12910592
15774 0
32561 12910592
32562 0
32821 12910592
32822 0
33401 12910592
33402 0
33661 12910592
33662 0
50349 12910592
50350 0
50609 12910592
50610 0
51189 12910592
51190 0
51449 12910592
51450 0
68137 12910592
68138 0
68397 12910592
68398 0
68977 12910592
68978 0
69237 12910592
69238 0
85926 12910592
85927 0
86186 12910592
86187 0
86766 12910592
86767 0
87026 12910592
87027 0
103714 12910592
103715 0
103974 12910592
103975 0
104554 12910592
104555 0
104814 12910592
104815 0
121502 12910592
121503 0
121762 12910592
121763 0
122342 12910592
122343 0
122602 12910592
122603 0
139290 12910592
139291 0
139550 12910592
139551 0
140130 12910592
140131 0
140390 12910592
140391 0
157079 12910592
157080 0
157339 12910592
157340 0
157919 12910592
157920 0
158179 12910592
158180 0
174867 12910592
174868 0
175127 12910592
175128 0
175707 12910592
175708 0
175967 12910592
175968 0
192655 12910592
192656 0
192915 12910592
192916 0
193495 12910592
193496 0
193755 12910592
193756 0
210443 12910592
210444 0
210703 12910592
210704 0
211283 12910592
211284 0
211543 12910592
211544 0
228232 12910592
228233 0
228492 12910592
228493 0
229072 12910592
229073 0
229332 12910592
229333 0
245420 12910592
245421 0
245680 12910592
245681 0
246260 12910592
246261 0
246520 12910592
246521 0
262308 12910592
262309 0
262568 12910592
262569 0
263148 12910592
263149 0
263408 12910592
263409 0
281208 12910592
281209 0
281438 12910592
281439 0
281978 12910592
281979 0
282208 12910592
282209 0
300837 12910592
300838 0
301097 12910592
301098 0
301677 12910592
301678 0
301937 12910592
301938 0
319351 12910592
319352 0
319611 12910592
319612 0
320191 12910592
320192 0
320451 12910592
320452 0
337865 12910592
337866 0
338125 12910592
338126 0
338705 12910592
338706 0
338965 12910592
338966 0
356379 12910592
356380 0
356639 12910592
356640 0
357219 12910592
357220 0
357479 12910592
357480 0
374894 12910592
374895 0
375154 12910592
375155 0
375734 12910592
375735 0
375994 12910592
375995 0
393408 12910592
393409 0
393668 12910592
393669 0
394248 12910592
394249 0
394508 12910592
394509 0
411922 12910592
411923 0
412182 12910592
412183 0
412762 12910592
412763 0
413022 12910592
413023 0
430437 12910592
430438 0
430697 12910592
430698 0
431277 12910592
431278 0
431537 12910592
431538 0
448951 12910592
448952 0
449211 12910592
449212 0
449791 12910592
449792 0
450051 12910592
450052 0
467465 12910592
467466 0
467725 12910592
467726 0
468305 12910592
468306 0
468565 12910592
468566 0
485979 12910592
485980 0
486239 12910592
486240 0
486819 12910592
486820 0
487079 12910592
487080 0
503894 12910592
503895 0
504154 12910592
504155 0
504734 12910592
504735 0
504994 12910592
504995 0
521508 12910592
521509 0
521768 12910592
521769 0
522348 12910592
522349 0
522608 12910592
522609 0
540408 12910592
540409 0
540668 12910592
540669 0
541248 12910592
541249 0
541508 12910592
541509 0
559387 12910592
559388 0
559647 12910592
559648 0
560227 12910592
560228 0
560487 12910592
560488 0
577576 12910592
577577 0
577836 12910592
577837 0
578416 12910592
578417 0
578676 12910592
578677 0
595766 12910592
595767 0
596026 12910592
596027 0
596606 12910592
596607 0
596866 12910592
596867 0
613955 12910592
613956 0
614215 12910592
614216 0
614795 12910592
614796 0
615055 12910592
615056 0
632145 12910592
632146 0
632405 12910592
632406 0
632985 12910592
632986 0
633245 12910592
633246 0
650334 12910592
650335 0
650564 12910592
650565 0
651104 12910592
651105 0
651334 12910592
651335 0
668524 12910592
668525 0
668784 12910592
668785 0
669364 12910592
669365 0
669624 12910592
669625 0
686713 12910592
686714 0
686973 12910592
686974 0
687553 12910592
687554 0
687813 12910592
687814 0
704903 12910592
704904 0
705163 12910592
705164 0
705743 12910592
705744 0
706003 12910592
706004 0
723092 12910592
723093 0
723352 12910592
723353 0
723932 12910592
723933 0
724192 12910592
724193 0
741282 12910592
741283 0
741542 12910592
741543 0
742122 12910592
742123 0
742382 12910592
742383 0
759471 12910592
759472 0
759731 12910592
759732 0
760311 12910592
760312 0
760571 12910592
760572 0
777661 12910592
777662 0
777921 12910592
777922 0
778501 12910592
778502 0
778761 12910592
778762 0
795850 12910592
795851 0
796110 12910592
796111 0
796690 12910592
796691 0
796950 12910592
796951 0
814040 12910592
814041 0
814300 12910592
814301 0
814880 12910592
814881 0
815140 12910592
815141 0
832229 12910592
832230 0
832489 12910592
832490 0
833069 12910592
833070 0
833329 12910592
833330 0
849819 12910592
849820 0
850079 12910592
850080 0
850659 12910592
850660 0
850919 12910592
850920 0
867108 12910592
867109 0
867368 12910592
867369 0
867948 12910592
867949 0
868208 12910592
868209 0
886008 12910592
886009 0
886238 12910592
886239 0
886778 12910592
886779 0
887008 12910592
887009 0
905637 12910592
905638 0
905897 12910592
905898 0
906477 12910592
906478 0
906737 12910592
906738 0
924151 12910592
924152 0
924411 12910592
924412 0
924991 12910592
924992 0
925251 12910592
925252 0
942665 12910592
942666 0
942925 12910592
942926 0
943505 12910592
943506 0
943765 12910592
943766 0
961179 12910592
961180 0
961439 12910592
961440 0
962019 12910592
962020 0
962279 12910592
962280 0
979694 12910592
979695 0
979954 12910592
979955 0
980534 12910592
980535 0
980794 12910592
980795 0
998208 12910592
998209 0
998468 12910592
998469 0
999048 12910592
999049 0
999308 12910592
999309 0
1016722 12910592
1016723 0
1016982 12910592
1016983 0
1017562 12910592
1017563 0
1017822 12910592
1017823 0
1035237 12910592
1035238 0
1035497 12910592
1035498 0
1036077 12910592
1036078 0
1036337 12910592
1036338 0
1053751 12910592
1053752 0
1054011 12910592
1054012 0
1054591 12910592
1054592 0
1054851 12910592
1054852 0
1072265 12910592
1072266 0
1072525 12910592
1072526 0
1073105 12910592
1073106 0
1073365 12910592
1073366 0
1090779 12910592
1090780 0
1091039 12910592
1091040 0
1091619 12910592
1091620 0
1091879 12910592
1091880 0
1108694 12910592
1108695 0
1108954 12910592
1108955 0
1109534 12910592
1109535 0
1109794 12910592
1109795 0
1126308 12910592
1126309 0
1126568 12910592
1126569 0
1127148 12910592
1127149 0
1127408 12910592
1127409 0
1145208 12910592
1145209 0
1145468 12910592
1145469 0
1146048 12910592
1146049 0
1146308 12910592
1146309 0
1164187 12910592
1164188 0
1164447 12910592
1164448 0
1165027 12910592
1165028 0
1165287 12910592
1165288 0
1182376 12910592
1182377 0
1182636 12910592
1182637 0
1183216 12910592
1183217 0
1183476 12910592
1183477 0
1200566 12910592
1200567 0
1200826 12910592
1200827 0
1201406 12910592
1201407 0
1201666 12910592
1201667 0
1218755 12910592
1218756 0
1219015 12910592
1219016 0
1219595 12910592
1219596 0
1219855 12910592
1219856 0
1236945 12910592
1236946 0
1237205 12910592
1237206 0
1237785 12910592
1237786 0
1238045 12910592
1238046 0
1255134 12910592
1255135 0
1255364 12910592
1255365 0
1255904 12910592
1255905 0
1256134 12910592
1256135 0
1273324 12910592
1273325 0
1273584 12910592
1273585 0
1274164 12910592
1274165 0
1274424 12910592
1274425 0
1291513 12910592
1291514 0
1291773 12910592
1291774 0
1292353 12910592
1292354 0
1292613 12910592
1292614 0
1309703 12910592
1309704 0
1309963 12910592
1309964 0
1310543 12910592
1310544 0
1310803 12910592
1310804 0
1327892 12910592
1327893 0
1328152 12910592
1328153 0
1328732 12910592
1328733 0
1328992 12910592
1328993 0
1346082 12910592
1346083 0
1346342 12910592
1346343 0
1346922 12910592
1346923 0
1347182 12910592
1347183 0
1364271 12910592
1364272 0
1364531 12910592
1364532 0
1365111 12910592
1365112 0
1365371 12910592
1365372 0
1382461 12910592
1382462 0
1382721 12910592
1382722 0
1383301 12910592
1383302 0
1383561 12910592
1383562 0
1400650 12910592
1400651 0
1400910 12910592
1400911 0
1401490 12910592
1401491 0
1401750 12910592
1401751 0
1418840 12910592
1418841 0
1419100 12910592
1419101 0
1419680 12910592
1419681 0
1419940 12910592
1419941 0
1437029 12910592
1437030 0
1437289 12910592
1437290 0
1437869 12910592
1437870 0
1438129 12910592
1438130 0
1454619 12910592
1454620 0
1454879 12910592
1454880 0
1455459 12910592
1455460 0
1455719 12910592
1455720 0
1471908 12910592
1471909 0
1472168 12910592
1472169 0
1472748 12910592
1472749 0
1473008 12910592
1473009 0
1490808 12910592
1490809 0
1491038 12910592
1491039 0
1491578 12910592
1491579 0
1491808 12910592
1491809 0
1510437 12910592
1510438 0
1510697 12910592
1510698 0
1511277 12910592
1511278 0
1511537 12910592
1511538 0
1528951 12910592
1528952 0
1529211 12910592
1529212 0
1529791 12910592
1529792 0
1530051 12910592
1530052 0
1547465 12910592
1547466 0
1547725 12910592
1547726 0
1548305 12910592
1548306 0
1548565 12910592
1548566 0
1565979 12910592
1565980 0
1566239 12910592
1566240 0
1566819 12910592
1566820 0
1567079 12910592
1567080 0
1584494 12910592
1584495 0
1584754 12910592
1584755 0
1585334 12910592
1585335 0
1585594 12910592
1585595 0
1603008 12910592
1603009 0
1603268 12910592
1603269 0
1603848 12910592
1603849 0
1604108 12910592
1604109 0
1621522 12910592
1621523 0
1621782 12910592
1621783 0
1622362 12910592
1622363 0
1622622 12910592
1622623 0
1640037 12910592
1640038 0
1640297 12910592
1640298 0
1640877 12910592
1640878 0
1641137 12910592
1641138 0
1658551 12910592
1658552 0
1658811 12910592
1658812 0
1659391 12910592
1659392 0
1659651 12910592
1659652 0
1677065 12910592
1677066 0
1677325 12910592
1677326 0
1677905 12910592
1677906 0
1678165 12910592
1678166 0
1695579 12910592
1695580 0
1695839 12910592
1695840 0
1696419 12910592
1696420 0
1696679 12910592
1696680 0
1713494 12910592
1713495 0
1713754 12910592
1713755 0
1714334 12910592
1714335 0
1714594 12910592
1714595 0
1731108 12910592
1731109 0
1731368 12910592
1731369 0
1731948 12910592
1731949 0
1732208 12910592
1732209 0
1750008 12910592
1750009 0
1750268 12910592
1750269 0
1750848 12910592
1750849 0
1751108 12910592
1751109 0
1768987 12910592
1768988 0
1769247 12910592
1769248 0
1769827 12910592
1769828 0
1770087 12910592
1770088 0
1787176 12910592
1787177 0
1787436 12910592
1787437 0
1788016 12910592
1788017 0
1788276 12910592
1788277 0
1805366 12910592
1805367 0
1805626 12910592
1805627 0
1806206 12910592
1806207 0
1806466 12910592
1806467 0
1823555 12910592
1823556 0
1823815 12910592
1823816 0
1824395 12910592
1824396 0
1824655 12910592
1824656 0
1841745 12910592
1841746 0
1842005 12910592
1842006 0
1842585 12910592
1842586 0
1842845 12910592
1842846 0
1859934 12910592
1859935 0
1860164 12910592
1860165 0
1860704 12910592
1860705 0
1860934 12910592
1860935 0
1878124 12910592
1878125 0
1878384 12910592
1878385 0
1878964 12910592
1878965 0
1879224 12910592
1879225 0
1896313 12910592
1896314 0
1896573 12910592
1896574 0
1897153 12910592
1897154 0
1897413 12910592
1897414 0
1914503 12910592
1914504 0
1914763 12910592
1914764 0
1915343 12910592
1915344 0
1915603 12910592
1915604 0
1932692 12910592
1932693 0
1932952 12910592
1932953 0
1933532 12910592
1933533 0
1933792 12910592
1933793 0
1950882 12910592
1950883 0
1951142 12910592
1951143 0
1951722 12910592
1951723 0
1951982 12910592
1951983 0
1969071 12910592
1969072 0
1969331 12910592
1969332 0
1969911 12910592
1969912 0
1970171 12910592
1970172 0
1987261 12910592
1987262 0
1987521 12910592
1987522 0
1988101 12910592
1988102 0
1988361 12910592
1988362 0
2005450 12910592
2005451 0
2005710 12910592
2005711 0
2006290 12910592
2006291 0
2006550 12910592
2006551 0
2023640 12910592
2023641 0
2023900 12910592
2023901 0
2024480 12910592
2024481 0
2024740 12910592
2024741 0
2041829 12910592
2041830 0
2042089 12910592
2042090 0
2042669 12910592
2042670 0
2042929 12910592
2042930 0
2059419 12910592
2059420 0
2059679 12910592
2059680 0
2060259 12910592
2060260 0
2060519 12910592
2060520 0
2076708 12910592
2076709 0
2076968 12910592
2076969 0
2077548 12910592
2077549 0
2077808 12910592
2077809 0
2095608 12910592
2095609 0
2095838 12910592
2095839 0
2096378 12910592
2096379 0
2096608 12910592
2096609 0
2115237 12910592
2115238 0
2115497 12910592
2115498 0
2116077 12910592
2116078 0
2116337 12910592
2116338 0
2133751 12910592
2133752 0
2134011 12910592
2134012 0
2134591 12910592
2134592 0
2134851 12910592
2134852 0
2152265 12910592
2152266 0
2152525 12910592
2152526 0
2153105 12910592
2153106 0
2153365 12910592
2153366 0
2170779 12910592
2170780 0
2171039 12910592
2171040 0
2171619 12910592
2171620 0
2171879 12910592
2171880 0
2189294 12910592
2189295 0
2189554 12910592
2189555 0
2190134 12910592
2190135 0
2190394 12910592
2190395 0
2207808 12910592
2207809 0
2208068 12910592
2208069 0
2208648 12910592
2208649 0
2208908 12910592
2208909 0
2226322 12910592
2226323 0
2226582 12910592
2226583 0
2227162 12910592
2227163 0
2227422 12910592
2227423 0
2244837 12910592
2244838 0
2245097 12910592
2245098 0
2245677 12910592
2245678 0
2245937 12910592
2245938 0
2263351 12910592
2263352 0
2263611 12910592
2263612 0
2264191 12910592
2264192 0
2264451 12910592
2264452 0
2281865 12910592
2281866 0
2282125 12910592
2282126 0
2282705 12910592
2282706 0
2282965 12910592
2282966 0
2300379 12910592
2300380 0
2300639 12910592
2300640 0
2301219 12910592
2301220 0
2301479 12910592
2301480 0
2318294 12910592
2318295 0
2318554 12910592
2318555 0
2319134 12910592
2319135 0
2319394 12910592
2319395 0
2335908 12910592
2335909 0
2336168 12910592
2336169 0
2336748 12910592
2336749 0
2337008 12910592
2337009 0
2354808 12910592
2354809 0
2355068 12910592
2355069 0
2355648 12910592
2355649 0
2355908 12910592
2355909 0
2373787 12910592
2373788 0
2374047 12910592
2374048 0
2374627 12910592
2374628 0
2374887 12910592
2374888 0
2391976 12910592
2391977 0
2392236 12910592
2392237 0
2392816 12910592
2392817 0
2393076 12910592
2393077 0
2410166 12910592
2410167 0
2410426 12910592
2410427 0
2411006 12910592
2411007 0
2411266 12910592
2411267 0
2428355 12910592
2428356 0
2428615 12910592
2428616 0
2429195 12910592
2429196 0
2429455 12910592
2429456 0
2446545 12910592
2446546 0
2446805 12910592
2446806 0
2447385 12910592
2447386 0
2447645 12910592
2447646 0
2464734 12910592
2464735 0
2464964 12910592
2464965 0
2465504 12910592
2465505 0
2465734 12910592
2465735 0
2482924 12910592
2482925 0
2483184 12910592
2483185 0
2483764 12910592
2483765 0
2484024 12910592
2484025 0
2501113 12910592
2501114 0
2501373 12910592
2501374 0
2501953 12910592
2501954 0
2502213 12910592
2502214 0
2537492 12910592
2537493 0
2537752 12910592
2537753 0
2538332 12910592
2538333 0
2538592 12910592
2538593 0
2555682 12910592
2555683 0
2555942 12910592
2555943 0
2556522 12910592
2556523 0
2556782 12910592
2556783 0
2573871 12910592
2573872 0
2574131 12910592
2574132 0
2574711 12910592
2574712 0
2574971 12910592
2574972 0
2592061 12910592
2592062 0
2592321 12910592
2592322 0
2592901 12910592
2592902 0
2593161 12910592
2593162 0
2610250 12910592
2610251 0
2610510 12910592
2610511 0
2611090 12910592
2611091 0
2611350 12910592
2611351 0
2628440 12910592
2628441 0
2628700 12910592
2628701 0
2629280 12910592
2629281 0
2629540 12910592
2629541 0
2646629 12910592
2646630 0
2646889 12910592
2646890 0
2647469 12910592
2647470 0
2647729 12910592
2647730 0
2664219 12910592
2664220 0
2664479 12910592
2664480 0
2665059 12910592
2665060 0
2665319 12910592
2665320 0
2681508 12910592
2681509 0
2681768 12910592
2681769 0
2682348 12910592
2682349 0
2682608 12910592
2682609 0
2701522 12910592
2701523 0
2701752 12910592
2701753 0
2702292 12910592
2702293 0
2702522 12910592
2702523 0
2720037 12910592
2720038 0
2720297 12910592
2720298 0
2720877 12910592
2720878 0
2721137 12910592
2721138 0
2738551 12910592
2738552 0
2738811 12910592
2738812 0
2739391 12910592
2739392 0
2739651 12910592
2739652 0
2757065 12910592
2757066 0
2757325 12910592
2757326 0
2757905 12910592
2757906 0
2758165 12910592
2758166 0
2775579 12910592
2775580 0
2775839 12910592
2775840 0
2776419 12910592
2776420 0
2776679 12910592
2776680 0
2794094 12910592
2794095 0
2794354 12910592
2794355 0
2794934 12910592
2794935 0
2795194 12910592
2795195 0
2812608 12910592
2812609 0
2812868 12910592
2812869 0
2813448 12910592
2813449 0
2813708 12910592
2813709 0
2831122 12910592
2831123 0
2831382 12910592
2831383 0
2831962 12910592
2831963 0
2832222 12910592
2832223 0
2849637 12910592
2849638 0
2849897 12910592
2849898 0
2850477 12910592
2850478 0
2850737 12910592
2850738 0
2868151 12910592
2868152 0
2868411 12910592
2868412 0
2868991 12910592
2868992 0
2869251 12910592
2869252 0
2886665 12910592
2886666 0
2886925 12910592
2886926 0
2887505 12910592
2887506 0
2887765 12910592
2887766 0
2905179 12910592
2905180 0
2905439 12910592
2905440 0
2906019 12910592
2906020 0
2906279 12910592
2906280 0
2923094 12910592
2923095 0
2923354 12910592
2923355 0
2923934 12910592
2923935 0
2924194 12910592
2924195 0
2940708 12910592
2940709 0
2940968 12910592
2940969 0
2941548 12910592
2941549 0
2941808 12910592
2941809 0
2959608 12910592
2959609 0
2959868 12910592
2959869 0
2960448 12910592
2960449 0
2960708 12910592
2960709 0
2978587 12910592
2978588 0
2978847 12910592
2978848 0
2979427 12910592
2979428 0
2979687 12910592
2979688 0
2996776 12910592
2996777 0
2997036 12910592
2997037 0
2997616 12910592
2997617 0
2997876 12910592
2997877 0
3014966 12910592
3014967 0
3015226 12910592
3015227 0
3015806 12910592
3015807 0
3016066 12910592
3016067 0
3033155 12910592
3033156 0
3033415 12910592
3033416 0
3033995 12910592
3033996 0
3034255 12910592
3034256 0
3051345 12910592
3051346 0
3051605 12910592
3051606 0
3052185 12910592
3052186 0
3052445 12910592
3052446 0
3069534 12910592
3069535 0
3069764 12910592
3069765 0
3070304 12910592
3070305 0
3070534 12910592
3070535 0
3087724 12910592
3087725 0
3087984 12910592
3087985 0
3088564 12910592
3088565 0
3088824 12910592
3088825 0
3105913 12910592
3105914 0
3106173 12910592
3106174 0
3106753 12910592
3106754 0
3107013 12910592
3107014 0
3124103 12910592
3124104 0
3124363 12910592
3124364 0
3124943 12910592
3124944 0
3125203 12910592
3125204 0
3140508 12910592
3140509 0
3140738 12910592
3140739 0
3141278 12910592
3141279 0
3141508 12910592
3141509 0
3160482 12910592
3160483 0
3160742 12910592
3160743 0
3161322 12910592
3161323 0
3161582 12910592
3161583 0
3178671 12910592
3178672 0
3178931 12910592
3178932 0
3179511 12910592
3179512 0
3179771 12910592
3179772 0
3196861 12910592
3196862 0
3197121 12910592
3197122 0
3197701 12910592
3197702 0
3197961 12910592
3197962 0
3215050 12910592
3215051 0
3215310 12910592
3215311 0
3215890 12910592
3215891 0
3216150 12910592
3216151 0
3233240 12910592
3233241 0
3233500 12910592
3233501 0
3234080 12910592
3234081 0
3234340 12910592
3234341 0
3251429 12910592
3251430 0
3251689 12910592
3251690 0
3252269 12910592
3252270 0
3252529 12910592
3252530 0
3269019 12910592
3269020 0
3269279 12910592
3269280 0
3269859 12910592
3269860 0
3270119 12910592
3270120 0
3286308 12910592
3286309 0
3286568 12910592
3286569 0
3287148 12910592
3287149 0
3287408 12910592
3287409 0
470 events for D
4207 12910592
4208 0
16447 1089536
16448 0
25512 12910592
25513 0
35707 12910592
35708 0
45312 12910592
45313 0
54307 12910592
54308 0
63307 1089536
63308 0
72607 12910592
72608 0
81007 1089536
81008 0
88507 12910592
88508 0
92412 12910592
92413 0
231432 12910592
231433 0
234307 1089536
234308 0
237907 12910592
237908 0
241687 12910592
241688 0
248707 1089536
248708 0
252012 12910592
252013 0
255307 12910592
255308 0
282907 12910592
282908 0
289987 1089536
289988 0
297127 12910592
297128 0
304032 12910592
304033 0
309307 1089536
309308 0
315607 12910592
315608 0
318907 12910592
318908 0
324312 12910592
324313 0
329707 1089536
329708 0
334147 12910592
334148 0
378067 12910592
378068 0
381907 1089536
381908 0
385512 12910592
385513 0
389707 1089536
389708 0
393007 12910592
393008 0
395707 12910592
395708 0
401707 1089536
401708 0
404532 12910592
404533 0
467352 12910592
467353 0
471907 12910592
471908 0
477007 1089536
477008 0
481507 12910592
481508 0
489732 12910592
489733 0
504067 12910592
504068 0
507907 1089536
507908 0
511507 12910592
511508 0
515107 1089536
515108 0
517807 12910592
517808 0
577147 12910592
577148 0
581112 12910592
581113 0
584707 1089536
584708 0
588307 12910592
588308 0
592027 1089536
592028 0
598927 12910592
598928 0
602532 12910592
602533 0
606127 1089536
606128 0
610207 12910592
610208 0
708067 12910592
708068 0
711672 12910592
711673 0
715267 1089536
715268 0
719347 12910592
719348 0
722647 1089536
722648 0
726247 12910592
726248 0
729847 1089536
729848 0
733452 12910592
733453 0
737527 12910592
737528 0
888612 12910592
888613 0
893257 12910592
893258 0
900907 12910592
900908 0
908841 12910592
908842 0
920300 12910592
920301 0
938964 12910592
938965 0
945864 12910592
945865 0
948345 12910592
948346 0
952507 12910592
952508 0
956108 12910592
956109 0
960783 12910592
960784 0
968385 12910592
968386 0
975993 12910592
975994 0
983125 12910592
983126 0
990307 12910592
990308 0
1000507 12910592
1000508 0
1144807 12910592
1144808 0
1152646 12910592
1152647 0
1167386 12910592
1167387 0
1173012 12910592
1173013 0
1182275 12910592
1182276 0
1189570 12910592
1189571 0
1195212 12910592
1195213 0
1206307 12910592
1206308 0
1214108 12910592
1214109 0
1218354 12910592
1218355 0
1222079 12910592
1222080 0
1225679 12910592
1225680 0
1233004 12910592
1233005 0
1240569 12910592
1240570 0
1249513 12910592
1249514 0
1257013 12910592
1257014 0
1263192 12910592
1263193 0
1269203 12910592
1269204 0
1493137 12910592
1493138 0
1505107 12910592
1505108 0
1513636 12910592
1513637 0
1518586 12910592
1518587 0
1520712 12910592
1520713 0
1528850 12910592
1528851 0
1536907 12910592
1536908 0
1542192 12910592
1542193 0
1551907 12910592
1551908 0
1558506 12910592
1558507 0
1559708 12910592
1559709 0
1565883 12910592
1565884 0
1572607 12910592
1572608 0
1580793 12910592
1580794 0
1587698 12910592
1587699 0
1593350 12910592
1593351 0
1599007 12910592
1599008 0
1610214 12910592
1610215 0
1617521 12910592
1617522 0
1749612 12910592
1749613 0
1761046 12910592
1761047 0
1772191 12910592
1772192 0
1783475 12910592
1783476 0
1786775 12910592
1786776 0
1794220 12910592
1794221 0
1801665 12910592
1801666 0
1808707 12910592
1808708 0
1814707 12910592
1814708 0
1819812 12910592
1819813 0
2097307 12910592
2097308 0
2108107 12910592
2108108 0
2118441 12910592
2118442 0
2123107 12910592
2123108 0
2133667 12910592
2133668 0
2139912 12910592
2139913 0
2147107 12910592
2147108 0
2156107 12910592
2156108 0
2163306 12910592
2163307 0
2165793 12910592
2165794 0
2174707 12910592
2174708 0
2185507 12910592
2185508 0
2192707 12910592
2192708 0
2202607 12910592
2202608 0
2229312 12910592
2229313 0
2241136 12910592
2241137 0
2249711 12910592
2249712 0
2254872 12910592
2254873 0
2266550 12910592
2266551 0
2272357 12910592
2272358 0
2281464 12910592
2281465 0
2289071 12910592
2289072 0
2309090 12910592
2309091 0
2314593 12910592
2314594 0
2322350 12910592
2322351 0
2332212 12910592
2332213 0
2354407 12910592
2354408 0
2362807 12910592
2362808 0
2376986 12910592
2376987 0
2387827 12910592
2387828 0
2391580 12910592
2391581 0
2406215 12910592
2406216 0
2414340 12910592
2414341 0
2422506 12910592
2422507 0
2427907 12910592
2427908 0
2438107 12910592
2438108 0
2455393 12910592
2455394 0
2466948 12910592
2466949 0
2477112 12910592
2477113 0
2486707 12910592
2486708 0
2495107 12910592
2495108 0
2502349 12910592
2502350 0
2505907 12910592
2505908 0
2512808 12910592
2512809 0
2526907 12910592
2526908 0
2533259 12910592
2533260 0
2538326 12910592
2538327 0
2545507 12910592
2545508 0
2550326 12910592
2550327 0
2566392 12910592
2566393 0
2577487 12910592
2577488 0
2587572 12910592
2587573 0
2592427 12910592
2592428 0
2596507 12910592
2596508 0
2598967 12910592
2598968 0
2649907 12910592
2649908 0
2655178 12910592
2655179 0
2660518 12910592
2660519 0
2663818 12910592
2663819 0
2670812 12910592
2670813 0
2677812 12910592
2677813 0
2696112 12910592
2696113 0
2697907 12910592
2697908 0
2714107 12910592
2714108 0
2716392 12910592
2716393 0
2908383 12910592
2908384 0
2911378 12910592
2911379 0
2913885 12910592
2913886 0
2916393 12910592
2916394 0
2919393 12910592
2919394 0
2922693 12910592
2922694 0
2925693 12910592
2925694 0
2929855 12910592
2929856 0
2934007 12910592
2934008 0
2937007 12910592
2937008 0
2959512 12910592
2959513 0
2961307 12910592
2961308 0
2963107 12910592
2963108 0
2966707 12910592
2966708 0
2970307 12910592
2970308 0
2974507 12910592
2974508 0
2981712 12910592
2981713 0
2984107 12910592
2984108 0
2987107 12910592
2987108 0
3032874 12910592
3032875 0
3034572 12910592
3034573 0
3040109 12910592
3040110 0
3044344 12910592
3044345 0
3047344 12910592
3047345 0
3055807 12910592
3055808 0
3059112 12910592
3059113 0
3150307 12910592
3150308 0
3156607 12910592
3156608 0
3160207 12910592
3160208 0
3163807 12910592
3163808 0
3167407 12910592
3167408 0
3171066 12910592
3171067 0
3174961 12910592
3174962 0
3182107 12910592
3182108 0
3192852 12910592
3192853 0
3232844 12910592
3232845 0
3236707 12910592
3236708 0
3240307 12910592
3240308 0
3243907 12910592
3243908 0
3247728 12910592
3247729 0
3254633 12910592
3254634 0
3260107 12910592
3260108 0
3264907 12910592
3264908 0
235 events for E
26635 1727
33834 2754
62635 1727
69834 2754
98635 1727
105834 2754
150835 1727
159834 1830
186835 1727
195834 1830
222835 1727
222845 3917
231834 4021
242634 4944
244445 2754
258535 1727
280434 2754
294835 1727
302034 2754
330835 1727
338034 1830
370435 1727
377634 1830
406435 1727
413634 1830
442435 1727
449634 2754
480235 1727
487434 2754
519235 1727
521945 1664
522245 1727
525245 3917
537834 4944
555835 3917
561234 4944
588235 3917
590045 1727
599034 2754
611607 1471
627835 444
635034 1471
663835 444
671034 1471
699835 444
707034 1471
708845 3662
752035 2635
761034 2738
763636 2685
789835 2581
800634 3608
812836 3662
813245 1471
825835 444
833034 548
864835 444
865112 0
865113 444
867245 382
867545 444
883434 548
901435 444
906834 1471
914045 3662
914067 4944
935635 3917
946434 4944
950045 2754
957267 1471
966234 548
975235 444
982434 548
996616 798
1011235 695
1018434 798
1040056 548
1047235 444
1058034 1471
1086835 444
1094034 1471
1123735 444
1144434 1471
1158835 444
1166034 1471
1194835 444
1202034 1471
1212845 1409
1213145 1471
1230835 444
1239834 548
1263245 2738
1268635 2635
1275834 2738
1299245 548
1304635 444
1310034 548
1322635 444
1331634 548
1358635 444
1367634 548
1385645 485
1385945 2738
1394635 2635
1403634 3662
1410867 4944
1432435 3917
1439634 4944
1454012 5195
1469335 4168
1488234 5195
1497256 4944
1497267 3662
1500845 1471
1506235 444
1511634 1471
1522434 548
1542235 444
1551234 548
1562045 485
1562345 548
1580035 444
1587234 1471
1616035 444
1626834 548
1652035 444
1659234 548
1691635 444
1698834 548
1728835 444
1731245 382
1731545 444
1749234 548
1763635 444
1770834 548
1770845 2738
1799635 2635
1806834 3662
1835635 2635
1842834 2738
1850045 548
1850056 798
1873435 695
1882434 798
1904045 736
1904056 485
1904345 548
1909435 444
1914834 548
1927435 444
1936434 548
1963435 444
1972434 548
1999435 444
2008434 1471
2037235 444
2044434 548
2074435 444
2094834 548
2111035 444
2116434 548
2148835 444
2156034 548
2184835 444
2192034 548
2220835 444
2229834 548
2249945 485
2250245 548
2256835 444
2265834 548
2294635 444
2303634 548
2333635 444
2354034 548
2369635 444
2375634 548
2404435 444
2411634 548
2440435 444
2447634 548
2478835 444
2483634 548
2512435 444
2526834 548
2568235 444
2577234 548
2595245 2738
2604235 2635
2613234 2738
2615045 548
2642035 444
2649234 548
2679235 444
2681624 240
2692434 344
2696045 2534
2714035 2431
2714045 240
2721234 344
2751835 240
2760834 344
2789635 240
2796834 344
2825635 240
2836434 344
2861635 240
2870634 344
2899435 240
2906634 344
2938435 240
2958834 344
2973235 240
2980434 344
3009235 240
3016434 344
3045235 240
3056034 344
3083035 240
3088434 344
3119035 240
3124434 344
3173035 240
3182034 344
3200345 281
3200645 344
3210835 240
3218034 344
3246835 240
3254034 344
3284035 240
3284312 0
3284313 240
3287345 178
3287645 240
470 events for F
3512 12910592
3513 0
15752 1089536
15753 0
24817 12910592
24818 0
35012 12910592
35013 0
44617 12910592
44618 0
53612 12910592
53613 0
62612 1089536
62613 0
71912 12910592
71913 0
80312 1089536
80313 0
87812 12910592
87813 0
91717 12910592
91718 0
230737 12910592
230738 0
233612 1089536
233613 0
237212 12910592
237213 0
240992 12910592
240993 0
248012 1089536
248013 0
251317 12910592
251318 0
254612 12910592
254613 0
282212 12910592
282213 0
289292 1089536
289293 0
296432 12910592
296433 0
303337 12910592
303338 0
308612 1089536
308613 0
314912 12910592
314913 0
318212 12910592
318213 0
323617 12910592
323618 0
329012 1089536
329013 0
333452 12910592
333453 0
377372 12910592
377373 0
381212 1089536
381213 0
384817 12910592
384818 0
389012 1089536
389013 0
392312 12910592
392313 0
395012 12910592
395013 0
401012 1089536
401013 0
403837 12910592
403838 0
466657 12910592
466658 0
471212 12910592
471213 0
476312 1089536
476313 0
480812 12910592
480813 0
489037 12910592
489038 0
503372 12910592
503373 0
507212 1089536
507213 0
510812 12910592
510813 0
514412 1089536
514413 0
517112 12910592
517113 0
576452 12910592
576453 0
580417 12910592
580418 0
584012 1089536
584013 0
587612 12910592
587613 0
591332 1089536
591333 0
598232 12910592
598233 0
601837 12910592
601838 0
605432 1089536
605433 0
609512 12910592
609513 0
707372 12910592
707373 0
710977 12910592
710978 0
714572 1089536
714573 0
718652 12910592
718653 0
721952 1089536
721953 0
725552 12910592
725553 0
729152 1089536
729153 0
732757 12910592
732758 0
736832 12910592
736833 0
887917 12910592
887918 0
892562 12910592
892563 0
900212 12910592
900213 0
908146 12910592
908147 0
919605 12910592
919606 0
938269 12910592
938270 0
945169 12910592
945170 0
947650 12910592
947651 0
951812 12910592
951813 0
955413 12910592
955414 0
960088 12910592
960089 0
967690 12910592
967691 0
975298 12910592
975299 0
982430 12910592
982431 0
989612 12910592
989613 0
999812 12910592
999813 0
1144112 12910592
1144113 0
1151951 12910592
1151952 0
1166691 12910592
1166692 0
1172317 12910592
1172318 0
1181580 12910592
1181581 0
1188875 12910592
1188876 0
1194517 12910592
1194518 0
1205612 12910592
1205613 0
1213413 12910592
1213414 0
1217659 12910592
1217660 0
1221384 12910592
1221385 0
1224984 12910592
1224985 0
1232309 12910592
1232310 0
1239874 12910592
1239875 0
1248818 12910592
1248819 0
1256318 12910592
1256319 0
1262497 12910592
1262498 0
1268508 12910592
1268509 0
1492442 12910592
1492443 0
1504412 12910592
1504413 0
1512941 12910592
1512942 0
1517891 12910592
1517892 0
1520017 12910592
1520018 0
1528155 12910592
1528156 0
1536212 12910592
1536213 0
1541497 12910592
1541498 0
1551212 12910592
1551213 0
1557811 12910592
1557812 0
1559013 12910592
1559014 0
1565188 12910592
1565189 0
1571912 12910592
1571913 0
1580098 12910592
1580099 0
1587003 12910592
1587004 0
1592655 12910592
1592656 0
1598312 12910592
1598313 0
1609519 12910592
1609520 0
1616826 12910592
1616827 0
1748917 12910592
1748918 0
1760351 12910592
1760352 0
1771496 12910592
1771497 0
1782780 12910592
1782781 0
1786080 12910592
1786081 0
1793525 12910592
1793526 0
1800970 12910592
1800971 0
1808012 12910592
1808013 0
1814012 12910592
1814013 0
1819117 12910592
1819118 0
2096612 12910592
2096613 0
2107412 12910592
2107413 0
2117746 12910592
2117747 0
2122412 12910592
2122413 0
2132972 12910592
2132973 0
2139217 12910592
2139218 0
2146412 12910592
2146413 0
2155412 12910592
2155413 0
2162611 12910592
2162612 0
2165098 12910592
2165099 0
2174012 12910592
2174013 0
2184812 12910592
2184813 0
2192012 12910592
2192013 0
2201912 12910592
2201913 0
2228617 12910592
2228618 0
2240441 12910592
2240442 0
2249016 12910592
2249017 0
2254177 12910592
2254178 0
2265855 12910592
2265856 0
2271662 12910592
2271663 0
2280769 12910592
2280770 0
2288376 12910592
2288377 0
2308395 12910592
2308396 0
2313898 12910592
2313899 0
2321655 12910592
2321656 0
2331517 12910592
2331518 0
2353712 12910592
2353713 0
2362112 12910592
2362113 0
2376291 12910592
2376292 0
2387132 12910592
2387133 0
2390885 12910592
2390886 0
2405520 12910592
2405521 0
2413645 12910592
2413646 0
2421811 12910592
2421812 0
2427212 12910592
2427213 0
2437412 12910592
2437413 0
2454698 12910592
2454699 0
2466253 12910592
2466254 0
2476417 12910592
2476418 0
2486012 12910592
2486013 0
2494412 12910592
2494413 0
2501654 12910592
2501655 0
2505212 12910592
2505213 0
2512113 12910592
2512114 0
2526212 12910592
2526213 0
2532564 12910592
2532565 0
2537631 12910592
2537632 0
2544812 12910592
2544813 0
2549631 12910592
2549632 0
2565697 12910592
2565698 0
2576792 12910592
2576793 0
2586877 12910592
2586878 0
2591732 12910592
2591733 0
2595812 12910592
2595813 0
2598272 12910592
2598273 0
2649212 12910592
2649213 0
2654483 12910592
2654484 0
2659823 12910592
2659824 0
2663123 12910592
2663124 0
2670117 12910592
2670118 0
2677117 12910592
2677118 0
2695417 12910592
2695418 0
2697212 12910592
2697213 0
2713412 12910592
2713413 0
2715697 12910592
2715698 0
2907688 12910592
2907689 0
2910683 12910592
2910684 0
2913190 12910592
2913191 0
2915698 12910592
2915699 0
2918698 12910592
2918699 0
2921998 12910592
2921999 0
2924998 12910592
2924999 0
2929160 12910592
2929161 0
2933312 12910592
2933313 0
2936312 12910592
2936313 0
2958817 12910592
2958818 0
2960612 12910592
2960613 0
2962412 12910592
2962413 0
2966012 12910592
2966013 0
2969612 12910592
2969613 0
2973812 12910592
2973813 0
2981017 12910592
2981018 0
2983412 12910592
2983413 0
2986412 12910592
2986413 0
3032179 12910592
3032180 0
3033877 12910592
3033878 0
3039414 12910592
3039415 0
3043649 12910592
3043650 0
3046649 12910592
3046650 0
3055112 12910592
3055113 0
3058417 12910592
3058418 0
3149612 12910592
3149613 0
3155912 12910592
3155913 0
3159512 12910592
3159513 0
3163112 12910592
3163113 0
3166712 12910592
3166713 0
3170371 12910592
3170372 0
3174266 12910592
3174267 0
3181412 12910592
3181413 0
3192157 12910592
3192158 0
3232149 12910592
3232150 0
3236012 12910592
3236013 0
3239612 12910592
3239613 0
3243212 12910592
3243213 0
3247033 12910592
3247034 0
3253938 12910592
3253939 0
3259412 12910592
3259413 0
3264212 12910592
3264213 0
4 events for G
865112 0
865113 18
3284312 0
3284313 18
104 events for H
14789 4214960
14793 0
15219 4214960
15223 0
15959 4214960
15963 0
16389 4214960
16393 0
281224 4214960
281228 0
281654 4214960
281658 0
282394 4214960
282398 0
282824 4214960
282828 0
650350 4214960
650354 0
650780 4214960
650784 0
651520 4214960
651524 0
651950 4214960
651954 0
886024 4214960
886028 0
886454 4214960
886458 0
887194 4214960
887198 0
887624 4214960
887628 0
1255150 4214960
1255154 0
1255580 4214960
1255584 0
1256320 4214960
1256324 0
1256750 4214960
1256754 0
1490824 4214960
1490828 0
1491254 4214960
1491258 0
1491994 4214960
1491998 0
1492424 4214960
1492428 0
1859950 4214960
1859954 0
1860380 4214960
1860384 0
1861120 4214960
1861124 0
1861550 4214960
1861554 0
2095624 4214960
2095628 0
2096054 4214960
2096058 0
2096794 4214960
2096798 0
2097224 4214960
2097228 0
2464750 4214960
2464754 0
2465180 4214960
2465184 0
2465920 4214960
2465924 0
2466350 4214960
2466354 0
2516824 4214960
2516828 0
2517254 4214960
2517258 0
2517994 4214960
2517998 0
2518424 4214960
2518428 0
2701538 4214960
2701542 0
2701968 4214960
2701972 0
2702708 4214960
2702712 0
2703138 4214960
2703142 0
3069550 4214960
3069554 0
3069980 4214960
3069984 0
3070720 4214960
3070724 0
3071150 4214960
3071154 0
3140524 4214960
3140528 0
3140954 4214960
3140958 0
3141694 4214960
3141698 0
3142124 4214960
3142128 0
103 events for I
25888 0
53181 3276
68181 0
68241 873
97041 0
142123 3276
157123 0
157183 873
185983 0
213276 3276
228276 0
228336 873
257136 0
396966 3276
411966 0
412026 873
440826 0
559491 873
588291 0
632249 873
661049 0
780894 3276
795894 0
795954 873
824754 0
882512 4096
890712 0
979798 4096
987998 0
1053855 4096
1062055 0
1141712 4096
1149912 0
1164291 665
1193451 0
1237049 4096
1245249 0
1309807 4096
1318007 0
1400754 4096
1408954 0
1487312 4096
1495512 0
1584598 4096
1592798 0
1658655 4096
1666855 0
1746512 4096
1754712 0
1769091 665
1798251 0
1841849 4096
1850049 0
1914607 4096
1922807 0
2005554 4096
2013754 0
2092112 1365
2092292 0
2094092 1365
2094632 3481
2113832 1365
2114552 3481
2133752 1365
2134472 3481
2153398 0
2189398 873
2218198 0
2263455 873
2292255 0
2351312 873
2380112 0
2446649 3481
2461049 0
2461064 2252
2464664 0
2464679 2252
2468279 0
2468294 2252
2471894 0
2471909 2252
2475509 0
2509052 3276
2524052 0
2610354 873
2639154 0
2690912 1365
2691092 0
2692892 1365
2693432 3481
2712632 0
2794198 873
2822998 0
2868255 873
2897055 0
2956112 1365
2956832 3481
2976032 0
3036389 3276
3051389 0
3286412 1979
3287612 0
3289412 1979
3 events for J
770732 90
781652 3500
805712 0
68 events for K
7216 1642
13281 2414
15121 1642
50716 2414
93316 1642
279716 2414
281556 1642
412730 2414
482416 1642
648842 2414
650682 1642
865516 0
865517 1285
884516 2414
886356 1285
1217463 2057
1233313 1285
1237753 2057
1253642 2414
1255882 2057
1269512 1285
1489316 2414
1491156 1285
1858442 2414
1860282 1285
1878932 2057
1929300 706
2043256 2057
2075116 706
2094116 2414
2095956 706
2116045 1285
2148873 706
2463242 2414
2465082 706
2515316 2414
2522676 706
2524969 1772
2554510 1285
2570299 706
2574679 1285
2606858 706
2611058 1285
2643237 706
2700030 2414
2701870 706
2728636 1285
2734216 706
2748347 1285
2750327 706
2988016 1285
3011574 706
3015774 1285
3029763 706
3031983 1772
3047653 706
3052273 1772
3068042 2414
3070402 1772
3084032 706
3139016 2414
3148776 706
3180859 1285
3211636 706
3215858 1285
3225316 706
3284716 0
3284717 487
29 events for L
263716 0
281236 1370
522916 0
540436 1370
868516 0
886216 600
886396 1300
1126276 600
1126476 0
1145416 600
1145596 1300
1472760 700
1472805 0
1491016 600
1491256 1300
1732076 700
1732121 0
1750216 600
1750456 1300
2077416 700
2077461 0
2095636 1300
2337435 0
2354836 1300
2683035 0
2694436 1300
2942235 0
2959636 1300
3287835 0
235 events for M
27646 1727
34845 2754
63646 1727
70845 2754
99646 1727
106845 2754
151846 1727
160845 1830
187846 1727
196845 1830
223846 1727
223856 3917
232845 4021
243645 4944
245456 2754
259546 1727
281445 2754
295846 1727
303045 2754
331846 1727
339045 1830
371446 1727
378645 1830
407446 1727
414645 1830
443446 1727
450645 2754
481246 1727
488445 2754
520246 1727
522956 1664
523256 1727
526256 3917
538845 4944
556846 3917
562245 4944
589246 3917
591056 1727
600045 2754
612618 1471
628846 444
636045 1471
664846 444
672045 1471
700846 444
708045 1471
709856 3662
753046 2635
762045 2738
764647 2685
790846 2581
801645 3608
813847 3662
814256 1471
826846 444
834045 548
865846 444
866123 0
866124 444
868256 382
868556 444
884445 548
902446 444
907845 1471
915056 3662
915078 4944
936646 3917
947445 4944
951056 2754
958278 1471
967245 548
976246 444
983445 548
997627 798
1012246 695
1019445 798
1041067 548
1048246 444
1059045 1471
1087846 444
1095045 1471
1124746 444
1145445 1471
1159846 444
1167045 1471
1195846 444
1203045 1471
1213856 1409
1214156 1471
1231846 444
1240845 548
1264256 2738
1269646 2635
1276845 2738
1300256 548
1305646 444
1311045 548
1323646 444
1332645 548
1359646 444
1368645 548
1386656 485
1386956 2738
1395646 2635
1404645 3662
1411878 4944
1433446 3917
1440645 4944
1455023 5195
1470346 4168
1489245 5195
1498267 4944
1498278 3662
1501856 1471
1507246 444
1512645 1471
1523445 548
1543246 444
1552245 548
1563056 485
1563356 548
1581046 444
1588245 1471
1617046 444
1627845 548
1653046 444
1660245 548
1692646 444
1699845 548
1729846 444
1732256 382
1732556 444
1750245 548
1764646 444
1771845 548
1771856 2738
1800646 2635
1807845 3662
1836646 2635
1843845 2738
1851056 548
1851067 798
1874446 695
1883445 798
1905056 736
1905067 485
1905356 548
1910446 444
1915845 548
1928446 444
1937445 548
1964446 444
1973445 548
2000446 444
2009445 1471
2038246 444
2045445 548
2075446 444
2095845 548
2112046 444
2117445 548
2149846 444
2157045 548
2185846 444
2193045 548
2221846 444
2230845 548
2250956 485
2251256 548
2257846 444
2266845 548
2295646 444
2304645 548
2334646 444
2355045 548
2370646 444
2376645 548
2405446 444
2412645 548
2441446 444
2448645 548
2479846 444
2484645 548
2513446 444
2527845 548
2569246 444
2578245 548
2596256 2738
2605246 2635
2614245 2738
2616056 548
2643046 444
2650245 548
2680246 444
2682635 240
2693445 344
2697056 2534
2715046 2431
2715056 240
2722245 344
2752846 240
2761845 344
2790646 240
2797845 344
2826646 240
2837445 344
2862646 240
2871645 344
2900446 240
2907645 344
2939446 240
2959845 344
2974246 240
2981445 344
3010246 240
3017445 344
3046246 240
3057045 344
3084046 240
3089445 344
3120046 240
3125445 344
3174046 240
3183045 344
3201356 281
3201656 344
3211846 240
3219045 344
3247846 240
3255045 344
3285046 240
3285323 0
3285324 240
3288356 178
3288656 240
470 events for N
5381 12910592
5382 0
17621 1089536
17622 0
26686 12910592
26687 0
36881 12910592
36882 0
46486 12910592
46487 0
55481 12910592
55482 0
64481 1089536
64482 0
73781 12910592
73782 0
82181 1089536
82182 0
89681 12910592
89682 0
93586 12910592
93587 0
232606 12910592
232607 0
235481 1089536
235482 0
239081 12910592
239082 0
242861 12910592
242862 0
249881 1089536
249882 0
253186 12910592
253187 0
256481 12910592
256482 0
284081 12910592
284082 0
291161 1089536
291162 0
298301 12910592
298302 0
305206 12910592
305207 0
310481 1089536
310482 0
316781 12910592
316782 0
320081 12910592
320082 0
325486 12910592
325487 0
330881 1089536
330882 0
335321 12910592
335322 0
379241 12910592
379242 0
383081 1089536
383082 0
386686 12910592
386687 0
390881 1089536
390882 0
394181 12910592
394182 0
396881 12910592
396882 0
402881 1089536
402882 0
405706 12910592
405707 0
468526 12910592
468527 0
473081 12910592
473082 0
478181 1089536
478182 0
482681 12910592
482682 0
490906 12910592
490907 0
505241 12910592
505242 0
509081 1089536
509082 0
512681 12910592
512682 0
516281 1089536
516282 0
518981 12910592
518982 0
578321 12910592
578322 0
582286 12910592
582287 0
585881 1089536
585882 0
589481 12910592
589482 0
593201 1089536
593202 0
600101 12910592
600102 0
603706 12910592
603707 0
607301 1089536
607302 0
611381 12910592
611382 0
709241 12910592
709242 0
712846 12910592
712847 0
716441 1089536
716442 0
720521 12910592
720522 0
723821 1089536
723822 0
727421 12910592
727422 0
731021 1089536
731022 0
734626 12910592
734627 0
738701 12910592
738702 0
889786 12910592
889787 0
894431 12910592
894432 0
902081 12910592
902082 0
910015 12910592
910016 0
921474 12910592
921475 0
940138 12910592
940139 0
947038 12910592
947039 0
949519 12910592
949520 0
953681 12910592
953682 0
957282 12910592
957283 0
961957 12910592
961958 0
969559 12910592
969560 0
977167 12910592
977168 0
984299 12910592
984300 0
991481 12910592
991482 0
1001681 12910592
1001682 0
1145981 12910592
1145982 0
1153820 12910592
1153821 0
1168560 12910592
1168561 0
1174186 12910592
1174187 0
1183449 12910592
1183450 0
1190744 12910592
1190745 0
1196386 12910592
1196387 0
1207481 12910592
1207482 0
1215282 12910592
1215283 0
1219528 12910592
1219529 0
1223253 12910592
1223254 0
1226853 12910592
1226854 0
1234178 12910592
1234179 0
1241743 12910592
1241744 0
1250687 12910592
1250688 0
1258187 12910592
1258188 0
1264366 12910592
1264367 0
1270377 12910592
1270378 0
1494311 12910592
1494312 0
1506281 12910592
1506282 0
1514810 12910592
1514811 0
1519760 12910592
1519761 0
1521886 12910592
1521887 0
1530024 12910592
1530025 0
1538081 12910592
1538082 0
1543366 12910592
1543367 0
1553081 12910592
1553082 0
1559680 12910592
1559681 0
1560882 12910592
1560883 0
1567057 12910592
1567058 0
1573781 12910592
1573782 0
1581967 12910592
1581968 0
1588872 12910592
1588873 0
1594524 12910592
1594525 0
1600181 12910592
1600182 0
1611388 12910592
1611389 0
1618695 12910592
1618696 0
1750786 12910592
1750787 0
1762220 12910592
1762221 0
1773365 12910592
1773366 0
1784649 12910592
1784650 0
1787949 12910592
1787950 0
1795394 12910592
1795395 0
1802839 12910592
1802840 0
1809881 12910592
1809882 0
1815881 12910592
1815882 0
1820986 12910592
1820987 0
2098481 12910592
2098482 0
2109281 12910592
2109282 0
2119615 12910592
2119616 0
2124281 12910592
2124282 0
2134841 12910592
2134842 0
2141086 12910592
2141087 0
2148281 12910592
2148282 0
2157281 12910592
2157282 0
2164480 12910592
2164481 0
2166967 12910592
2166968 0
2175881 12910592
2175882 0
2186681 12910592
2186682 0
2193881 12910592
2193882 0
2203781 12910592
2203782 0
2230486 12910592
2230487 0
2242310 12910592
2242311 0
2250885 12910592
2250886 0
2256046 12910592
2256047 0
2267724 12910592
2267725 0
2273531 12910592
2273532 0
2282638 12910592
2282639 0
2290245 12910592
2290246 0
2310264 12910592
2310265 0
2315767 12910592
2315768 0
2323524 12910592
2323525 0
2333386 12910592
2333387 0
2355581 12910592
2355582 0
2363981 12910592
2363982 0
2378160 12910592
2378161 0
2389001 12910592
2389002 0
2392754 12910592
2392755 0
2407389 12910592
2407390 0
2415514 12910592
2415515 0
2423680 12910592
2423681 0
2429081 12910592
2429082 0
2439281 12910592
2439282 0
2456567 12910592
2456568 0
2468122 12910592
2468123 0
2478286 12910592
2478287 0
2487881 12910592
2487882 0
2496281 12910592
2496282 0
2503523 12910592
2503524 0
2507081 12910592
2507082 0
2513982 12910592
2513983 0
2528081 12910592
2528082 0
2534433 12910592
2534434 0
2539500 12910592
2539501 0
2546681 12910592
2546682 0
2551500 12910592
2551501 0
2567566 12910592
2567567 0
2578661 12910592
2578662 0
2588746 12910592
2588747 0
2593601 12910592
2593602 0
2597681 12910592
2597682 0
2600141 12910592
2600142 0
2651081 12910592
2651082 0
2656352 12910592
2656353 0
2661692 12910592
2661693 0
2664992 12910592
2664993 0
2671986 12910592
2671987 0
2678986 12910592
2678987 0
2697286 12910592
2697287 0
2699081 12910592
2699082 0
2715281 12910592
2715282 0
2717566 12910592
2717567 0
2909557 12910592
2909558 0
2912552 12910592
2912553 0
2915059 12910592
2915060 0
2917567 12910592
2917568 0
2920567 12910592
2920568 0
2923867 12910592
2923868 0
2926867 12910592
2926868 0
2931029 12910592
2931030 0
2935181 12910592
2935182 0
2938181 12910592
2938182 0
2960686 12910592
2960687 0
2962481 12910592
2962482 0
2964281 12910592
2964282 0
2967881 12910592
2967882 0
2971481 12910592
2971482 0
2975681 12910592
2975682 0
2982886 12910592
2982887 0
2985281 12910592
2985282 0
2988281 12910592
2988282 0
3034048 12910592
3034049 0
3035746 12910592
3035747 0
3041283 12910592
3041284 0
3045518 12910592
3045519 0
3048518 12910592
3048519 0
3056981 12910592
3056982 0
3060286 12910592
3060287 0
3151481 12910592
3151482 0
3157781 12910592
3157782 0
3161381 12910592
3161382 0
3164981 12910592
3164982 0
3168581 12910592
3168582 0
3172240 12910592
3172241 0
3176135 12910592
3176136 0
3183281 12910592
3183282 0
3194026 12910592
3194027 0
3234018 12910592
3234019 0
3237881 12910592
3237882 0
3241481 12910592
3241482 0
3245081 12910592
3245082 0
3248902 12910592
3248903 0
3255807 12910592
3255808 0
3261281 12910592
3261282 0
3266081 12910592
3266082 0
425 events for O
7061 117965
7151 125479
7892 7514
8921 125479
9692 7514
10712 0
15126 117965
15216 119538
15957 1573
16986 119538
17757 1573
18786 119538
19557 1573
20586 119538
21357 1573
22386 119538
23157 1573
28377 0
32914 117965
33004 119538
33745 1573
34774 119538
35545 1573
36574 119538
37345 1573
38374 119538
39145 7514
40174 119538
40945 1573
46165 0
48602 117965
48692 125479
49433 7514
49853 0
287801 117965
287951 125479
288572 7514
289001 125479
289772 7514
290201 125479
290972 7514
291581 125479
292352 7514
296612 0
301190 117965
301280 125479
302021 7514
302450 125479
303221 7514
303650 125479
304421 7514
304850 125479
305621 7514
308441 0
309461 117965
309551 124709
310292 6744
310721 124709
311492 6744
311921 124709
312692 6744
313121 124709
313892 6744
314912 0
317604 117965
317694 124709
318435 6744
318864 124709
319635 6744
320064 124709
320835 6744
321264 124709
322035 6744
323064 124709
323835 6744
324864 124709
325635 6744
326664 124709
327435 6744
333855 0
338218 117965
338308 124709
339049 6744
339478 124709
340249 6744
340678 124709
341449 6744
341878 124709
342649 6744
343678 124709
344449 6744
352069 0
354632 117965
354722 124709
355463 7514
355468 6744
355892 124709
356663 6744
357092 124709
357863 6744
358292 124709
359063 6744
360092 124709
360863 6744
361892 124709
362663 6744
370883 0
375247 117965
375337 124709
376078 6744
376507 124709
377278 6744
377707 124709
378478 6744
378907 124709
379678 6744
380107 124709
380878 6744
382507 124709
383278 6744
389098 0
391661 117965
391751 124709
392492 6744
392921 124709
393692 6744
394121 124709
394892 6744
395312 0
544901 117965
545051 119538
545072 1573
546101 119538
546872 1573
547301 119538
548072 1573
548681 119538
549452 1573
549881 119538
550652 1573
551141 119538
551912 1573
552341 119538
553112 1573
554312 0
559740 117965
559830 119538
560571 1573
561000 119538
561771 1573
562200 119538
562971 1573
563400 119538
564171 1573
564600 119538
565371 1573
568191 0
890711 14189
891392 58982
891491 7514
891777 0
891821 73171
893192 7514
898541 66496
899912 7514
900812 0
905990 58982
906080 66496
907421 7514
909650 66496
911021 7514
911450 66496
912821 7514
913241 0
913961 58982
914051 66496
915392 7514
915777 0
915821 58982
917192 7514
920312 0
922404 58982
922494 66496
923835 7514
924220 0
924264 58982
925635 7514
929055 0
929338 58982
929428 66496
930769 7514
931154 0
931198 58982
932569 7514
938869 0
943018 58982
943108 66496
944449 7514
948769 0
949061 58982
949151 66496
950492 7514
954812 0
1150751 7514
1160372 0
1164630 7514
1167771 0
1168151 7514
1173212 0
1281251 7514
1287692 0
1289855 179338
1289957 0
1291546 7514
1305897 0
1310146 7514
1324087 0
1494761 19661
1494851 27175
1495532 7514
1496201 27175
1496972 7514
1497221 27175
1497992 7514
1498661 27175
1499432 7514
1499681 27175
1500452 7514
1501121 27175
1501892 7514
1502141 27175
1502912 7514
1503581 27175
1504352 7514
1504601 27175
1505372 7514
1505612 0
1510901 19661
1510991 27175
1511552 7514
1511681 27175
1512332 7514
1512881 27175
1513472 7514
1513661 27175
1514312 7514
1514861 27175
1515512 7514
1515641 27175
1516292 7514
1516841 27175
1517492 7514
1517621 27175
1518272 7514
1518821 27175
1519472 7514
1519601 27175
1520252 7514
1520801 27175
1521452 7514
1521581 27175
1522232 7514
1522352 0
1754051 7514
1756121 66496
1757492 7514
1760681 66496
1762052 7514
1765172 0
1769340 58982
1769430 66496
1770711 7514
1773960 66496
1775331 7514
1775571 0
1775861 58982
1775951 66496
1777232 7514
1780481 66496
1781852 7514
1783352 0
1785429 58982
1785519 66496
1786800 7514
1790049 66496
1791420 7514
1795380 0
1795661 58982
1795751 66496
1797032 7514
1799981 66496
1801352 7514
1801532 0
1805719 58982
1805809 66496
1807090 7514
1808479 66496
1809850 7514
1810390 0
1810661 58982
1810751 66496
1812032 7514
1817021 66496
1818392 7514
1819712 0
1821808 117965
1821898 124709
1822759 6744
1823668 124709
1824559 6744
1825468 124709
1826359 6744
1827268 124709
1828159 6744
1829068 124709
1829959 6744
1830868 124709
1831759 6744
1832668 124709
1833559 6744
1837939 0
1842098 117965
1842188 124709
1843049 6744
1843958 124709
1844849 6744
1845758 124709
1846649 6744
1847558 124709
1848449 6744
1849358 124709
1850249 6744
1851158 124709
1852049 6744
1852958 124709
1853849 6744
1854758 124709
1855649 6744
1856129 0
1860287 117965
1860377 124709
1861238 6744
1862147 124709
1863038 6744
1863938 0
1878812 169032
1880132 45609
1881457 0
2057762 7514
2064923 0
2358581 117965
2358671 124709
2359472 6744
2359601 124709
2360307 6744
2360312 0
2361161 58982
2361251 66496
2362532 7514
2369972 0
2374140 58982
2374230 7514
2382771 0
2383061 117965
2383151 124709
2384012 6744
2387732 0
2390229 117965
2390319 124709
2391180 6744
2401080 0
2410519 117965
2410609 124709
2411470 6744
2421370 0
2701875 117965
2701965 124709
2702826 6744
2703735 124709
2704626 6744
2705535 124709
2706426 6744
2707335 124709
2708226 6744
2709135 124709
2710026 6744
2710935 124709
2711826 6744
2712726 0
2720390 117965
2720480 124709
2721341 6744
2722250 124709
2723141 6744
2724050 124709
2724941 6744
2725850 124709
2726741 6744
2727641 0
2905622 7514
2919263 0
2921437 7514
2936878 0
3225161 58982
3225251 66496
3226532 6744
3227021 66496
3228392 6744
3228812 0
3231493 58982
3231583 66496
3232864 6744
3233353 66496
3234724 6744
3235153 66496
3236524 6744
3245944 0
3251782 58982
3251872 66496
3253153 6744
3253642 66496
3255013 6744
3255442 66496
3256813 6744
3262633 0
426 events for P
1690 0
8934 117965
9024 125479
9765 7514
10794 125479
11565 7514
12585 0
16999 117965
17089 119538
17830 1573
18859 119538
19630 1573
20659 119538
21430 1573
22459 119538
23230 1573
24259 119538
25030 1573
30250 0
34787 117965
34877 119538
35618 1573
36647 119538
37418 1573
38447 119538
39218 1573
40247 119538
41018 7514
42047 119538
42818 1573
48038 0
50475 117965
50565 125479
51306 7514
51726 0
289674 117965
289824 125479
290445 7514
290874 125479
291645 7514
292074 125479
292845 7514
293454 125479
294225 7514
298485 0
303063 117965
303153 125479
303894 7514
304323 125479
305094 7514
305523 125479
306294 7514
306723 125479
307494 7514
310314 0
311334 117965
311424 124709
312165 6744
312594 124709
313365 6744
313794 124709
314565 6744
314994 124709
315765 6744
316785 0
319477 117965
319567 124709
320308 6744
320737 124709
321508 6744
321937 124709
322708 6744
323137 124709
323908 6744
324937 124709
325708 6744
326737 124709
327508 6744
328537 124709
329308 6744
335728 0
340091 117965
340181 124709
340922 6744
341351 124709
342122 6744
342551 124709
343322 6744
343751 124709
344522 6744
345551 124709
346322 6744
353942 0
356505 117965
356595 124709
357336 7514
357341 6744
357765 124709
358536 6744
358965 124709
359736 6744
360165 124709
360936 6744
361965 124709
362736 6744
363765 124709
364536 6744
372756 0
377120 117965
377210 124709
377951 6744
378380 124709
379151 6744
379580 124709
380351 6744
380780 124709
381551 6744
381980 124709
382751 6744
384380 124709
385151 6744
390971 0
393534 117965
393624 124709
394365 6744
394794 124709
395565 6744
395994 124709
396765 6744
397185 0
546774 117965
546924 119538
546945 1573
547974 119538
548745 1573
549174 119538
549945 1573
550554 119538
551325 1573
551754 119538
552525 1573
553014 119538
553785 1573
554214 119538
554985 1573
556185 0
561613 117965
561703 119538
562444 1573
562873 119538
563644 1573
564073 119538
564844 1573
565273 119538
566044 1573
566473 119538
567244 1573
570064 0
892584 14189
893265 58982
893364 7514
893650 0
893694 73171
895065 7514
900414 66496
901785 7514
902685 0
907863 58982
907953 66496
909294 7514
911523 66496
912894 7514
913323 66496
914694 7514
915114 0
915834 58982
915924 66496
917265 7514
917650 0
917694 58982
919065 7514
922185 0
924277 58982
924367 66496
925708 7514
926093 0
926137 58982
927508 7514
930928 0
931211 58982
931301 66496
932642 7514
933027 0
933071 58982
934442 7514
940742 0
944891 58982
944981 66496
946322 7514
950642 0
950934 58982
951024 66496
952365 7514
956685 0
1152624 7514
1162245 0
1166503 7514
1169644 0
1170024 7514
1175085 0
1283124 7514
1289565 0
1291728 179338
1291830 0
1293419 7514
1307770 0
1312019 7514
1325960 0
1496634 19661
1496724 27175
1497405 7514
1498074 27175
1498845 7514
1499094 27175
1499865 7514
1500534 27175
1501305 7514
1501554 27175
1502325 7514
1502994 27175
1503765 7514
1504014 27175
1504785 7514
1505454 27175
1506225 7514
1506474 27175
1507245 7514
1507485 0
1512774 19661
1512864 27175
1513425 7514
1513554 27175
1514205 7514
1514754 27175
1515345 7514
1515534 27175
1516185 7514
1516734 27175
1517385 7514
1517514 27175
1518165 7514
1518714 27175
1519365 7514
1519494 27175
1520145 7514
1520694 27175
1521345 7514
1521474 27175
1522125 7514
1522674 27175
1523325 7514
1523454 27175
1524105 7514
1524225 0
1755924 7514
1757994 66496
1759365 7514
1762554 66496
1763925 7514
1767045 0
1771213 58982
1771303 66496
1772584 7514
1775833 66496
1777204 7514
1777444 0
1777734 58982
1777824 66496
1779105 7514
1782354 66496
1783725 7514
1785225 0
1787302 58982
1787392 66496
1788673 7514
1791922 66496
1793293 7514
1797253 0
1797534 58982
1797624 66496
1798905 7514
1801854 66496
1803225 7514
1803405 0
1807592 58982
1807682 66496
1808963 7514
1810352 66496
1811723 7514
1812263 0
1812534 58982
1812624 66496
1813905 7514
1818894 66496
1820265 7514
1821585 0
1823681 117965
1823771 124709
1824632 6744
1825541 124709
1826432 6744
1827341 124709
1828232 6744
1829141 124709
1830032 6744
1830941 124709
1831832 6744
1832741 124709
1833632 6744
1834541 124709
1835432 6744
1839812 0
1843971 117965
1844061 124709
1844922 6744
1845831 124709
1846722 6744
1847631 124709
1848522 6744
1849431 124709
1850322 6744
1851231 124709
1852122 6744
1853031 124709
1853922 6744
1854831 124709
1855722 6744
1856631 124709
1857522 6744
1858002 0
1862160 117965
1862250 124709
1863111 6744
1864020 124709
1864911 6744
1865811 0
1880685 169032
1882005 45609
1883330 0
2059635 7514
2066796 0
2360454 117965
2360544 124709
2361345 6744
2361474 124709
2362180 6744
2362185 0
2363034 58982
2363124 66496
2364405 7514
2371845 0
2376013 58982
2376103 7514
2384644 0
2384934 117965
2385024 124709
2385885 6744
2389605 0
2392102 117965
2392192 124709
2393053 6744
2402953 0
2412392 117965
2412482 124709
2413343 6744
2423243 0
2703748 117965
2703838 124709
2704699 6744
2705608 124709
2706499 6744
2707408 124709
2708299 6744
2709208 124709
2710099 6744
2711008 124709
2711899 6744
2712808 124709
2713699 6744
2714599 0
2722263 117965
2722353 124709
2723214 6744
2724123 124709
2725014 6744
2725923 124709
2726814 6744
2727723 124709
2728614 6744
2729514 0
2907495 7514
2921136 0
2923310 7514
2938751 0
3227034 58982
3227124 66496
3228405 6744
3228894 66496
3230265 6744
3230685 0
3233366 58982
3233456 66496
3234737 6744
3235226 66496
3236597 6744
3237026 66496
3238397 6744
3247817 0
3253655 58982
3253745 66496
3255026 6744
3255515 66496
3256886 6744
3257315 66496
3258686 6744
3264506 0
4 events for Q
865112 0
865113 2650
3284312 0
3284313 2650
518 events for R
93893 718864
93894 0
94503 718864
94504 0
95134 3748528
95137 0
95393 718864
95394 0
96003 718864
96004 0
96634 3748528
96637 0
96893 718864
96894 0
97503 718864
97504 0
98134 3748528
98137 0
105653 718864
105654 0
106263 718864
106264 0
106894 3748528
106897 0
107153 718864
107154 0
107763 718864
107764 0
108394 3748528
108397 0
108653 718864
108654 0
109263 718864
109264 0
109894 3748528
109897 0
140314 4313184
140315 2310336
140316 0
140445 4313184
140447 0
140590 192528
140591 0
140895 2156592
140896 0
141214 3594320
141215 962640
141216 0
141262 3594320
141263 962640
141264 0
141533 718864
141534 0
141543 718864
141544 0
141553 718864
141554 0
141563 718864
141564 0
141573 718864
141574 0
141583 718864
141584 0
141593 718864
141594 0
141603 718864
141604 0
141613 718864
141614 0
141623 718864
141624 0
141633 718864
141634 0
141643 718864
141644 0
141653 718864
141654 0
141663 718864
141664 0
141673 718864
141674 0
141683 718864
141684 0
141693 718864
141694 0
141713 192528
141714 0
141723 192528
141724 0
141733 192528
141734 0
141743 192528
141744 0
141753 192528
141754 0
141763 192528
141764 0
141773 192528
141774 0
141783 192528
141784 0
141793 192528
141794 0
141803 192528
141804 0
141813 192528
141814 0
141823 192528
141824 0
141833 192528
141834 0
247414 4494818
247415 3748528
247418 0
247424 4494818
247429 0
247474 4494818
247479 0
247534 4494818
247535 3748528
247538 0
247544 4494818
247549 0
247594 4494818
247599 0
247654 4494818
247659 0
247664 4494818
247669 0
247714 4494818
247715 3748528
247718 0
251614 4494818
251615 3748528
251618 0
251624 4494818
251629 0
251674 4494818
251679 0
251734 4494818
251735 3748528
251738 0
251744 4494818
251749 0
251794 4494818
251799 0
251854 4494818
251859 0
251864 4494818
251869 0
251914 4494818
251915 3748528
251918 0
288838 82880
288839 0
288848 82880
288849 0
288858 82880
288859 0
288889 82880
288890 0
288899 82880
288900 0
288909 82880
288910 0
338290 3748528
338293 0
341890 3748528
341893 0
345490 3748528
345493 0
349090 3748528
349093 0
352510 3748528
352513 0
354704 3748528
354707 0
358304 3748528
358307 0
361904 3748528
361907 0
365504 3748528
365507 0
369104 3748528
369107 0
375319 3748528
375322 0
378919 3748528
378922 0
382519 3748528
382522 0
386119 3748528
386122 0
389539 3748528
389542 0
391733 3748528
391736 0
395333 3748528
395336 0
396907 3748528
396910 0
396917 3748528
396920 0
397507 3748528
397510 0
397517 3748528
397520 0
399821 3748528
399824 0
399831 3748528
399834 0
400421 3748528
400424 0
400431 3748528
400434 0
406721 3748528
406724 0
406731 3748528
406734 0
407321 3748528
407324 0
407331 3748528
407334 0
425321 3748528
425324 0
425331 3748528
425334 0
425921 3748528
425924 0
425931 3748528
425934 0
488804 2824208
488805 0
488924 2824208
488925 0
489044 2824208
489045 0
489524 2824208
489525 0
489644 2824208
489645 0
489764 2824208
489765 0
490244 2824208
490245 0
490364 2824208
490365 0
490484 2824208
490485 0
490964 2824208
490965 0
491084 2824208
491085 0
491204 2824208
491205 0
491684 2824208
491685 0
491804 2824208
491805 0
491924 2824208
491925 0
492404 2824208
492405 0
492524 2824208
492525 0
492644 2824208
492645 0
493124 2824208
493125 0
493244 2824208
493245 0
493364 2824208
493365 0
493844 2824208
493845 0
493964 2824208
493965 0
494084 2824208
494085 0
494564 2824208
494565 0
494684 2824208
494685 0
494804 2824208
494805 0
495224 2824208
495225 0
495344 2824208
495345 0
495464 2824208
495465 0
496004 2824208
496005 0
496124 2824208
496125 0
496244 2824208
496245 0
498919 2824208
498920 0
499010 3748528
499013 0
499219 2824208
499220 0
499289 2824208
499290 0
499500 3765611
499503 0
502819 2824208
502820 0
502910 3748528
502913 0
503119 2824208
503120 0
503189 2824208
503190 0
503400 3765611
503403 0
504919 2824208
504920 0
505010 3748528
505013 0
505219 2824208
505220 0
505289 2824208
505290 0
505500 3765611
505503 0
506419 2824208
506420 0
506510 3748528
506513 0
506719 2824208
506720 0
506789 2824208
506790 0
507000 3765611
507003 0
516533 2824208
516534 0
516624 3748528
516627 0
516833 2824208
516834 0
516903 2824208
516904 0
517114 3765611
517117 0
575881 3748528
575884 0
575896 5000000
575914 0
577681 3748528
577684 0
577696 5000000
577714 0
579481 3748528
579484 0
579496 5000000
579514 0
581281 3748528
581284 0
581296 5000000
581314 0
583081 3748528
583084 0
583096 5000000
583114 0
584881 3748528
584884 0
584896 5000000
584914 0
586681 3748528
586684 0
586696 5000000
586714 0
588481 3748528
588484 0
588496 5000000
588514 0
590281 3748528
590284 0
590296 5000000
590314 0
596171 3748528
596174 0
596186 5000000
596204 0
597971 3748528
597974 0
597986 5000000
598004 0
599771 3748528
599774 0
599786 5000000
599804 0
601571 3748528
601574 0
601586 5000000
601604 0
603371 3748528
603374 0
603386 5000000
603404 0
605171 3748528
605174 0
605186 5000000
605204 0
606971 3748528
606974 0
606986 5000000
607004 0
608771 3748528
608774 0
608786 5000000
608804 0
654833 3748528
654836 0
654853 3748528
654856 0
654873 3748528
654876 0
661133 3748528
661136 0
661153 3748528
661156 0
661173 3748528
661176 0
668949 3748528
668952 0
668969 3748528
668972 0
668989 3748528
668992 0
675249 3748528
675252 0
675269 3748528
675272 0
675289 3748528
675292 0
681549 3748528
681552 0
681569 3748528
681572 0
681589 3748528
681592 0
686949 3748528
686952 0
686969 3748528
686972 0
686989 3748528
686992 0
691749 3748528
691752 0
691769 3748528
691772 0
691789 3748528
691792 0
696549 3748528
696552 0
696569 3748528
696572 0
696589 3748528
696592 0
700528 3748528
700531 0
700548 3748528
700551 0
700568 3748528
700571 0
1059574 226158674
1059579 0
1081174 20242052
1081179 0
1102774 20242052
1102779 0
1167574 178452312
1167576 8996469
1167581 0
1297174 18598775
1297179 0
1318774 22542416
1318779 0
1340374 57946826
1340379 0
1361974 112491168
1361979 0
1383574 89992935
1383579 0
1444237 90225847
1444238 99456
1444239 17992937
1444244 0
1513175 36047367
1513180 0
1534775 39436416
1534780 0
1642775 79610631
1642780 0
1664375 77494701
1664380 0
1772375 73767533
1772380 0
1793975 221441780
1793980 0
2053175 47723996
2053180 0
2070125 12683312
2070130 0
2225974 9037466
2225979 0
2269174 270264152
2269179 0
3154774 26968906
3154779 0
3176374 134824032
3176379 0
3179300 20221556
3179305 0
104 events for S
14360 4214960
14364 0
14790 4214960
14794 0
15530 4214960
15534 0
15960 4214960
15964 0
280795 4214960
280799 0
281225 4214960
281229 0
281965 4214960
281969 0
282395 4214960
282399 0
649921 4214960
649925 0
650351 4214960
650355 0
651091 4214960
651095 0
651521 4214960
651525 0
885595 4214960
885599 0
886025 4214960
886029 0
886765 4214960
886769 0
887195 4214960
887199 0
1254721 4214960
1254725 0
1255151 4214960
1255155 0
1255891 4214960
1255895 0
1256321 4214960
1256325 0
1490395 4214960
1490399 0
1490825 4214960
1490829 0
1491565 4214960
1491569 0
1491995 4214960
1491999 0
1859521 4214960
1859525 0
1859951 4214960
1859955 0
1860691 4214960
1860695 0
1861121 4214960
1861125 0
2095195 4214960
2095199 0
2095625 4214960
2095629 0
2096365 4214960
2096369 0
2096795 4214960
2096799 0
2464321 4214960
2464325 0
2464751 4214960
2464755 0
2465491 4214960
2465495 0
2465921 4214960
2465925 0
2516395 4214960
2516399 0
2516825 4214960
2516829 0
2517565 4214960
2517569 0
2517995 4214960
2517999 0
2701109 4214960
2701113 0
2701539 4214960
2701543 0
2702279 4214960
2702283 0
2702709 4214960
2702713 0
3069121 4214960
3069125 0
3069551 4214960
3069555 0
3070291 4214960
3070295 0
3070721 4214960
3070725 0
3140095 4214960
3140099 0
3140525 4214960
3140529 0
3141265 4214960
3141269 0
3141695 4214960
3141699 0
4 events for T
867355 0
867356 74
3286555 0
3286556 74
