20 instruments
A 10 100 5910082.7758317869 3030989320.3134623
B 10 100 40786.332763907049 54547276.407707497
C 10 100 5459680 2800000000
D 10 100 7196.0339286610251 2810950753.383213
E 10 100 352362.70723718189 299636114.68177354
F 10 100 2419.0747377101388 662193255.831689
G 10 100 0 276873309.16802311
H 10 100 2312500 800000000
I 10 100 45126217.813212499 1435691857.5629289
J 10 100 1517960000 4000000000
K 10 100 309096.09667920991 262843801.48639998
L 10 100 0.00017956089109901502 925410610.77784157
M 10 100 815344000 7516190000
N 10 100 4367744.2331614867 2240000119.5770016
O 10 100 0.00018444817663405244 950598422.35720563
P 10 100 0.000155227 800000000
Q 10 100 22090 160000000
R 10 100 1289849390.9659207 3398902187.0561032
S 10 100 1935.2198577632046 529743673.63920057
T 10 100 54084010.43300014 1720684275.4783733
60 downlinks
0 4798 53082 56661.696495999997
1 53083 65378 56748.807657999998
2 69583 81788 58852.465277000003
3 101982 128282 17334.486729
4 134983 177358 60764.045818999999
5 177359 224775 24005.080918
6 232481 236678 18969.341575999999
7 242081 263441 18036.499982000001
8 286480 298552 52719.905522000001
9 307554 338163 54389.954824
10 362078 373852 17991.02982
11 393839 435558 61717.871531999997
12 436206 481755 24930.695499000001
13 500677 524316 22398.438724
14 539312 567759 17244.778962
15 570575 582913 18220.925300999999
16 599675 611235 58678.576760000004
17 614434 654273 58555.537063999996
18 654274 669159 18992.23504
19 686974 723495 13796.402593000001
20 738990 777271 59962.626314000001
21 777272 783181 23204.996364999999
22 800612 823747 60314.874481999999
23 826171 842579 18020.649063000001
24 884912 912352 17416.188300000002
25 938369 958655 17116.766715000002
26 959367 965865 60234.572946
27 969867 989960 16963.427941999998
28 997858 1040196 60809.052052999999
29 1040197 1065276 23716.228502000002
30 1065865 1073367 18029.108412000001
31 1077025 1080105 60100.563959999999
32 1144112 1170537 17729.224104000001
33 1203863 1215945 17589.138943000002
34 1218621 1250960 58302.529763999999
35 1250961 1268405 18080.346756999999
36 1276761 1304397 55874.873438000002
37 1310359 1333585 60291.091052000003
38 1343024 1385346 60832.041154999999
39 1385347 1423456 24945.773354000001
40 1423457 1447270 18650.039686
41 1489712 1515327 17801.393711000001
42 1515760 1518903 18241.361444999999
43 1535354 1558187 24067.369501000001
44 1559352 1583335 56712.888793999999
45 1609452 1618307 58370.132263
46 1621823 1642663 58005.525035999999
47 1644214 1682049 24930.123806
48 1682050 1703223 16739.689300999999
49 1748912 1773479 18181.419744999999
50 1795447 1821063 18610.315675999998
51 1822505 1860893 59847.283359000001
52 1862345 1878420 18063.419893999999
53 1883045 1907850 18186.627066000001
54 1908902 1924749 56843.492619999997
55 1947082 1980541 9175.5815739999998
56 1980542 1992031 9288.5908459999991
57 1995299 2033298 29976.478185
58 2035439 2052476 8340.6453669999992
59 2061839 2072142 28164.287346000001
0 opportunities for A
0 opportunities for B
0 opportunities for C
0 opportunities for D
0 opportunities for E
0 opportunities for F
0 opportunities for G
0 opportunities for H
0 opportunities for I
0 opportunities for J
0 opportunities for K
0 opportunities for L
0 opportunities for M
0 opportunities for N
0 opportunities for O
0 opportunities for P
0 opportunities for Q
0 opportunities for R
0 opportunities for S
0 opportunities for T
2 events for A
866749 0
866750 2650
2 events for B
866412 0
866413 18
2 events for C
865112 0
865113 2650
912 events for D
14773 12910592
14774 0
15003 12910592
15004 0
15543 12910592
15544 0
15773 12910592
15774 0
32561 12910592
32562 0
32821 12910592
32822 0
33401 12910592
33402 0
33661 12910592
33662 0
50349 12910592
50350 0
50609 12910592
50610 0
51189 12910592
51190 0
51449 12910592
51450 0
68137 12910592
68138 0
68397 12910592
68398 0
68977 12910592
68978 0
69237 12910592
69238 0
85926 12910592
85927 0
86186 12910592
86187 0
86766 12910592
86767 0
87026 12910592
87027 0
103714 12910592
103715 0
103974 12910592
103975 0
104554 12910592
104555 0
104814 12910592
104815 0
121502 12910592
121503 0
121762 12910592
121763 0
122342 12910592
122343 0
122602 12910592
122603 0
139290 12910592
139291 0
139550 12910592
139551 0
140130 12910592
140131 0
140390 12910592
140391 0
157079 12910592
157080 0
157339 12910592
157340 0
157919 12910592
157920 0
158179 12910592
158180 0
174867 12910592
174868 0
175127 12910592
175128 0
175707 12910592
175708 0
175967 12910592
175968 0
192655 12910592
192656 0
192915 12910592
192916 0
193495 12910592
193496 0
193755 12910592
193756 0
210443 12910592
210444 0
210703 12910592
210704 0
211283 12910592
211284 0
211543 12910592
211544 0
228232 12910592
228233 0
228492 12910592
228493 0
229072 12910592
229073 0
229332 12910592
229333 0
245420 12910592
245421 0
245680 12910592
245681 0
246260 12910592
246261 0
246520 12910592
246521 0
262308 12910592
262309 0
262568 12910592
262569 0
263148 12910592
263149 0
263408 12910592
263409 0
281208 12910592
281209 0
281438 12910592
281439 0
281978 12910592
281979 0
282208 12910592
282209 0
300837 12910592
300838 0
301097 12910592
301098 0
301677 12910592
301678 0
301937 12910592
301938 0
319351 12910592
319352 0
319611 12910592
319612 0
320191 12910592
320192 0
320451 12910592
320452 0
337865 12910592
337866 0
338125 12910592
338126 0
338705 12910592
338706 0
338965 12910592
338966 0
356379 12910592
356380 0
356639 12910592
356640 0
357219 12910592
357220 0
357479 12910592
357480 0
374894 12910592
374895 0
375154 12910592
375155 0
375734 12910592
375735 0
375994 12910592
375995 0
393408 12910592
393409 0
393668 12910592
393669 0
394248 12910592
394249 0
394508 12910592
394509 0
411922 12910592
411923 0
412182 12910592
412183 0
412762 12910592
412763 0
413022 12910592
413023 0
430437 12910592
430438 0
430697 12910592
430698 0
431277 12910592
431278 0
431537 12910592
431538 0
448951 12910592
448952 0
449211 12910592
449212 0
449791 12910592
449792 0
450051 12910592
450052 0
467465 12910592
467466 0
467725 12910592
467726 0
468305 12910592
468306 0
468565 12910592
468566 0
485979 12910592
485980 0
486239 12910592
486240 0
486819 12910592
486820 0
487079 12910592
487080 0
503894 12910592
503895 0
504154 12910592
504155 0
504734 12910592
504735 0
504994 12910592
504995 0
521508 12910592
521509 0
521768 12910592
521769 0
522348 12910592
522349 0
522608 12910592
522609 0
540408 12910592
540409 0
540668 12910592
540669 0
541248 12910592
541249 0
541508 12910592
541509 0
559387 12910592
559388 0
559647 12910592
559648 0
560227 12910592
560228 0
560487 12910592
560488 0
577576 12910592
577577 0
577836 12910592
577837 0
578416 12910592
578417 0
578676 12910592
578677 0
595766 12910592
595767 0
596026 12910592
596027 0
596606 12910592
596607 0
596866 12910592
596867 0
613955 12910592
613956 0
614215 12910592
614216 0
614795 12910592
614796 0
615055 12910592
615056 0
632145 12910592
632146 0
632405 12910592
632406 0
632985 12910592
632986 0
633245 12910592
633246 0
650334 12910592
650335 0
650564 12910592
650565 0
651104 12910592
651105 0
651334 12910592
651335 0
668524 12910592
668525 0
668784 12910592
668785 0
669364 12910592
669365 0
669624 12910592
669625 0
686713 12910592
686714 0
686973 12910592
686974 0
687553 12910592
687554 0
687813 12910592
687814 0
704903 12910592
704904 0
705163 12910592
705164 0
705743 12910592
705744 0
706003 12910592
706004 0
723092 12910592
723093 0
723352 12910592
723353 0
723932 12910592
723933 0
724192 12910592
724193 0
741282 12910592
741283 0
741542 12910592
741543 0
742122 12910592
742123 0
742382 12910592
742383 0
759471 12910592
759472 0
759731 12910592
759732 0
760311 12910592
760312 0
760571 12910592
760572 0
777661 12910592
777662 0
777921 12910592
777922 0
778501 12910592
778502 0
778761 12910592
778762 0
795850 12910592
795851 0
796110 12910592
796111 0
796690 12910592
796691 0
796950 12910592
796951 0
814040 12910592
814041 0
814300 12910592
814301 0
814880 12910592
814881 0
815140 12910592
815141 0
832229 12910592
832230 0
832489 12910592
832490 0
833069 12910592
833070 0
833329 12910592
833330 0
849819 12910592
849820 0
850079 12910592
850080 0
850659 12910592
850660 0
850919 12910592
850920 0
867108 12910592
867109 0
867368 12910592
867369 0
867948 12910592
867949 0
868208 12910592
868209 0
886008 12910592
886009 0
886238 12910592
886239 0
886778 12910592
886779 0
887008 12910592
887009 0
905637 12910592
905638 0
905897 12910592
905898 0
906477 12910592
906478 0
906737 12910592
906738 0
924151 12910592
924152 0
924411 12910592
924412 0
924991 12910592
924992 0
925251 12910592
925252 0
942665 12910592
942666 0
942925 12910592
942926 0
943505 12910592
943506 0
943765 12910592
943766 0
961179 12910592
961180 0
961439 12910592
961440 0
962019 12910592
962020 0
962279 12910592
962280 0
979694 12910592
979695 0
979954 12910592
979955 0
980534 12910592
980535 0
980794 12910592
980795 0
998208 12910592
998209 0
998468 12910592
998469 0
999048 12910592
999049 0
999308 12910592
999309 0
1016722 12910592
1016723 0
1016982 12910592
1016983 0
1017562 12910592
1017563 0
1017822 12910592
1017823 0
1035237 12910592
1035238 0
1035497 12910592
1035498 0
1036077 12910592
1036078 0
1036337 12910592
1036338 0
1053751 12910592
1053752 0
1054011 12910592
1054012 0
1054591 12910592
1054592 0
1054851 12910592
1054852 0
1072265 12910592
1072266 0
1072525 12910592
1072526 0
1073105 12910592
1073106 0
1073365 12910592
1073366 0
1090779 12910592
1090780 0
1091039 12910592
1091040 0
1091619 12910592
1091620 0
1091879 12910592
1091880 0
1108694 12910592
1108695 0
1108954 12910592
1108955 0
1109534 12910592
1109535 0
1109794 12910592
1109795 0
1126308 12910592
1126309 0
1126568 12910592
1126569 0
1127148 12910592
1127149 0
1127408 12910592
1127409 0
1145208 12910592
1145209 0
1145468 12910592
1145469 0
1146048 12910592
1146049 0
1146308 12910592
1146309 0
1164187 12910592
1164188 0
1164447 12910592
1164448 0
1165027 12910592
1165028 0
1165287 12910592
1165288 0
1182376 12910592
1182377 0
1182636 12910592
1182637 0
1183216 12910592
1183217 0
1183476 12910592
1183477 0
1200566 12910592
1200567 0
1200826 12910592
1200827 0
1201406 12910592
1201407 0
1201666 12910592
1201667 0
1218755 12910592
1218756 0
1219015 12910592
1219016 0
1219595 12910592
1219596 0
1219855 12910592
1219856 0
1236945 12910592
1236946 0
1237205 12910592
1237206 0
1237785 12910592
1237786 0
1238045 12910592
1238046 0
1255134 12910592
1255135 0
1255364 12910592
1255365 0
1255904 12910592
1255905 0
1256134 12910592
1256135 0
1273324 12910592
1273325 0
1273584 12910592
1273585 0
1274164 12910592
1274165 0
1274424 12910592
1274425 0
1291513 12910592
1291514 0
1291773 12910592
1291774 0
1292353 12910592
1292354 0
1292613 12910592
1292614 0
1309703 12910592
1309704 0
1309963 12910592
1309964 0
1310543 12910592
1310544 0
1310803 12910592
1310804 0
1327892 12910592
1327893 0
1328152 12910592
1328153 0
1328732 12910592
1328733 0
1328992 12910592
1328993 0
1346082 12910592
1346083 0
1346342 12910592
1346343 0
1346922 12910592
1346923 0
1347182 12910592
1347183 0
1364271 12910592
1364272 0
1364531 12910592
1364532 0
1365111 12910592
1365112 0
1365371 12910592
1365372 0
1382461 12910592
1382462 0
1382721 12910592
1382722 0
1383301 12910592
1383302 0
1383561 12910592
1383562 0
1400650 12910592
1400651 0
1400910 12910592
1400911 0
1401490 12910592
1401491 0
1401750 12910592
1401751 0
1418840 12910592
1418841 0
1419100 12910592
1419101 0
1419680 12910592
1419681 0
1419940 12910592
1419941 0
1437029 12910592
1437030 0
1437289 12910592
1437290 0
1437869 12910592
1437870 0
1438129 12910592
1438130 0
1454619 12910592
1454620 0
1454879 12910592
1454880 0
1455459 12910592
1455460 0
1455719 12910592
1455720 0
1471908 12910592
1471909 0
1472168 12910592
1472169 0
1472748 12910592
1472749 0
1473008 12910592
1473009 0
1490808 12910592
1490809 0
1491038 12910592
1491039 0
1491578 12910592
1491579 0
1491808 12910592
1491809 0
1510437 12910592
1510438 0
1510697 12910592
1510698 0
1511277 12910592
1511278 0
1511537 12910592
1511538 0
1528951 12910592
1528952 0
1529211 12910592
1529212 0
1529791 12910592
1529792 0
1530051 12910592
1530052 0
1547465 12910592
1547466 0
1547725 12910592
1547726 0
1548305 12910592
1548306 0
1548565 12910592
1548566 0
1565979 12910592
1565980 0
1566239 12910592
1566240 0
1566819 12910592
1566820 0
1567079 12910592
1567080 0
1584494 12910592
1584495 0
1584754 12910592
1584755 0
1585334 12910592
1585335 0
1585594 12910592
1585595 0
1603008 12910592
1603009 0
1603268 12910592
1603269 0
1603848 12910592
1603849 0
1604108 12910592
1604109 0
1621522 12910592
1621523 0
1621782 12910592
1621783 0
1622362 12910592
1622363 0
1622622 12910592
1622623 0
1640037 12910592
1640038 0
1640297 12910592
1640298 0
1640877 12910592
1640878 0
1641137 12910592
1641138 0
1658551 12910592
1658552 0
1658811 12910592
1658812 0
1659391 12910592
1659392 0
1659651 12910592
1659652 0
1677065 12910592
1677066 0
1677325 12910592
1677326 0
1677905 12910592
1677906 0
1678165 12910592
1678166 0
1695579 12910592
1695580 0
1695839 12910592
1695840 0
1696419 12910592
1696420 0
1696679 12910592
1696680 0
1713494 12910592
1713495 0
1713754 12910592
1713755 0
1714334 12910592
1714335 0
1714594 12910592
1714595 0
1731108 12910592
1731109 0
1731368 12910592
1731369 0
1731948 12910592
1731949 0
1732208 12910592
1732209 0
1750008 12910592
1750009 0
1750268 12910592
1750269 0
1750848 12910592
1750849 0
1751108 12910592
1751109 0
1768987 12910592
1768988 0
1769247 12910592
1769248 0
1769827 12910592
1769828 0
1770087 12910592
1770088 0
1787176 12910592
1787177 0
1787436 12910592
1787437 0
1788016 12910592
1788017 0
1788276 12910592
1788277 0
1805366 12910592
1805367 0
1805626 12910592
1805627 0
1806206 12910592
1806207 0
1806466 12910592
1806467 0
1823555 12910592
1823556 0
1823815 12910592
1823816 0
1824395 12910592
1824396 0
1824655 12910592
1824656 0
1841745 12910592
1841746 0
1842005 12910592
1842006 0
1842585 12910592
1842586 0
1842845 12910592
1842846 0
1859934 12910592
1859935 0
1860164 12910592
1860165 0
1860704 12910592
1860705 0
1860934 12910592
1860935 0
1878124 12910592
1878125 0
1878384 12910592
1878385 0
1878964 12910592
1878965 0
1879224 12910592
1879225 0
1896313 12910592
1896314 0
1896573 12910592
1896574 0
1897153 12910592
1897154 0
1897413 12910592
1897414 0
1914503 12910592
1914504 0
1914763 12910592
1914764 0
1915343 12910592
1915344 0
1915603 12910592
1915604 0
1932692 12910592
1932693 0
1932952 12910592
1932953 0
1933532 12910592
1933533 0
1933792 12910592
1933793 0
1950882 12910592
1950883 0
1951142 12910592
1951143 0
1951722 12910592
1951723 0
1951982 12910592
1951983 0
1969071 12910592
1969072 0
1969331 12910592
1969332 0
1969911 12910592
1969912 0
1970171 12910592
1970172 0
1987261 12910592
1987262 0
1987521 12910592
1987522 0
1988101 12910592
1988102 0
1988361 12910592
1988362 0
2005450 12910592
2005451 0
2005710 12910592
2005711 0
2006290 12910592
2006291 0
2006550 12910592
2006551 0
2023640 12910592
2023641 0
2023900 12910592
2023901 0
2024480 12910592
2024481 0
2024740 12910592
2024741 0
2041829 12910592
2041830 0
2042089 12910592
2042090 0
2042669 12910592
2042670 0
2042929 12910592
2042930 0
2059419 12910592
2059420 0
2059679 12910592
2059680 0
2060259 12910592
2060260 0
2060519 12910592
2060520 0
2076708 12910592
2076709 0
2076968 12910592
2076969 0
2077548 12910592
2077549 0
2077808 12910592
2077809 0
68 events for E
260834 0
261434 185
865634 0
884294 20
884474 0
886634 20
886814 0
886874 62
933314 0
933974 20
934154 0
936314 20
936494 0
936554 62
982994 0
983114 20
983294 289
996554 0
1015934 20
1030506 0
1031166 20
1031346 0
1033506 20
1033686 0
1033746 62
1080186 0
1080966 20
1229234 0
1230014 20
1230194 0
1232354 20
1232534 0
1232594 53
1286054 0
1286714 20
1286894 0
1289054 20
1289234 0
1289294 53
1342754 0
1343414 20
1343594 0
1345754 20
1345934 0
1345994 53
1399454 0
1400114 20
1400294 0
1402454 20
1402634 0
1402694 53
1456154 0
1456274 20
1456454 252
1470674 0
1748294 20
1748474 0
1750634 20
1750814 0
1750874 28
2004674 0
2005334 20
2005514 0
2007674 20
2007854 0
2007914 56
2075594 0
2075834 243
57 events for F
28683 0
55976 3276
70976 0
71036 873
99836 0
144918 3276
159918 0
159978 873
188778 0
216071 3276
231071 0
231131 873
259931 0
399761 3276
414761 0
414821 873
443621 0
562286 873
591086 0
635044 873
663844 0
783689 3276
798689 0
798749 873
827549 0
885307 4096
893507 0
982593 4096
990793 0
1056650 4096
1064850 0
1144507 4096
1152707 0
1167086 665
1196246 0
1239844 4096
1248044 0
1312602 4096
1320802 0
1403549 4096
1411749 0
1490107 4096
1498307 0
1587393 4096
1595593 0
1661450 4096
1669650 0
1749307 4096
1757507 0
1771886 665
1801046 0
1844644 4096
1852844 0
1917402 4096
1925602 0
2008349 4096
2016549 0
3 events for G
773829 90
784749 3500
808809 0
22 events for H
260192 0
277712 1370
519392 0
536912 1370
864992 0
882692 600
882872 1300
1122752 600
1122952 0
1141892 600
1142072 1300
1469236 700
1469281 0
1487492 600
1487732 1300
1728552 700
1728597 0
1746692 600
1746932 1300
2073892 700
2073937 0
2092112 1300
30 events for I
7216 1642
13281 2414
15121 1642
50716 2414
93316 1642
279716 2414
281556 1642
412730 2414
482416 1642
648842 2414
650682 1642
865516 0
865517 1285
884516 2414
886356 1285
1217463 2057
1233313 1285
1237753 2057
1253642 2414
1255882 2057
1269512 1285
1489316 2414
1491156 1285
1858442 2414
1860282 1285
1878932 2057
1929300 706
2043256 2057
2075116 706
2094116 2414
350 events for J
7061 117965
7151 125479
7892 7514
8921 125479
9692 7514
10712 0
15126 117965
15216 119538
15957 1573
16986 119538
17757 1573
18786 119538
19557 1573
20586 119538
21357 1573
22386 119538
23157 1573
28377 0
32914 117965
33004 119538
33745 1573
34774 119538
35545 1573
36574 119538
37345 1573
38374 119538
39145 7514
40174 119538
40945 1573
46165 0
48602 117965
48692 125479
49433 7514
49853 0
287801 117965
287951 125479
288572 7514
289001 125479
289772 7514
290201 125479
290972 7514
291581 125479
292352 7514
296612 0
301190 117965
301280 125479
302021 7514
302450 125479
303221 7514
303650 125479
304421 7514
304850 125479
305621 7514
308441 0
309461 117965
309551 124709
310292 6744
310721 124709
311492 6744
311921 124709
312692 6744
313121 124709
313892 6744
314912 0
317604 117965
317694 124709
318435 6744
318864 124709
319635 6744
320064 124709
320835 6744
321264 124709
322035 6744
323064 124709
323835 6744
324864 124709
325635 6744
326664 124709
327435 6744
333855 0
338218 117965
338308 124709
339049 6744
339478 124709
340249 6744
340678 124709
341449 6744
341878 124709
342649 6744
343678 124709
344449 6744
352069 0
354632 117965
354722 124709
355463 7514
355468 6744
355892 124709
356663 6744
357092 124709
357863 6744
358292 124709
359063 6744
360092 124709
360863 6744
361892 124709
362663 6744
370883 0
375247 117965
375337 124709
376078 6744
376507 124709
377278 6744
377707 124709
378478 6744
378907 124709
379678 6744
380107 124709
380878 6744
382507 124709
383278 6744
389098 0
391661 117965
391751 124709
392492 6744
392921 124709
393692 6744
394121 124709
394892 6744
395312 0
544901 117965
545051 119538
545072 1573
546101 119538
546872 1573
547301 119538
548072 1573
548681 119538
549452 1573
549881 119538
550652 1573
551141 119538
551912 1573
552341 119538
553112 1573
554312 0
559740 117965
559830 119538
560571 1573
561000 119538
561771 1573
562200 119538
562971 1573
563400 119538
564171 1573
564600 119538
565371 1573
568191 0
890711 14189
891392 58982
891491 7514
891777 0
891821 73171
893192 7514
898541 66496
899912 7514
900812 0
905990 58982
906080 66496
907421 7514
909650 66496
911021 7514
911450 66496
912821 7514
913241 0
913961 58982
914051 66496
915392 7514
915777 0
915821 58982
917192 7514
920312 0
922404 58982
922494 66496
923835 7514
924220 0
924264 58982
925635 7514
929055 0
929338 58982
929428 66496
930769 7514
931154 0
931198 58982
932569 7514
938869 0
943018 58982
943108 66496
944449 7514
948769 0
949061 58982
949151 66496
950492 7514
954812 0
1150751 7514
1160372 0
1164630 7514
1167771 0
1168151 7514
1173212 0
1281251 7514
1287692 0
1289855 179338
1289957 0
1291546 7514
1305897 0
1310146 7514
1324087 0
1494761 19661
1494851 27175
1495532 7514
1496201 27175
1496972 7514
1497221 27175
1497992 7514
1498661 27175
1499432 7514
1499681 27175
1500452 7514
1501121 27175
1501892 7514
1502141 27175
1502912 7514
1503581 27175
1504352 7514
1504601 27175
1505372 7514
1505612 0
1510901 19661
1510991 27175
1511552 7514
1511681 27175
1512332 7514
1512881 27175
1513472 7514
1513661 27175
1514312 7514
1514861 27175
1515512 7514
1515641 27175
1516292 7514
1516841 27175
1517492 7514
1517621 27175
1518272 7514
1518821 27175
1519472 7514
1519601 27175
1520252 7514
1520801 27175
1521452 7514
1521581 27175
1522232 7514
1522352 0
1754051 7514
1756121 66496
1757492 7514
1760681 66496
1762052 7514
1765172 0
1769340 58982
1769430 66496
1770711 7514
1773960 66496
1775331 7514
1775571 0
1775861 58982
1775951 66496
1777232 7514
1780481 66496
1781852 7514
1783352 0
1785429 58982
1785519 66496
1786800 7514
1790049 66496
1791420 7514
1795380 0
1795661 58982
1795751 66496
1797032 7514
1799981 66496
1801352 7514
1801532 0
1805719 58982
1805809 66496
1807090 7514
1808479 66496
1809850 7514
1810390 0
1810661 58982
1810751 66496
1812032 7514
1817021 66496
1818392 7514
1819712 0
1821808 117965
1821898 124709
1822759 6744
1823668 124709
1824559 6744
1825468 124709
1826359 6744
1827268 124709
1828159 6744
1829068 124709
1829959 6744
1830868 124709
1831759 6744
1832668 124709
1833559 6744
1837939 0
1842098 117965
1842188 124709
1843049 6744
1843958 124709
1844849 6744
1845758 124709
1846649 6744
1847558 124709
1848449 6744
1849358 124709
1850249 6744
1851158 124709
1852049 6744
1852958 124709
1853849 6744
1854758 124709
1855649 6744
1856129 0
1860287 117965
1860377 124709
1861238 6744
1862147 124709
1863038 6744
1863938 0
1878812 169032
1880132 45609
1881457 0
2057762 7514
2064923 0
68 events for K
259802 0
260402 185
864602 0
883262 20
883442 0
885602 20
885782 0
885842 62
932282 0
932942 20
933122 0
935282 20
935462 0
935522 62
981962 0
982082 20
982262 289
995522 0
1014902 20
1029474 0
1030134 20
1030314 0
1032474 20
1032654 0
1032714 62
1079154 0
1079934 20
1228202 0
1228982 20
1229162 0
1231322 20
1231502 0
1231562 53
1285022 0
1285682 20
1285862 0
1288022 20
1288202 0
1288262 53
1341722 0
1342382 20
1342562 0
1344722 20
1344902 0
1344962 53
1398422 0
1399082 20
1399262 0
1401422 20
1401602 0
1401662 53
1455122 0
1455242 20
1455422 252
1469642 0
1747262 20
1747442 0
1749602 20
1749782 0
1749842 28
2003642 0
2004302 20
2004482 0
2006642 20
2006822 0
2006882 56
2074562 0
2074802 243
254 events for L
6678 12910592
6679 0
18918 1089536
18919 0
27983 12910592
27984 0
38178 12910592
38179 0
47783 12910592
47784 0
56778 12910592
56779 0
65778 1089536
65779 0
75078 12910592
75079 0
83478 1089536
83479 0
90978 12910592
90979 0
94883 12910592
94884 0
233903 12910592
233904 0
236778 1089536
236779 0
240378 12910592
240379 0
244158 12910592
244159 0
251178 1089536
251179 0
254483 12910592
254484 0
257778 12910592
257779 0
285378 12910592
285379 0
292458 1089536
292459 0
299598 12910592
299599 0
306503 12910592
306504 0
311778 1089536
311779 0
318078 12910592
318079 0
321378 12910592
321379 0
326783 12910592
326784 0
332178 1089536
332179 0
336618 12910592
336619 0
380538 12910592
380539 0
384378 1089536
384379 0
387983 12910592
387984 0
392178 1089536
392179 0
395478 12910592
395479 0
398178 12910592
398179 0
404178 1089536
404179 0
407003 12910592
407004 0
469823 12910592
469824 0
474378 12910592
474379 0
479478 1089536
479479 0
483978 12910592
483979 0
492203 12910592
492204 0
506538 12910592
506539 0
510378 1089536
510379 0
513978 12910592
513979 0
517578 1089536
517579 0
520278 12910592
520279 0
579618 12910592
579619 0
583583 12910592
583584 0
587178 1089536
587179 0
590778 12910592
590779 0
594498 1089536
594499 0
601398 12910592
601399 0
605003 12910592
605004 0
608598 1089536
608599 0
612678 12910592
612679 0
710538 12910592
710539 0
714143 12910592
714144 0
717738 1089536
717739 0
721818 12910592
721819 0
725118 1089536
725119 0
728718 12910592
728719 0
732318 1089536
732319 0
735923 12910592
735924 0
739998 12910592
739999 0
891083 12910592
891084 0
895728 12910592
895729 0
903378 12910592
903379 0
911312 12910592
911313 0
922771 12910592
922772 0
941435 12910592
941436 0
948335 12910592
948336 0
950816 12910592
950817 0
954978 12910592
954979 0
958579 12910592
958580 0
963254 12910592
963255 0
970856 12910592
970857 0
978464 12910592
978465 0
985596 12910592
985597 0
992778 12910592
992779 0
1002978 12910592
1002979 0
1147278 12910592
1147279 0
1155117 12910592
1155118 0
1169857 12910592
1169858 0
1175483 12910592
1175484 0
1184746 12910592
1184747 0
1192041 12910592
1192042 0
1197683 12910592
1197684 0
1208778 12910592
1208779 0
1216579 12910592
1216580 0
1220825 12910592
1220826 0
1224550 12910592
1224551 0
1228150 12910592
1228151 0
1235475 12910592
1235476 0
1243040 12910592
1243041 0
1251984 12910592
1251985 0
1259484 12910592
1259485 0
1265663 12910592
1265664 0
1271674 12910592
1271675 0
1495608 12910592
1495609 0
1507578 12910592
1507579 0
1516107 12910592
1516108 0
1521057 12910592
1521058 0
1523183 12910592
1523184 0
1531321 12910592
1531322 0
1539378 12910592
1539379 0
1544663 12910592
1544664 0
1554378 12910592
1554379 0
1560977 12910592
1560978 0
1562179 12910592
1562180 0
1568354 12910592
1568355 0
1575078 12910592
1575079 0
1583264 12910592
1583265 0
1590169 12910592
1590170 0
1595821 12910592
1595822 0
1601478 12910592
1601479 0
1612685 12910592
1612686 0
1619992 12910592
1619993 0
1752083 12910592
1752084 0
1763517 12910592
1763518 0
1774662 12910592
1774663 0
1785946 12910592
1785947 0
1789246 12910592
1789247 0
1796691 12910592
1796692 0
1804136 12910592
1804137 0
1811178 12910592
1811179 0
1817178 12910592
1817179 0
1822283 12910592
1822284 0
508 events for M
93893 718864
93894 0
94503 718864
94504 0
95134 3748528
95137 0
95393 718864
95394 0
96003 718864
96004 0
96634 3748528
96637 0
96893 718864
96894 0
97503 718864
97504 0
98134 3748528
98137 0
105653 718864
105654 0
106263 718864
106264 0
106894 3748528
106897 0
107153 718864
107154 0
107763 718864
107764 0
108394 3748528
108397 0
108653 718864
108654 0
109263 718864
109264 0
109894 3748528
109897 0
140314 4313184
140315 2310336
140316 0
140445 4313184
140447 0
140590 192528
140591 0
140895 2156592
140896 0
141214 3594320
141215 962640
141216 0
141262 3594320
141263 962640
141264 0
141533 718864
141534 0
141543 718864
141544 0
141553 718864
141554 0
141563 718864
141564 0
141573 718864
141574 0
141583 718864
141584 0
141593 718864
141594 0
141603 718864
141604 0
141613 718864
141614 0
141623 718864
141624 0
141633 718864
141634 0
141643 718864
141644 0
141653 718864
141654 0
141663 718864
141664 0
141673 718864
141674 0
141683 718864
141684 0
141693 718864
141694 0
141713 192528
141714 0
141723 192528
141724 0
141733 192528
141734 0
141743 192528
141744 0
141753 192528
141754 0
141763 192528
141764 0
141773 192528
141774 0
141783 192528
141784 0
141793 192528
141794 0
141803 192528
141804 0
141813 192528
141814 0
141823 192528
141824 0
141833 192528
141834 0
247414 4494818
247415 3748528
247418 0
247424 4494818
247429 0
247474 4494818
247479 0
247534 4494818
247535 3748528
247538 0
247544 4494818
247549 0
247594 4494818
247599 0
247654 4494818
247659 0
247664 4494818
247669 0
247714 4494818
247715 3748528
247718 0
251614 4494818
251615 3748528
251618 0
251624 4494818
251629 0
251674 4494818
251679 0
251734 4494818
251735 3748528
251738 0
251744 4494818
251749 0
251794 4494818
251799 0
251854 4494818
251859 0
251864 4494818
251869 0
251914 4494818
251915 3748528
251918 0
288838 82880
288839 0
288848 82880
288849 0
288858 82880
288859 0
288889 82880
288890 0
288899 82880
288900 0
288909 82880
288910 0
338290 3748528
338293 0
341890 3748528
341893 0
345490 3748528
345493 0
349090 3748528
349093 0
352510 3748528
352513 0
354704 3748528
354707 0
358304 3748528
358307 0
361904 3748528
361907 0
365504 3748528
365507 0
369104 3748528
369107 0
375319 3748528
375322 0
378919 3748528
378922 0
382519 3748528
382522 0
386119 3748528
386122 0
389539 3748528
389542 0
391733 3748528
391736 0
395333 3748528
395336 0
396907 3748528
396910 0
396917 3748528
396920 0
397507 3748528
397510 0
397517 3748528
397520 0
399821 3748528
399824 0
399831 3748528
399834 0
400421 3748528
400424 0
400431 3748528
400434 0
406721 3748528
406724 0
406731 3748528
406734 0
407321 3748528
407324 0
407331 3748528
407334 0
425321 3748528
425324 0
425331 3748528
425334 0
425921 3748528
425924 0
425931 3748528
425934 0
488804 2824208
488805 0
488924 2824208
488925 0
489044 2824208
489045 0
489524 2824208
489525 0
489644 2824208
489645 0
489764 2824208
489765 0
490244 2824208
490245 0
490364 2824208
490365 0
490484 2824208
490485 0
490964 2824208
490965 0
491084 2824208
491085 0
491204 2824208
491205 0
491684 2824208
491685 0
491804 2824208
491805 0
491924 2824208
491925 0
492404 2824208
492405 0
492524 2824208
492525 0
492644 2824208
492645 0
493124 2824208
493125 0
493244 2824208
493245 0
493364 2824208
493365 0
493844 2824208
493845 0
493964 2824208
493965 0
494084 2824208
494085 0
494564 2824208
494565 0
494684 2824208
494685 0
494804 2824208
494805 0
495224 2824208
495225 0
495344 2824208
495345 0
495464 2824208
495465 0
496004 2824208
496005 0
496124 2824208
496125 0
496244 2824208
496245 0
498919 2824208
498920 0
499010 3748528
499013 0
499219 2824208
499220 0
499289 2824208
499290 0
499500 3765611
499503 0
502819 2824208
502820 0
502910 3748528
502913 0
503119 2824208
503120 0
503189 2824208
503190 0
503400 3765611
503403 0
504919 2824208
504920 0
505010 3748528
505013 0
505219 2824208
505220 0
505289 2824208
505290 0
505500 3765611
505503 0
506419 2824208
506420 0
506510 3748528
506513 0
506719 2824208
506720 0
506789 2824208
506790 0
507000 3765611
507003 0
516533 2824208
516534 0
516624 3748528
516627 0
516833 2824208
516834 0
516903 2824208
516904 0
517114 3765611
517117 0
575881 3748528
575884 0
575896 5000000
575914 0
577681 3748528
577684 0
577696 5000000
577714 0
579481 3748528
579484 0
579496 5000000
579514 0
581281 3748528
581284 0
581296 5000000
581314 0
583081 3748528
583084 0
583096 5000000
583114 0
584881 3748528
584884 0
584896 5000000
584914 0
586681 3748528
586684 0
586696 5000000
586714 0
588481 3748528
588484 0
588496 5000000
588514 0
590281 3748528
590284 0
590296 5000000
590314 0
596171 3748528
596174 0
596186 5000000
596204 0
597971 3748528
597974 0
597986 5000000
598004 0
599771 3748528
599774 0
599786 5000000
599804 0
601571 3748528
601574 0
601586 5000000
601604 0
603371 3748528
603374 0
603386 5000000
603404 0
605171 3748528
605174 0
605186 5000000
605204 0
606971 3748528
606974 0
606986 5000000
607004 0
608771 3748528
608774 0
608786 5000000
608804 0
654833 3748528
654836 0
654853 3748528
654856 0
654873 3748528
654876 0
661133 3748528
661136 0
661153 3748528
661156 0
661173 3748528
661176 0
668949 3748528
668952 0
668969 3748528
668972 0
668989 3748528
668992 0
675249 3748528
675252 0
675269 3748528
675272 0
675289 3748528
675292 0
681549 3748528
681552 0
681569 3748528
681572 0
681589 3748528
681592 0
686949 3748528
686952 0
686969 3748528
686972 0
686989 3748528
686992 0
691749 3748528
691752 0
691769 3748528
691772 0
691789 3748528
691792 0
696549 3748528
696552 0
696569 3748528
696572 0
696589 3748528
696592 0
700528 3748528
700531 0
700548 3748528
700551 0
700568 3748528
700571 0
1059574 226158674
1059579 0
1081174 20242052
1081179 0
1102774 20242052
1102779 0
1167574 178452312
1167576 8996469
1167581 0
1297174 18598775
1297179 0
1318774 22542416
1318779 0
1340374 57946826
1340379 0
1361974 112491168
1361979 0
1383574 89992935
1383579 0
1444237 90225847
1444238 99456
1444239 17992937
1444244 0
1513175 36047367
1513180 0
1534775 39436416
1534780 0
1642775 79610631
1642780 0
1664375 77494701
1664380 0
1772375 73767533
1772380 0
1793975 221441780
1793980 0
2053175 47723996
2053180 0
2070125 12683312
2070130 0
2 events for N
867935 0
867936 2650
254 events for O
4207 12910592
4208 0
16447 1089536
16448 0
25512 12910592
25513 0
35707 12910592
35708 0
45312 12910592
45313 0
54307 12910592
54308 0
63307 1089536
63308 0
72607 12910592
72608 0
81007 1089536
81008 0
88507 12910592
88508 0
92412 12910592
92413 0
231432 12910592
231433 0
234307 1089536
234308 0
237907 12910592
237908 0
241687 12910592
241688 0
248707 1089536
248708 0
252012 12910592
252013 0
255307 12910592
255308 0
282907 12910592
282908 0
289987 1089536
289988 0
297127 12910592
297128 0
304032 12910592
304033 0
309307 1089536
309308 0
315607 12910592
315608 0
318907 12910592
318908 0
324312 12910592
324313 0
329707 1089536
329708 0
334147 12910592
334148 0
378067 12910592
378068 0
381907 1089536
381908 0
385512 12910592
385513 0
389707 1089536
389708 0
393007 12910592
393008 0
395707 12910592
395708 0
401707 1089536
401708 0
404532 12910592
404533 0
467352 12910592
467353 0
471907 12910592
471908 0
477007 1089536
477008 0
481507 12910592
481508 0
489732 12910592
489733 0
504067 12910592
504068 0
507907 1089536
507908 0
511507 12910592
511508 0
515107 1089536
515108 0
517807 12910592
517808 0
577147 12910592
577148 0
581112 12910592
581113 0
584707 1089536
584708 0
588307 12910592
588308 0
592027 1089536
592028 0
598927 12910592
598928 0
602532 12910592
602533 0
606127 1089536
606128 0
610207 12910592
610208 0
708067 12910592
708068 0
711672 12910592
711673 0
715267 1089536
715268 0
719347 12910592
719348 0
722647 1089536
722648 0
726247 12910592
726248 0
729847 1089536
729848 0
733452 12910592
733453 0
737527 12910592
737528 0
888612 12910592
888613 0
893257 12910592
893258 0
900907 12910592
900908 0
908841 12910592
908842 0
920300 12910592
920301 0
938964 12910592
938965 0
945864 12910592
945865 0
948345 12910592
948346 0
952507 12910592
952508 0
956108 12910592
956109 0
960783 12910592
960784 0
968385 12910592
968386 0
975993 12910592
975994 0
983125 12910592
983126 0
990307 12910592
990308 0
1000507 12910592
1000508 0
1144807 12910592
1144808 0
1152646 12910592
1152647 0
1167386 12910592
1167387 0
1173012 12910592
1173013 0
1182275 12910592
1182276 0
1189570 12910592
1189571 0
1195212 12910592
1195213 0
1206307 12910592
1206308 0
1214108 12910592
1214109 0
1218354 12910592
1218355 0
1222079 12910592
1222080 0
1225679 12910592
1225680 0
1233004 12910592
1233005 0
1240569 12910592
1240570 0
1249513 12910592
1249514 0
1257013 12910592
1257014 0
1263192 12910592
1263193 0
1269203 12910592
1269204 0
1493137 12910592
1493138 0
1505107 12910592
1505108 0
1513636 12910592
1513637 0
1518586 12910592
1518587 0
1520712 12910592
1520713 0
1528850 12910592
1528851 0
1536907 12910592
1536908 0
1542192 12910592
1542193 0
1551907 12910592
1551908 0
1558506 12910592
1558507 0
1559708 12910592
1559709 0
1565883 12910592
1565884 0
1572607 12910592
1572608 0
1580793 12910592
1580794 0
1587698 12910592
1587699 0
1593350 12910592
1593351 0
1599007 12910592
1599008 0
1610214 12910592
1610215 0
1617521 12910592
1617522 0
1749612 12910592
1749613 0
1761046 12910592
1761047 0
1772191 12910592
1772192 0
1783475 12910592
1783476 0
1786775 12910592
1786776 0
1794220 12910592
1794221 0
1801665 12910592
1801666 0
1808707 12910592
1808708 0
1814707 12910592
1814708 0
1819812 12910592
1819813 0
254 events for P
3512 12910592
3513 0
15752 1089536
15753 0
24817 12910592
24818 0
35012 12910592
35013 0
44617 12910592
44618 0
53612 12910592
53613 0
62612 1089536
62613 0
71912 12910592
71913 0
80312 1089536
80313 0
87812 12910592
87813 0
91717 12910592
91718 0
230737 12910592
230738 0
233612 1089536
233613 0
237212 12910592
237213 0
240992 12910592
240993 0
248012 1089536
248013 0
251317 12910592
251318 0
254612 12910592
254613 0
282212 12910592
282213 0
289292 1089536
289293 0
296432 12910592
296433 0
303337 12910592
303338 0
308612 1089536
308613 0
314912 12910592
314913 0
318212 12910592
318213 0
323617 12910592
323618 0
329012 1089536
329013 0
333452 12910592
333453 0
377372 12910592
377373 0
381212 1089536
381213 0
384817 12910592
384818 0
389012 1089536
389013 0
392312 12910592
392313 0
395012 12910592
395013 0
401012 1089536
401013 0
403837 12910592
403838 0
466657 12910592
466658 0
471212 12910592
471213 0
476312 1089536
476313 0
480812 12910592
480813 0
489037 12910592
489038 0
503372 12910592
503373 0
507212 1089536
507213 0
510812 12910592
510813 0
514412 1089536
514413 0
517112 12910592
517113 0
576452 12910592
576453 0
580417 12910592
580418 0
584012 1089536
584013 0
587612 12910592
587613 0
591332 1089536
591333 0
598232 12910592
598233 0
601837 12910592
601838 0
605432 1089536
605433 0
609512 12910592
609513 0
707372 12910592
707373 0
710977 12910592
710978 0
714572 1089536
714573 0
718652 12910592
718653 0
721952 1089536
721953 0
725552 12910592
725553 0
729152 1089536
729153 0
732757 12910592
732758 0
736832 12910592
736833 0
887917 12910592
887918 0
892562 12910592
892563 0
900212 12910592
900213 0
908146 12910592
908147 0
919605 12910592
919606 0
938269 12910592
938270 0
945169 12910592
945170 0
947650 12910592
947651 0
951812 12910592
951813 0
955413 12910592
955414 0
960088 12910592
960089 0
967690 12910592
967691 0
975298 12910592
975299 0
982430 12910592
982431 0
989612 12910592
989613 0
999812 12910592
999813 0
1144112 12910592
1144113 0
1151951 12910592
1151952 0
1166691 12910592
1166692 0
1172317 12910592
1172318 0
1181580 12910592
1181581 0
1188875 12910592
1188876 0
1194517 12910592
1194518 0
1205612 12910592
1205613 0
1213413 12910592
1213414 0
1217659 12910592
1217660 0
1221384 12910592
1221385 0
1224984 12910592
1224985 0
1232309 12910592
1232310 0
1239874 12910592
1239875 0
1248818 12910592
1248819 0
1256318 12910592
1256319 0
1262497 12910592
1262498 0
1268508 12910592
1268509 0
1492442 12910592
1492443 0
1504412 12910592
1504413 0
1512941 12910592
1512942 0
1517891 12910592
1517892 0
1520017 12910592
1520018 0
1528155 12910592
1528156 0
1536212 12910592
1536213 0
1541497 12910592
1541498 0
1551212 12910592
1551213 0
1557811 12910592
1557812 0
1559013 12910592
1559014 0
1565188 12910592
1565189 0
1571912 12910592
1571913 0
1580098 12910592
1580099 0
1587003 12910592
1587004 0
1592655 12910592
1592656 0
1598312 12910592
1598313 0
1609519 12910592
1609520 0
1616826 12910592
1616827 0
1748917 12910592
1748918 0
1760351 12910592
1760352 0
1771496 12910592
1771497 0
1782780 12910592
1782781 0
1786080 12910592
1786081 0
1793525 12910592
1793526 0
1800970 12910592
1800971 0
1808012 12910592
1808013 0
1814012 12910592
1814013 0
1819117 12910592
1819118 0
148 events for Q
10797 0
15177 906
28585 0
34765 906
46373 0
49532 906
64161 0
70341 906
81950 0
84230 906
92732 0
94112 593
98742 0
105618 593
109462 0
111152 593
117042 0
120752 593
124702 0
126512 593
132993 0
138302 1500
144322 0
145622 1500
151642 0
161912 215
173332 0
230436 906
241444 0
246632 906
255032 0
281912 906
296861 0
303041 906
315375 0
316875 906
333889 0
377098 906
389432 0
390932 906
407646 0
466069 906
481832 0
488483 906
495632 0
497372 906
499918 0
502018 906
517532 0
568712 906
569492 0
576180 906
591790 0
597970 906
609979 0
655112 906
655892 0
707107 906
719116 0
721396 906
738251 0
817112 906
817892 0
886712 906
900632 0
907841 906
938689 0
944869 906
957032 0
959483 906
975718 0
981898 906
994232 0
995732 906
1000232 0
1046312 906
1047362 0
1143812 906
1160211 0
1166391 906
1173032 0
1174052 906
1178072 0
1180552 906
1196552 0
1202770 906
1214479 0
1217059 906
1232729 0
1239149 906
1250798 0
1254758 906
1268928 0
1319698 906
1320728 0
1403533 906
1404273 0
1439223 1500
1444402 0
1449902 479
1451142 0
1452622 479
1454732 1500
1460712 0
1466372 479
1468432 0
1490472 906
1505614 0
1512932 906
1522362 0
1527555 906
1543189 0
1549669 906
1561703 0
1564583 906
1580518 0
1586698 906
1598732 0
1601612 906
1617246 0
1623212 1087
1625922 0
1626426 215
1637846 0
1697772 1600
1707957 0
1712912 906
1713812 1500
1720295 0
1721362 1500
1724262 0
1748612 906
1765011 0
1771191 906
1783200 0
1784700 906
1801390 0
1807570 906
1819579 0
1845259 906
1845999 0
1926259 906
1927009 0
2044193 593
2054882 0
2057722 906
2058472 593
2071312 0
352 events for R
858 6744
3248 0
10492 117965
10582 125479
11323 7514
12352 125479
13123 7514
14143 0
18557 117965
18647 119538
19388 1573
20417 119538
21188 1573
22217 119538
22988 1573
24017 119538
24788 1573
25817 119538
26588 1573
31808 0
36345 117965
36435 119538
37176 1573
38205 119538
38976 1573
40005 119538
40776 1573
41805 119538
42576 7514
43605 119538
44376 1573
49596 0
52033 117965
52123 125479
52864 7514
53284 0
291232 117965
291382 125479
292003 7514
292432 125479
293203 7514
293632 125479
294403 7514
295012 125479
295783 7514
300043 0
304621 117965
304711 125479
305452 7514
305881 125479
306652 7514
307081 125479
307852 7514
308281 125479
309052 7514
311872 0
312892 117965
312982 124709
313723 6744
314152 124709
314923 6744
315352 124709
316123 6744
316552 124709
317323 6744
318343 0
321035 117965
321125 124709
321866 6744
322295 124709
323066 6744
323495 124709
324266 6744
324695 124709
325466 6744
326495 124709
327266 6744
328295 124709
329066 6744
330095 124709
330866 6744
337286 0
341649 117965
341739 124709
342480 6744
342909 124709
343680 6744
344109 124709
344880 6744
345309 124709
346080 6744
347109 124709
347880 6744
355500 0
358063 117965
358153 124709
358894 7514
358899 6744
359323 124709
360094 6744
360523 124709
361294 6744
361723 124709
362494 6744
363523 124709
364294 6744
365323 124709
366094 6744
374314 0
378678 117965
378768 124709
379509 6744
379938 124709
380709 6744
381138 124709
381909 6744
382338 124709
383109 6744
383538 124709
384309 6744
385938 124709
386709 6744
392529 0
395092 117965
395182 124709
395923 6744
396352 124709
397123 6744
397552 124709
398323 6744
398743 0
548332 117965
548482 119538
548503 1573
549532 119538
550303 1573
550732 119538
551503 1573
552112 119538
552883 1573
553312 119538
554083 1573
554572 119538
555343 1573
555772 119538
556543 1573
557743 0
563171 117965
563261 119538
564002 1573
564431 119538
565202 1573
565631 119538
566402 1573
566831 119538
567602 1573
568031 119538
568802 1573
571622 0
894142 14189
894823 58982
894922 7514
895208 0
895252 73171
896623 7514
901972 66496
903343 7514
904243 0
909421 58982
909511 66496
910852 7514
913081 66496
914452 7514
914881 66496
916252 7514
916672 0
917392 58982
917482 66496
918823 7514
919208 0
919252 58982
920623 7514
923743 0
925835 58982
925925 66496
927266 7514
927651 0
927695 58982
929066 7514
932486 0
932769 58982
932859 66496
934200 7514
934585 0
934629 58982
936000 7514
942300 0
946449 58982
946539 66496
947880 7514
952200 0
952492 58982
952582 66496
953923 7514
958243 0
1154182 7514
1163803 0
1168061 7514
1171202 0
1171582 7514
1176643 0
1284682 7514
1291123 0
1293286 179338
1293388 0
1294977 7514
1309328 0
1313577 7514
1327518 0
1498192 19661
1498282 27175
1498963 7514
1499632 27175
1500403 7514
1500652 27175
1501423 7514
1502092 27175
1502863 7514
1503112 27175
1503883 7514
1504552 27175
1505323 7514
1505572 27175
1506343 7514
1507012 27175
1507783 7514
1508032 27175
1508803 7514
1509043 0
1514332 19661
1514422 27175
1514983 7514
1515112 27175
1515763 7514
1516312 27175
1516903 7514
1517092 27175
1517743 7514
1518292 27175
1518943 7514
1519072 27175
1519723 7514
1520272 27175
1520923 7514
1521052 27175
1521703 7514
1522252 27175
1522903 7514
1523032 27175
1523683 7514
1524232 27175
1524883 7514
1525012 27175
1525663 7514
1525783 0
1757482 7514
1759552 66496
1760923 7514
1764112 66496
1765483 7514
1768603 0
1772771 58982
1772861 66496
1774142 7514
1777391 66496
1778762 7514
1779002 0
1779292 58982
1779382 66496
1780663 7514
1783912 66496
1785283 7514
1786783 0
1788860 58982
1788950 66496
1790231 7514
1793480 66496
1794851 7514
1798811 0
1799092 58982
1799182 66496
1800463 7514
1803412 66496
1804783 7514
1804963 0
1809150 58982
1809240 66496
1810521 7514
1811910 66496
1813281 7514
1813821 0
1814092 58982
1814182 66496
1815463 7514
1820452 66496
1821823 7514
1823143 0
1825239 117965
1825329 124709
1826190 6744
1827099 124709
1827990 6744
1828899 124709
1829790 6744
1830699 124709
1831590 6744
1832499 124709
1833390 6744
1834299 124709
1835190 6744
1836099 124709
1836990 6744
1841370 0
1845529 117965
1845619 124709
1846480 6744
1847389 124709
1848280 6744
1849189 124709
1850080 6744
1850989 124709
1851880 6744
1852789 124709
1853680 6744
1854589 124709
1855480 6744
1856389 124709
1857280 6744
1858189 124709
1859080 6744
1859560 0
1863718 117965
1863808 124709
1864669 6744
1865578 124709
1866469 6744
1867369 0
1882243 169032
1883563 45609
1884888 0
2061193 7514
2068354 0
59 events for S
27419 0
54712 3276
69712 0
69772 873
98572 0
143654 3276
158654 0
158714 873
187514 0
214807 3276
229807 0
229867 873
258667 0
398497 3276
413497 0
413557 873
442357 0
561022 873
589822 0
633780 873
662580 0
782425 3276
797425 0
797485 873
826285 0
884043 4096
892243 0
981329 4096
989529 0
1055386 4096
1063586 0
1143243 4096
1151443 0
1165822 665
1194982 0
1238580 4096
1246780 0
1311338 4096
1319538 0
1402285 4096
1410485 0
1488843 4096
1497043 0
1586129 4096
1594329 0
1660186 4096
1668386 0
1748043 4096
1756243 0
1770622 665
1799782 0
1843380 4096
1851580 0
1916138 4096
1924338 0
2007085 4096
2015285 0
2093643 1365
2093823 0
30 events for T
6957 1642
13022 2414
14862 1642
50457 2414
93057 1642
279457 2414
281297 1642
412471 2414
482157 1642
648583 2414
650423 1642
865257 0
865258 1285
884257 2414
886097 1285
1217204 2057
1233054 1285
1237494 2057
1253383 2414
1255623 2057
1269253 1285
1489057 2414
1490897 1285
1858183 2414
1860023 1285
1878673 2057
1929041 706
2042997 2057
2074857 706
2093857 2414
