20 instruments
A 10 100 22528 960000000
B 10 100 728287279.5071317 6713663885.8674479
C 10 100 20412.132877845776 869835207.86274612
D 10 100 23264.147255000564 168504461.78361657
E 10 100 0.00018113117344584602 933503441.77673233
F 10 100 24955.266722182481 180753403.14844713
G 10 100 309096.09667920991 262843801.48639998
H 10 100 6499613.0472409306 3333330256.035996
I 10 100 815344000 7516190000
J 10 100 2022727.6804039259 699754440.78838515
K 10 100 22018.298358889329 159480658.09969637
L 10 100 2419.0747377101388 662193255.831689
M 10 100 38499.176269411204 51488453.781630412
N 10 100 1538660356.7547786 4054547831.9712734
O 10 100 6553.6061313363007 2560002395.0532427
P 10 100 0.00018444817663405244 950598422.35720563
Q 10 100 199466000 880000000
R 10 100 1289849390.9659207 3398902187.0561032
S 10 100 1935.2198577632046 529743673.63920057
T 10 100 40530.039409419333 54204511.969197564
60 downlinks
0 1 23814 18650.039686
1 66256 91871 17801.393711000001
2 92304 95447 18241.361444999999
3 111898 134731 24067.369501000001
4 135896 159879 56712.888793999999
5 185996 194851 58370.132263
6 198367 219207 58005.525035999999
7 220758 258593 24930.123806
8 258594 279767 16739.689300999999
9 325456 350023 18181.419744999999
10 371991 397607 18610.315675999998
11 399049 437437 59847.283359000001
12 438889 454964 18063.419893999999
13 459589 484394 18186.627066000001
14 485446 501293 56843.492619999997
15 523626 557085 9175.5815739999998
16 557086 568575 9288.5908459999991
17 571843 609842 29976.478185
18 611983 629020 8340.6453669999992
19 638383 648686 28164.287346000001
20 671056 693639 9615.6592349999992
21 715781 744277 8936.4976299999998
22 744278 748101 29078.912095
23 763778 771225 8738.7729049999998
24 789406 824795 9283.3064869999998
25 824796 870574 9136.56639
26 870575 886982 8867.2325060000003
27 902409 906815 30843.021497000002
28 930256 947025 8651.5363890000008
29 948572 971479 8598.6086899999991
30 974372 1002868 28620.571626000001
31 1002869 1013789 29488.2804
32 1017029 1039429 29574.456625999999
33 1045469 1058806 8990.2936559999998
34 1061369 1090251 27889.095755999999
35 1092266 1102395 27279.489213000001
36 1105246 1108471 29339.122920000002
37 1114766 1123592 30467.823106
38 1133066 1144616 9273.8508989999991
39 1147871 1169107 28091.132868000001
40 1169969 1214008 9462.077765
41 1214009 1229342 8739.387213
42 1269856 1284760 27177.101999999999
43 1300309 1324418 28867.988366000001
44 1325359 1347887 8757.0573490000006
45 1386610 1428858 30482.278361000001
46 1428859 1465752 9337.789702
47 1465753 1494214 8515.7706749999998
48 1535056 1549939 8900.7025030000004
49 1552149 1577938 8778.3355150000007
50 1577949 1606321 29886.497736000001
51 1608846 1636087 29243.536622
52 1636806 1641019 26517.245249
53 1645515 1659787 8834.4018649999998
54 1679046 1690421 9457.9623840000004
55 1702442 1722338 28164.872808
56 1731817 1774046 30503.298975000002
57 1774047 1796462 8691.2845450000004
58 1796938 1806933 8525.9525360000007
59 1809598 1813351 28086.786929000002
0 opportunities for A
0 opportunities for B
0 opportunities for C
0 opportunities for D
0 opportunities for E
0 opportunities for F
0 opportunities for G
0 opportunities for H
0 opportunities for I
0 opportunities for J
0 opportunities for K
0 opportunities for L
0 opportunities for M
0 opportunities for N
0 opportunities for O
0 opportunities for P
0 opportunities for Q
0 opportunities for R
0 opportunities for S
0 opportunities for T
64 events for A
65666 4214960
65670 0
66096 4214960
66100 0
66836 4214960
66840 0
67266 4214960
67270 0
434792 4214960
434796 0
435222 4214960
435226 0
435962 4214960
435966 0
436392 4214960
436396 0
670466 4214960
670470 0
670896 4214960
670900 0
671636 4214960
671640 0
672066 4214960
672070 0
1039592 4214960
1039596 0
1040022 4214960
1040026 0
1040762 4214960
1040766 0
1041192 4214960
1041196 0
1091666 4214960
1091670 0
1092096 4214960
1092100 0
1092836 4214960
1092840 0
1093266 4214960
1093270 0
1276380 4214960
1276384 0
1276810 4214960
1276814 0
1277550 4214960
1277554 0
1277980 4214960
1277984 0
1644392 4214960
1644396 0
1644822 4214960
1644826 0
1645562 4214960
1645566 0
1645992 4214960
1645996 0
1715366 4214960
1715370 0
1715796 4214960
1715800 0
1716536 4214960
1716540 0
1716966 4214960
1716970 0
30 events for B
22441 90225847
22442 99456
22443 17992937
22448 0
91379 36047367
91384 0
112979 39436416
112984 0
220979 79610631
220984 0
242579 77494701
242584 0
350579 73767533
350584 0
372179 221441780
372184 0
631379 47723996
631384 0
648329 12683312
648334 0
804178 9037466
804183 0
847378 270264152
847383 0
1732978 26968906
1732983 0
1754578 134824032
1754583 0
1757504 20221556
1757509 0
64 events for C
68750 4214960
68754 0
69180 4214960
69184 0
69920 4214960
69924 0
70350 4214960
70354 0
437876 4214960
437880 0
438306 4214960
438310 0
439046 4214960
439050 0
439476 4214960
439480 0
673550 4214960
673554 0
673980 4214960
673984 0
674720 4214960
674724 0
675150 4214960
675154 0
1042676 4214960
1042680 0
1043106 4214960
1043110 0
1043846 4214960
1043850 0
1044276 4214960
1044280 0
1094750 4214960
1094754 0
1095180 4214960
1095184 0
1095920 4214960
1095924 0
1096350 4214960
1096354 0
1279464 4214960
1279468 0
1279894 4214960
1279898 0
1280634 4214960
1280638 0
1281064 4214960
1281068 0
1647476 4214960
1647480 0
1647906 4214960
1647910 0
1648646 4214960
1648650 0
1649076 4214960
1649080 0
1718450 4214960
1718454 0
1718880 4214960
1718884 0
1719620 4214960
1719624 0
1720050 4214960
1720054 0
144 events for D
18660 1500
23839 0
29339 479
30579 0
32059 479
34169 1500
40149 0
45809 479
47869 0
69909 906
85051 0
92369 906
101799 0
106992 906
122626 0
129106 906
141140 0
144020 906
159955 0
166135 906
178169 0
181049 906
196683 0
202649 1087
205359 0
205863 215
217283 0
277209 1600
287394 0
292349 906
293249 1500
299732 0
300799 1500
303699 0
328049 906
344448 0
350628 906
362637 0
364137 906
380827 0
387007 906
399016 0
424696 906
425436 0
505696 906
506446 0
623630 593
634319 0
637159 906
637909 593
650749 0
674709 906
689669 0
696878 906
709212 0
711492 906
727726 0
733906 906
746240 0
748520 906
764755 0
770935 906
783269 0
786309 906
801948 0
807963 906
820298 0
822578 906
837998 0
844992 906
857326 0
858866 906
875840 0
882020 906
893755 0
896335 906
911369 0
932849 906
949248 0
955428 906
966989 0
968977 906
985377 0
991807 906
1003687 0
1006096 906
1022006 0
1028186 906
1040195 0
1043835 906
1058385 0
1064565 906
1076574 0
1078854 906
1092269 0
1105649 906
1112953 0
1115233 906
1130723 0
1132803 906
1149152 0
1155512 906
1167402 0
1169922 906
1177769 0
1228270 1714
1239680 0
1241220 906
1241960 1714
1256969 0
1274249 1714
1276983 0
1277163 215
1288639 0
1292463 1714
1295498 0
1318669 1500
1324684 0
1338859 1500
1344869 0
1376909 906
1377659 0
1486820 906
1498555 0
1500095 906
1516169 0
1537649 906
1554048 0
1560228 906
1567189 0
1611016 906
1626506 0
1633769 906
1640089 0
1728488 906
1735943 0
1737483 906
1754132 0
1760372 906
1772322 0
1810241 906
1826890 0
1833070 906
1844480 0
274 events for E
70855 12910592
70856 0
82825 12910592
82826 0
91354 12910592
91355 0
96304 12910592
96305 0
98430 12910592
98431 0
106568 12910592
106569 0
114625 12910592
114626 0
119910 12910592
119911 0
129625 12910592
129626 0
136224 12910592
136225 0
137426 12910592
137427 0
143601 12910592
143602 0
150325 12910592
150326 0
158511 12910592
158512 0
165416 12910592
165417 0
171068 12910592
171069 0
176725 12910592
176726 0
187932 12910592
187933 0
195239 12910592
195240 0
327330 12910592
327331 0
338764 12910592
338765 0
349909 12910592
349910 0
361193 12910592
361194 0
364493 12910592
364494 0
371938 12910592
371939 0
379383 12910592
379384 0
386425 12910592
386426 0
392425 12910592
392426 0
397530 12910592
397531 0
675025 12910592
675026 0
685825 12910592
685826 0
696159 12910592
696160 0
700825 12910592
700826 0
711385 12910592
711386 0
717630 12910592
717631 0
724825 12910592
724826 0
733825 12910592
733826 0
741024 12910592
741025 0
743511 12910592
743512 0
752425 12910592
752426 0
763225 12910592
763226 0
770425 12910592
770426 0
780325 12910592
780326 0
807030 12910592
807031 0
818854 12910592
818855 0
827429 12910592
827430 0
832590 12910592
832591 0
844268 12910592
844269 0
850075 12910592
850076 0
859182 12910592
859183 0
866789 12910592
866790 0
886808 12910592
886809 0
892311 12910592
892312 0
900068 12910592
900069 0
909930 12910592
909931 0
932125 12910592
932126 0
940525 12910592
940526 0
954704 12910592
954705 0
965545 12910592
965546 0
969298 12910592
969299 0
983933 12910592
983934 0
992058 12910592
992059 0
1000224 12910592
1000225 0
1005625 12910592
1005626 0
1015825 12910592
1015826 0
1033111 12910592
1033112 0
1044666 12910592
1044667 0
1054830 12910592
1054831 0
1064425 12910592
1064426 0
1072825 12910592
1072826 0
1080067 12910592
1080068 0
1083625 12910592
1083626 0
1090526 12910592
1090527 0
1104625 12910592
1104626 0
1110977 12910592
1110978 0
1116044 12910592
1116045 0
1123225 12910592
1123226 0
1128044 12910592
1128045 0
1144110 12910592
1144111 0
1155205 12910592
1155206 0
1165290 12910592
1165291 0
1170145 12910592
1170146 0
1174225 12910592
1174226 0
1176685 12910592
1176686 0
1227625 12910592
1227626 0
1232896 12910592
1232897 0
1238236 12910592
1238237 0
1241536 12910592
1241537 0
1248530 12910592
1248531 0
1255530 12910592
1255531 0
1273830 12910592
1273831 0
1275625 12910592
1275626 0
1291825 12910592
1291826 0
1294110 12910592
1294111 0
1486101 12910592
1486102 0
1489096 12910592
1489097 0
1491603 12910592
1491604 0
1494111 12910592
1494112 0
1497111 12910592
1497112 0
1500411 12910592
1500412 0
1503411 12910592
1503412 0
1507573 12910592
1507574 0
1511725 12910592
1511726 0
1514725 12910592
1514726 0
1537230 12910592
1537231 0
1539025 12910592
1539026 0
1540825 12910592
1540826 0
1544425 12910592
1544426 0
1548025 12910592
1548026 0
1552225 12910592
1552226 0
1559430 12910592
1559431 0
1561825 12910592
1561826 0
1564825 12910592
1564826 0
1610592 12910592
1610593 0
1612290 12910592
1612291 0
1617827 12910592
1617828 0
1622062 12910592
1622063 0
1625062 12910592
1625063 0
1633525 12910592
1633526 0
1636830 12910592
1636831 0
1728025 12910592
1728026 0
1734325 12910592
1734326 0
1737925 12910592
1737926 0
1741525 12910592
1741526 0
1745125 12910592
1745126 0
1748784 12910592
1748785 0
1752679 12910592
1752680 0
1759825 12910592
1759826 0
1770570 12910592
1770571 0
1810562 12910592
1810563 0
1814425 12910592
1814426 0
1818025 12910592
1818026 0
1821625 12910592
1821626 0
1825446 12910592
1825447 0
1832351 12910592
1832352 0
1837825 12910592
1837826 0
1842625 12910592
1842626 0
144 events for F
16709 1500
21888 0
27388 479
28628 0
30108 479
32218 1500
38198 0
43858 479
45918 0
67958 906
83100 0
90418 906
99848 0
105041 906
120675 0
127155 906
139189 0
142069 906
158004 0
164184 906
176218 0
179098 906
194732 0
200698 1087
203408 0
203912 215
215332 0
275258 1600
285443 0
290398 906
291298 1500
297781 0
298848 1500
301748 0
326098 906
342497 0
348677 906
360686 0
362186 906
378876 0
385056 906
397065 0
422745 906
423485 0
503745 906
504495 0
621679 593
632368 0
635208 906
635958 593
648798 0
672758 906
687718 0
694927 906
707261 0
709541 906
725775 0
731955 906
744289 0
746569 906
762804 0
768984 906
781318 0
784358 906
799997 0
806012 906
818347 0
820627 906
836047 0
843041 906
855375 0
856915 906
873889 0
880069 906
891804 0
894384 906
909418 0
930898 906
947297 0
953477 906
965038 0
967026 906
983426 0
989856 906
1001736 0
1004145 906
1020055 0
1026235 906
1038244 0
1041884 906
1056434 0
1062614 906
1074623 0
1076903 906
1090318 0
1103698 906
1111002 0
1113282 906
1128772 0
1130852 906
1147201 0
1153561 906
1165451 0
1167971 906
1175818 0
1226319 1714
1237729 0
1239269 906
1240009 1714
1255018 0
1272298 1714
1275032 0
1275212 215
1286688 0
1290512 1714
1293547 0
1316718 1500
1322733 0
1336908 1500
1342918 0
1374958 906
1375708 0
1484869 906
1496604 0
1498144 906
1514218 0
1535698 906
1552097 0
1558277 906
1565238 0
1609065 906
1624555 0
1631818 906
1638138 0
1726537 906
1733992 0
1735532 906
1752181 0
1758421 906
1770371 0
1808290 906
1824939 0
1831119 906
1842529 0
20 events for G
31666 0
31786 20
31966 252
46186 0
323806 20
323986 0
326146 20
326326 0
326386 28
580186 0
580846 20
581026 0
583186 20
583366 0
583426 56
651106 0
651346 243
1255546 0
1256146 224
1860346 0
2 events for H
1862716 0
1862717 2650
30 events for I
20781 90225847
20782 99456
20783 17992937
20788 0
89719 36047367
89724 0
111319 39436416
111324 0
219319 79610631
219324 0
240919 77494701
240924 0
348919 73767533
348924 0
370519 221441780
370524 0
629719 47723996
629724 0
646669 12683312
646674 0
802518 9037466
802523 0
845718 270264152
845723 0
1731318 26968906
1731323 0
1752918 134824032
1752923 0
1755844 20221556
1755849 0
18 events for J
48234 700
48279 0
66490 600
66730 1300
307550 700
307595 0
325690 600
325930 1300
652890 700
652935 0
671110 1300
912909 0
930310 1300
1258509 0
1269910 1300
1517709 0
1535110 1300
1863309 0
144 events for K
17714 1500
22893 0
28393 479
29633 0
31113 479
33223 1500
39203 0
44863 479
46923 0
68963 906
84105 0
91423 906
100853 0
106046 906
121680 0
128160 906
140194 0
143074 906
159009 0
165189 906
177223 0
180103 906
195737 0
201703 1087
204413 0
204917 215
216337 0
276263 1600
286448 0
291403 906
292303 1500
298786 0
299853 1500
302753 0
327103 906
343502 0
349682 906
361691 0
363191 906
379881 0
386061 906
398070 0
423750 906
424490 0
504750 906
505500 0
622684 593
633373 0
636213 906
636963 593
649803 0
673763 906
688723 0
695932 906
708266 0
710546 906
726780 0
732960 906
745294 0
747574 906
763809 0
769989 906
782323 0
785363 906
801002 0
807017 906
819352 0
821632 906
837052 0
844046 906
856380 0
857920 906
874894 0
881074 906
892809 0
895389 906
910423 0
931903 906
948302 0
954482 906
966043 0
968031 906
984431 0
990861 906
1002741 0
1005150 906
1021060 0
1027240 906
1039249 0
1042889 906
1057439 0
1063619 906
1075628 0
1077908 906
1091323 0
1104703 906
1112007 0
1114287 906
1129777 0
1131857 906
1148206 0
1154566 906
1166456 0
1168976 906
1176823 0
1227324 1714
1238734 0
1240274 906
1241014 1714
1256023 0
1273303 1714
1276037 0
1276217 215
1287693 0
1291517 1714
1294552 0
1317723 1500
1323738 0
1337913 1500
1343923 0
1375963 906
1376713 0
1485874 906
1497609 0
1499149 906
1515223 0
1536703 906
1553102 0
1559282 906
1566243 0
1610070 906
1625560 0
1632823 906
1639143 0
1727542 906
1734997 0
1736537 906
1753186 0
1759426 906
1771376 0
1809295 906
1825944 0
1832124 906
1843534 0
62 events for L
66651 4096
74851 0
163937 4096
172137 0
237994 4096
246194 0
325851 4096
334051 0
348430 665
377590 0
421188 4096
429388 0
493946 4096
502146 0
584893 4096
593093 0
671451 1365
671631 0
673431 1365
673971 3481
693171 1365
693891 3481
713091 1365
713811 3481
732737 0
768737 873
797537 0
842794 873
871594 0
930651 873
959451 0
1025988 3481
1040388 0
1040403 2252
1044003 0
1044018 2252
1047618 0
1047633 2252
1051233 0
1051248 2252
1054848 0
1088391 3276
1103391 0
1189693 873
1218493 0
1270251 1365
1270431 0
1272231 1365
1272771 3481
1291971 0
1373537 873
1402337 0
1447594 873
1476394 0
1535451 1365
1536171 3481
1555371 0
1615728 3276
1630728 0
1865751 1979
1866951 0
1868751 1979
2 events for M
1862474 0
1862475 18
208 events for N
73178 19661
73268 27175
73949 7514
74618 27175
75389 7514
75638 27175
76409 7514
77078 27175
77849 7514
78098 27175
78869 7514
79538 27175
80309 7514
80558 27175
81329 7514
81998 27175
82769 7514
83018 27175
83789 7514
84029 0
89318 19661
89408 27175
89969 7514
90098 27175
90749 7514
91298 27175
91889 7514
92078 27175
92729 7514
93278 27175
93929 7514
94058 27175
94709 7514
95258 27175
95909 7514
96038 27175
96689 7514
97238 27175
97889 7514
98018 27175
98669 7514
99218 27175
99869 7514
99998 27175
100649 7514
100769 0
332468 7514
334538 66496
335909 7514
339098 66496
340469 7514
343589 0
347757 58982
347847 66496
349128 7514
352377 66496
353748 7514
353988 0
354278 58982
354368 66496
355649 7514
358898 66496
360269 7514
361769 0
363846 58982
363936 66496
365217 7514
368466 66496
369837 7514
373797 0
374078 58982
374168 66496
375449 7514
378398 66496
379769 7514
379949 0
384136 58982
384226 66496
385507 7514
386896 66496
388267 7514
388807 0
389078 58982
389168 66496
390449 7514
395438 66496
396809 7514
398129 0
400225 117965
400315 124709
401176 6744
402085 124709
402976 6744
403885 124709
404776 6744
405685 124709
406576 6744
407485 124709
408376 6744
409285 124709
410176 6744
411085 124709
411976 6744
416356 0
420515 117965
420605 124709
421466 6744
422375 124709
423266 6744
424175 124709
425066 6744
425975 124709
426866 6744
427775 124709
428666 6744
429575 124709
430466 6744
431375 124709
432266 6744
433175 124709
434066 6744
434546 0
438704 117965
438794 124709
439655 6744
440564 124709
441455 6744
442355 0
457229 169032
458549 45609
459874 0
636179 7514
643340 0
936998 117965
937088 124709
937889 6744
938018 124709
938724 6744
938729 0
939578 58982
939668 66496
940949 7514
948389 0
952557 58982
952647 7514
961188 0
961478 117965
961568 124709
962429 6744
966149 0
968646 117965
968736 124709
969597 6744
979497 0
988936 117965
989026 124709
989887 6744
999787 0
1280292 117965
1280382 124709
1281243 6744
1282152 124709
1283043 6744
1283952 124709
1284843 6744
1285752 124709
1286643 6744
1287552 124709
1288443 6744
1289352 124709
1290243 6744
1291143 0
1298807 117965
1298897 124709
1299758 6744
1300667 124709
1301558 6744
1302467 124709
1303358 6744
1304267 124709
1305158 6744
1306058 0
1484039 7514
1497680 0
1499854 7514
1515295 0
1803578 58982
1803668 66496
1804949 6744
1805438 66496
1806809 6744
1807229 0
1809910 58982
1810000 66496
1811281 6744
1811770 66496
1813141 6744
1813570 66496
1814941 6744
1824361 0
1830199 58982
1830289 66496
1831570 6744
1832059 66496
1833430 6744
1833859 66496
1835230 6744
1841050 0
808 events for O
13172 12910592
13173 0
13432 12910592
13433 0
14012 12910592
14013 0
14272 12910592
14273 0
30762 12910592
30763 0
31022 12910592
31023 0
31602 12910592
31603 0
31862 12910592
31863 0
48051 12910592
48052 0
48311 12910592
48312 0
48891 12910592
48892 0
49151 12910592
49152 0
66951 12910592
66952 0
67181 12910592
67182 0
67721 12910592
67722 0
67951 12910592
67952 0
86580 12910592
86581 0
86840 12910592
86841 0
87420 12910592
87421 0
87680 12910592
87681 0
105094 12910592
105095 0
105354 12910592
105355 0
105934 12910592
105935 0
106194 12910592
106195 0
123608 12910592
123609 0
123868 12910592
123869 0
124448 12910592
124449 0
124708 12910592
124709 0
142122 12910592
142123 0
142382 12910592
142383 0
142962 12910592
142963 0
143222 12910592
143223 0
160637 12910592
160638 0
160897 12910592
160898 0
161477 12910592
161478 0
161737 12910592
161738 0
179151 12910592
179152 0
179411 12910592
179412 0
179991 12910592
179992 0
180251 12910592
180252 0
197665 12910592
197666 0
197925 12910592
197926 0
198505 12910592
198506 0
198765 12910592
198766 0
216180 12910592
216181 0
216440 12910592
216441 0
217020 12910592
217021 0
217280 12910592
217281 0
234694 12910592
234695 0
234954 12910592
234955 0
235534 12910592
235535 0
235794 12910592
235795 0
253208 12910592
253209 0
253468 12910592
253469 0
254048 12910592
254049 0
254308 12910592
254309 0
271722 12910592
271723 0
271982 12910592
271983 0
272562 12910592
272563 0
272822 12910592
272823 0
289637 12910592
289638 0
289897 12910592
289898 0
290477 12910592
290478 0
290737 12910592
290738 0
307251 12910592
307252 0
307511 12910592
307512 0
308091 12910592
308092 0
308351 12910592
308352 0
326151 12910592
326152 0
326411 12910592
326412 0
326991 12910592
326992 0
327251 12910592
327252 0
345130 12910592
345131 0
345390 12910592
345391 0
345970 12910592
345971 0
346230 12910592
346231 0
363319 12910592
363320 0
363579 12910592
363580 0
364159 12910592
364160 0
364419 12910592
364420 0
381509 12910592
381510 0
381769 12910592
381770 0
382349 12910592
382350 0
382609 12910592
382610 0
399698 12910592
399699 0
399958 12910592
399959 0
400538 12910592
400539 0
400798 12910592
400799 0
417888 12910592
417889 0
418148 12910592
418149 0
418728 12910592
418729 0
418988 12910592
418989 0
436077 12910592
436078 0
436307 12910592
436308 0
436847 12910592
436848 0
437077 12910592
437078 0
454267 12910592
454268 0
454527 12910592
454528 0
455107 12910592
455108 0
455367 12910592
455368 0
472456 12910592
472457 0
472716 12910592
472717 0
473296 12910592
473297 0
473556 12910592
473557 0
490646 12910592
490647 0
490906 12910592
490907 0
491486 12910592
491487 0
491746 12910592
491747 0
508835 12910592
508836 0
509095 12910592
509096 0
509675 12910592
509676 0
509935 12910592
509936 0
527025 12910592
527026 0
527285 12910592
527286 0
527865 12910592
527866 0
528125 12910592
528126 0
545214 12910592
545215 0
545474 12910592
545475 0
546054 12910592
546055 0
546314 12910592
546315 0
563404 12910592
563405 0
563664 12910592
563665 0
564244 12910592
564245 0
564504 12910592
564505 0
581593 12910592
581594 0
581853 12910592
581854 0
582433 12910592
582434 0
582693 12910592
582694 0
599783 12910592
599784 0
600043 12910592
600044 0
600623 12910592
600624 0
600883 12910592
600884 0
617972 12910592
617973 0
618232 12910592
618233 0
618812 12910592
618813 0
619072 12910592
619073 0
635562 12910592
635563 0
635822 12910592
635823 0
636402 12910592
636403 0
636662 12910592
636663 0
652851 12910592
652852 0
653111 12910592
653112 0
653691 12910592
653692 0
653951 12910592
653952 0
671751 12910592
671752 0
671981 12910592
671982 0
672521 12910592
672522 0
672751 12910592
672752 0
691380 12910592
691381 0
691640 12910592
691641 0
692220 12910592
692221 0
692480 12910592
692481 0
709894 12910592
709895 0
710154 12910592
710155 0
710734 12910592
710735 0
710994 12910592
710995 0
728408 12910592
728409 0
728668 12910592
728669 0
729248 12910592
729249 0
729508 12910592
729509 0
746922 12910592
746923 0
747182 12910592
747183 0
747762 12910592
747763 0
748022 12910592
748023 0
765437 12910592
765438 0
765697 12910592
765698 0
766277 12910592
766278 0
766537 12910592
766538 0
783951 12910592
783952 0
784211 12910592
784212 0
784791 12910592
784792 0
785051 12910592
785052 0
802465 12910592
802466 0
802725 12910592
802726 0
803305 12910592
803306 0
803565 12910592
803566 0
820980 12910592
820981 0
821240 12910592
821241 0
821820 12910592
821821 0
822080 12910592
822081 0
839494 12910592
839495 0
839754 12910592
839755 0
840334 12910592
840335 0
840594 12910592
840595 0
858008 12910592
858009 0
858268 12910592
858269 0
858848 12910592
858849 0
859108 12910592
859109 0
876522 12910592
876523 0
876782 12910592
876783 0
877362 12910592
877363 0
877622 12910592
877623 0
894437 12910592
894438 0
894697 12910592
894698 0
895277 12910592
895278 0
895537 12910592
895538 0
912051 12910592
912052 0
912311 12910592
912312 0
912891 12910592
912892 0
913151 12910592
913152 0
930951 12910592
930952 0
931211 12910592
931212 0
931791 12910592
931792 0
932051 12910592
932052 0
949930 12910592
949931 0
950190 12910592
950191 0
950770 12910592
950771 0
951030 12910592
951031 0
968119 12910592
968120 0
968379 12910592
968380 0
968959 12910592
968960 0
969219 12910592
969220 0
986309 12910592
986310 0
986569 12910592
986570 0
987149 12910592
987150 0
987409 12910592
987410 0
1004498 12910592
1004499 0
1004758 12910592
1004759 0
1005338 12910592
1005339 0
1005598 12910592
1005599 0
1022688 12910592
1022689 0
1022948 12910592
1022949 0
1023528 12910592
1023529 0
1023788 12910592
1023789 0
1040877 12910592
1040878 0
1041107 12910592
1041108 0
1041647 12910592
1041648 0
1041877 12910592
1041878 0
1059067 12910592
1059068 0
1059327 12910592
1059328 0
1059907 12910592
1059908 0
1060167 12910592
1060168 0
1077256 12910592
1077257 0
1077516 12910592
1077517 0
1078096 12910592
1078097 0
1078356 12910592
1078357 0
1113635 12910592
1113636 0
1113895 12910592
1113896 0
1114475 12910592
1114476 0
1114735 12910592
1114736 0
1131825 12910592
1131826 0
1132085 12910592
1132086 0
1132665 12910592
1132666 0
1132925 12910592
1132926 0
1150014 12910592
1150015 0
1150274 12910592
1150275 0
1150854 12910592
1150855 0
1151114 12910592
1151115 0
1168204 12910592
1168205 0
1168464 12910592
1168465 0
1169044 12910592
1169045 0
1169304 12910592
1169305 0
1186393 12910592
1186394 0
1186653 12910592
1186654 0
1187233 12910592
1187234 0
1187493 12910592
1187494 0
1204583 12910592
1204584 0
1204843 12910592
1204844 0
1205423 12910592
1205424 0
1205683 12910592
1205684 0
1222772 12910592
1222773 0
1223032 12910592
1223033 0
1223612 12910592
1223613 0
1223872 12910592
1223873 0
1240362 12910592
1240363 0
1240622 12910592
1240623 0
1241202 12910592
1241203 0
1241462 12910592
1241463 0
1257651 12910592
1257652 0
1257911 12910592
1257912 0
1258491 12910592
1258492 0
1258751 12910592
1258752 0
1277665 12910592
1277666 0
1277895 12910592
1277896 0
1278435 12910592
1278436 0
1278665 12910592
1278666 0
1296180 12910592
1296181 0
1296440 12910592
1296441 0
1297020 12910592
1297021 0
1297280 12910592
1297281 0
1314694 12910592
1314695 0
1314954 12910592
1314955 0
1315534 12910592
1315535 0
1315794 12910592
1315795 0
1333208 12910592
1333209 0
1333468 12910592
1333469 0
1334048 12910592
1334049 0
1334308 12910592
1334309 0
1351722 12910592
1351723 0
1351982 12910592
1351983 0
1352562 12910592
1352563 0
1352822 12910592
1352823 0
1370237 12910592
1370238 0
1370497 12910592
1370498 0
1371077 12910592
1371078 0
1371337 12910592
1371338 0
1388751 12910592
1388752 0
1389011 12910592
1389012 0
1389591 12910592
1389592 0
1389851 12910592
1389852 0
1407265 12910592
1407266 0
1407525 12910592
1407526 0
1408105 12910592
1408106 0
1408365 12910592
1408366 0
1425780 12910592
1425781 0
1426040 12910592
1426041 0
1426620 12910592
1426621 0
1426880 12910592
1426881 0
1444294 12910592
1444295 0
1444554 12910592
1444555 0
1445134 12910592
1445135 0
1445394 12910592
1445395 0
1462808 12910592
1462809 0
1463068 12910592
1463069 0
1463648 12910592
1463649 0
1463908 12910592
1463909 0
1481322 12910592
1481323 0
1481582 12910592
1481583 0
1482162 12910592
1482163 0
1482422 12910592
1482423 0
1499237 12910592
1499238 0
1499497 12910592
1499498 0
1500077 12910592
1500078 0
1500337 12910592
1500338 0
1516851 12910592
1516852 0
1517111 12910592
1517112 0
1517691 12910592
1517692 0
1517951 12910592
1517952 0
1535751 12910592
1535752 0
1536011 12910592
1536012 0
1536591 12910592
1536592 0
1536851 12910592
1536852 0
1554730 12910592
1554731 0
1554990 12910592
1554991 0
1555570 12910592
1555571 0
1555830 12910592
1555831 0
1572919 12910592
1572920 0
1573179 12910592
1573180 0
1573759 12910592
1573760 0
1574019 12910592
1574020 0
1591109 12910592
1591110 0
1591369 12910592
1591370 0
1591949 12910592
1591950 0
1592209 12910592
1592210 0
1609298 12910592
1609299 0
1609558 12910592
1609559 0
1610138 12910592
1610139 0
1610398 12910592
1610399 0
1627488 12910592
1627489 0
1627748 12910592
1627749 0
1628328 12910592
1628329 0
1628588 12910592
1628589 0
1645677 12910592
1645678 0
1645907 12910592
1645908 0
1646447 12910592
1646448 0
1646677 12910592
1646678 0
1663867 12910592
1663868 0
1664127 12910592
1664128 0
1664707 12910592
1664708 0
1664967 12910592
1664968 0
1682056 12910592
1682057 0
1682316 12910592
1682317 0
1682896 12910592
1682897 0
1683156 12910592
1683157 0
1700246 12910592
1700247 0
1700506 12910592
1700507 0
1701086 12910592
1701087 0
1701346 12910592
1701347 0
1716651 12910592
1716652 0
1716881 12910592
1716882 0
1717421 12910592
1717422 0
1717651 12910592
1717652 0
1736625 12910592
1736626 0
1736885 12910592
1736886 0
1737465 12910592
1737466 0
1737725 12910592
1737726 0
1754814 12910592
1754815 0
1755074 12910592
1755075 0
1755654 12910592
1755655 0
1755914 12910592
1755915 0
1773004 12910592
1773005 0
1773264 12910592
1773265 0
1773844 12910592
1773845 0
1774104 12910592
1774105 0
1791193 12910592
1791194 0
1791453 12910592
1791454 0
1792033 12910592
1792034 0
1792293 12910592
1792294 0
1809383 12910592
1809384 0
1809643 12910592
1809644 0
1810223 12910592
1810224 0
1810483 12910592
1810484 0
1827572 12910592
1827573 0
1827832 12910592
1827833 0
1828412 12910592
1828413 0
1828672 12910592
1828673 0
1845162 12910592
1845163 0
1845422 12910592
1845423 0
1846002 12910592
1846003 0
1846262 12910592
1846263 0
1862451 12910592
1862452 0
1862711 12910592
1862712 0
1863291 12910592
1863292 0
1863551 12910592
1863552 0
274 events for P
69681 12910592
69682 0
81651 12910592
81652 0
90180 12910592
90181 0
95130 12910592
95131 0
97256 12910592
97257 0
105394 12910592
105395 0
113451 12910592
113452 0
118736 12910592
118737 0
128451 12910592
128452 0
135050 12910592
135051 0
136252 12910592
136253 0
142427 12910592
142428 0
149151 12910592
149152 0
157337 12910592
157338 0
164242 12910592
164243 0
169894 12910592
169895 0
175551 12910592
175552 0
186758 12910592
186759 0
194065 12910592
194066 0
326156 12910592
326157 0
337590 12910592
337591 0
348735 12910592
348736 0
360019 12910592
360020 0
363319 12910592
363320 0
370764 12910592
370765 0
378209 12910592
378210 0
385251 12910592
385252 0
391251 12910592
391252 0
396356 12910592
396357 0
673851 12910592
673852 0
684651 12910592
684652 0
694985 12910592
694986 0
699651 12910592
699652 0
710211 12910592
710212 0
716456 12910592
716457 0
723651 12910592
723652 0
732651 12910592
732652 0
739850 12910592
739851 0
742337 12910592
742338 0
751251 12910592
751252 0
762051 12910592
762052 0
769251 12910592
769252 0
779151 12910592
779152 0
805856 12910592
805857 0
817680 12910592
817681 0
826255 12910592
826256 0
831416 12910592
831417 0
843094 12910592
843095 0
848901 12910592
848902 0
858008 12910592
858009 0
865615 12910592
865616 0
885634 12910592
885635 0
891137 12910592
891138 0
898894 12910592
898895 0
908756 12910592
908757 0
930951 12910592
930952 0
939351 12910592
939352 0
953530 12910592
953531 0
964371 12910592
964372 0
968124 12910592
968125 0
982759 12910592
982760 0
990884 12910592
990885 0
999050 12910592
999051 0
1004451 12910592
1004452 0
1014651 12910592
1014652 0
1031937 12910592
1031938 0
1043492 12910592
1043493 0
1053656 12910592
1053657 0
1063251 12910592
1063252 0
1071651 12910592
1071652 0
1078893 12910592
1078894 0
1082451 12910592
1082452 0
1089352 12910592
1089353 0
1103451 12910592
1103452 0
1109803 12910592
1109804 0
1114870 12910592
1114871 0
1122051 12910592
1122052 0
1126870 12910592
1126871 0
1142936 12910592
1142937 0
1154031 12910592
1154032 0
1164116 12910592
1164117 0
1168971 12910592
1168972 0
1173051 12910592
1173052 0
1175511 12910592
1175512 0
1226451 12910592
1226452 0
1231722 12910592
1231723 0
1237062 12910592
1237063 0
1240362 12910592
1240363 0
1247356 12910592
1247357 0
1254356 12910592
1254357 0
1272656 12910592
1272657 0
1274451 12910592
1274452 0
1290651 12910592
1290652 0
1292936 12910592
1292937 0
1484927 12910592
1484928 0
1487922 12910592
1487923 0
1490429 12910592
1490430 0
1492937 12910592
1492938 0
1495937 12910592
1495938 0
1499237 12910592
1499238 0
1502237 12910592
1502238 0
1506399 12910592
1506400 0
1510551 12910592
1510552 0
1513551 12910592
1513552 0
1536056 12910592
1536057 0
1537851 12910592
1537852 0
1539651 12910592
1539652 0
1543251 12910592
1543252 0
1546851 12910592
1546852 0
1551051 12910592
1551052 0
1558256 12910592
1558257 0
1560651 12910592
1560652 0
1563651 12910592
1563652 0
1609418 12910592
1609419 0
1611116 12910592
1611117 0
1616653 12910592
1616654 0
1620888 12910592
1620889 0
1623888 12910592
1623889 0
1632351 12910592
1632352 0
1635656 12910592
1635657 0
1726851 12910592
1726852 0
1733151 12910592
1733152 0
1736751 12910592
1736752 0
1740351 12910592
1740352 0
1743951 12910592
1743952 0
1747610 12910592
1747611 0
1751505 12910592
1751506 0
1758651 12910592
1758652 0
1769396 12910592
1769397 0
1809388 12910592
1809389 0
1813251 12910592
1813252 0
1816851 12910592
1816852 0
1820451 12910592
1820452 0
1824272 12910592
1824273 0
1831177 12910592
1831178 0
1836651 12910592
1836652 0
1841451 12910592
1841452 0
129 events for Q
8979 3917
16178 4944
30556 5195
45879 4168
64778 5195
73800 4944
73811 3662
77389 1471
82779 444
88178 1471
98978 548
118779 444
127778 548
138589 485
138889 548
156579 444
163778 1471
192579 444
203378 548
228579 444
235778 548
268179 444
275378 548
305379 444
307789 382
308089 444
325778 548
340179 444
347378 548
347389 2738
376179 2635
383378 3662
412179 2635
419378 2738
426589 548
426600 798
449979 695
458978 798
480589 736
480600 485
480889 548
485979 444
491378 548
503979 444
512978 548
539979 444
548978 548
575979 444
584978 1471
613779 444
620978 548
650979 444
671378 548
687579 444
692978 548
725379 444
732578 548
761379 444
768578 548
797379 444
806378 548
826489 485
826789 548
833379 444
842378 548
871179 444
880178 548
910179 444
930578 548
946179 444
952178 548
980979 444
988178 548
1016979 444
1024178 548
1055379 444
1060178 548
1088979 444
1103378 548
1144779 444
1153778 548
1171789 2738
1180779 2635
1189778 2738
1191589 548
1218579 444
1225778 548
1255779 444
1258168 240
1268978 344
1272589 2534
1290579 2431
1290589 240
1297778 344
1328379 240
1337378 344
1366179 240
1373378 344
1402179 240
1412978 344
1438179 240
1447178 344
1475979 240
1483178 344
1514979 240
1535378 344
1549779 240
1556978 344
1585779 240
1592978 344
1621779 240
1632578 344
1659579 240
1664978 344
1695579 240
1700978 344
1749579 240
1758578 344
1776889 281
1777189 344
1787379 240
1794578 344
1823379 240
1830578 344
1860579 240
1860856 0
1860857 240
1863889 178
1864189 240
208 events for R
74736 19661
74826 27175
75507 7514
76176 27175
76947 7514
77196 27175
77967 7514
78636 27175
79407 7514
79656 27175
80427 7514
81096 27175
81867 7514
82116 27175
82887 7514
83556 27175
84327 7514
84576 27175
85347 7514
85587 0
90876 19661
90966 27175
91527 7514
91656 27175
92307 7514
92856 27175
93447 7514
93636 27175
94287 7514
94836 27175
95487 7514
95616 27175
96267 7514
96816 27175
97467 7514
97596 27175
98247 7514
98796 27175
99447 7514
99576 27175
100227 7514
100776 27175
101427 7514
101556 27175
102207 7514
102327 0
334026 7514
336096 66496
337467 7514
340656 66496
342027 7514
345147 0
349315 58982
349405 66496
350686 7514
353935 66496
355306 7514
355546 0
355836 58982
355926 66496
357207 7514
360456 66496
361827 7514
363327 0
365404 58982
365494 66496
366775 7514
370024 66496
371395 7514
375355 0
375636 58982
375726 66496
377007 7514
379956 66496
381327 7514
381507 0
385694 58982
385784 66496
387065 7514
388454 66496
389825 7514
390365 0
390636 58982
390726 66496
392007 7514
396996 66496
398367 7514
399687 0
401783 117965
401873 124709
402734 6744
403643 124709
404534 6744
405443 124709
406334 6744
407243 124709
408134 6744
409043 124709
409934 6744
410843 124709
411734 6744
412643 124709
413534 6744
417914 0
422073 117965
422163 124709
423024 6744
423933 124709
424824 6744
425733 124709
426624 6744
427533 124709
428424 6744
429333 124709
430224 6744
431133 124709
432024 6744
432933 124709
433824 6744
434733 124709
435624 6744
436104 0
440262 117965
440352 124709
441213 6744
442122 124709
443013 6744
443913 0
458787 169032
460107 45609
461432 0
637737 7514
644898 0
938556 117965
938646 124709
939447 6744
939576 124709
940282 6744
940287 0
941136 58982
941226 66496
942507 7514
949947 0
954115 58982
954205 7514
962746 0
963036 117965
963126 124709
963987 6744
967707 0
970204 117965
970294 124709
971155 6744
981055 0
990494 117965
990584 124709
991445 6744
1001345 0
1281850 117965
1281940 124709
1282801 6744
1283710 124709
1284601 6744
1285510 124709
1286401 6744
1287310 124709
1288201 6744
1289110 124709
1290001 6744
1290910 124709
1291801 6744
1292701 0
1300365 117965
1300455 124709
1301316 6744
1302225 124709
1303116 6744
1304025 124709
1304916 6744
1305825 124709
1306716 6744
1307616 0
1485597 7514
1499238 0
1501412 7514
1516853 0
1805136 58982
1805226 66496
1806507 6744
1806996 66496
1808367 6744
1808787 0
1811468 58982
1811558 66496
1812839 6744
1813328 66496
1814699 6744
1815128 66496
1816499 6744
1825919 0
1831757 58982
1831847 66496
1833128 6744
1833617 66496
1834988 6744
1835417 66496
1836788 6744
1842608 0
62 events for S
65387 4096
73587 0
162673 4096
170873 0
236730 4096
244930 0
324587 4096
332787 0
347166 665
376326 0
419924 4096
428124 0
492682 4096
500882 0
583629 4096
591829 0
670187 1365
670367 0
672167 1365
672707 3481
691907 1365
692627 3481
711827 1365
712547 3481
731473 0
767473 873
796273 0
841530 873
870330 0
929387 873
958187 0
1024724 3481
1039124 0
1039139 2252
1042739 0
1042754 2252
1046354 0
1046369 2252
1049969 0
1049984 2252
1053584 0
1087127 3276
1102127 0
1188429 873
1217229 0
1268987 1365
1269167 0
1270967 1365
1271507 3481
1290707 0
1372273 873
1401073 0
1446330 873
1475130 0
1534187 1365
1534907 3481
1554107 0
1614464 3276
1629464 0
1864487 1979
1865687 0
1867487 1979
2 events for T
1863224 0
1863225 18
