20 instruments
A 10 100 0 276873309.16802311
B 10 100 309096.09667920991 262843801.48639998
C 10 100 40786.332763907049 54547276.407707497
D 10 100 1289849390.9659207 3398902187.0561032
E 10 100 2665037.1650940888 921958803.05957663
F 10 100 7152.7561699728749 2794045378.8956542
G 10 100 0.00018444817663405244 950598422.35720563
H 10 100 157159.98672976866 607777468.940395
I 10 100 0 895660078.44187188
J 10 100 24955.266722182481 180753403.14844713
K 10 100 2338 640000000
L 10 100 23264.147255000564 168504461.78361657
M 10 100 0 888000000
N 10 100 0.000155227 800000000
O 10 100 1517960000 4000000000
P 10 100 5910082.7758317869 3030989320.3134623
Q 10 100 8192 3200000000
R 10 100 177168740.44080633 781629408.46013641
S 10 100 0 320000000
T 10 100 7196.0339286610251 2810950753.383213
100 downlinks
0 1 23814 18650.039686
1 66256 91871 17801.393711000001
2 92304 95447 18241.361444999999
3 111898 134731 24067.369501000001
4 135896 159879 56712.888793999999
5 185996 194851 58370.132263
6 198367 219207 58005.525035999999
7 220758 258593 24930.123806
8 258594 279767 16739.689300999999
9 325456 350023 18181.419744999999
10 371991 397607 18610.315675999998
11 399049 437437 59847.283359000001
12 438889 454964 18063.419893999999
13 459589 484394 18186.627066000001
14 485446 501293 56843.492619999997
15 523626 557085 9175.5815739999998
16 557086 568575 9288.5908459999991
17 571843 609842 29976.478185
18 611983 629020 8340.6453669999992
19 638383 648686 28164.287346000001
20 671056 693639 9615.6592349999992
21 715781 744277 8936.4976299999998
22 744278 748101 29078.912095
23 763778 771225 8738.7729049999998
24 789406 824795 9283.3064869999998
25 824796 870574 9136.56639
26 870575 886982 8867.2325060000003
27 902409 906815 30843.021497000002
28 930256 947025 8651.5363890000008
29 948572 971479 8598.6086899999991
30 974372 1002868 28620.571626000001
31 1002869 1013789 29488.2804
32 1017029 1039429 29574.456625999999
33 1045469 1058806 8990.2936559999998
34 1061369 1090251 27889.095755999999
35 1092266 1102395 27279.489213000001
36 1105246 1108471 29339.122920000002
37 1114766 1123592 30467.823106
38 1133066 1144616 9273.8508989999991
39 1147871 1169107 28091.132868000001
40 1169969 1214008 9462.077765
41 1214009 1229342 8739.387213
42 1269856 1284760 27177.101999999999
43 1300309 1324418 28867.988366000001
44 1325359 1347887 8757.0573490000006
45 1386610 1428858 30482.278361000001
46 1428859 1465752 9337.789702
47 1465753 1494214 8515.7706749999998
48 1535056 1549939 8900.7025030000004
49 1552149 1577938 8778.3355150000007
50 1577949 1606321 29886.497736000001
51 1608846 1636087 29243.536622
52 1636806 1641019 26517.245249
53 1645515 1659787 8834.4018649999998
54 1679046 1690421 9457.9623840000004
55 1702442 1722338 28164.872808
56 1731817 1774046 30503.298975000002
57 1774047 1796462 8691.2845450000004
58 1796938 1806933 8525.9525360000007
59 1809598 1813351 28086.786929000002
60 1874656 1902600 9305.8530659999997
61 1904424 1908938 9003.7058219999999
62 1934335 1950096 29720.859928999998
63 1983089 1986746 28196.056719
64 1990728 2007441 8724.7512220000008
65 2009031 2036366 9238.0711549999996
66 2037287 2077031 29465.914934
67 2077032 2085008 8736.7051790000005
68 2108027 2122041 8623.2506759999997
69 2133856 2156105 8421.9856619999991
70 2160346 2180205 27549.328343000001
71 2192023 2209282 29572.320551000001
72 2211579 2241718 29086.290951999999
73 2241819 2270494 8813.8421070000004
74 2278719 2295685 29493.047434
75 2303615 2327106 27435.630709000001
76 2327997 2339525 29792.428981000001
77 2342615 2352498 8997.6095590000004
78 2355515 2378702 26654.011493000002
79 2393056 2416181 8664.3956859999998
80 2416411 2442270 8910.3347130000002
81 2485456 2505453 9263.3037550000008
82 2508562 2514794 8194.1372179999998
83 2526507 2539170 8812.3468479999992
84 2558003 2559834 28513.272391999999
85 2586678 2590839 29797.943813000002
86 2594870 2629702 9287.2106050000002
87 2629703 2640455 9493.8769009999996
88 2643859 2679939 29841.66733
89 2681178 2685856 9031.5484039999992
90 2744656 2756286 27058.173078
91 2758395 2761952 27764.822221999999
92 2765895 2782497 8866.3210920000001
93 2794382 2806542 30200.423556999998
94 2809654 2814498 9259.4321029999992
95 2818690 2842761 9457.3783449999992
96 2844490 2848318 29542.407908000001
97 2853796 2868639 8564.5545529999999
98 2877790 2900459 9335.3412189999999
99 2902986 2931712 27874.981927000001
0 opportunities for A
0 opportunities for B
0 opportunities for C
0 opportunities for D
0 opportunities for E
0 opportunities for F
0 opportunities for G
0 opportunities for H
0 opportunities for I
0 opportunities for J
0 opportunities for K
0 opportunities for L
0 opportunities for M
0 opportunities for N
0 opportunities for O
0 opportunities for P
0 opportunities for Q
0 opportunities for R
0 opportunities for S
0 opportunities for T
0 events for A

33 events for B
31666 0
31786 20
31966 252
46186 0
323806 20
323986 0
326146 20
326326 0
326386 28
580186 0
580846 20
581026 0
583186 20
583366 0
583426 56
651106 0
651346 243
1255546 0
1256146 224
1860346 0
2210386 20
2210566 0
2212726 20
2212906 0
2212966 28
2379106 0
2391406 20
2391586 0
2393746 20
2393926 0
2393986 126
2465506 0
2465746 305
2 events for C
1862156 0
1862157 18
235 events for D
74736 19661
74826 27175
75507 7514
76176 27175
76947 7514
77196 27175
77967 7514
78636 27175
79407 7514
79656 27175
80427 7514
81096 27175
81867 7514
82116 27175
82887 7514
83556 27175
84327 7514
84576 27175
85347 7514
85587 0
90876 19661
90966 27175
91527 7514
91656 27175
92307 7514
92856 27175
93447 7514
93636 27175
94287 7514
94836 27175
95487 7514
95616 27175
96267 7514
96816 27175
97467 7514
97596 27175
98247 7514
98796 27175
99447 7514
99576 27175
100227 7514
100776 27175
101427 7514
101556 27175
102207 7514
102327 0
334026 7514
336096 66496
337467 7514
340656 66496
342027 7514
345147 0
349315 58982
349405 66496
350686 7514
353935 66496
355306 7514
355546 0
355836 58982
355926 66496
357207 7514
360456 66496
361827 7514
363327 0
365404 58982
365494 66496
366775 7514
370024 66496
371395 7514
375355 0
375636 58982
375726 66496
377007 7514
379956 66496
381327 7514
381507 0
385694 58982
385784 66496
387065 7514
388454 66496
389825 7514
390365 0
390636 58982
390726 66496
392007 7514
396996 66496
398367 7514
399687 0
401783 117965
401873 124709
402734 6744
403643 124709
404534 6744
405443 124709
406334 6744
407243 124709
408134 6744
409043 124709
409934 6744
410843 124709
411734 6744
412643 124709
413534 6744
417914 0
422073 117965
422163 124709
423024 6744
423933 124709
424824 6744
425733 124709
426624 6744
427533 124709
428424 6744
429333 124709
430224 6744
431133 124709
432024 6744
432933 124709
433824 6744
434733 124709
435624 6744
436104 0
440262 117965
440352 124709
441213 6744
442122 124709
443013 6744
443913 0
458787 169032
460107 45609
461432 0
637737 7514
644898 0
938556 117965
938646 124709
939447 6744
939576 124709
940282 6744
940287 0
941136 58982
941226 66496
942507 7514
949947 0
954115 58982
954205 7514
962746 0
963036 117965
963126 124709
963987 6744
967707 0
970204 117965
970294 124709
971155 6744
981055 0
990494 117965
990584 124709
991445 6744
1001345 0
1281850 117965
1281940 124709
1282801 6744
1283710 124709
1284601 6744
1285510 124709
1286401 6744
1287310 124709
1288201 6744
1289110 124709
1290001 6744
1290910 124709
1291801 6744
1292701 0
1300365 117965
1300455 124709
1301316 6744
1302225 124709
1303116 6744
1304025 124709
1304916 6744
1305825 124709
1306716 6744
1307616 0
1485597 7514
1499238 0
1501412 7514
1516853 0
1805136 58982
1805226 66496
1806507 6744
1806996 66496
1808367 6744
1808787 0
1811468 58982
1811558 66496
1812839 6744
1813328 66496
1814699 6744
1815128 66496
1816499 6744
1825919 0
1831757 58982
1831847 66496
1833128 6744
1833617 66496
1834988 6744
1835417 66496
1836788 6744
1842608 0
2183036 235930
2183126 242674
2184887 6744
2185076 242674
2186927 6744
2187116 242674
2188967 6744
2189216 242674
2191067 6744
2192087 0
2200094 235930
2200184 242674
2200800 6744
2200805 0
2215587 169032
2217387 45609
2219192 0
2752956 117965
2753046 125479
2754327 7514
2754687 0
2890626 3372
2895807 0
2915826 3372
2924187 0
2933226 3372
2938587 0
36 events for E
48918 700
48963 0
67174 600
67414 1300
308234 700
308279 0
326374 600
326614 1300
653574 700
653619 0
671794 1300
913593 0
930994 1300
1259193 0
1270594 1300
1518393 0
1535794 1300
1863993 0
1875874 600
1876054 1300
2122674 700
2122719 0
2134894 600
2135074 1300
2381814 700
2381859 0
2393974 600
2394154 1300
2468214 700
2468259 0
2486374 600
2486554 1300
2726634 700
2726679 0
2745574 600
2745694 1300
1240 events for F
12162 12910592
12163 0
12422 12910592
12423 0
13002 12910592
13003 0
13262 12910592
13263 0
29752 12910592
29753 0
30012 12910592
30013 0
30592 12910592
30593 0
30852 12910592
30853 0
47041 12910592
47042 0
47301 12910592
47302 0
47881 12910592
47882 0
48141 12910592
48142 0
65941 12910592
65942 0
66171 12910592
66172 0
66711 12910592
66712 0
66941 12910592
66942 0
85570 12910592
85571 0
85830 12910592
85831 0
86410 12910592
86411 0
86670 12910592
86671 0
104084 12910592
104085 0
104344 12910592
104345 0
104924 12910592
104925 0
105184 12910592
105185 0
122598 12910592
122599 0
122858 12910592
122859 0
123438 12910592
123439 0
123698 12910592
123699 0
141112 12910592
141113 0
141372 12910592
141373 0
141952 12910592
141953 0
142212 12910592
142213 0
159627 12910592
159628 0
159887 12910592
159888 0
160467 12910592
160468 0
160727 12910592
160728 0
178141 12910592
178142 0
178401 12910592
178402 0
178981 12910592
178982 0
179241 12910592
179242 0
196655 12910592
196656 0
196915 12910592
196916 0
197495 12910592
197496 0
197755 12910592
197756 0
215170 12910592
215171 0
215430 12910592
215431 0
216010 12910592
216011 0
216270 12910592
216271 0
233684 12910592
233685 0
233944 12910592
233945 0
234524 12910592
234525 0
234784 12910592
234785 0
252198 12910592
252199 0
252458 12910592
252459 0
253038 12910592
253039 0
253298 12910592
253299 0
270712 12910592
270713 0
270972 12910592
270973 0
271552 12910592
271553 0
271812 12910592
271813 0
288627 12910592
288628 0
288887 12910592
288888 0
289467 12910592
289468 0
289727 12910592
289728 0
306241 12910592
306242 0
306501 12910592
306502 0
307081 12910592
307082 0
307341 12910592
307342 0
325141 12910592
325142 0
325401 12910592
325402 0
325981 12910592
325982 0
326241 12910592
326242 0
344120 12910592
344121 0
344380 12910592
344381 0
344960 12910592
344961 0
345220 12910592
345221 0
362309 12910592
362310 0
362569 12910592
362570 0
363149 12910592
363150 0
363409 12910592
363410 0
380499 12910592
380500 0
380759 12910592
380760 0
381339 12910592
381340 0
381599 12910592
381600 0
398688 12910592
398689 0
398948 12910592
398949 0
399528 12910592
399529 0
399788 12910592
399789 0
416878 12910592
416879 0
417138 12910592
417139 0
417718 12910592
417719 0
417978 12910592
417979 0
435067 12910592
435068 0
435297 12910592
435298 0
435837 12910592
435838 0
436067 12910592
436068 0
453257 12910592
453258 0
453517 12910592
453518 0
454097 12910592
454098 0
454357 12910592
454358 0
471446 12910592
471447 0
471706 12910592
471707 0
472286 12910592
472287 0
472546 12910592
472547 0
489636 12910592
489637 0
489896 12910592
489897 0
490476 12910592
490477 0
490736 12910592
490737 0
507825 12910592
507826 0
508085 12910592
508086 0
508665 12910592
508666 0
508925 12910592
508926 0
526015 12910592
526016 0
526275 12910592
526276 0
526855 12910592
526856 0
527115 12910592
527116 0
544204 12910592
544205 0
544464 12910592
544465 0
545044 12910592
545045 0
545304 12910592
545305 0
562394 12910592
562395 0
562654 12910592
562655 0
563234 12910592
563235 0
563494 12910592
563495 0
580583 12910592
580584 0
580843 12910592
580844 0
581423 12910592
581424 0
581683 12910592
581684 0
598773 12910592
598774 0
599033 12910592
599034 0
599613 12910592
599614 0
599873 12910592
599874 0
616962 12910592
616963 0
617222 12910592
617223 0
617802 12910592
617803 0
618062 12910592
618063 0
634552 12910592
634553 0
634812 12910592
634813 0
635392 12910592
635393 0
635652 12910592
635653 0
651841 12910592
651842 0
652101 12910592
652102 0
652681 12910592
652682 0
652941 12910592
652942 0
670741 12910592
670742 0
670971 12910592
670972 0
671511 12910592
671512 0
671741 12910592
671742 0
690370 12910592
690371 0
690630 12910592
690631 0
691210 12910592
691211 0
691470 12910592
691471 0
708884 12910592
708885 0
709144 12910592
709145 0
709724 12910592
709725 0
709984 12910592
709985 0
727398 12910592
727399 0
727658 12910592
727659 0
728238 12910592
728239 0
728498 12910592
728499 0
745912 12910592
745913 0
746172 12910592
746173 0
746752 12910592
746753 0
747012 12910592
747013 0
764427 12910592
764428 0
764687 12910592
764688 0
765267 12910592
765268 0
765527 12910592
765528 0
782941 12910592
782942 0
783201 12910592
783202 0
783781 12910592
783782 0
784041 12910592
784042 0
801455 12910592
801456 0
801715 12910592
801716 0
802295 12910592
802296 0
802555 12910592
802556 0
819970 12910592
819971 0
820230 12910592
820231 0
820810 12910592
820811 0
821070 12910592
821071 0
838484 12910592
838485 0
838744 12910592
838745 0
839324 12910592
839325 0
839584 12910592
839585 0
856998 12910592
856999 0
857258 12910592
857259 0
857838 12910592
857839 0
858098 12910592
858099 0
875512 12910592
875513 0
875772 12910592
875773 0
876352 12910592
876353 0
876612 12910592
876613 0
893427 12910592
893428 0
893687 12910592
893688 0
894267 12910592
894268 0
894527 12910592
894528 0
911041 12910592
911042 0
911301 12910592
911302 0
911881 12910592
911882 0
912141 12910592
912142 0
929941 12910592
929942 0
930201 12910592
930202 0
930781 12910592
930782 0
931041 12910592
931042 0
948920 12910592
948921 0
949180 12910592
949181 0
949760 12910592
949761 0
950020 12910592
950021 0
967109 12910592
967110 0
967369 12910592
967370 0
967949 12910592
967950 0
968209 12910592
968210 0
985299 12910592
985300 0
985559 12910592
985560 0
986139 12910592
986140 0
986399 12910592
986400 0
1003488 12910592
1003489 0
1003748 12910592
1003749 0
1004328 12910592
1004329 0
1004588 12910592
1004589 0
1021678 12910592
1021679 0
1021938 12910592
1021939 0
1022518 12910592
1022519 0
1022778 12910592
1022779 0
1039867 12910592
1039868 0
1040097 12910592
1040098 0
1040637 12910592
1040638 0
1040867 12910592
1040868 0
1058057 12910592
1058058 0
1058317 12910592
1058318 0
1058897 12910592
1058898 0
1059157 12910592
1059158 0
1076246 12910592
1076247 0
1076506 12910592
1076507 0
1077086 12910592
1077087 0
1077346 12910592
1077347 0
1112625 12910592
1112626 0
1112885 12910592
1112886 0
1113465 12910592
1113466 0
1113725 12910592
1113726 0
1130815 12910592
1130816 0
1131075 12910592
1131076 0
1131655 12910592
1131656 0
1131915 12910592
1131916 0
1149004 12910592
1149005 0
1149264 12910592
1149265 0
1149844 12910592
1149845 0
1150104 12910592
1150105 0
1167194 12910592
1167195 0
1167454 12910592
1167455 0
1168034 12910592
1168035 0
1168294 12910592
1168295 0
1185383 12910592
1185384 0
1185643 12910592
1185644 0
1186223 12910592
1186224 0
1186483 12910592
1186484 0
1203573 12910592
1203574 0
1203833 12910592
1203834 0
1204413 12910592
1204414 0
1204673 12910592
1204674 0
1221762 12910592
1221763 0
1222022 12910592
1222023 0
1222602 12910592
1222603 0
1222862 12910592
1222863 0
1239352 12910592
1239353 0
1239612 12910592
1239613 0
1240192 12910592
1240193 0
1240452 12910592
1240453 0
1256641 12910592
1256642 0
1256901 12910592
1256902 0
1257481 12910592
1257482 0
1257741 12910592
1257742 0
1276655 12910592
1276656 0
1276885 12910592
1276886 0
1277425 12910592
1277426 0
1277655 12910592
1277656 0
1295170 12910592
1295171 0
1295430 12910592
1295431 0
1296010 12910592
1296011 0
1296270 12910592
1296271 0
1313684 12910592
1313685 0
1313944 12910592
1313945 0
1314524 12910592
1314525 0
1314784 12910592
1314785 0
1332198 12910592
1332199 0
1332458 12910592
1332459 0
1333038 12910592
1333039 0
1333298 12910592
1333299 0
1350712 12910592
1350713 0
1350972 12910592
1350973 0
1351552 12910592
1351553 0
1351812 12910592
1351813 0
1369227 12910592
1369228 0
1369487 12910592
1369488 0
1370067 12910592
1370068 0
1370327 12910592
1370328 0
1387741 12910592
1387742 0
1388001 12910592
1388002 0
1388581 12910592
1388582 0
1388841 12910592
1388842 0
1406255 12910592
1406256 0
1406515 12910592
1406516 0
1407095 12910592
1407096 0
1407355 12910592
1407356 0
1424770 12910592
1424771 0
1425030 12910592
1425031 0
1425610 12910592
1425611 0
1425870 12910592
1425871 0
1443284 12910592
1443285 0
1443544 12910592
1443545 0
1444124 12910592
1444125 0
1444384 12910592
1444385 0
1461798 12910592
1461799 0
1462058 12910592
1462059 0
1462638 12910592
1462639 0
1462898 12910592
1462899 0
1480312 12910592
1480313 0
1480572 12910592
1480573 0
1481152 12910592
1481153 0
1481412 12910592
1481413 0
1498227 12910592
1498228 0
1498487 12910592
1498488 0
1499067 12910592
1499068 0
1499327 12910592
1499328 0
1515841 12910592
1515842 0
1516101 12910592
1516102 0
1516681 12910592
1516682 0
1516941 12910592
1516942 0
1534741 12910592
1534742 0
1535001 12910592
1535002 0
1535581 12910592
1535582 0
1535841 12910592
1535842 0
1553720 12910592
1553721 0
1553980 12910592
1553981 0
1554560 12910592
1554561 0
1554820 12910592
1554821 0
1571909 12910592
1571910 0
1572169 12910592
1572170 0
1572749 12910592
1572750 0
1573009 12910592
1573010 0
1590099 12910592
1590100 0
1590359 12910592
1590360 0
1590939 12910592
1590940 0
1591199 12910592
1591200 0
1608288 12910592
1608289 0
1608548 12910592
1608549 0
1609128 12910592
1609129 0
1609388 12910592
1609389 0
1626478 12910592
1626479 0
1626738 12910592
1626739 0
1627318 12910592
1627319 0
1627578 12910592
1627579 0
1644667 12910592
1644668 0
1644897 12910592
1644898 0
1645437 12910592
1645438 0
1645667 12910592
1645668 0
1662857 12910592
1662858 0
1663117 12910592
1663118 0
1663697 12910592
1663698 0
1663957 12910592
1663958 0
1681046 12910592
1681047 0
1681306 12910592
1681307 0
1681886 12910592
1681887 0
1682146 12910592
1682147 0
1699236 12910592
1699237 0
1699496 12910592
1699497 0
1700076 12910592
1700077 0
1700336 12910592
1700337 0
1715641 12910592
1715642 0
1715871 12910592
1715872 0
1716411 12910592
1716412 0
1716641 12910592
1716642 0
1735615 12910592
1735616 0
1735875 12910592
1735876 0
1736455 12910592
1736456 0
1736715 12910592
1736716 0
1753804 12910592
1753805 0
1754064 12910592
1754065 0
1754644 12910592
1754645 0
1754904 12910592
1754905 0
1771994 12910592
1771995 0
1772254 12910592
1772255 0
1772834 12910592
1772835 0
1773094 12910592
1773095 0
1790183 12910592
1790184 0
1790443 12910592
1790444 0
1791023 12910592
1791024 0
1791283 12910592
1791284 0
1808373 12910592
1808374 0
1808633 12910592
1808634 0
1809213 12910592
1809214 0
1809473 12910592
1809474 0
1826562 12910592
1826563 0
1826822 12910592
1826823 0
1827402 12910592
1827403 0
1827662 12910592
1827663 0
1844152 12910592
1844153 0
1844412 12910592
1844413 0
1844992 12910592
1844993 0
1845252 12910592
1845253 0
1861441 12910592
1861442 0
1861701 12910592
1861702 0
1862281 12910592
1862282 0
1862541 12910592
1862542 0
1881455 12910592
1881456 0
1881685 12910592
1881686 0
1882225 12910592
1882226 0
1882455 12910592
1882456 0
1899970 12910592
1899971 0
1900230 12910592
1900231 0
1900810 12910592
1900811 0
1901070 12910592
1901071 0
1918484 12910592
1918485 0
1918744 12910592
1918745 0
1919324 12910592
1919325 0
1919584 12910592
1919585 0
1936998 12910592
1936999 0
1937258 12910592
1937259 0
1937838 12910592
1937839 0
1938098 12910592
1938099 0
1955512 12910592
1955513 0
1955772 12910592
1955773 0
1956352 12910592
1956353 0
1956612 12910592
1956613 0
1974027 12910592
1974028 0
1974287 12910592
1974288 0
1974867 12910592
1974868 0
1975127 12910592
1975128 0
1992541 12910592
1992542 0
1992801 12910592
1992802 0
1993381 12910592
1993382 0
1993641 12910592
1993642 0
2011055 12910592
2011056 0
2011315 12910592
2011316 0
2011895 12910592
2011896 0
2012155 12910592
2012156 0
2029570 12910592
2029571 0
2029830 12910592
2029831 0
2030410 12910592
2030411 0
2030670 12910592
2030671 0
2048084 12910592
2048085 0
2048344 12910592
2048345 0
2048924 12910592
2048925 0
2049184 12910592
2049185 0
2066598 12910592
2066599 0
2066858 12910592
2066859 0
2067438 12910592
2067439 0
2067698 12910592
2067699 0
2085112 12910592
2085113 0
2085372 12910592
2085373 0
2085952 12910592
2085953 0
2086212 12910592
2086213 0
2103027 12910592
2103028 0
2103287 12910592
2103288 0
2103867 12910592
2103868 0
2104127 12910592
2104128 0
2120641 12910592
2120642 0
2120901 12910592
2120902 0
2121481 12910592
2121482 0
2121741 12910592
2121742 0
2140330 12910592
2140331 0
2140590 12910592
2140591 0
2141170 12910592
2141171 0
2141430 12910592
2141431 0
2160891 12910592
2160892 0
2161151 12910592
2161152 0
2161731 12910592
2161732 0
2161991 12910592
2161992 0
2175291 12910592
2175292 0
2175551 12910592
2175552 0
2176131 12910592
2176132 0
2176391 12910592
2176392 0
2194899 12910592
2194900 0
2195159 12910592
2195160 0
2195739 12910592
2195740 0
2195999 12910592
2196000 0
2213088 12910592
2213089 0
2213348 12910592
2213349 0
2213928 12910592
2213929 0
2214188 12910592
2214189 0
2231278 12910592
2231279 0
2231538 12910592
2231539 0
2232118 12910592
2232119 0
2232378 12910592
2232379 0
2249467 12910592
2249468 0
2249697 12910592
2249698 0
2250237 12910592
2250238 0
2250467 12910592
2250468 0
2267657 12910592
2267658 0
2267917 12910592
2267918 0
2268497 12910592
2268498 0
2268757 12910592
2268758 0
2285846 12910592
2285847 0
2286106 12910592
2286107 0
2286686 12910592
2286687 0
2286946 12910592
2286947 0
2304036 12910592
2304037 0
2304296 12910592
2304297 0
2304876 12910592
2304877 0
2305136 12910592
2305137 0
2322225 12910592
2322226 0
2322485 12910592
2322486 0
2323065 12910592
2323066 0
2323325 12910592
2323326 0
2340415 12910592
2340416 0
2340675 12910592
2340676 0
2341255 12910592
2341256 0
2341515 12910592
2341516 0
2358604 12910592
2358605 0
2358864 12910592
2358865 0
2359444 12910592
2359445 0
2359704 12910592
2359705 0
2376794 12910592
2376795 0
2377054 12910592
2377055 0
2377634 12910592
2377635 0
2377894 12910592
2377895 0
2394983 12910592
2394984 0
2395243 12910592
2395244 0
2395823 12910592
2395824 0
2396083 12910592
2396084 0
2413173 12910592
2413174 0
2413433 12910592
2413434 0
2414013 12910592
2414014 0
2414273 12910592
2414274 0
2431362 12910592
2431363 0
2431622 12910592
2431623 0
2432202 12910592
2432203 0
2432462 12910592
2432463 0
2448952 12910592
2448953 0
2449212 12910592
2449213 0
2449792 12910592
2449793 0
2450052 12910592
2450053 0
2466241 12910592
2466242 0
2466501 12910592
2466502 0
2467081 12910592
2467082 0
2467341 12910592
2467342 0
2485141 12910592
2485142 0
2485371 12910592
2485372 0
2485911 12910592
2485912 0
2486141 12910592
2486142 0
2504770 12910592
2504771 0
2505030 12910592
2505031 0
2505610 12910592
2505611 0
2505870 12910592
2505871 0
2523284 12910592
2523285 0
2523544 12910592
2523545 0
2524124 12910592
2524125 0
2524384 12910592
2524385 0
2541798 12910592
2541799 0
2542058 12910592
2542059 0
2542638 12910592
2542639 0
2542898 12910592
2542899 0
2560312 12910592
2560313 0
2560572 12910592
2560573 0
2561152 12910592
2561153 0
2561412 12910592
2561413 0
2578827 12910592
2578828 0
2579087 12910592
2579088 0
2579667 12910592
2579668 0
2579927 12910592
2579928 0
2597341 12910592
2597342 0
2597601 12910592
2597602 0
2598181 12910592
2598182 0
2598441 12910592
2598442 0
2615855 12910592
2615856 0
2616115 12910592
2616116 0
2616695 12910592
2616696 0
2616955 12910592
2616956 0
2634370 12910592
2634371 0
2634630 12910592
2634631 0
2635210 12910592
2635211 0
2635470 12910592
2635471 0
2652884 12910592
2652885 0
2653144 12910592
2653145 0
2653724 12910592
2653725 0
2653984 12910592
2653985 0
2671398 12910592
2671399 0
2671658 12910592
2671659 0
2672238 12910592
2672239 0
2672498 12910592
2672499 0
2689912 12910592
2689913 0
2690172 12910592
2690173 0
2690752 12910592
2690753 0
2691012 12910592
2691013 0
2707827 12910592
2707828 0
2708087 12910592
2708088 0
2708667 12910592
2708668 0
2708927 12910592
2708928 0
2725441 12910592
2725442 0
2725701 12910592
2725702 0
2726281 12910592
2726282 0
2726541 12910592
2726542 0
2744341 12910592
2744342 0
2744601 12910592
2744602 0
2745181 12910592
2745182 0
2745441 12910592
2745442 0
2763320 12910592
2763321 0
2763580 12910592
2763581 0
2764160 12910592
2764161 0
2764420 12910592
2764421 0
2781509 12910592
2781510 0
2781769 12910592
2781770 0
2782349 12910592
2782350 0
2782609 12910592
2782610 0
2799699 12910592
2799700 0
2799959 12910592
2799960 0
2800539 12910592
2800540 0
2800799 12910592
2800800 0
2817888 12910592
2817889 0
2818148 12910592
2818149 0
2818728 12910592
2818729 0
2818988 12910592
2818989 0
2836078 12910592
2836079 0
2836338 12910592
2836339 0
2836918 12910592
2836919 0
2837178 12910592
2837179 0
2854267 12910592
2854268 0
2854497 12910592
2854498 0
2855037 12910592
2855038 0
2855267 12910592
2855268 0
482 events for G
69681 12910592
69682 0
81651 12910592
81652 0
90180 12910592
90181 0
95130 12910592
95131 0
97256 12910592
97257 0
105394 12910592
105395 0
113451 12910592
113452 0
118736 12910592
118737 0
128451 12910592
128452 0
135050 12910592
135051 0
136252 12910592
136253 0
142427 12910592
142428 0
149151 12910592
149152 0
157337 12910592
157338 0
164242 12910592
164243 0
169894 12910592
169895 0
175551 12910592
175552 0
186758 12910592
186759 0
194065 12910592
194066 0
326156 12910592
326157 0
337590 12910592
337591 0
348735 12910592
348736 0
360019 12910592
360020 0
363319 12910592
363320 0
370764 12910592
370765 0
378209 12910592
378210 0
385251 12910592
385252 0
391251 12910592
391252 0
396356 12910592
396357 0
673851 12910592
673852 0
684651 12910592
684652 0
694985 12910592
694986 0
699651 12910592
699652 0
710211 12910592
710212 0
716456 12910592
716457 0
723651 12910592
723652 0
732651 12910592
732652 0
739850 12910592
739851 0
742337 12910592
742338 0
751251 12910592
751252 0
762051 12910592
762052 0
769251 12910592
769252 0
779151 12910592
779152 0
805856 12910592
805857 0
817680 12910592
817681 0
826255 12910592
826256 0
831416 12910592
831417 0
843094 12910592
843095 0
848901 12910592
848902 0
858008 12910592
858009 0
865615 12910592
865616 0
885634 12910592
885635 0
891137 12910592
891138 0
898894 12910592
898895 0
908756 12910592
908757 0
930951 12910592
930952 0
939351 12910592
939352 0
953530 12910592
953531 0
964371 12910592
964372 0
968124 12910592
968125 0
982759 12910592
982760 0
990884 12910592
990885 0
999050 12910592
999051 0
1004451 12910592
1004452 0
1014651 12910592
1014652 0
1031937 12910592
1031938 0
1043492 12910592
1043493 0
1053656 12910592
1053657 0
1063251 12910592
1063252 0
1071651 12910592
1071652 0
1078893 12910592
1078894 0
1082451 12910592
1082452 0
1089352 12910592
1089353 0
1103451 12910592
1103452 0
1109803 12910592
1109804 0
1114870 12910592
1114871 0
1122051 12910592
1122052 0
1126870 12910592
1126871 0
1142936 12910592
1142937 0
1154031 12910592
1154032 0
1164116 12910592
1164117 0
1168971 12910592
1168972 0
1173051 12910592
1173052 0
1175511 12910592
1175512 0
1226451 12910592
1226452 0
1231722 12910592
1231723 0
1237062 12910592
1237063 0
1240362 12910592
1240363 0
1247356 12910592
1247357 0
1254356 12910592
1254357 0
1272656 12910592
1272657 0
1274451 12910592
1274452 0
1290651 12910592
1290652 0
1292936 12910592
1292937 0
1484927 12910592
1484928 0
1487922 12910592
1487923 0
1490429 12910592
1490430 0
1492937 12910592
1492938 0
1495937 12910592
1495938 0
1499237 12910592
1499238 0
1502237 12910592
1502238 0
1506399 12910592
1506400 0
1510551 12910592
1510552 0
1513551 12910592
1513552 0
1536056 12910592
1536057 0
1537851 12910592
1537852 0
1539651 12910592
1539652 0
1543251 12910592
1543252 0
1546851 12910592
1546852 0
1551051 12910592
1551052 0
1558256 12910592
1558257 0
1560651 12910592
1560652 0
1563651 12910592
1563652 0
1609418 12910592
1609419 0
1611116 12910592
1611117 0
1616653 12910592
1616654 0
1620888 12910592
1620889 0
1623888 12910592
1623889 0
1632351 12910592
1632352 0
1635656 12910592
1635657 0
1726851 12910592
1726852 0
1733151 12910592
1733152 0
1736751 12910592
1736752 0
1740351 12910592
1740352 0
1743951 12910592
1743952 0
1747610 12910592
1747611 0
1751505 12910592
1751506 0
1758651 12910592
1758652 0
1769396 12910592
1769397 0
1809388 12910592
1809389 0
1813251 12910592
1813252 0
1816851 12910592
1816852 0
1820451 12910592
1820452 0
1824272 12910592
1824273 0
1831177 12910592
1831178 0
1836651 12910592
1836652 0
1841451 12910592
1841452 0
1884586 12910592
1884587 0
1887589 12910592
1887590 0
1891133 12910592
1891134 0
1894680 12910592
1894681 0
1897680 12910592
1897681 0
1904580 12910592
1904581 0
1907580 12910592
1907581 0
1910390 12910592
1910391 0
1913194 12910592
1913195 0
1916194 12910592
1916195 0
1993794 12910592
1993795 0
1998651 12910592
1998652 0
2003451 12910592
2003452 0
2008371 12910592
2008372 0
2015694 12910592
2015695 0
2019231 12910592
2019232 0
2022771 12910592
2022772 0
2027151 12910592
2027152 0
2030631 12910592
2030632 0
2034651 12910592
2034652 0
2037114 12910592
2037115 0
2135995 12910592
2135996 0
2141931 12910592
2141932 0
2149971 12910592
2149972 0
2158014 12910592
2158015 0
2181173 12910592
2181174 0
2186480 12910592
2186481 0
2192009 12910592
2192010 0
2199351 12910592
2199352 0
2203851 12910592
2203852 0
2208651 12910592
2208652 0
2214098 12910592
2214099 0
2221543 12910592
2221544 0
2228871 12910592
2228872 0
2235888 12910592
2235889 0
2241532 12910592
2241533 0
2247177 12910592
2247178 0
2252923 12910592
2252924 0
2259143 12910592
2259144 0
2265367 12910592
2265368 0
2274662 12910592
2274663 0
2435972 12910592
2435973 0
2438972 12910592
2438973 0
2441320 12910592
2441321 0
2443662 12910592
2443663 0
2446662 12910592
2446663 0
2449962 12910592
2449963 0
2452962 12910592
2452963 0
2456956 12910592
2456957 0
2460951 12910592
2460952 0
2463954 12910592
2463955 0
2488286 12910592
2488287 0
2495151 12910592
2495152 0
2502311 12910592
2502312 0
2511651 12910592
2511652 0
2520994 12910592
2520995 0
2524297 12910592
2524298 0
2531794 12910592
2531795 0
2539294 12910592
2539295 0
2547174 12910592
2547175 0
2554250 12910592
2554251 0
2561996 12910592
2561997 0
2568986 12910592
2568987 0
2575731 12910592
2575732 0
2583651 12910592
2583652 0
2594451 12910592
2594452 0
2598654 12910592
2598655 0
2612451 12910592
2612452 0
2621561 12910592
2621562 0
2628115 12910592
2628116 0
2638015 12910592
2638016 0
2644851 12910592
2644852 0
2648451 12910592
2648452 0
2657494 12910592
2657495 0
2661651 12910592
2661652 0
2665734 12910592
2665735 0
2673651 12910592
2673652 0
2677131 12910592
2677132 0
2682051 12910592
2682052 0
2687153 12910592
2687154 0
2704011 12910592
2704012 0
2748351 12910592
2748352 0
2753451 12910592
2753452 0
2760651 12910592
2760652 0
2768452 12910592
2768453 0
2778771 12910592
2778772 0
2782491 12910592
2782492 0
2789000 12910592
2789001 0
2797171 12910592
2797172 0
2806851 12910592
2806852 0
2813391 12910592
2813392 0
2819451 12910592
2819452 0
2826329 12910592
2826330 0
2832651 12910592
2832652 0
2840988 12910592
2840989 0
2846413 12910592
2846414 0
2858031 12910592
2858032 0
2864413 12910592
2864414 0
2871051 12910592
2871052 0
2886801 12910592
2886802 0
2892651 12910592
2892652 0
2907651 12910592
2907652 0
2920251 12910592
2920252 0
2935551 12910592
2935552 0
2 events for H
1863937 0
1863938 74
46 events for I
1901286 1000
1902286 0
1946994 1000
1947994 0
1992893 1000
1993893 0
2039016 1000
2040016 0
2085464 1000
2086464 0
2132271 1000
2133271 0
2197079 1000
2198079 0
2242698 1000
2243698 0
2287573 1000
2288573 0
2327945 1000
2328009 0
2340556 1000
2341556 0
2377163 1000
2378163 0
2421564 1000
2422564 0
2465896 1000
2466896 0
2527749 1000
2528749 0
2589759 1000
2590759 0
2641427 1000
2642427 0
2685259 1000
2686259 0
2728808 1000
2729808 0
2772151 1000
2773151 0
2815261 1000
2816261 0
2858021 1000
2859021 0
2900570 1000
2901570 0
241 events for J
16709 1500
21888 0
27388 479
28628 0
30108 479
32218 1500
38198 0
43858 479
45918 0
67958 906
83100 0
90418 906
99848 0
105041 906
120675 0
127155 906
139189 0
142069 906
158004 0
164184 906
176218 0
179098 906
194732 0
200698 1087
203408 0
203912 215
215332 0
275258 1600
285443 0
290398 906
291298 1500
297781 0
298848 1500
301748 0
326098 906
342497 0
348677 906
360686 0
362186 906
378876 0
385056 906
397065 0
422745 906
423485 0
503745 906
504495 0
621679 593
632368 0
635208 906
635958 593
648798 0
672758 906
687718 0
694927 906
707261 0
709541 906
725775 0
731955 906
744289 0
746569 906
762804 0
768984 906
781318 0
784358 906
799997 0
806012 906
818347 0
820627 906
836047 0
843041 906
855375 0
856915 906
873889 0
880069 906
891804 0
894384 906
909418 0
930898 906
947297 0
953477 906
965038 0
967026 906
983426 0
989856 906
1001736 0
1004145 906
1020055 0
1026235 906
1038244 0
1041884 906
1056434 0
1062614 906
1074623 0
1076903 906
1090318 0
1103698 906
1111002 0
1113282 906
1128772 0
1130852 906
1147201 0
1153561 906
1165451 0
1167971 906
1175818 0
1226319 1714
1237729 0
1239269 906
1240009 1714
1255018 0
1272298 1714
1275032 0
1275212 215
1286688 0
1290512 1714
1293547 0
1316718 1500
1322733 0
1336908 1500
1342918 0
1374958 906
1375708 0
1484869 906
1496604 0
1498144 906
1514218 0
1535698 906
1552097 0
1558277 906
1565238 0
1609065 906
1624555 0
1631818 906
1638138 0
1726537 906
1733992 0
1735532 906
1752181 0
1758421 906
1770371 0
1808290 906
1824939 0
1831119 906
1842529 0
1883493 906
1898347 0
1904527 906
1916861 0
1927541 1500
1933653 0
1941615 1500
1947727 0
1992458 906
2009432 0
2015612 906
2027887 0
2030227 906
2038104 0
2080198 906
2080964 0
2134498 1714
2138107 0
2141578 1714
2158872 0
2165448 1714
2173948 0
2179858 906
2180598 1714
2192676 0
2199456 1714
2211465 0
2213745 1714
2229655 0
2235835 1714
2247844 0
2251827 906
2252567 1714
2266034 0
2272214 1714
2277718 0
2308593 215
2320013 0
2425798 906
2426538 0
2435919 906
2447329 0
2449609 906
2464618 0
2487925 906
2503147 0
2510284 906
2521661 0
2523201 906
2539961 0
2546955 906
2558475 0
2561643 906
2576643 0
2583384 906
2595718 0
2597258 906
2614232 0
2620412 906
2623318 0
2623798 906
2632747 0
2635027 906
2650961 0
2657441 906
2666518 0
2666698 1087
2669408 0
2672355 906
2688289 0
2694443 593
2700110 0
2702129 906
2705089 0
2709564 593
2723125 0
2745298 906
2752018 0
2753098 906
2761680 0
2767877 906
2779858 0
2781454 906
2796118 0
2796598 906
2798058 0
2804256 906
2816200 0
2818609 906
2834361 0
2840635 1714
2852503 0
2856683 906
2857423 1714
2893318 0
2906098 1714
2936518 0
133 events for K
63856 4096
72056 0
161142 4096
169342 0
235199 4096
243399 0
323056 4096
331256 0
345635 665
374795 0
418393 4096
426593 0
491151 4096
499351 0
582098 4096
590298 0
668656 1365
668836 0
670636 1365
671176 3481
690376 1365
691096 3481
710296 1365
711016 3481
729942 0
765942 873
794742 0
839999 873
868799 0
927856 873
956656 0
1023193 3481
1037593 0
1037608 2252
1041208 0
1041223 2252
1044823 0
1044838 2252
1048438 0
1048453 2252
1052053 0
1085596 3276
1100596 0
1186898 873
1215698 0
1267456 1365
1267636 0
1269436 1365
1269976 3481
1289176 0
1370742 873
1399542 0
1444799 873
1473599 0
1532656 1365
1533376 3481
1552576 0
1612933 3276
1627933 0
1862956 1979
1864156 0
1865956 1979
1879156 0
2048525 8
2048526 0
2049599 1365
2049779 0
2051579 1365
2052119 1979
2066519 1365
2066699 1979
2081099 1365
2081819 1979
2096219 1365
2096399 1979
2110799 1365
2111519 1979
2125919 1365
2126099 1979
2140499 0
2178899 3754
2179619 0
2181419 3754
2185019 0
2218456 3754
2219176 0
2220976 3754
2224576 0
2253556 3754
2254276 0
2256076 3754
2259676 0
2294956 3754
2295676 0
2297476 3754
2301076 0
2338156 3754
2338876 0
2340676 3754
2344276 0
2530756 3754
2531476 0
2533276 3754
2536876 0
2559556 3754
2560276 0
2562076 3754
2565676 0
2601856 3754
2602576 0
2604376 3754
2607976 0
2676556 3754
2677276 0
2679076 3754
2682676 0
2762956 1365
2763136 0
2764936 1365
2765476 1979
2779876 1365
2780056 1979
2794456 1365
2795176 1979
2809576 1365
2809756 1979
2824156 1365
2824876 1979
2839276 1365
2839456 1979
2853856 0
2899756 665
2932156 0
241 events for L
18660 1500
23839 0
29339 479
30579 0
32059 479
34169 1500
40149 0
45809 479
47869 0
69909 906
85051 0
92369 906
101799 0
106992 906
122626 0
129106 906
141140 0
144020 906
159955 0
166135 906
178169 0
181049 906
196683 0
202649 1087
205359 0
205863 215
217283 0
277209 1600
287394 0
292349 906
293249 1500
299732 0
300799 1500
303699 0
328049 906
344448 0
350628 906
362637 0
364137 906
380827 0
387007 906
399016 0
424696 906
425436 0
505696 906
506446 0
623630 593
634319 0
637159 906
637909 593
650749 0
674709 906
689669 0
696878 906
709212 0
711492 906
727726 0
733906 906
746240 0
748520 906
764755 0
770935 906
783269 0
786309 906
801948 0
807963 906
820298 0
822578 906
837998 0
844992 906
857326 0
858866 906
875840 0
882020 906
893755 0
896335 906
911369 0
932849 906
949248 0
955428 906
966989 0
968977 906
985377 0
991807 906
1003687 0
1006096 906
1022006 0
1028186 906
1040195 0
1043835 906
1058385 0
1064565 906
1076574 0
1078854 906
1092269 0
1105649 906
1112953 0
1115233 906
1130723 0
1132803 906
1149152 0
1155512 906
1167402 0
1169922 906
1177769 0
1228270 1714
1239680 0
1241220 906
1241960 1714
1256969 0
1274249 1714
1276983 0
1277163 215
1288639 0
1292463 1714
1295498 0
1318669 1500
1324684 0
1338859 1500
1344869 0
1376909 906
1377659 0
1486820 906
1498555 0
1500095 906
1516169 0
1537649 906
1554048 0
1560228 906
1567189 0
1611016 906
1626506 0
1633769 906
1640089 0
1728488 906
1735943 0
1737483 906
1754132 0
1760372 906
1772322 0
1810241 906
1826890 0
1833070 906
1844480 0
1885444 906
1900298 0
1906478 906
1918812 0
1929492 1500
1935604 0
1943566 1500
1949678 0
1994409 906
2011383 0
2017563 906
2029838 0
2032178 906
2040055 0
2082149 906
2082915 0
2136449 1714
2140058 0
2143529 1714
2160823 0
2167399 1714
2175899 0
2181809 906
2182549 1714
2194627 0
2201407 1714
2213416 0
2215696 1714
2231606 0
2237786 1714
2249795 0
2253778 906
2254518 1714
2267985 0
2274165 1714
2279669 0
2310544 215
2321964 0
2427749 906
2428489 0
2437870 906
2449280 0
2451560 906
2466569 0
2489876 906
2505098 0
2512235 906
2523612 0
2525152 906
2541912 0
2548906 906
2560426 0
2563594 906
2578594 0
2585335 906
2597669 0
2599209 906
2616183 0
2622363 906
2625269 0
2625749 906
2634698 0
2636978 906
2652912 0
2659392 906
2668469 0
2668649 1087
2671359 0
2674306 906
2690240 0
2696394 593
2702061 0
2704080 906
2707040 0
2711515 593
2725076 0
2747249 906
2753969 0
2755049 906
2763631 0
2769828 906
2781809 0
2783405 906
2798069 0
2798549 906
2800009 0
2806207 906
2818151 0
2820560 906
2836312 0
2842586 1714
2854454 0
2858634 906
2859374 1714
2895269 0
2908049 1714
2938469 0
46 events for M
1901041 1000
1902041 0
1946749 1000
1947749 0
1992648 1000
1993648 0
2038771 1000
2039771 0
2085219 1000
2086219 0
2132026 1000
2133026 0
2196834 1000
2197834 0
2242453 1000
2243453 0
2287328 1000
2288328 0
2327700 1000
2327764 0
2340311 1000
2341311 0
2376918 1000
2377918 0
2421319 1000
2422319 0
2465651 1000
2466651 0
2527504 1000
2528504 0
2589514 1000
2590514 0
2641182 1000
2642182 0
2685014 1000
2686014 0
2728563 1000
2729563 0
2771906 1000
2772906 0
2815016 1000
2816016 0
2857776 1000
2858776 0
2900325 1000
2901325 0
482 events for N
68986 12910592
68987 0
80956 12910592
80957 0
89485 12910592
89486 0
94435 12910592
94436 0
96561 12910592
96562 0
104699 12910592
104700 0
112756 12910592
112757 0
118041 12910592
118042 0
127756 12910592
127757 0
134355 12910592
134356 0
135557 12910592
135558 0
141732 12910592
141733 0
148456 12910592
148457 0
156642 12910592
156643 0
163547 12910592
163548 0
169199 12910592
169200 0
174856 12910592
174857 0
186063 12910592
186064 0
193370 12910592
193371 0
325461 12910592
325462 0
336895 12910592
336896 0
348040 12910592
348041 0
359324 12910592
359325 0
362624 12910592
362625 0
370069 12910592
370070 0
377514 12910592
377515 0
384556 12910592
384557 0
390556 12910592
390557 0
395661 12910592
395662 0
673156 12910592
673157 0
683956 12910592
683957 0
694290 12910592
694291 0
698956 12910592
698957 0
709516 12910592
709517 0
715761 12910592
715762 0
722956 12910592
722957 0
731956 12910592
731957 0
739155 12910592
739156 0
741642 12910592
741643 0
750556 12910592
750557 0
761356 12910592
761357 0
768556 12910592
768557 0
778456 12910592
778457 0
805161 12910592
805162 0
816985 12910592
816986 0
825560 12910592
825561 0
830721 12910592
830722 0
842399 12910592
842400 0
848206 12910592
848207 0
857313 12910592
857314 0
864920 12910592
864921 0
884939 12910592
884940 0
890442 12910592
890443 0
898199 12910592
898200 0
908061 12910592
908062 0
930256 12910592
930257 0
938656 12910592
938657 0
952835 12910592
952836 0
963676 12910592
963677 0
967429 12910592
967430 0
982064 12910592
982065 0
990189 12910592
990190 0
998355 12910592
998356 0
1003756 12910592
1003757 0
1013956 12910592
1013957 0
1031242 12910592
1031243 0
1042797 12910592
1042798 0
1052961 12910592
1052962 0
1062556 12910592
1062557 0
1070956 12910592
1070957 0
1078198 12910592
1078199 0
1081756 12910592
1081757 0
1088657 12910592
1088658 0
1102756 12910592
1102757 0
1109108 12910592
1109109 0
1114175 12910592
1114176 0
1121356 12910592
1121357 0
1126175 12910592
1126176 0
1142241 12910592
1142242 0
1153336 12910592
1153337 0
1163421 12910592
1163422 0
1168276 12910592
1168277 0
1172356 12910592
1172357 0
1174816 12910592
1174817 0
1225756 12910592
1225757 0
1231027 12910592
1231028 0
1236367 12910592
1236368 0
1239667 12910592
1239668 0
1246661 12910592
1246662 0
1253661 12910592
1253662 0
1271961 12910592
1271962 0
1273756 12910592
1273757 0
1289956 12910592
1289957 0
1292241 12910592
1292242 0
1484232 12910592
1484233 0
1487227 12910592
1487228 0
1489734 12910592
1489735 0
1492242 12910592
1492243 0
1495242 12910592
1495243 0
1498542 12910592
1498543 0
1501542 12910592
1501543 0
1505704 12910592
1505705 0
1509856 12910592
1509857 0
1512856 12910592
1512857 0
1535361 12910592
1535362 0
1537156 12910592
1537157 0
1538956 12910592
1538957 0
1542556 12910592
1542557 0
1546156 12910592
1546157 0
1550356 12910592
1550357 0
1557561 12910592
1557562 0
1559956 12910592
1559957 0
1562956 12910592
1562957 0
1608723 12910592
1608724 0
1610421 12910592
1610422 0
1615958 12910592
1615959 0
1620193 12910592
1620194 0
1623193 12910592
1623194 0
1631656 12910592
1631657 0
1634961 12910592
1634962 0
1726156 12910592
1726157 0
1732456 12910592
1732457 0
1736056 12910592
1736057 0
1739656 12910592
1739657 0
1743256 12910592
1743257 0
1746915 12910592
1746916 0
1750810 12910592
1750811 0
1757956 12910592
1757957 0
1768701 12910592
1768702 0
1808693 12910592
1808694 0
1812556 12910592
1812557 0
1816156 12910592
1816157 0
1819756 12910592
1819757 0
1823577 12910592
1823578 0
1830482 12910592
1830483 0
1835956 12910592
1835957 0
1840756 12910592
1840757 0
1883891 12910592
1883892 0
1886894 12910592
1886895 0
1890438 12910592
1890439 0
1893985 12910592
1893986 0
1896985 12910592
1896986 0
1903885 12910592
1903886 0
1906885 12910592
1906886 0
1909695 12910592
1909696 0
1912499 12910592
1912500 0
1915499 12910592
1915500 0
1993099 12910592
1993100 0
1997956 12910592
1997957 0
2002756 12910592
2002757 0
2007676 12910592
2007677 0
2014999 12910592
2015000 0
2018536 12910592
2018537 0
2022076 12910592
2022077 0
2026456 12910592
2026457 0
2029936 12910592
2029937 0
2033956 12910592
2033957 0
2036419 12910592
2036420 0
2135300 12910592
2135301 0
2141236 12910592
2141237 0
2149276 12910592
2149277 0
2157319 12910592
2157320 0
2180478 12910592
2180479 0
2185785 12910592
2185786 0
2191314 12910592
2191315 0
2198656 12910592
2198657 0
2203156 12910592
2203157 0
2207956 12910592
2207957 0
2213403 12910592
2213404 0
2220848 12910592
2220849 0
2228176 12910592
2228177 0
2235193 12910592
2235194 0
2240837 12910592
2240838 0
2246482 12910592
2246483 0
2252228 12910592
2252229 0
2258448 12910592
2258449 0
2264672 12910592
2264673 0
2273967 12910592
2273968 0
2435277 12910592
2435278 0
2438277 12910592
2438278 0
2440625 12910592
2440626 0
2442967 12910592
2442968 0
2445967 12910592
2445968 0
2449267 12910592
2449268 0
2452267 12910592
2452268 0
2456261 12910592
2456262 0
2460256 12910592
2460257 0
2463259 12910592
2463260 0
2487591 12910592
2487592 0
2494456 12910592
2494457 0
2501616 12910592
2501617 0
2510956 12910592
2510957 0
2520299 12910592
2520300 0
2523602 12910592
2523603 0
2531099 12910592
2531100 0
2538599 12910592
2538600 0
2546479 12910592
2546480 0
2553555 12910592
2553556 0
2561301 12910592
2561302 0
2568291 12910592
2568292 0
2575036 12910592
2575037 0
2582956 12910592
2582957 0
2593756 12910592
2593757 0
2597959 12910592
2597960 0
2611756 12910592
2611757 0
2620866 12910592
2620867 0
2627420 12910592
2627421 0
2637320 12910592
2637321 0
2644156 12910592
2644157 0
2647756 12910592
2647757 0
2656799 12910592
2656800 0
2660956 12910592
2660957 0
2665039 12910592
2665040 0
2672956 12910592
2672957 0
2676436 12910592
2676437 0
2681356 12910592
2681357 0
2686458 12910592
2686459 0
2703316 12910592
2703317 0
2747656 12910592
2747657 0
2752756 12910592
2752757 0
2759956 12910592
2759957 0
2767757 12910592
2767758 0
2778076 12910592
2778077 0
2781796 12910592
2781797 0
2788305 12910592
2788306 0
2796476 12910592
2796477 0
2806156 12910592
2806157 0
2812696 12910592
2812697 0
2818756 12910592
2818757 0
2825634 12910592
2825635 0
2831956 12910592
2831957 0
2840293 12910592
2840294 0
2845718 12910592
2845719 0
2857336 12910592
2857337 0
2863718 12910592
2863719 0
2870356 12910592
2870357 0
2886106 12910592
2886107 0
2891956 12910592
2891957 0
2906956 12910592
2906957 0
2919556 12910592
2919557 0
2934856 12910592
2934857 0
235 events for O
71305 19661
71395 27175
72076 7514
72745 27175
73516 7514
73765 27175
74536 7514
75205 27175
75976 7514
76225 27175
76996 7514
77665 27175
78436 7514
78685 27175
79456 7514
80125 27175
80896 7514
81145 27175
81916 7514
82156 0
87445 19661
87535 27175
88096 7514
88225 27175
88876 7514
89425 27175
90016 7514
90205 27175
90856 7514
91405 27175
92056 7514
92185 27175
92836 7514
93385 27175
94036 7514
94165 27175
94816 7514
95365 27175
96016 7514
96145 27175
96796 7514
97345 27175
97996 7514
98125 27175
98776 7514
98896 0
330595 7514
332665 66496
334036 7514
337225 66496
338596 7514
341716 0
345884 58982
345974 66496
347255 7514
350504 66496
351875 7514
352115 0
352405 58982
352495 66496
353776 7514
357025 66496
358396 7514
359896 0
361973 58982
362063 66496
363344 7514
366593 66496
367964 7514
371924 0
372205 58982
372295 66496
373576 7514
376525 66496
377896 7514
378076 0
382263 58982
382353 66496
383634 7514
385023 66496
386394 7514
386934 0
387205 58982
387295 66496
388576 7514
393565 66496
394936 7514
396256 0
398352 117965
398442 124709
399303 6744
400212 124709
401103 6744
402012 124709
402903 6744
403812 124709
404703 6744
405612 124709
406503 6744
407412 124709
408303 6744
409212 124709
410103 6744
414483 0
418642 117965
418732 124709
419593 6744
420502 124709
421393 6744
422302 124709
423193 6744
424102 124709
424993 6744
425902 124709
426793 6744
427702 124709
428593 6744
429502 124709
430393 6744
431302 124709
432193 6744
432673 0
436831 117965
436921 124709
437782 6744
438691 124709
439582 6744
440482 0
455356 169032
456676 45609
458001 0
634306 7514
641467 0
935125 117965
935215 124709
936016 6744
936145 124709
936851 6744
936856 0
937705 58982
937795 66496
939076 7514
946516 0
950684 58982
950774 7514
959315 0
959605 117965
959695 124709
960556 6744
964276 0
966773 117965
966863 124709
967724 6744
977624 0
987063 117965
987153 124709
988014 6744
997914 0
1278419 117965
1278509 124709
1279370 6744
1280279 124709
1281170 6744
1282079 124709
1282970 6744
1283879 124709
1284770 6744
1285679 124709
1286570 6744
1287479 124709
1288370 6744
1289270 0
1296934 117965
1297024 124709
1297885 6744
1298794 124709
1299685 6744
1300594 124709
1301485 6744
1302394 124709
1303285 6744
1304185 0
1482166 7514
1495807 0
1497981 7514
1513422 0
1801705 58982
1801795 66496
1803076 6744
1803565 66496
1804936 6744
1805356 0
1808037 58982
1808127 66496
1809408 6744
1809897 66496
1811268 6744
1811697 66496
1813068 6744
1822488 0
1828326 58982
1828416 66496
1829697 6744
1830186 66496
1831557 6744
1831986 66496
1833357 6744
1839177 0
2179605 235930
2179695 242674
2181456 6744
2181645 242674
2183496 6744
2183685 242674
2185536 6744
2185785 242674
2187636 6744
2188656 0
2196663 235930
2196753 242674
2197369 6744
2197374 0
2212156 169032
2213956 45609
2215761 0
2749525 117965
2749615 125479
2750896 7514
2751256 0
2887195 3372
2892376 0
2912395 3372
2920756 0
2929795 3372
2935156 0
2 events for P
1862493 0
1862494 2650
1244 events for Q
10376 12910592
10377 0
10636 12910592
10637 0
11216 12910592
11217 0
11476 12910592
11477 0
27966 12910592
27967 0
28226 12910592
28227 0
28806 12910592
28807 0
29066 12910592
29067 0
45255 12910592
45256 0
45515 12910592
45516 0
46095 12910592
46096 0
46355 12910592
46356 0
64155 12910592
64156 0
64385 12910592
64386 0
64925 12910592
64926 0
65155 12910592
65156 0
83784 12910592
83785 0
84044 12910592
84045 0
84624 12910592
84625 0
84884 12910592
84885 0
102298 12910592
102299 0
102558 12910592
102559 0
103138 12910592
103139 0
103398 12910592
103399 0
120812 12910592
120813 0
121072 12910592
121073 0
121652 12910592
121653 0
121912 12910592
121913 0
139326 12910592
139327 0
139586 12910592
139587 0
140166 12910592
140167 0
140426 12910592
140427 0
157841 12910592
157842 0
158101 12910592
158102 0
158681 12910592
158682 0
158941 12910592
158942 0
176355 12910592
176356 0
176615 12910592
176616 0
177195 12910592
177196 0
177455 12910592
177456 0
194869 12910592
194870 0
195129 12910592
195130 0
195709 12910592
195710 0
195969 12910592
195970 0
213384 12910592
213385 0
213644 12910592
213645 0
214224 12910592
214225 0
214484 12910592
214485 0
231898 12910592
231899 0
232158 12910592
232159 0
232738 12910592
232739 0
232998 12910592
232999 0
250412 12910592
250413 0
250672 12910592
250673 0
251252 12910592
251253 0
251512 12910592
251513 0
268926 12910592
268927 0
269186 12910592
269187 0
269766 12910592
269767 0
270026 12910592
270027 0
286841 12910592
286842 0
287101 12910592
287102 0
287681 12910592
287682 0
287941 12910592
287942 0
304455 12910592
304456 0
304715 12910592
304716 0
305295 12910592
305296 0
305555 12910592
305556 0
323355 12910592
323356 0
323615 12910592
323616 0
324195 12910592
324196 0
324455 12910592
324456 0
342334 12910592
342335 0
342594 12910592
342595 0
343174 12910592
343175 0
343434 12910592
343435 0
360523 12910592
360524 0
360783 12910592
360784 0
361363 12910592
361364 0
361623 12910592
361624 0
378713 12910592
378714 0
378973 12910592
378974 0
379553 12910592
379554 0
379813 12910592
379814 0
396902 12910592
396903 0
397162 12910592
397163 0
397742 12910592
397743 0
398002 12910592
398003 0
415092 12910592
415093 0
415352 12910592
415353 0
415932 12910592
415933 0
416192 12910592
416193 0
433281 12910592
433282 0
433511 12910592
433512 0
434051 12910592
434052 0
434281 12910592
434282 0
451471 12910592
451472 0
451731 12910592
451732 0
452311 12910592
452312 0
452571 12910592
452572 0
469660 12910592
469661 0
469920 12910592
469921 0
470500 12910592
470501 0
470760 12910592
470761 0
487850 12910592
487851 0
488110 12910592
488111 0
488690 12910592
488691 0
488950 12910592
488951 0
506039 12910592
506040 0
506299 12910592
506300 0
506879 12910592
506880 0
507139 12910592
507140 0
524229 12910592
524230 0
524489 12910592
524490 0
525069 12910592
525070 0
525329 12910592
525330 0
542418 12910592
542419 0
542678 12910592
542679 0
543258 12910592
543259 0
543518 12910592
543519 0
560608 12910592
560609 0
560868 12910592
560869 0
561448 12910592
561449 0
561708 12910592
561709 0
578797 12910592
578798 0
579057 12910592
579058 0
579637 12910592
579638 0
579897 12910592
579898 0
596987 12910592
596988 0
597247 12910592
597248 0
597827 12910592
597828 0
598087 12910592
598088 0
615176 12910592
615177 0
615436 12910592
615437 0
616016 12910592
616017 0
616276 12910592
616277 0
632766 12910592
632767 0
633026 12910592
633027 0
633606 12910592
633607 0
633866 12910592
633867 0
650055 12910592
650056 0
650315 12910592
650316 0
650895 12910592
650896 0
651155 12910592
651156 0
668955 12910592
668956 0
669185 12910592
669186 0
669725 12910592
669726 0
669955 12910592
669956 0
688584 12910592
688585 0
688844 12910592
688845 0
689424 12910592
689425 0
689684 12910592
689685 0
707098 12910592
707099 0
707358 12910592
707359 0
707938 12910592
707939 0
708198 12910592
708199 0
725612 12910592
725613 0
725872 12910592
725873 0
726452 12910592
726453 0
726712 12910592
726713 0
744126 12910592
744127 0
744386 12910592
744387 0
744966 12910592
744967 0
745226 12910592
745227 0
762641 12910592
762642 0
762901 12910592
762902 0
763481 12910592
763482 0
763741 12910592
763742 0
781155 12910592
781156 0
781415 12910592
781416 0
781995 12910592
781996 0
782255 12910592
782256 0
799669 12910592
799670 0
799929 12910592
799930 0
800509 12910592
800510 0
800769 12910592
800770 0
818184 12910592
818185 0
818444 12910592
818445 0
819024 12910592
819025 0
819284 12910592
819285 0
836698 12910592
836699 0
836958 12910592
836959 0
837538 12910592
837539 0
837798 12910592
837799 0
855212 12910592
855213 0
855472 12910592
855473 0
856052 12910592
856053 0
856312 12910592
856313 0
873726 12910592
873727 0
873986 12910592
873987 0
874566 12910592
874567 0
874826 12910592
874827 0
891641 12910592
891642 0
891901 12910592
891902 0
892481 12910592
892482 0
892741 12910592
892742 0
909255 12910592
909256 0
909515 12910592
909516 0
910095 12910592
910096 0
910355 12910592
910356 0
928155 12910592
928156 0
928415 12910592
928416 0
928995 12910592
928996 0
929255 12910592
929256 0
947134 12910592
947135 0
947394 12910592
947395 0
947974 12910592
947975 0
948234 12910592
948235 0
965323 12910592
965324 0
965583 12910592
965584 0
966163 12910592
966164 0
966423 12910592
966424 0
983513 12910592
983514 0
983773 12910592
983774 0
984353 12910592
984354 0
984613 12910592
984614 0
1001702 12910592
1001703 0
1001962 12910592
1001963 0
1002542 12910592
1002543 0
1002802 12910592
1002803 0
1019892 12910592
1019893 0
1020152 12910592
1020153 0
1020732 12910592
1020733 0
1020992 12910592
1020993 0
1038081 12910592
1038082 0
1038311 12910592
1038312 0
1038851 12910592
1038852 0
1039081 12910592
1039082 0
1056271 12910592
1056272 0
1056531 12910592
1056532 0
1057111 12910592
1057112 0
1057371 12910592
1057372 0
1074460 12910592
1074461 0
1074720 12910592
1074721 0
1075300 12910592
1075301 0
1075560 12910592
1075561 0
1110839 12910592
1110840 0
1111099 12910592
1111100 0
1111679 12910592
1111680 0
1111939 12910592
1111940 0
1129029 12910592
1129030 0
1129289 12910592
1129290 0
1129869 12910592
1129870 0
1130129 12910592
1130130 0
1147218 12910592
1147219 0
1147478 12910592
1147479 0
1148058 12910592
1148059 0
1148318 12910592
1148319 0
1165408 12910592
1165409 0
1165668 12910592
1165669 0
1166248 12910592
1166249 0
1166508 12910592
1166509 0
1183597 12910592
1183598 0
1183857 12910592
1183858 0
1184437 12910592
1184438 0
1184697 12910592
1184698 0
1201787 12910592
1201788 0
1202047 12910592
1202048 0
1202627 12910592
1202628 0
1202887 12910592
1202888 0
1219976 12910592
1219977 0
1220236 12910592
1220237 0
1220816 12910592
1220817 0
1221076 12910592
1221077 0
1237566 12910592
1237567 0
1237826 12910592
1237827 0
1238406 12910592
1238407 0
1238666 12910592
1238667 0
1254855 12910592
1254856 0
1255115 12910592
1255116 0
1255695 12910592
1255696 0
1255955 12910592
1255956 0
1274869 12910592
1274870 0
1275099 12910592
1275100 0
1275639 12910592
1275640 0
1275869 12910592
1275870 0
1293384 12910592
1293385 0
1293644 12910592
1293645 0
1294224 12910592
1294225 0
1294484 12910592
1294485 0
1311898 12910592
1311899 0
1312158 12910592
1312159 0
1312738 12910592
1312739 0
1312998 12910592
1312999 0
1330412 12910592
1330413 0
1330672 12910592
1330673 0
1331252 12910592
1331253 0
1331512 12910592
1331513 0
1348926 12910592
1348927 0
1349186 12910592
1349187 0
1349766 12910592
1349767 0
1350026 12910592
1350027 0
1367441 12910592
1367442 0
1367701 12910592
1367702 0
1368281 12910592
1368282 0
1368541 12910592
1368542 0
1385955 12910592
1385956 0
1386215 12910592
1386216 0
1386795 12910592
1386796 0
1387055 12910592
1387056 0
1404469 12910592
1404470 0
1404729 12910592
1404730 0
1405309 12910592
1405310 0
1405569 12910592
1405570 0
1422984 12910592
1422985 0
1423244 12910592
1423245 0
1423824 12910592
1423825 0
1424084 12910592
1424085 0
1441498 12910592
1441499 0
1441758 12910592
1441759 0
1442338 12910592
1442339 0
1442598 12910592
1442599 0
1460012 12910592
1460013 0
1460272 12910592
1460273 0
1460852 12910592
1460853 0
1461112 12910592
1461113 0
1478526 12910592
1478527 0
1478786 12910592
1478787 0
1479366 12910592
1479367 0
1479626 12910592
1479627 0
1496441 12910592
1496442 0
1496701 12910592
1496702 0
1497281 12910592
1497282 0
1497541 12910592
1497542 0
1514055 12910592
1514056 0
1514315 12910592
1514316 0
1514895 12910592
1514896 0
1515155 12910592
1515156 0
1532955 12910592
1532956 0
1533215 12910592
1533216 0
1533795 12910592
1533796 0
1534055 12910592
1534056 0
1551934 12910592
1551935 0
1552194 12910592
1552195 0
1552774 12910592
1552775 0
1553034 12910592
1553035 0
1570123 12910592
1570124 0
1570383 12910592
1570384 0
1570963 12910592
1570964 0
1571223 12910592
1571224 0
1588313 12910592
1588314 0
1588573 12910592
1588574 0
1589153 12910592
1589154 0
1589413 12910592
1589414 0
1606502 12910592
1606503 0
1606762 12910592
1606763 0
1607342 12910592
1607343 0
1607602 12910592
1607603 0
1624692 12910592
1624693 0
1624952 12910592
1624953 0
1625532 12910592
1625533 0
1625792 12910592
1625793 0
1642881 12910592
1642882 0
1643111 12910592
1643112 0
1643651 12910592
1643652 0
1643881 12910592
1643882 0
1661071 12910592
1661072 0
1661331 12910592
1661332 0
1661911 12910592
1661912 0
1662171 12910592
1662172 0
1679260 12910592
1679261 0
1679520 12910592
1679521 0
1680100 12910592
1680101 0
1680360 12910592
1680361 0
1697450 12910592
1697451 0
1697710 12910592
1697711 0
1698290 12910592
1698291 0
1698550 12910592
1698551 0
1713855 12910592
1713856 0
1714085 12910592
1714086 0
1714625 12910592
1714626 0
1714855 12910592
1714856 0
1733829 12910592
1733830 0
1734089 12910592
1734090 0
1734669 12910592
1734670 0
1734929 12910592
1734930 0
1752018 12910592
1752019 0
1752278 12910592
1752279 0
1752858 12910592
1752859 0
1753118 12910592
1753119 0
1770208 12910592
1770209 0
1770468 12910592
1770469 0
1771048 12910592
1771049 0
1771308 12910592
1771309 0
1788397 12910592
1788398 0
1788657 12910592
1788658 0
1789237 12910592
1789238 0
1789497 12910592
1789498 0
1806587 12910592
1806588 0
1806847 12910592
1806848 0
1807427 12910592
1807428 0
1807687 12910592
1807688 0
1824776 12910592
1824777 0
1825036 12910592
1825037 0
1825616 12910592
1825617 0
1825876 12910592
1825877 0
1842366 12910592
1842367 0
1842626 12910592
1842627 0
1843206 12910592
1843207 0
1843466 12910592
1843467 0
1859655 12910592
1859656 0
1859915 12910592
1859916 0
1860495 12910592
1860496 0
1860755 12910592
1860756 0
1879669 12910592
1879670 0
1879899 12910592
1879900 0
1880439 12910592
1880440 0
1880669 12910592
1880670 0
1898184 12910592
1898185 0
1898444 12910592
1898445 0
1899024 12910592
1899025 0
1899284 12910592
1899285 0
1916698 12910592
1916699 0
1916958 12910592
1916959 0
1917538 12910592
1917539 0
1917798 12910592
1917799 0
1935212 12910592
1935213 0
1935472 12910592
1935473 0
1936052 12910592
1936053 0
1936312 12910592
1936313 0
1953726 12910592
1953727 0
1953986 12910592
1953987 0
1954566 12910592
1954567 0
1954826 12910592
1954827 0
1972241 12910592
1972242 0
1972501 12910592
1972502 0
1973081 12910592
1973082 0
1973341 12910592
1973342 0
1990755 12910592
1990756 0
1991015 12910592
1991016 0
1991595 12910592
1991596 0
1991855 12910592
1991856 0
2009269 12910592
2009270 0
2009529 12910592
2009530 0
2010109 12910592
2010110 0
2010369 12910592
2010370 0
2027784 12910592
2027785 0
2028044 12910592
2028045 0
2028624 12910592
2028625 0
2028884 12910592
2028885 0
2046298 12910592
2046299 0
2046558 12910592
2046559 0
2047138 12910592
2047139 0
2047398 12910592
2047399 0
2064812 12910592
2064813 0
2065072 12910592
2065073 0
2065652 12910592
2065653 0
2065912 12910592
2065913 0
2083326 12910592
2083327 0
2083586 12910592
2083587 0
2084166 12910592
2084167 0
2084426 12910592
2084427 0
2101241 12910592
2101242 0
2101501 12910592
2101502 0
2102081 12910592
2102082 0
2102341 12910592
2102342 0
2118855 12910592
2118856 0
2119115 12910592
2119116 0
2119695 12910592
2119696 0
2119955 12910592
2119956 0
2138544 12910592
2138545 0
2138804 12910592
2138805 0
2139384 12910592
2139385 0
2139644 12910592
2139645 0
2159105 12910592
2159106 0
2159365 12910592
2159366 0
2159945 12910592
2159946 0
2160205 12910592
2160206 0
2173505 12910592
2173506 0
2173765 12910592
2173766 0
2174345 12910592
2174346 0
2174605 12910592
2174606 0
2193113 12910592
2193114 0
2193373 12910592
2193374 0
2193953 12910592
2193954 0
2194213 12910592
2194214 0
2211302 12910592
2211303 0
2211562 12910592
2211563 0
2212142 12910592
2212143 0
2212402 12910592
2212403 0
2229492 12910592
2229493 0
2229752 12910592
2229753 0
2230332 12910592
2230333 0
2230592 12910592
2230593 0
2247681 12910592
2247682 0
2247911 12910592
2247912 0
2248451 12910592
2248452 0
2248681 12910592
2248682 0
2265871 12910592
2265872 0
2266131 12910592
2266132 0
2266711 12910592
2266712 0
2266971 12910592
2266972 0
2284060 12910592
2284061 0
2284320 12910592
2284321 0
2284900 12910592
2284901 0
2285160 12910592
2285161 0
2302250 12910592
2302251 0
2302510 12910592
2302511 0
2303090 12910592
2303091 0
2303350 12910592
2303351 0
2320439 12910592
2320440 0
2320699 12910592
2320700 0
2321279 12910592
2321280 0
2321539 12910592
2321540 0
2338629 12910592
2338630 0
2338889 12910592
2338890 0
2339469 12910592
2339470 0
2339729 12910592
2339730 0
2356818 12910592
2356819 0
2357078 12910592
2357079 0
2357658 12910592
2357659 0
2357918 12910592
2357919 0
2375008 12910592
2375009 0
2375268 12910592
2375269 0
2375848 12910592
2375849 0
2376108 12910592
2376109 0
2393197 12910592
2393198 0
2393457 12910592
2393458 0
2394037 12910592
2394038 0
2394297 12910592
2394298 0
2411387 12910592
2411388 0
2411647 12910592
2411648 0
2412227 12910592
2412228 0
2412487 12910592
2412488 0
2429576 12910592
2429577 0
2429836 12910592
2429837 0
2430416 12910592
2430417 0
2430676 12910592
2430677 0
2447166 12910592
2447167 0
2447426 12910592
2447427 0
2448006 12910592
2448007 0
2448266 12910592
2448267 0
2464455 12910592
2464456 0
2464715 12910592
2464716 0
2465295 12910592
2465296 0
2465555 12910592
2465556 0
2483355 12910592
2483356 0
2483585 12910592
2483586 0
2484125 12910592
2484126 0
2484355 12910592
2484356 0
2502984 12910592
2502985 0
2503244 12910592
2503245 0
2503824 12910592
2503825 0
2504084 12910592
2504085 0
2521498 12910592
2521499 0
2521758 12910592
2521759 0
2522338 12910592
2522339 0
2522598 12910592
2522599 0
2540012 12910592
2540013 0
2540272 12910592
2540273 0
2540852 12910592
2540853 0
2541112 12910592
2541113 0
2558526 12910592
2558527 0
2558786 12910592
2558787 0
2559366 12910592
2559367 0
2559626 12910592
2559627 0
2577041 12910592
2577042 0
2577301 12910592
2577302 0
2577881 12910592
2577882 0
2578141 12910592
2578142 0
2595555 12910592
2595556 0
2595815 12910592
2595816 0
2596395 12910592
2596396 0
2596655 12910592
2596656 0
2614069 12910592
2614070 0
2614329 12910592
2614330 0
2614909 12910592
2614910 0
2615169 12910592
2615170 0
2632584 12910592
2632585 0
2632844 12910592
2632845 0
2633424 12910592
2633425 0
2633684 12910592
2633685 0
2651098 12910592
2651099 0
2651358 12910592
2651359 0
2651938 12910592
2651939 0
2652198 12910592
2652199 0
2669612 12910592
2669613 0
2669872 12910592
2669873 0
2670452 12910592
2670453 0
2670712 12910592
2670713 0
2688126 12910592
2688127 0
2688386 12910592
2688387 0
2688966 12910592
2688967 0
2689226 12910592
2689227 0
2706041 12910592
2706042 0
2706301 12910592
2706302 0
2706881 12910592
2706882 0
2707141 12910592
2707142 0
2723655 12910592
2723656 0
2723915 12910592
2723916 0
2724495 12910592
2724496 0
2724755 12910592
2724756 0
2742555 12910592
2742556 0
2742815 12910592
2742816 0
2743395 12910592
2743396 0
2743655 12910592
2743656 0
2761534 12910592
2761535 0
2761794 12910592
2761795 0
2762374 12910592
2762375 0
2762634 12910592
2762635 0
2779723 12910592
2779724 0
2779983 12910592
2779984 0
2780563 12910592
2780564 0
2780823 12910592
2780824 0
2797913 12910592
2797914 0
2798173 12910592
2798174 0
2798753 12910592
2798754 0
2799013 12910592
2799014 0
2816102 12910592
2816103 0
2816362 12910592
2816363 0
2816942 12910592
2816943 0
2817202 12910592
2817203 0
2834292 12910592
2834293 0
2834552 12910592
2834553 0
2835132 12910592
2835133 0
2835392 12910592
2835393 0
2852481 12910592
2852482 0
2852711 12910592
2852712 0
2853251 12910592
2853252 0
2853481 12910592
2853482 0
2939655 12910592
2939656 0
2939915 12910592
2939916 0
214 events for R
9049 3917
16248 4944
30626 5195
45949 4168
64848 5195
73870 4944
73881 3662
77459 1471
82849 444
88248 1471
99048 548
118849 444
127848 548
138659 485
138959 548
156649 444
163848 1471
192649 444
203448 548
228649 444
235848 548
268249 444
275448 548
305449 444
307859 382
308159 444
325848 548
340249 444
347448 548
347459 2738
376249 2635
383448 3662
412249 2635
419448 2738
426659 548
426670 798
450049 695
459048 798
480659 736
480670 485
480959 548
486049 444
491448 548
504049 444
513048 548
540049 444
549048 548
576049 444
585048 1471
613849 444
621048 548
651049 444
671448 548
687649 444
693048 548
725449 444
732648 548
761449 444
768648 548
797449 444
806448 548
826559 485
826859 548
833449 444
842448 548
871249 444
880248 548
910249 444
930648 548
946249 444
952248 548
981049 444
988248 548
1017049 444
1024248 548
1055449 444
1060248 548
1089049 444
1103448 548
1144849 444
1153848 548
1171859 2738
1180849 2635
1189848 2738
1191659 548
1218649 444
1225848 548
1255849 444
1258238 240
1269048 344
1272659 2534
1290649 2431
1290659 240
1297848 344
1328449 240
1337448 344
1366249 240
1373448 344
1402249 240
1413048 344
1438249 240
1447248 344
1476049 240
1483248 344
1515049 240
1535448 344
1549849 240
1557048 344
1585849 240
1593048 344
1621849 240
1632648 344
1659649 240
1665048 344
1695649 240
1701048 344
1749649 240
1758648 344
1776959 281
1777259 344
1787449 240
1794648 344
1823449 240
1830648 344
1860649 240
1860926 0
1860927 240
1863959 178
1864259 240
1877448 344
1897249 240
1906248 344
1933249 240
1942248 344
1971049 240
1978248 344
2007049 240
2014248 344
2036759 281
2037059 344
2043049 240
2050248 344
2080849 240
2089848 344
2118649 240
2133048 344
2136719 281
2137019 344
2190649 240
2201448 344
2226649 240
2233848 344
2252759 281
2253059 344
2264449 240
2269848 344
2302249 240
2309448 344
2336449 240
2345448 344
2376049 240
2382359 178
2382659 240
2392248 344
2428249 240
2435448 344
2464249 240
2467838 444
2485848 548
2500249 444
2507448 548
2514648 1471
2536281 2754
2538049 1727
2543448 1830
2548538 1626
2555099 1564
2555399 3817
2557881 2534
2575849 2431
2583048 2534
2611849 2431
2619048 2534
2620199 344
2640638 548
2647849 444
2655048 548
2687449 444
2694648 548
2723449 444
2727038 240
2729339 178
2729639 240
2745048 344
2759449 240
2766648 344
2773848 1267
2795449 240
2806248 344
2833249 240
2838648 344
2838670 594
2838681 1877
2860238 2081
2860248 3004
2881838 2800
2881848 1877
2881881 594
2894449 491
2899870 240
2900819 178
2901119 240
2903448 344
2937649 240
0 events for S

1240 events for T
13573 12910592
13574 0
13833 12910592
13834 0
14413 12910592
14414 0
14673 12910592
14674 0
31163 12910592
31164 0
31423 12910592
31424 0
32003 12910592
32004 0
32263 12910592
32264 0
48452 12910592
48453 0
48712 12910592
48713 0
49292 12910592
49293 0
49552 12910592
49553 0
67352 12910592
67353 0
67582 12910592
67583 0
68122 12910592
68123 0
68352 12910592
68353 0
86981 12910592
86982 0
87241 12910592
87242 0
87821 12910592
87822 0
88081 12910592
88082 0
105495 12910592
105496 0
105755 12910592
105756 0
106335 12910592
106336 0
106595 12910592
106596 0
124009 12910592
124010 0
124269 12910592
124270 0
124849 12910592
124850 0
125109 12910592
125110 0
142523 12910592
142524 0
142783 12910592
142784 0
143363 12910592
143364 0
143623 12910592
143624 0
161038 12910592
161039 0
161298 12910592
161299 0
161878 12910592
161879 0
162138 12910592
162139 0
179552 12910592
179553 0
179812 12910592
179813 0
180392 12910592
180393 0
180652 12910592
180653 0
198066 12910592
198067 0
198326 12910592
198327 0
198906 12910592
198907 0
199166 12910592
199167 0
216581 12910592
216582 0
216841 12910592
216842 0
217421 12910592
217422 0
217681 12910592
217682 0
235095 12910592
235096 0
235355 12910592
235356 0
235935 12910592
235936 0
236195 12910592
236196 0
253609 12910592
253610 0
253869 12910592
253870 0
254449 12910592
254450 0
254709 12910592
254710 0
272123 12910592
272124 0
272383 12910592
272384 0
272963 12910592
272964 0
273223 12910592
273224 0
290038 12910592
290039 0
290298 12910592
290299 0
290878 12910592
290879 0
291138 12910592
291139 0
307652 12910592
307653 0
307912 12910592
307913 0
308492 12910592
308493 0
308752 12910592
308753 0
326552 12910592
326553 0
326812 12910592
326813 0
327392 12910592
327393 0
327652 12910592
327653 0
345531 12910592
345532 0
345791 12910592
345792 0
346371 12910592
346372 0
346631 12910592
346632 0
363720 12910592
363721 0
363980 12910592
363981 0
364560 12910592
364561 0
364820 12910592
364821 0
381910 12910592
381911 0
382170 12910592
382171 0
382750 12910592
382751 0
383010 12910592
383011 0
400099 12910592
400100 0
400359 12910592
400360 0
400939 12910592
400940 0
401199 12910592
401200 0
418289 12910592
418290 0
418549 12910592
418550 0
419129 12910592
419130 0
419389 12910592
419390 0
436478 12910592
436479 0
436708 12910592
436709 0
437248 12910592
437249 0
437478 12910592
437479 0
454668 12910592
454669 0
454928 12910592
454929 0
455508 12910592
455509 0
455768 12910592
455769 0
472857 12910592
472858 0
473117 12910592
473118 0
473697 12910592
473698 0
473957 12910592
473958 0
491047 12910592
491048 0
491307 12910592
491308 0
491887 12910592
491888 0
492147 12910592
492148 0
509236 12910592
509237 0
509496 12910592
509497 0
510076 12910592
510077 0
510336 12910592
510337 0
527426 12910592
527427 0
527686 12910592
527687 0
528266 12910592
528267 0
528526 12910592
528527 0
545615 12910592
545616 0
545875 12910592
545876 0
546455 12910592
546456 0
546715 12910592
546716 0
563805 12910592
563806 0
564065 12910592
564066 0
564645 12910592
564646 0
564905 12910592
564906 0
581994 12910592
581995 0
582254 12910592
582255 0
582834 12910592
582835 0
583094 12910592
583095 0
600184 12910592
600185 0
600444 12910592
600445 0
601024 12910592
601025 0
601284 12910592
601285 0
618373 12910592
618374 0
618633 12910592
618634 0
619213 12910592
619214 0
619473 12910592
619474 0
635963 12910592
635964 0
636223 12910592
636224 0
636803 12910592
636804 0
637063 12910592
637064 0
653252 12910592
653253 0
653512 12910592
653513 0
654092 12910592
654093 0
654352 12910592
654353 0
672152 12910592
672153 0
672382 12910592
672383 0
672922 12910592
672923 0
673152 12910592
673153 0
691781 12910592
691782 0
692041 12910592
692042 0
692621 12910592
692622 0
692881 12910592
692882 0
710295 12910592
710296 0
710555 12910592
710556 0
711135 12910592
711136 0
711395 12910592
711396 0
728809 12910592
728810 0
729069 12910592
729070 0
729649 12910592
729650 0
729909 12910592
729910 0
747323 12910592
747324 0
747583 12910592
747584 0
748163 12910592
748164 0
748423 12910592
748424 0
765838 12910592
765839 0
766098 12910592
766099 0
766678 12910592
766679 0
766938 12910592
766939 0
784352 12910592
784353 0
784612 12910592
784613 0
785192 12910592
785193 0
785452 12910592
785453 0
802866 12910592
802867 0
803126 12910592
803127 0
803706 12910592
803707 0
803966 12910592
803967 0
821381 12910592
821382 0
821641 12910592
821642 0
822221 12910592
822222 0
822481 12910592
822482 0
839895 12910592
839896 0
840155 12910592
840156 0
840735 12910592
840736 0
840995 12910592
840996 0
858409 12910592
858410 0
858669 12910592
858670 0
859249 12910592
859250 0
859509 12910592
859510 0
876923 12910592
876924 0
877183 12910592
877184 0
877763 12910592
877764 0
878023 12910592
878024 0
894838 12910592
894839 0
895098 12910592
895099 0
895678 12910592
895679 0
895938 12910592
895939 0
912452 12910592
912453 0
912712 12910592
912713 0
913292 12910592
913293 0
913552 12910592
913553 0
931352 12910592
931353 0
931612 12910592
931613 0
932192 12910592
932193 0
932452 12910592
932453 0
950331 12910592
950332 0
950591 12910592
950592 0
951171 12910592
951172 0
951431 12910592
951432 0
968520 12910592
968521 0
968780 12910592
968781 0
969360 12910592
969361 0
969620 12910592
969621 0
986710 12910592
986711 0
986970 12910592
986971 0
987550 12910592
987551 0
987810 12910592
987811 0
1004899 12910592
1004900 0
1005159 12910592
1005160 0
1005739 12910592
1005740 0
1005999 12910592
1006000 0
1023089 12910592
1023090 0
1023349 12910592
1023350 0
1023929 12910592
1023930 0
1024189 12910592
1024190 0
1041278 12910592
1041279 0
1041508 12910592
1041509 0
1042048 12910592
1042049 0
1042278 12910592
1042279 0
1059468 12910592
1059469 0
1059728 12910592
1059729 0
1060308 12910592
1060309 0
1060568 12910592
1060569 0
1077657 12910592
1077658 0
1077917 12910592
1077918 0
1078497 12910592
1078498 0
1078757 12910592
1078758 0
1114036 12910592
1114037 0
1114296 12910592
1114297 0
1114876 12910592
1114877 0
1115136 12910592
1115137 0
1132226 12910592
1132227 0
1132486 12910592
1132487 0
1133066 12910592
1133067 0
1133326 12910592
1133327 0
1150415 12910592
1150416 0
1150675 12910592
1150676 0
1151255 12910592
1151256 0
1151515 12910592
1151516 0
1168605 12910592
1168606 0
1168865 12910592
1168866 0
1169445 12910592
1169446 0
1169705 12910592
1169706 0
1186794 12910592
1186795 0
1187054 12910592
1187055 0
1187634 12910592
1187635 0
1187894 12910592
1187895 0
1204984 12910592
1204985 0
1205244 12910592
1205245 0
1205824 12910592
1205825 0
1206084 12910592
1206085 0
1223173 12910592
1223174 0
1223433 12910592
1223434 0
1224013 12910592
1224014 0
1224273 12910592
1224274 0
1240763 12910592
1240764 0
1241023 12910592
1241024 0
1241603 12910592
1241604 0
1241863 12910592
1241864 0
1258052 12910592
1258053 0
1258312 12910592
1258313 0
1258892 12910592
1258893 0
1259152 12910592
1259153 0
1278066 12910592
1278067 0
1278296 12910592
1278297 0
1278836 12910592
1278837 0
1279066 12910592
1279067 0
1296581 12910592
1296582 0
1296841 12910592
1296842 0
1297421 12910592
1297422 0
1297681 12910592
1297682 0
1315095 12910592
1315096 0
1315355 12910592
1315356 0
1315935 12910592
1315936 0
1316195 12910592
1316196 0
1333609 12910592
1333610 0
1333869 12910592
1333870 0
1334449 12910592
1334450 0
1334709 12910592
1334710 0
1352123 12910592
1352124 0
1352383 12910592
1352384 0
1352963 12910592
1352964 0
1353223 12910592
1353224 0
1370638 12910592
1370639 0
1370898 12910592
1370899 0
1371478 12910592
1371479 0
1371738 12910592
1371739 0
1389152 12910592
1389153 0
1389412 12910592
1389413 0
1389992 12910592
1389993 0
1390252 12910592
1390253 0
1407666 12910592
1407667 0
1407926 12910592
1407927 0
1408506 12910592
1408507 0
1408766 12910592
1408767 0
1426181 12910592
1426182 0
1426441 12910592
1426442 0
1427021 12910592
1427022 0
1427281 12910592
1427282 0
1444695 12910592
1444696 0
1444955 12910592
1444956 0
1445535 12910592
1445536 0
1445795 12910592
1445796 0
1463209 12910592
1463210 0
1463469 12910592
1463470 0
1464049 12910592
1464050 0
1464309 12910592
1464310 0
1481723 12910592
1481724 0
1481983 12910592
1481984 0
1482563 12910592
1482564 0
1482823 12910592
1482824 0
1499638 12910592
1499639 0
1499898 12910592
1499899 0
1500478 12910592
1500479 0
1500738 12910592
1500739 0
1517252 12910592
1517253 0
1517512 12910592
1517513 0
1518092 12910592
1518093 0
1518352 12910592
1518353 0
1536152 12910592
1536153 0
1536412 12910592
1536413 0
1536992 12910592
1536993 0
1537252 12910592
1537253 0
1555131 12910592
1555132 0
1555391 12910592
1555392 0
1555971 12910592
1555972 0
1556231 12910592
1556232 0
1573320 12910592
1573321 0
1573580 12910592
1573581 0
1574160 12910592
1574161 0
1574420 12910592
1574421 0
1591510 12910592
1591511 0
1591770 12910592
1591771 0
1592350 12910592
1592351 0
1592610 12910592
1592611 0
1609699 12910592
1609700 0
1609959 12910592
1609960 0
1610539 12910592
1610540 0
1610799 12910592
1610800 0
1627889 12910592
1627890 0
1628149 12910592
1628150 0
1628729 12910592
1628730 0
1628989 12910592
1628990 0
1646078 12910592
1646079 0
1646308 12910592
1646309 0
1646848 12910592
1646849 0
1647078 12910592
1647079 0
1664268 12910592
1664269 0
1664528 12910592
1664529 0
1665108 12910592
1665109 0
1665368 12910592
1665369 0
1682457 12910592
1682458 0
1682717 12910592
1682718 0
1683297 12910592
1683298 0
1683557 12910592
1683558 0
1700647 12910592
1700648 0
1700907 12910592
1700908 0
1701487 12910592
1701488 0
1701747 12910592
1701748 0
1717052 12910592
1717053 0
1717282 12910592
1717283 0
1717822 12910592
1717823 0
1718052 12910592
1718053 0
1737026 12910592
1737027 0
1737286 12910592
1737287 0
1737866 12910592
1737867 0
1738126 12910592
1738127 0
1755215 12910592
1755216 0
1755475 12910592
1755476 0
1756055 12910592
1756056 0
1756315 12910592
1756316 0
1773405 12910592
1773406 0
1773665 12910592
1773666 0
1774245 12910592
1774246 0
1774505 12910592
1774506 0
1791594 12910592
1791595 0
1791854 12910592
1791855 0
1792434 12910592
1792435 0
1792694 12910592
1792695 0
1809784 12910592
1809785 0
1810044 12910592
1810045 0
1810624 12910592
1810625 0
1810884 12910592
1810885 0
1827973 12910592
1827974 0
1828233 12910592
1828234 0
1828813 12910592
1828814 0
1829073 12910592
1829074 0
1845563 12910592
1845564 0
1845823 12910592
1845824 0
1846403 12910592
1846404 0
1846663 12910592
1846664 0
1862852 12910592
1862853 0
1863112 12910592
1863113 0
1863692 12910592
1863693 0
1863952 12910592
1863953 0
1882866 12910592
1882867 0
1883096 12910592
1883097 0
1883636 12910592
1883637 0
1883866 12910592
1883867 0
1901381 12910592
1901382 0
1901641 12910592
1901642 0
1902221 12910592
1902222 0
1902481 12910592
1902482 0
1919895 12910592
1919896 0
1920155 12910592
1920156 0
1920735 12910592
1920736 0
1920995 12910592
1920996 0
1938409 12910592
1938410 0
1938669 12910592
1938670 0
1939249 12910592
1939250 0
1939509 12910592
1939510 0
1956923 12910592
1956924 0
1957183 12910592
1957184 0
1957763 12910592
1957764 0
1958023 12910592
1958024 0
1975438 12910592
1975439 0
1975698 12910592
1975699 0
1976278 12910592
1976279 0
1976538 12910592
1976539 0
1993952 12910592
1993953 0
1994212 12910592
1994213 0
1994792 12910592
1994793 0
1995052 12910592
1995053 0
2012466 12910592
2012467 0
2012726 12910592
2012727 0
2013306 12910592
2013307 0
2013566 12910592
2013567 0
2030981 12910592
2030982 0
2031241 12910592
2031242 0
2031821 12910592
2031822 0
2032081 12910592
2032082 0
2049495 12910592
2049496 0
2049755 12910592
2049756 0
2050335 12910592
2050336 0
2050595 12910592
2050596 0
2068009 12910592
2068010 0
2068269 12910592
2068270 0
2068849 12910592
2068850 0
2069109 12910592
2069110 0
2086523 12910592
2086524 0
2086783 12910592
2086784 0
2087363 12910592
2087364 0
2087623 12910592
2087624 0
2104438 12910592
2104439 0
2104698 12910592
2104699 0
2105278 12910592
2105279 0
2105538 12910592
2105539 0
2122052 12910592
2122053 0
2122312 12910592
2122313 0
2122892 12910592
2122893 0
2123152 12910592
2123153 0
2141741 12910592
2141742 0
2142001 12910592
2142002 0
2142581 12910592
2142582 0
2142841 12910592
2142842 0
2162302 12910592
2162303 0
2162562 12910592
2162563 0
2163142 12910592
2163143 0
2163402 12910592
2163403 0
2176702 12910592
2176703 0
2176962 12910592
2176963 0
2177542 12910592
2177543 0
2177802 12910592
2177803 0
2196310 12910592
2196311 0
2196570 12910592
2196571 0
2197150 12910592
2197151 0
2197410 12910592
2197411 0
2214499 12910592
2214500 0
2214759 12910592
2214760 0
2215339 12910592
2215340 0
2215599 12910592
2215600 0
2232689 12910592
2232690 0
2232949 12910592
2232950 0
2233529 12910592
2233530 0
2233789 12910592
2233790 0
2250878 12910592
2250879 0
2251108 12910592
2251109 0
2251648 12910592
2251649 0
2251878 12910592
2251879 0
2269068 12910592
2269069 0
2269328 12910592
2269329 0
2269908 12910592
2269909 0
2270168 12910592
2270169 0
2287257 12910592
2287258 0
2287517 12910592
2287518 0
2288097 12910592
2288098 0
2288357 12910592
2288358 0
2305447 12910592
2305448 0
2305707 12910592
2305708 0
2306287 12910592
2306288 0
2306547 12910592
2306548 0
2323636 12910592
2323637 0
2323896 12910592
2323897 0
2324476 12910592
2324477 0
2324736 12910592
2324737 0
2341826 12910592
2341827 0
2342086 12910592
2342087 0
2342666 12910592
2342667 0
2342926 12910592
2342927 0
2360015 12910592
2360016 0
2360275 12910592
2360276 0
2360855 12910592
2360856 0
2361115 12910592
2361116 0
2378205 12910592
2378206 0
2378465 12910592
2378466 0
2379045 12910592
2379046 0
2379305 12910592
2379306 0
2396394 12910592
2396395 0
2396654 12910592
2396655 0
2397234 12910592
2397235 0
2397494 12910592
2397495 0
2414584 12910592
2414585 0
2414844 12910592
2414845 0
2415424 12910592
2415425 0
2415684 12910592
2415685 0
2432773 12910592
2432774 0
2433033 12910592
2433034 0
2433613 12910592
2433614 0
2433873 12910592
2433874 0
2450363 12910592
2450364 0
2450623 12910592
2450624 0
2451203 12910592
2451204 0
2451463 12910592
2451464 0
2467652 12910592
2467653 0
2467912 12910592
2467913 0
2468492 12910592
2468493 0
2468752 12910592
2468753 0
2486552 12910592
2486553 0
2486782 12910592
2486783 0
2487322 12910592
2487323 0
2487552 12910592
2487553 0
2506181 12910592
2506182 0
2506441 12910592
2506442 0
2507021 12910592
2507022 0
2507281 12910592
2507282 0
2524695 12910592
2524696 0
2524955 12910592
2524956 0
2525535 12910592
2525536 0
2525795 12910592
2525796 0
2543209 12910592
2543210 0
2543469 12910592
2543470 0
2544049 12910592
2544050 0
2544309 12910592
2544310 0
2561723 12910592
2561724 0
2561983 12910592
2561984 0
2562563 12910592
2562564 0
2562823 12910592
2562824 0
2580238 12910592
2580239 0
2580498 12910592
2580499 0
2581078 12910592
2581079 0
2581338 12910592
2581339 0
2598752 12910592
2598753 0
2599012 12910592
2599013 0
2599592 12910592
2599593 0
2599852 12910592
2599853 0
2617266 12910592
2617267 0
2617526 12910592
2617527 0
2618106 12910592
2618107 0
2618366 12910592
2618367 0
2635781 12910592
2635782 0
2636041 12910592
2636042 0
2636621 12910592
2636622 0
2636881 12910592
2636882 0
2654295 12910592
2654296 0
2654555 12910592
2654556 0
2655135 12910592
2655136 0
2655395 12910592
2655396 0
2672809 12910592
2672810 0
2673069 12910592
2673070 0
2673649 12910592
2673650 0
2673909 12910592
2673910 0
2691323 12910592
2691324 0
2691583 12910592
2691584 0
2692163 12910592
2692164 0
2692423 12910592
2692424 0
2709238 12910592
2709239 0
2709498 12910592
2709499 0
2710078 12910592
2710079 0
2710338 12910592
2710339 0
2726852 12910592
2726853 0
2727112 12910592
2727113 0
2727692 12910592
2727693 0
2727952 12910592
2727953 0
2745752 12910592
2745753 0
2746012 12910592
2746013 0
2746592 12910592
2746593 0
2746852 12910592
2746853 0
2764731 12910592
2764732 0
2764991 12910592
2764992 0
2765571 12910592
2765572 0
2765831 12910592
2765832 0
2782920 12910592
2782921 0
2783180 12910592
2783181 0
2783760 12910592
2783761 0
2784020 12910592
2784021 0
2801110 12910592
2801111 0
2801370 12910592
2801371 0
2801950 12910592
2801951 0
2802210 12910592
2802211 0
2819299 12910592
2819300 0
2819559 12910592
2819560 0
2820139 12910592
2820140 0
2820399 12910592
2820400 0
2837489 12910592
2837490 0
2837749 12910592
2837750 0
2838329 12910592
2838330 0
2838589 12910592
2838590 0
2855678 12910592
2855679 0
2855908 12910592
2855909 0
2856448 12910592
2856449 0
2856678 12910592
2856679 0
