20 instruments
A 10 100 0 276873309.16802311
B 10 100 0.000155227 800000000
C 10 100 128045.25187067324 495183416.02819836
D 10 100 1517960000 4000000000
E 10 100 2238.0782914523293 612647607.58318675
F 10 100 2665037.1650940888 921958803.05957663
G 10 100 1289849390.9659207 3398902187.0561032
H 10 100 20927.686835728317 891804836.74978614
I 10 100 47192398.279190399 1501427445.7644184
J 10 100 22528 960000000
K 10 100 352362.70723718189 299636114.68177354
L 10 100 6499613.0472409306 3333330256.035996
M 10 100 183507440.74517861 809594356.20986629
N 10 100 804865230.11019051 7419592213.7182751
O 10 100 2419.0747377101388 662193255.831689
P 10 100 309096.09667920991 262843801.48639998
Q 10 100 24955.266722182481 180753403.14844713
R 10 100 2022727.6804039259 699754440.78838515
S 10 100 728287279.5071317 6713663885.8674479
T 10 100 7196.0339286610251 2810950753.383213
140 downlinks
0 1 23814 18650.039686
1 66256 91871 17801.393711000001
2 92304 95447 18241.361444999999
3 111898 134731 24067.369501000001
4 135896 159879 56712.888793999999
5 185996 194851 58370.132263
6 198367 219207 58005.525035999999
7 220758 258593 24930.123806
8 258594 279767 16739.689300999999
9 325456 350023 18181.419744999999
10 371991 397607 18610.315675999998
11 399049 437437 59847.283359000001
12 438889 454964 18063.419893999999
13 459589 484394 18186.627066000001
14 485446 501293 56843.492619999997
15 523626 557085 9175.5815739999998
16 557086 568575 9288.5908459999991
17 571843 609842 29976.478185
18 611983 629020 8340.6453669999992
19 638383 648686 28164.287346000001
20 671056 693639 9615.6592349999992
21 715781 744277 8936.4976299999998
22 744278 748101 29078.912095
23 763778 771225 8738.7729049999998
24 789406 824795 9283.3064869999998
25 824796 870574 9136.56639
26 870575 886982 8867.2325060000003
27 902409 906815 30843.021497000002
28 930256 947025 8651.5363890000008
29 948572 971479 8598.6086899999991
30 974372 1002868 28620.571626000001
31 1002869 1013789 29488.2804
32 1017029 1039429 29574.456625999999
33 1045469 1058806 8990.2936559999998
34 1061369 1090251 27889.095755999999
35 1092266 1102395 27279.489213000001
36 1105246 1108471 29339.122920000002
37 1114766 1123592 30467.823106
38 1133066 1144616 9273.8508989999991
39 1147871 1169107 28091.132868000001
40 1169969 1214008 9462.077765
41 1214009 1229342 8739.387213
42 1269856 1284760 27177.101999999999
43 1300309 1324418 28867.988366000001
44 1325359 1347887 8757.0573490000006
45 1386610 1428858 30482.278361000001
46 1428859 1465752 9337.789702
47 1465753 1494214 8515.7706749999998
48 1535056 1549939 8900.7025030000004
49 1552149 1577938 8778.3355150000007
50 1577949 1606321 29886.497736000001
51 1608846 1636087 29243.536622
52 1636806 1641019 26517.245249
53 1645515 1659787 8834.4018649999998
54 1679046 1690421 9457.9623840000004
55 1702442 1722338 28164.872808
56 1731817 1774046 30503.298975000002
57 1774047 1796462 8691.2845450000004
58 1796938 1806933 8525.9525360000007
59 1809598 1813351 28086.786929000002
60 1874656 1902600 9305.8530659999997
61 1904424 1908938 9003.7058219999999
62 1934335 1950096 29720.859928999998
63 1983089 1986746 28196.056719
64 1990728 2007441 8724.7512220000008
65 2009031 2036366 9238.0711549999996
66 2037287 2077031 29465.914934
67 2077032 2085008 8736.7051790000005
68 2108027 2122041 8623.2506759999997
69 2133856 2156105 8421.9856619999991
70 2160346 2180205 27549.328343000001
71 2192023 2209282 29572.320551000001
72 2211579 2241718 29086.290951999999
73 2241819 2270494 8813.8421070000004
74 2278719 2295685 29493.047434
75 2303615 2327106 27435.630709000001
76 2327997 2339525 29792.428981000001
77 2342615 2352498 8997.6095590000004
78 2355515 2378702 26654.011493000002
79 2393056 2416181 8664.3956859999998
80 2416411 2442270 8910.3347130000002
81 2485456 2505453 9263.3037550000008
82 2508562 2514794 8194.1372179999998
83 2526507 2539170 8812.3468479999992
84 2558003 2559834 28513.272391999999
85 2586678 2590839 29797.943813000002
86 2594870 2629702 9287.2106050000002
87 2629703 2640455 9493.8769009999996
88 2643859 2679939 29841.66733
89 2681178 2685856 9031.5484039999992
90 2744656 2756286 27058.173078
91 2758395 2761952 27764.822221999999
92 2765895 2782497 8866.3210920000001
93 2794382 2806542 30200.423556999998
94 2809654 2814498 9259.4321029999992
95 2818690 2842761 9457.3783449999992
96 2844490 2848318 29542.407908000001
97 2853796 2868639 8564.5545529999999
98 2877790 2900459 9335.3412189999999
99 2902986 2931712 27874.981927000001
100 2940106 2982261 30587.746092000001
101 2982262 3026414 9231.3874039999992
102 3026415 3042633 8609.2624169999999
103 3043982 3060214 8689.6108280000008
104 3068567 3070614 26609.79682
105 3090256 3109861 8915.2263710000007
106 3112726 3142676 9094.9622560000007
107 3142677 3160391 8333.9255690000009
108 3160973 3167314 27500.430241999999
109 3181391 3197744 8601.7316499999997
110 3199037 3233950 9100.8958739999998
111 3247668 3260957 9427.4328960000003
112 3263928 3274340 27243.904355999999
113 3276768 3298488 8431.3051790000009
114 3327484 3329806 27636.251289
115 3349456 3368744 8831.2619180000002
116 3369852 3386451 8966.6639699999996
117 3394063 3399814 54396.705881000002
118 3403606 3417634 58970.262822999997
119 3420219 3449258 57826.355975999999
120 3449259 3460003 17374.699861000001
121 3475359 3502150 57611.601310999999
122 3502359 3534439 59023.283414999998
123 3535181 3540931 55193.106121999997
124 3544287 3586404 25530.421285
125 3586405 3630600 29269.697155999998
126 3630601 3634691 16830.732371999999
127 3647849 3662516 28226.256141999998
128 3664846 3667397 60093.408818999997
129 3707844 3737543 58272.632834999997
130 3737544 3744818 61499.660580999996
131 3759021 3780318 28538.149495000001
132 3793866 3799688 18090.695755000001
133 3803231 3818443 23661.293665000001
134 3820340 3848294 28757.617953000001
135 3848295 3890591 56137.919716999997
136 3891735 3908629 23437.772314999998
137 3923835 3936475 55980.942202999999
138 3949690 3963542 60635.164006999999
139 3966430 3997357 23619.145155999999
0 opportunities for A
0 opportunities for B
0 opportunities for C
0 opportunities for D
0 opportunities for E
0 opportunities for F
0 opportunities for G
0 opportunities for H
0 opportunities for I
0 opportunities for J
0 opportunities for K
0 opportunities for L
0 opportunities for M
0 opportunities for N
0 opportunities for O
0 opportunities for P
0 opportunities for Q
0 opportunities for R
0 opportunities for S
0 opportunities for T
0 events for A

726 events for B
68986 12910592
68987 0
80956 12910592
80957 0
89485 12910592
89486 0
94435 12910592
94436 0
96561 12910592
96562 0
104699 12910592
104700 0
112756 12910592
112757 0
118041 12910592
118042 0
127756 12910592
127757 0
134355 12910592
134356 0
135557 12910592
135558 0
141732 12910592
141733 0
148456 12910592
148457 0
156642 12910592
156643 0
163547 12910592
163548 0
169199 12910592
169200 0
174856 12910592
174857 0
186063 12910592
186064 0
193370 12910592
193371 0
325461 12910592
325462 0
336895 12910592
336896 0
348040 12910592
348041 0
359324 12910592
359325 0
362624 12910592
362625 0
370069 12910592
370070 0
377514 12910592
377515 0
384556 12910592
384557 0
390556 12910592
390557 0
395661 12910592
395662 0
673156 12910592
673157 0
683956 12910592
683957 0
694290 12910592
694291 0
698956 12910592
698957 0
709516 12910592
709517 0
715761 12910592
715762 0
722956 12910592
722957 0
731956 12910592
731957 0
739155 12910592
739156 0
741642 12910592
741643 0
750556 12910592
750557 0
761356 12910592
761357 0
768556 12910592
768557 0
778456 12910592
778457 0
805161 12910592
805162 0
816985 12910592
816986 0
825560 12910592
825561 0
830721 12910592
830722 0
842399 12910592
842400 0
848206 12910592
848207 0
857313 12910592
857314 0
864920 12910592
864921 0
884939 12910592
884940 0
890442 12910592
890443 0
898199 12910592
898200 0
908061 12910592
908062 0
930256 12910592
930257 0
938656 12910592
938657 0
952835 12910592
952836 0
963676 12910592
963677 0
967429 12910592
967430 0
982064 12910592
982065 0
990189 12910592
990190 0
998355 12910592
998356 0
1003756 12910592
1003757 0
1013956 12910592
1013957 0
1031242 12910592
1031243 0
1042797 12910592
1042798 0
1052961 12910592
1052962 0
1062556 12910592
1062557 0
1070956 12910592
1070957 0
1078198 12910592
1078199 0
1081756 12910592
1081757 0
1088657 12910592
1088658 0
1102756 12910592
1102757 0
1109108 12910592
1109109 0
1114175 12910592
1114176 0
1121356 12910592
1121357 0
1126175 12910592
1126176 0
1142241 12910592
1142242 0
1153336 12910592
1153337 0
1163421 12910592
1163422 0
1168276 12910592
1168277 0
1172356 12910592
1172357 0
1174816 12910592
1174817 0
1225756 12910592
1225757 0
1231027 12910592
1231028 0
1236367 12910592
1236368 0
1239667 12910592
1239668 0
1246661 12910592
1246662 0
1253661 12910592
1253662 0
1271961 12910592
1271962 0
1273756 12910592
1273757 0
1289956 12910592
1289957 0
1292241 12910592
1292242 0
1484232 12910592
1484233 0
1487227 12910592
1487228 0
1489734 12910592
1489735 0
1492242 12910592
1492243 0
1495242 12910592
1495243 0
1498542 12910592
1498543 0
1501542 12910592
1501543 0
1505704 12910592
1505705 0
1509856 12910592
1509857 0
1512856 12910592
1512857 0
1535361 12910592
1535362 0
1537156 12910592
1537157 0
1538956 12910592
1538957 0
1542556 12910592
1542557 0
1546156 12910592
1546157 0
1550356 12910592
1550357 0
1557561 12910592
1557562 0
1559956 12910592
1559957 0
1562956 12910592
1562957 0
1608723 12910592
1608724 0
1610421 12910592
1610422 0
1615958 12910592
1615959 0
1620193 12910592
1620194 0
1623193 12910592
1623194 0
1631656 12910592
1631657 0
1634961 12910592
1634962 0
1726156 12910592
1726157 0
1732456 12910592
1732457 0
1736056 12910592
1736057 0
1739656 12910592
1739657 0
1743256 12910592
1743257 0
1746915 12910592
1746916 0
1750810 12910592
1750811 0
1757956 12910592
1757957 0
1768701 12910592
1768702 0
1808693 12910592
1808694 0
1812556 12910592
1812557 0
1816156 12910592
1816157 0
1819756 12910592
1819757 0
1823577 12910592
1823578 0
1830482 12910592
1830483 0
1835956 12910592
1835957 0
1840756 12910592
1840757 0
1883891 12910592
1883892 0
1886894 12910592
1886895 0
1890438 12910592
1890439 0
1893985 12910592
1893986 0
1896985 12910592
1896986 0
1903885 12910592
1903886 0
1906885 12910592
1906886 0
1909695 12910592
1909696 0
1912499 12910592
1912500 0
1915499 12910592
1915500 0
1993099 12910592
1993100 0
1997956 12910592
1997957 0
2002756 12910592
2002757 0
2007676 12910592
2007677 0
2014999 12910592
2015000 0
2018536 12910592
2018537 0
2022076 12910592
2022077 0
2026456 12910592
2026457 0
2029936 12910592
2029937 0
2033956 12910592
2033957 0
2036419 12910592
2036420 0
2135300 12910592
2135301 0
2141236 12910592
2141237 0
2149276 12910592
2149277 0
2157319 12910592
2157320 0
2180478 12910592
2180479 0
2185785 12910592
2185786 0
2191314 12910592
2191315 0
2198656 12910592
2198657 0
2203156 12910592
2203157 0
2207956 12910592
2207957 0
2213403 12910592
2213404 0
2220848 12910592
2220849 0
2228176 12910592
2228177 0
2235193 12910592
2235194 0
2240837 12910592
2240838 0
2246482 12910592
2246483 0
2252228 12910592
2252229 0
2258448 12910592
2258449 0
2264672 12910592
2264673 0
2273967 12910592
2273968 0
2435277 12910592
2435278 0
2438277 12910592
2438278 0
2440625 12910592
2440626 0
2442967 12910592
2442968 0
2445967 12910592
2445968 0
2449267 12910592
2449268 0
2452267 12910592
2452268 0
2456261 12910592
2456262 0
2460256 12910592
2460257 0
2463259 12910592
2463260 0
2487591 12910592
2487592 0
2494456 12910592
2494457 0
2501616 12910592
2501617 0
2510956 12910592
2510957 0
2520299 12910592
2520300 0
2523602 12910592
2523603 0
2531099 12910592
2531100 0
2538599 12910592
2538600 0
2546479 12910592
2546480 0
2553555 12910592
2553556 0
2561301 12910592
2561302 0
2568291 12910592
2568292 0
2575036 12910592
2575037 0
2582956 12910592
2582957 0
2593756 12910592
2593757 0
2597959 12910592
2597960 0
2611756 12910592
2611757 0
2620866 12910592
2620867 0
2627420 12910592
2627421 0
2637320 12910592
2637321 0
2644156 12910592
2644157 0
2647756 12910592
2647757 0
2656799 12910592
2656800 0
2660956 12910592
2660957 0
2665039 12910592
2665040 0
2672956 12910592
2672957 0
2676436 12910592
2676437 0
2681356 12910592
2681357 0
2686458 12910592
2686459 0
2703316 12910592
2703317 0
2747656 12910592
2747657 0
2752756 12910592
2752757 0
2759956 12910592
2759957 0
2767757 12910592
2767758 0
2778076 12910592
2778077 0
2781796 12910592
2781797 0
2788305 12910592
2788306 0
2796476 12910592
2796477 0
2806156 12910592
2806157 0
2812696 12910592
2812697 0
2818756 12910592
2818757 0
2825634 12910592
2825635 0
2831956 12910592
2831957 0
2840293 12910592
2840294 0
2845718 12910592
2845719 0
2857336 12910592
2857337 0
2863718 12910592
2863719 0
2870356 12910592
2870357 0
2886106 12910592
2886107 0
2891956 12910592
2891957 0
2906956 12910592
2906957 0
2919556 12910592
2919557 0
2934856 12910592
2934857 0
2945656 12910592
2945657 0
2952978 12910592
2952979 0
2960298 12910592
2960299 0
2963834 12910592
2963835 0
2971182 12910592
2971183 0
2978528 12910592
2978529 0
2985555 12910592
2985556 0
2991557 12910592
2991558 0
2996356 12910592
2996357 0
3007756 12910592
3007757 0
3013757 12910592
3013758 0
3021796 12910592
3021797 0
3032656 12910592
3032657 0
3045422 12910592
3045423 0
3056711 12910592
3056712 0
3062956 12910592
3062957 0
3068056 12910592
3068057 0
3095356 12910592
3095357 0
3103156 12910592
3103157 0
3113958 12910592
3113959 0
3119956 12910592
3119957 0
3125099 12910592
3125100 0
3128399 12910592
3128400 0
3136008 12910592
3136009 0
3143613 12910592
3143614 0
3151156 12910592
3151157 0
3155356 12910592
3155357 0
3159557 12910592
3159558 0
3161956 12910592
3161957 0
3166929 12910592
3166930 0
3170956 12910592
3170957 0
3175156 12910592
3175157 0
3179142 12910592
3179143 0
3187544 12910592
3187545 0
3193349 12910592
3193350 0
3199156 12910592
3199157 0
3203656 12910592
3203657 0
3247936 12910592
3247937 0
3250876 12910592
3250877 0
3254656 12910592
3254657 0
3261601 12910592
3261602 0
3265159 12910592
3265160 0
3268720 12910592
3268721 0
3276556 12910592
3276557 0
3281358 12910592
3281359 0
3286156 12910592
3286157 0
3290956 12910592
3290957 0
3349456 12910592
3349457 0
3355158 12910592
3355159 0
3360556 12910592
3360557 0
3364756 12910592
3364757 0
3372035 12910592
3372036 0
3376537 12910592
3376538 0
3380176 12910592
3380177 0
3408556 12910592
3408557 0
3412984 12910592
3412985 0
3417555 12910592
3417556 0
3423138 12910592
3423139 0
3430336 12910592
3430337 0
3437536 12910592
3437537 0
3445818 12910592
3445819 0
3455476 12910592
3455477 0
3464956 12910592
3464957 0
3472156 12910592
3472157 0
3484756 12910592
3484757 0
3490156 12910592
3490157 0
3498556 12910592
3498557 0
3506356 12910592
3506357 0
3509956 12910592
3509957 0
3520756 12910592
3520757 0
3526156 12910592
3526157 0
3536956 12910592
3536957 0
3544156 12910592
3544157 0
3553338 12910592
3553339 0
3562096 12910592
3562097 0
3574068 12910592
3574069 0
3580456 12910592
3580457 0
3592756 12910592
3592757 0
3598156 12910592
3598157 0
3608500 12910592
3608501 0
3614143 12910592
3614144 0
3619788 12910592
3619789 0
3623356 12910592
3623357 0
3630534 12910592
3630535 0
3637977 12910592
3637978 0
3647956 12910592
3647957 0
3653356 12910592
3653357 0
3690256 12910592
3690257 0
3733156 12910592
3733157 0
3740701 12910592
3740702 0
3748199 12910592
3748200 0
3758356 12910592
3758357 0
3763157 12910592
3763158 0
3770227 12910592
3770228 0
3777834 12910592
3777835 0
3785358 12910592
3785359 0
3794356 12910592
3794357 0
3802756 12910592
3802757 0
3808758 12910592
3808759 0
3817756 12910592
3817757 0
3829156 12910592
3829157 0
3836956 12910592
3836957 0
3846856 12910592
3846857 0
3856036 12910592
3856037 0
3869296 12910592
3869297 0
3877156 12910592
3877157 0
3882558 12910592
3882559 0
3889756 12910592
3889757 0
3905718 12910592
3905719 0
3911656 12910592
3911657 0
3919036 12910592
3919037 0
3924736 12910592
3924737 0
3931576 12910592
3931577 0
3949996 12910592
3949997 0
3955045 12910592
3955046 0
3959956 12910592
3959957 0
3965478 12910592
3965479 0
3977956 12910592
3977957 0
3986358 12910592
3986359 0
3997756 12910592
3997757 0
4004956 12910592
4004957 0
4015756 12910592
4015757 0
2 events for C
1863099 0
1863100 74
363 events for D
71305 19661
71395 27175
72076 7514
72745 27175
73516 7514
73765 27175
74536 7514
75205 27175
75976 7514
76225 27175
76996 7514
77665 27175
78436 7514
78685 27175
79456 7514
80125 27175
80896 7514
81145 27175
81916 7514
82156 0
87445 19661
87535 27175
88096 7514
88225 27175
88876 7514
89425 27175
90016 7514
90205 27175
90856 7514
91405 27175
92056 7514
92185 27175
92836 7514
93385 27175
94036 7514
94165 27175
94816 7514
95365 27175
96016 7514
96145 27175
96796 7514
97345 27175
97996 7514
98125 27175
98776 7514
98896 0
330595 7514
332665 66496
334036 7514
337225 66496
338596 7514
341716 0
345884 58982
345974 66496
347255 7514
350504 66496
351875 7514
352115 0
352405 58982
352495 66496
353776 7514
357025 66496
358396 7514
359896 0
361973 58982
362063 66496
363344 7514
366593 66496
367964 7514
371924 0
372205 58982
372295 66496
373576 7514
376525 66496
377896 7514
378076 0
382263 58982
382353 66496
383634 7514
385023 66496
386394 7514
386934 0
387205 58982
387295 66496
388576 7514
393565 66496
394936 7514
396256 0
398352 117965
398442 124709
399303 6744
400212 124709
401103 6744
402012 124709
402903 6744
403812 124709
404703 6744
405612 124709
406503 6744
407412 124709
408303 6744
409212 124709
410103 6744
414483 0
418642 117965
418732 124709
419593 6744
420502 124709
421393 6744
422302 124709
423193 6744
424102 124709
424993 6744
425902 124709
426793 6744
427702 124709
428593 6744
429502 124709
430393 6744
431302 124709
432193 6744
432673 0
436831 117965
436921 124709
437782 6744
438691 124709
439582 6744
440482 0
455356 169032
456676 45609
458001 0
634306 7514
641467 0
935125 117965
935215 124709
936016 6744
936145 124709
936851 6744
936856 0
937705 58982
937795 66496
939076 7514
946516 0
950684 58982
950774 7514
959315 0
959605 117965
959695 124709
960556 6744
964276 0
966773 117965
966863 124709
967724 6744
977624 0
987063 117965
987153 124709
988014 6744
997914 0
1278419 117965
1278509 124709
1279370 6744
1280279 124709
1281170 6744
1282079 124709
1282970 6744
1283879 124709
1284770 6744
1285679 124709
1286570 6744
1287479 124709
1288370 6744
1289270 0
1296934 117965
1297024 124709
1297885 6744
1298794 124709
1299685 6744
1300594 124709
1301485 6744
1302394 124709
1303285 6744
1304185 0
1482166 7514
1495807 0
1497981 7514
1513422 0
1801705 58982
1801795 66496
1803076 6744
1803565 66496
1804936 6744
1805356 0
1808037 58982
1808127 66496
1809408 6744
1809897 66496
1811268 6744
1811697 66496
1813068 6744
1822488 0
1828326 58982
1828416 66496
1829697 6744
1830186 66496
1831557 6744
1831986 66496
1833357 6744
1839177 0
2179605 235930
2179695 242674
2181456 6744
2181645 242674
2183496 6744
2183685 242674
2185536 6744
2185785 242674
2187636 6744
2188656 0
2196663 235930
2196753 242674
2197369 6744
2197374 0
2212156 169032
2213956 45609
2215761 0
2749525 117965
2749615 125479
2750896 7514
2751256 0
2887195 3372
2892376 0
2912395 3372
2920756 0
2929795 3372
2935156 0
2957395 3372
2960356 0
2963273 3372
2979074 0
3119305 117965
3119395 121337
3120916 3372
3121165 121337
3122716 3372
3122956 0
3127748 117965
3127838 121337
3129179 3372
3135008 121337
3136379 3372
3138599 0
3148362 117965
3148452 121337
3149973 3372
3153822 121337
3155373 3372
3155613 0
3355195 3372
3356065 121337
3358816 3372
3359665 121337
3362356 3372
3363256 0
3369884 117965
3369974 121337
3371435 3372
3371744 121337
3373295 3372
3377135 0
3724345 19661
3724435 25951
3726196 6290
3726985 25951
3728836 6290
3729376 0
3732685 19661
3732775 25951
3734536 6290
3735325 25951
3737176 6290
3738145 25951
3739996 6290
3740725 25951
3742576 6290
3743545 25951
3745396 6290
3746125 25951
3747976 6290
3748516 0
3753265 19661
3753355 25951
3755116 6290
3755245 25951
3757096 6290
3757465 25951
3759316 6290
3759445 25951
3761296 6290
3761665 25951
3763516 6290
3763645 25951
3765491 6290
3765496 0
3769576 117965
3769666 124709
3771127 6744
3785827 0
3790191 117965
3790281 124709
3791742 6744
3804522 0
3806605 117965
3806695 124709
3808156 6744
3820936 0
3956605 19661
3956695 25951
3958456 6290
3958585 25951
3960436 6290
3960805 25951
3962656 6290
3962785 25951
3964636 6290
3965005 25951
3966856 6290
3966985 25951
3968831 6290
3968836 0
3974785 19661
3974875 25951
3975736 6290
3975865 25951
3976816 6290
3977185 25951
3978136 6290
3978385 25951
3979336 6290
3979585 25951
3980536 6290
3980665 25951
3981616 6290
3981621 0
3983305 117965
3983395 124709
3984916 6744
3986921 0
3986965 117965
3988576 6744
3988636 0
3990773 117965
3990863 124709
3992384 6744
3996189 0
3996233 117965
3997844 6744
4003304 0
4011063 117965
4011153 124709
4012674 6744
4014679 0
4014723 117965
4016334 6744
166 events for E
64198 4096
72398 0
161484 4096
169684 0
235541 4096
243741 0
323398 4096
331598 0
345977 665
375137 0
418735 4096
426935 0
491493 4096
499693 0
582440 4096
590640 0
668998 1365
669178 0
670978 1365
671518 3481
690718 1365
691438 3481
710638 1365
711358 3481
730284 0
766284 873
795084 0
840341 873
869141 0
928198 873
956998 0
1023535 3481
1037935 0
1037950 2252
1041550 0
1041565 2252
1045165 0
1045180 2252
1048780 0
1048795 2252
1052395 0
1085938 3276
1100938 0
1187240 873
1216040 0
1267798 1365
1267978 0
1269778 1365
1270318 3481
1289518 0
1371084 873
1399884 0
1445141 873
1473941 0
1532998 1365
1533718 3481
1552918 0
1613275 3276
1628275 0
1863298 1979
1864498 0
1866298 1979
1879498 0
2048867 8
2048868 0
2049941 1365
2050121 0
2051921 1365
2052461 1979
2066861 1365
2067041 1979
2081441 1365
2082161 1979
2096561 1365
2096741 1979
2111141 1365
2111861 1979
2126261 1365
2126441 1979
2140841 0
2179241 3754
2179961 0
2181761 3754
2185361 0
2218798 3754
2219518 0
2221318 3754
2224918 0
2253898 3754
2254618 0
2256418 3754
2260018 0
2295298 3754
2296018 0
2297818 3754
2301418 0
2338498 3754
2339218 0
2341018 3754
2344618 0
2531098 3754
2531818 0
2533618 3754
2537218 0
2559898 3754
2560618 0
2562418 3754
2566018 0
2602198 3754
2602918 0
2604718 3754
2608318 0
2676898 3754
2677618 0
2679418 3754
2683018 0
2763298 1365
2763478 0
2765278 1365
2765818 1979
2780218 1365
2780398 1979
2794798 1365
2795518 1979
2809918 1365
2810098 1979
2824498 1365
2825218 1979
2839618 1365
2839798 1979
2854198 0
2900098 665
2932498 0
3262138 3276
3277138 0
3291598 3754
3292318 0
3294118 3754
3297718 0
3309598 3754
3310318 0
3312118 3754
3315718 0
3379798 3754
3380518 0
3382318 3754
3385918 0
3401398 1365
3401578 0
3403378 1365
3403918 2935
3418318 1365
3418498 2935
3432898 1365
3433618 2935
3448018 1365
3448198 2935
3462598 1365
3463318 2935
3477718 1365
3477898 2935
3492298 0
3849281 3276
3864281 0
3974777 665
3974778 0
45 events for F
48918 700
48963 0
67174 600
67414 1300
308234 700
308279 0
326374 600
326614 1300
653574 700
653619 0
671794 1300
913593 0
930994 1300
1259193 0
1270594 1300
1518393 0
1535794 1300
1863993 0
1875874 600
1876054 1300
2122674 700
2122719 0
2134894 600
2135074 1300
2381814 700
2381859 0
2393974 600
2394154 1300
2468214 700
2468259 0
2486374 600
2486554 1300
2726634 700
2726679 0
2745574 600
2745694 1300
3073194 700
3073239 0
3090994 1300
3332793 0
3350194 1300
3678393 0
3689794 1950
3937593 0
3948994 1950
360 events for G
74736 19661
74826 27175
75507 7514
76176 27175
76947 7514
77196 27175
77967 7514
78636 27175
79407 7514
79656 27175
80427 7514
81096 27175
81867 7514
82116 27175
82887 7514
83556 27175
84327 7514
84576 27175
85347 7514
85587 0
90876 19661
90966 27175
91527 7514
91656 27175
92307 7514
92856 27175
93447 7514
93636 27175
94287 7514
94836 27175
95487 7514
95616 27175
96267 7514
96816 27175
97467 7514
97596 27175
98247 7514
98796 27175
99447 7514
99576 27175
100227 7514
100776 27175
101427 7514
101556 27175
102207 7514
102327 0
334026 7514
336096 66496
337467 7514
340656 66496
342027 7514
345147 0
349315 58982
349405 66496
350686 7514
353935 66496
355306 7514
355546 0
355836 58982
355926 66496
357207 7514
360456 66496
361827 7514
363327 0
365404 58982
365494 66496
366775 7514
370024 66496
371395 7514
375355 0
375636 58982
375726 66496
377007 7514
379956 66496
381327 7514
381507 0
385694 58982
385784 66496
387065 7514
388454 66496
389825 7514
390365 0
390636 58982
390726 66496
392007 7514
396996 66496
398367 7514
399687 0
401783 117965
401873 124709
402734 6744
403643 124709
404534 6744
405443 124709
406334 6744
407243 124709
408134 6744
409043 124709
409934 6744
410843 124709
411734 6744
412643 124709
413534 6744
417914 0
422073 117965
422163 124709
423024 6744
423933 124709
424824 6744
425733 124709
426624 6744
427533 124709
428424 6744
429333 124709
430224 6744
431133 124709
432024 6744
432933 124709
433824 6744
434733 124709
435624 6744
436104 0
440262 117965
440352 124709
441213 6744
442122 124709
443013 6744
443913 0
458787 169032
460107 45609
461432 0
637737 7514
644898 0
938556 117965
938646 124709
939447 6744
939576 124709
940282 6744
940287 0
941136 58982
941226 66496
942507 7514
949947 0
954115 58982
954205 7514
962746 0
963036 117965
963126 124709
963987 6744
967707 0
970204 117965
970294 124709
971155 6744
981055 0
990494 117965
990584 124709
991445 6744
1001345 0
1281850 117965
1281940 124709
1282801 6744
1283710 124709
1284601 6744
1285510 124709
1286401 6744
1287310 124709
1288201 6744
1289110 124709
1290001 6744
1290910 124709
1291801 6744
1292701 0
1300365 117965
1300455 124709
1301316 6744
1302225 124709
1303116 6744
1304025 124709
1304916 6744
1305825 124709
1306716 6744
1307616 0
1485597 7514
1499238 0
1501412 7514
1516853 0
1805136 58982
1805226 66496
1806507 6744
1806996 66496
1808367 6744
1808787 0
1811468 58982
1811558 66496
1812839 6744
1813328 66496
1814699 6744
1815128 66496
1816499 6744
1825919 0
1831757 58982
1831847 66496
1833128 6744
1833617 66496
1834988 6744
1835417 66496
1836788 6744
1842608 0
2183036 235930
2183126 242674
2184887 6744
2185076 242674
2186927 6744
2187116 242674
2188967 6744
2189216 242674
2191067 6744
2192087 0
2200094 235930
2200184 242674
2200800 6744
2200805 0
2215587 169032
2217387 45609
2219192 0
2752956 117965
2753046 125479
2754327 7514
2754687 0
2890626 3372
2895807 0
2915826 3372
2924187 0
2933226 3372
2938587 0
2960826 3372
2963787 0
2966704 3372
2982505 0
3122736 117965
3122826 121337
3124347 3372
3124596 121337
3126147 3372
3126387 0
3131179 117965
3131269 121337
3132610 3372
3138439 121337
3139810 3372
3142030 0
3151793 117965
3151883 121337
3153404 3372
3157253 121337
3158804 3372
3159044 0
3358626 3372
3359496 121337
3362247 3372
3363096 121337
3365787 3372
3366687 0
3373315 117965
3373405 121337
3374866 3372
3375175 121337
3376726 3372
3380566 0
3727776 19661
3727866 25951
3729627 6290
3730416 25951
3732267 6290
3732807 0
3736116 19661
3736206 25951
3737967 6290
3738756 25951
3740607 6290
3741576 25951
3743427 6290
3744156 25951
3746007 6290
3746976 25951
3748827 6290
3749556 25951
3751407 6290
3751947 0
3756696 19661
3756786 25951
3758547 6290
3758676 25951
3760527 6290
3760896 25951
3762747 6290
3762876 25951
3764727 6290
3765096 25951
3766947 6290
3767076 25951
3768922 6290
3768927 0
3773007 117965
3773097 124709
3774558 6744
3789258 0
3793622 117965
3793712 124709
3795173 6744
3807953 0
3810036 117965
3810126 124709
3811587 6744
3824367 0
3960036 19661
3960126 25951
3961887 6290
3962016 25951
3963867 6290
3964236 25951
3966087 6290
3966216 25951
3968067 6290
3968436 25951
3970287 6290
3970416 25951
3972262 6290
3972267 0
3978216 19661
3978306 25951
3979167 6290
3979296 25951
3980247 6290
3980616 25951
3981567 6290
3981816 25951
3982767 6290
3983016 25951
3983967 6290
3984096 25951
3985047 6290
3985052 0
3986736 117965
3986826 124709
3988347 6744
3990352 0
3990396 117965
3992007 6744
3992067 0
3994204 117965
3994294 124709
3995815 6744
3999620 0
3999664 117965
4001275 6744
4006735 0
4014494 117965
4014584 124709
4016105 6744
84 events for H
67368 4214960
67372 0
67798 4214960
67802 0
68538 4214960
68542 0
68968 4214960
68972 0
436494 4214960
436498 0
436924 4214960
436928 0
437664 4214960
437668 0
438094 4214960
438098 0
672168 4214960
672172 0
672598 4214960
672602 0
673338 4214960
673342 0
673768 4214960
673772 0
1041294 4214960
1041298 0
1041724 4214960
1041728 0
1042464 4214960
1042468 0
1042894 4214960
1042898 0
1093368 4214960
1093372 0
1093798 4214960
1093802 0
1094538 4214960
1094542 0
1094968 4214960
1094972 0
1278082 4214960
1278086 0
1278512 4214960
1278516 0
1279252 4214960
1279256 0
1279682 4214960
1279686 0
1646094 4214960
1646098 0
1646524 4214960
1646528 0
1647264 4214960
1647268 0
1647694 4214960
1647698 0
1717068 4214960
1717072 0
1717498 4214960
1717502 0
1718238 4214960
1718242 0
1718668 4214960
1718672 0
1882882 4214960
1882886 0
1883312 4214960
1883316 0
1884052 4214960
1884056 0
1884482 4214960
1884486 0
2250894 4214960
2250898 0
2251324 4214960
2251328 0
2252064 4214960
2252068 0
2252494 4214960
2252498 0
2856220 67463256
2856225 0
3461020 47210957
3461025 0
117 events for I
67401 2414
69241 1285
436527 2414
438367 1285
457017 2057
507385 706
621341 2057
653201 706
672201 2414
674041 706
694130 1285
726958 706
1041327 2414
1043167 706
1093401 2414
1100761 706
1103054 1772
1132595 1285
1148384 706
1152764 1285
1184943 706
1189143 1285
1221322 706
1278115 2414
1279955 706
1306721 1285
1312301 706
1326432 1285
1328412 706
1566101 1285
1589659 706
1593859 1285
1607848 706
1610068 1772
1625738 706
1630358 1772
1646127 2414
1648487 1772
1662117 706
1717101 2414
1726861 706
1758944 1285
1789721 706
1793943 1285
1803401 706
1862801 0
1862802 487
1882915 2414
1884755 487
1957172 2414
1973372 487
1977787 2414
2010615 487
2014815 2414
2047644 487
2250927 2414
2252767 487
2279201 2414
2303595 487
2307796 2414
2339974 487
2344175 2414
2347775 487
2365775 2414
2369375 487
2379054 2414
2381201 487
2392601 2414
2430922 487
2486601 2414
2504330 487
2508530 2414
2516501 487
2562041 2414
2577826 487
2767080 2414
2774501 487
2803504 2414
2835544 487
2855727 2414
2857567 487
3013601 2414
3035722 487
3039925 2414
3061901 487
3091401 2414
3109125 487
3113332 2414
3121001 487
3207701 2414
3220155 487
3224415 2414
3257244 487
3424348 2414
3440438 487
3444638 2414
3476697 487
3481077 2414
3510101 487
3551675 2414
3567703 487
3571964 2414
3596501 1285
3697315 2414
3699155 1285
3704208 2414
3713930 1285
3718130 2414
3725930 1285
3834101 2414
3862044 1285
3866244 2414
3877301 1285
3903272 2414
3934601 1285
3947801 2414
3958190 1285
84 events for J
65666 4214960
65670 0
66096 4214960
66100 0
66836 4214960
66840 0
67266 4214960
67270 0
434792 4214960
434796 0
435222 4214960
435226 0
435962 4214960
435966 0
436392 4214960
436396 0
670466 4214960
670470 0
670896 4214960
670900 0
671636 4214960
671640 0
672066 4214960
672070 0
1039592 4214960
1039596 0
1040022 4214960
1040026 0
1040762 4214960
1040766 0
1041192 4214960
1041196 0
1091666 4214960
1091670 0
1092096 4214960
1092100 0
1092836 4214960
1092840 0
1093266 4214960
1093270 0
1276380 4214960
1276384 0
1276810 4214960
1276814 0
1277550 4214960
1277554 0
1277980 4214960
1277984 0
1644392 4214960
1644396 0
1644822 4214960
1644826 0
1645562 4214960
1645566 0
1645992 4214960
1645996 0
1715366 4214960
1715370 0
1715796 4214960
1715800 0
1716536 4214960
1716540 0
1716966 4214960
1716970 0
1881180 4214960
1881184 0
1881610 4214960
1881614 0
1882350 4214960
1882354 0
1882780 4214960
1882784 0
2249192 4214960
2249196 0
2249622 4214960
2249626 0
2250362 4214960
2250366 0
2250792 4214960
2250796 0
2854518 67463256
2854523 0
3459318 47210957
3459323 0
37 events for K
32698 0
32818 20
32998 252
47218 0
324838 20
325018 0
327178 20
327358 0
327418 28
581218 0
581878 20
582058 0
584218 20
584398 0
584458 56
652138 0
652378 243
1256578 0
1257178 224
1861378 0
2211418 20
2211598 0
2213758 20
2213938 0
2213998 28
2380138 0
2392438 20
2392618 0
2394778 20
2394958 0
2395018 126
2466538 0
2466778 305
3070978 0
3071578 305
3675778 0
3676378 330
2 events for L
1862716 0
1862717 2650
290 events for M
9229 3917
16428 4944
30806 5195
46129 4168
65028 5195
74050 4944
74061 3662
77639 1471
83029 444
88428 1471
99228 548
119029 444
128028 548
138839 485
139139 548
156829 444
164028 1471
192829 444
203628 548
228829 444
236028 548
268429 444
275628 548
305629 444
308039 382
308339 444
326028 548
340429 444
347628 548
347639 2738
376429 2635
383628 3662
412429 2635
419628 2738
426839 548
426850 798
450229 695
459228 798
480839 736
480850 485
481139 548
486229 444
491628 548
504229 444
513228 548
540229 444
549228 548
576229 444
585228 1471
614029 444
621228 548
651229 444
671628 548
687829 444
693228 548
725629 444
732828 548
761629 444
768828 548
797629 444
806628 548
826739 485
827039 548
833629 444
842628 548
871429 444
880428 548
910429 444
930828 548
946429 444
952428 548
981229 444
988428 548
1017229 444
1024428 548
1055629 444
1060428 548
1089229 444
1103628 548
1145029 444
1154028 548
1172039 2738
1181029 2635
1190028 2738
1191839 548
1218829 444
1226028 548
1256029 444
1258418 240
1269228 344
1272839 2534
1290829 2431
1290839 240
1298028 344
1328629 240
1337628 344
1366429 240
1373628 344
1402429 240
1413228 344
1438429 240
1447428 344
1476229 240
1483428 344
1515229 240
1535628 344
1550029 240
1557228 344
1586029 240
1593228 344
1622029 240
1632828 344
1659829 240
1665228 344
1695829 240
1701228 344
1749829 240
1758828 344
1777139 281
1777439 344
1787629 240
1794828 344
1823629 240
1830828 344
1860829 240
1861106 0
1861107 240
1864139 178
1864439 240
1877628 344
1897429 240
1906428 344
1933429 240
1942428 344
1971229 240
1978428 344
2007229 240
2014428 344
2036939 281
2037239 344
2043229 240
2050428 344
2081029 240
2090028 344
2118829 240
2133228 344
2136899 281
2137199 344
2190829 240
2201628 344
2226829 240
2234028 344
2252939 281
2253239 344
2264629 240
2270028 344
2302429 240
2309628 344
2336629 240
2345628 344
2376229 240
2382539 178
2382839 240
2392428 344
2428429 240
2435628 344
2464429 240
2468018 444
2486028 548
2500429 444
2507628 548
2514828 1471
2536461 2754
2538229 1727
2543628 1830
2548718 1626
2555279 1564
2555579 3817
2558061 2534
2576029 2431
2583228 2534
2612029 2431
2619228 2534
2620379 344
2640818 548
2648029 444
2655228 548
2687629 444
2694828 548
2723629 444
2727218 240
2729519 178
2729819 240
2745228 344
2759629 240
2766828 344
2774028 1267
2795629 240
2806428 344
2833429 240
2838828 344
2838850 594
2838861 1877
2860418 2081
2860428 3004
2882018 2800
2882028 1877
2882061 594
2894629 491
2900050 240
2900999 178
2901299 240
2903628 344
2937829 240
2946828 344
2995429 240
3002628 344
3017928 1267
3032329 240
3040428 1267
3069229 240
3072839 2431
3090828 2534
3107029 2431
3112428 2534
3141261 3817
3143029 3713
3148428 3817
3155639 1626
3180829 1523
3184461 240
3188028 1267
3209628 344
3216829 240
3224028 344
3227618 548
3245618 344
3252829 240
3260028 344
3290629 240
3299628 344
3328429 240
3350028 344
3400429 240
3407628 344
3436429 240
3443628 344
3472429 240
3481428 344
3510229 240
3515628 344
3540828 1267
3548018 1471
3562429 444
3573228 548
3580428 1471
3591239 1409
3591539 1471
3594839 3662
3594861 4944
3602029 3917
3609228 4944
3638029 3917
3638039 1727
3645228 2754
3659661 1471
3675229 444
3677639 2635
3688428 3662
3710029 2635
3717228 3662
3724418 3458
3746029 2431
3755028 2534
3785629 2431
3792828 2534
3821629 2431
3828828 3458
3850418 3662
3857629 2635
3864828 3662
3895429 2635
3904428 3662
3934429 2635
3936818 2431
3947628 2534
3971029 2431
3976428 2534
4005229 2431
4012428 2534
60 events for N
22153 90225847
22154 99456
22155 17992937
22160 0
91091 36047367
91096 0
112691 39436416
112696 0
220691 79610631
220696 0
242291 77494701
242296 0
350291 73767533
350296 0
371891 221441780
371896 0
631091 47723996
631096 0
648041 12683312
648046 0
803890 9037466
803895 0
847090 270264152
847095 0
1732690 26968906
1732695 0
1754290 134824032
1754295 0
1757216 20221556
1757221 0
1948630 83191028
1948635 0
2143030 38234987
2143035 0
2164630 107957608
2164635 0
2186230 350862225
2186235 0
2186236 4498234
2186241 0
2207830 38234987
2207835 0
2531890 42873674
2531895 0
2553490 60808152
2553495 0
2639890 123650191
2639895 0
2661490 112353360
2661495 0
2683090 191051956
2683095 0
2704690 148359728
2704695 0
3365530 92231261
3365535 0
3395890 67412016
3395895 0
3704577 67429102
3704582 0
166 events for O
66651 4096
74851 0
163937 4096
172137 0
237994 4096
246194 0
325851 4096
334051 0
348430 665
377590 0
421188 4096
429388 0
493946 4096
502146 0
584893 4096
593093 0
671451 1365
671631 0
673431 1365
673971 3481
693171 1365
693891 3481
713091 1365
713811 3481
732737 0
768737 873
797537 0
842794 873
871594 0
930651 873
959451 0
1025988 3481
1040388 0
1040403 2252
1044003 0
1044018 2252
1047618 0
1047633 2252
1051233 0
1051248 2252
1054848 0
1088391 3276
1103391 0
1189693 873
1218493 0
1270251 1365
1270431 0
1272231 1365
1272771 3481
1291971 0
1373537 873
1402337 0
1447594 873
1476394 0
1535451 1365
1536171 3481
1555371 0
1615728 3276
1630728 0
1865751 1979
1866951 0
1868751 1979
1881951 0
2051320 8
2051321 0
2052394 1365
2052574 0
2054374 1365
2054914 1979
2069314 1365
2069494 1979
2083894 1365
2084614 1979
2099014 1365
2099194 1979
2113594 1365
2114314 1979
2128714 1365
2128894 1979
2143294 0
2181694 3754
2182414 0
2184214 3754
2187814 0
2221251 3754
2221971 0
2223771 3754
2227371 0
2256351 3754
2257071 0
2258871 3754
2262471 0
2297751 3754
2298471 0
2300271 3754
2303871 0
2340951 3754
2341671 0
2343471 3754
2347071 0
2533551 3754
2534271 0
2536071 3754
2539671 0
2562351 3754
2563071 0
2564871 3754
2568471 0
2604651 3754
2605371 0
2607171 3754
2610771 0
2679351 3754
2680071 0
2681871 3754
2685471 0
2765751 1365
2765931 0
2767731 1365
2768271 1979
2782671 1365
2782851 1979
2797251 1365
2797971 1979
2812371 1365
2812551 1979
2826951 1365
2827671 1979
2842071 1365
2842251 1979
2856651 0
2902551 665
2934951 0
3264591 3276
3279591 0
3294051 3754
3294771 0
3296571 3754
3300171 0
3312051 3754
3312771 0
3314571 3754
3318171 0
3382251 3754
3382971 0
3384771 3754
3388371 0
3403851 1365
3404031 0
3405831 1365
3406371 2935
3420771 1365
3420951 2935
3435351 1365
3436071 2935
3450471 1365
3450651 2935
3465051 1365
3465771 2935
3480171 1365
3480351 2935
3494751 0
3851734 3276
3866734 0
3977230 665
3977231 0
37 events for P
31666 0
31786 20
31966 252
46186 0
323806 20
323986 0
326146 20
326326 0
326386 28
580186 0
580846 20
581026 0
583186 20
583366 0
583426 56
651106 0
651346 243
1255546 0
1256146 224
1860346 0
2210386 20
2210566 0
2212726 20
2212906 0
2212966 28
2379106 0
2391406 20
2391586 0
2393746 20
2393926 0
2393986 126
2465506 0
2465746 305
3069946 0
3070546 305
3674746 0
3675346 330
366 events for Q
16709 1500
21888 0
27388 479
28628 0
30108 479
32218 1500
38198 0
43858 479
45918 0
67958 906
83100 0
90418 906
99848 0
105041 906
120675 0
127155 906
139189 0
142069 906
158004 0
164184 906
176218 0
179098 906
194732 0
200698 1087
203408 0
203912 215
215332 0
275258 1600
285443 0
290398 906
291298 1500
297781 0
298848 1500
301748 0
326098 906
342497 0
348677 906
360686 0
362186 906
378876 0
385056 906
397065 0
422745 906
423485 0
503745 906
504495 0
621679 593
632368 0
635208 906
635958 593
648798 0
672758 906
687718 0
694927 906
707261 0
709541 906
725775 0
731955 906
744289 0
746569 906
762804 0
768984 906
781318 0
784358 906
799997 0
806012 906
818347 0
820627 906
836047 0
843041 906
855375 0
856915 906
873889 0
880069 906
891804 0
894384 906
909418 0
930898 906
947297 0
953477 906
965038 0
967026 906
983426 0
989856 906
1001736 0
1004145 906
1020055 0
1026235 906
1038244 0
1041884 906
1056434 0
1062614 906
1074623 0
1076903 906
1090318 0
1103698 906
1111002 0
1113282 906
1128772 0
1130852 906
1147201 0
1153561 906
1165451 0
1167971 906
1175818 0
1226319 1714
1237729 0
1239269 906
1240009 1714
1255018 0
1272298 1714
1275032 0
1275212 215
1286688 0
1290512 1714
1293547 0
1316718 1500
1322733 0
1336908 1500
1342918 0
1374958 906
1375708 0
1484869 906
1496604 0
1498144 906
1514218 0
1535698 906
1552097 0
1558277 906
1565238 0
1609065 906
1624555 0
1631818 906
1638138 0
1726537 906
1733992 0
1735532 906
1752181 0
1758421 906
1770371 0
1808290 906
1824939 0
1831119 906
1842529 0
1883493 906
1898347 0
1904527 906
1916861 0
1927541 1500
1933653 0
1941615 1500
1947727 0
1992458 906
2009432 0
2015612 906
2027887 0
2030227 906
2038104 0
2080198 906
2080964 0
2134498 1714
2138107 0
2141578 1714
2158872 0
2165448 1714
2173948 0
2179858 906
2180598 1714
2192676 0
2199456 1714
2211465 0
2213745 1714
2229655 0
2235835 1714
2247844 0
2251827 906
2252567 1714
2266034 0
2272214 1714
2277718 0
2308593 215
2320013 0
2425798 906
2426538 0
2435919 906
2447329 0
2449609 906
2464618 0
2487925 906
2503147 0
2510284 906
2521661 0
2523201 906
2539961 0
2546955 906
2558475 0
2561643 906
2576643 0
2583384 906
2595718 0
2597258 906
2614232 0
2620412 906
2623318 0
2623798 906
2632747 0
2635027 906
2650961 0
2657441 906
2666518 0
2666698 1087
2669408 0
2672355 906
2688289 0
2694443 593
2700110 0
2702129 906
2705089 0
2709564 593
2723125 0
2745298 906
2752018 0
2753098 906
2761680 0
2767877 906
2779858 0
2781454 906
2796118 0
2796598 906
2798058 0
2804256 906
2816200 0
2818609 906
2834361 0
2840635 1714
2852503 0
2856683 906
2857423 1714
2893318 0
2906098 1714
2936518 0
2945998 1714
2961660 0
2963436 906
2964176 1714
2979890 0
2982628 1714
2998104 0
3004340 1714
3012118 0
3012598 906
3016338 0
3017907 906
3034539 0
3040719 906
3052129 0
3054409 906
3060718 0
3061498 906
3069418 0
3092829 906
3107942 0
3114127 906
3126461 0
3128001 906
3144975 0
3151155 906
3163489 0
3167269 906
3180504 0
3188184 906
3200518 0
3202058 906
3206218 0
3248184 906
3256061 0
3262241 906
3270082 0
3276158 906
3292318 0
3299269 1600
3309410 0
3314508 1500
3320766 0
3321828 1500
3324170 0
3350098 906
3366497 0
3372677 906
3377897 0
3378377 906
3381118 0
3388476 906
3389233 1500
3394508 0
3395833 1500
3401118 0
3409056 906
3421065 0
3423345 906
3439255 0
3445435 906
3457444 0
3461204 906
3475514 0
3481814 906
3493821 0
3496103 906
3508918 0
3509398 906
3512013 0
3518193 906
3530202 0
3532482 906
3548392 0
3549932 906
3566520 0
3572761 906
3584711 0
3587051 906
3602960 0
3609140 906
3621150 0
3622690 906
3639339 0
3645519 906
3656929 0
3661605 1500
3665620 0
3667305 1500
3671330 0
3689698 906
3692818 0
3699898 215
3711418 0
3733841 906
3749561 0
3755955 906
3768289 0
3770569 906
3786804 0
3792984 906
3805318 0
3806858 906
3823832 0
3830012 906
3842347 0
3844627 906
3860861 0
3867041 906
3879375 0
3880915 906
3897889 0
3904069 906
3915804 0
3918084 906
3933418 0
3948898 906
3953098 0
3955387 906
3971297 0
3977477 906
3989486 0
3991026 906
4007676 0
4013856 906
45 events for R
48234 700
48279 0
66490 600
66730 1300
307550 700
307595 0
325690 600
325930 1300
652890 700
652935 0
671110 1300
912909 0
930310 1300
1258509 0
1269910 1300
1517709 0
1535110 1300
1863309 0
1875190 600
1875370 1300
2121990 700
2122035 0
2134210 600
2134390 1300
2381130 700
2381175 0
2393290 600
2393470 1300
2467530 700
2467575 0
2485690 600
2485870 1300
2725950 700
2725995 0
2744890 600
2745010 1300
3072510 700
3072555 0
3090310 1300
3332109 0
3349510 1300
3677709 0
3689110 1950
3936909 0
3948310 1950
60 events for S
22441 90225847
22442 99456
22443 17992937
22448 0
91379 36047367
91384 0
112979 39436416
112984 0
220979 79610631
220984 0
242579 77494701
242584 0
350579 73767533
350584 0
372179 221441780
372184 0
631379 47723996
631384 0
648329 12683312
648334 0
804178 9037466
804183 0
847378 270264152
847383 0
1732978 26968906
1732983 0
1754578 134824032
1754583 0
1757504 20221556
1757509 0
1948918 83191028
1948923 0
2143318 38234987
2143323 0
2164918 107957608
2164923 0
2186518 350862225
2186523 0
2186524 4498234
2186529 0
2208118 38234987
2208123 0
2532178 42873674
2532183 0
2553778 60808152
2553783 0
2640178 123650191
2640183 0
2661778 112353360
2661783 0
2683378 191051956
2683383 0
2704978 148359728
2704983 0
3365818 92231261
3365823 0
3396178 67412016
3396183 0
3704865 67429102
3704870 0
1712 events for T
13573 12910592
13574 0
13833 12910592
13834 0
14413 12910592
14414 0
14673 12910592
14674 0
31163 12910592
31164 0
31423 12910592
31424 0
32003 12910592
32004 0
32263 12910592
32264 0
48452 12910592
48453 0
48712 12910592
48713 0
49292 12910592
49293 0
49552 12910592
49553 0
67352 12910592
67353 0
67582 12910592
67583 0
68122 12910592
68123 0
68352 12910592
68353 0
86981 12910592
86982 0
87241 12910592
87242 0
87821 12910592
87822 0
88081 12910592
88082 0
105495 12910592
105496 0
105755 12910592
105756 0
106335 12910592
106336 0
106595 12910592
106596 0
124009 12910592
124010 0
124269 12910592
124270 0
124849 12910592
124850 0
125109 12910592
125110 0
142523 12910592
142524 0
142783 12910592
142784 0
143363 12910592
143364 0
143623 12910592
143624 0
161038 12910592
161039 0
161298 12910592
161299 0
161878 12910592
161879 0
162138 12910592
162139 0
179552 12910592
179553 0
179812 12910592
179813 0
180392 12910592
180393 0
180652 12910592
180653 0
198066 12910592
198067 0
198326 12910592
198327 0
198906 12910592
198907 0
199166 12910592
199167 0
216581 12910592
216582 0
216841 12910592
216842 0
217421 12910592
217422 0
217681 12910592
217682 0
235095 12910592
235096 0
235355 12910592
235356 0
235935 12910592
235936 0
236195 12910592
236196 0
253609 12910592
253610 0
253869 12910592
253870 0
254449 12910592
254450 0
254709 12910592
254710 0
272123 12910592
272124 0
272383 12910592
272384 0
272963 12910592
272964 0
273223 12910592
273224 0
290038 12910592
290039 0
290298 12910592
290299 0
290878 12910592
290879 0
291138 12910592
291139 0
307652 12910592
307653 0
307912 12910592
307913 0
308492 12910592
308493 0
308752 12910592
308753 0
326552 12910592
326553 0
326812 12910592
326813 0
327392 12910592
327393 0
327652 12910592
327653 0
345531 12910592
345532 0
345791 12910592
345792 0
346371 12910592
346372 0
346631 12910592
346632 0
363720 12910592
363721 0
363980 12910592
363981 0
364560 12910592
364561 0
364820 12910592
364821 0
381910 12910592
381911 0
382170 12910592
382171 0
382750 12910592
382751 0
383010 12910592
383011 0
400099 12910592
400100 0
400359 12910592
400360 0
400939 12910592
400940 0
401199 12910592
401200 0
418289 12910592
418290 0
418549 12910592
418550 0
419129 12910592
419130 0
419389 12910592
419390 0
436478 12910592
436479 0
436708 12910592
436709 0
437248 12910592
437249 0
437478 12910592
437479 0
454668 12910592
454669 0
454928 12910592
454929 0
455508 12910592
455509 0
455768 12910592
455769 0
472857 12910592
472858 0
473117 12910592
473118 0
473697 12910592
473698 0
473957 12910592
473958 0
491047 12910592
491048 0
491307 12910592
491308 0
491887 12910592
491888 0
492147 12910592
492148 0
509236 12910592
509237 0
509496 12910592
509497 0
510076 12910592
510077 0
510336 12910592
510337 0
527426 12910592
527427 0
527686 12910592
527687 0
528266 12910592
528267 0
528526 12910592
528527 0
545615 12910592
545616 0
545875 12910592
545876 0
546455 12910592
546456 0
546715 12910592
546716 0
563805 12910592
563806 0
564065 12910592
564066 0
564645 12910592
564646 0
564905 12910592
564906 0
581994 12910592
581995 0
582254 12910592
582255 0
582834 12910592
582835 0
583094 12910592
583095 0
600184 12910592
600185 0
600444 12910592
600445 0
601024 12910592
601025 0
601284 12910592
601285 0
618373 12910592
618374 0
618633 12910592
618634 0
619213 12910592
619214 0
619473 12910592
619474 0
635963 12910592
635964 0
636223 12910592
636224 0
636803 12910592
636804 0
637063 12910592
637064 0
653252 12910592
653253 0
653512 12910592
653513 0
654092 12910592
654093 0
654352 12910592
654353 0
672152 12910592
672153 0
672382 12910592
672383 0
672922 12910592
672923 0
673152 12910592
673153 0
691781 12910592
691782 0
692041 12910592
692042 0
692621 12910592
692622 0
692881 12910592
692882 0
710295 12910592
710296 0
710555 12910592
710556 0
711135 12910592
711136 0
711395 12910592
711396 0
728809 12910592
728810 0
729069 12910592
729070 0
729649 12910592
729650 0
729909 12910592
729910 0
747323 12910592
747324 0
747583 12910592
747584 0
748163 12910592
748164 0
748423 12910592
748424 0
765838 12910592
765839 0
766098 12910592
766099 0
766678 12910592
766679 0
766938 12910592
766939 0
784352 12910592
784353 0
784612 12910592
784613 0
785192 12910592
785193 0
785452 12910592
785453 0
802866 12910592
802867 0
803126 12910592
803127 0
803706 12910592
803707 0
803966 12910592
803967 0
821381 12910592
821382 0
821641 12910592
821642 0
822221 12910592
822222 0
822481 12910592
822482 0
839895 12910592
839896 0
840155 12910592
840156 0
840735 12910592
840736 0
840995 12910592
840996 0
858409 12910592
858410 0
858669 12910592
858670 0
859249 12910592
859250 0
859509 12910592
859510 0
876923 12910592
876924 0
877183 12910592
877184 0
877763 12910592
877764 0
878023 12910592
878024 0
894838 12910592
894839 0
895098 12910592
895099 0
895678 12910592
895679 0
895938 12910592
895939 0
912452 12910592
912453 0
912712 12910592
912713 0
913292 12910592
913293 0
913552 12910592
913553 0
931352 12910592
931353 0
931612 12910592
931613 0
932192 12910592
932193 0
932452 12910592
932453 0
950331 12910592
950332 0
950591 12910592
950592 0
951171 12910592
951172 0
951431 12910592
951432 0
968520 12910592
968521 0
968780 12910592
968781 0
969360 12910592
969361 0
969620 12910592
969621 0
986710 12910592
986711 0
986970 12910592
986971 0
987550 12910592
987551 0
987810 12910592
987811 0
1004899 12910592
1004900 0
1005159 12910592
1005160 0
1005739 12910592
1005740 0
1005999 12910592
1006000 0
1023089 12910592
1023090 0
1023349 12910592
1023350 0
1023929 12910592
1023930 0
1024189 12910592
1024190 0
1041278 12910592
1041279 0
1041508 12910592
1041509 0
1042048 12910592
1042049 0
1042278 12910592
1042279 0
1059468 12910592
1059469 0
1059728 12910592
1059729 0
1060308 12910592
1060309 0
1060568 12910592
1060569 0
1077657 12910592
1077658 0
1077917 12910592
1077918 0
1078497 12910592
1078498 0
1078757 12910592
1078758 0
1114036 12910592
1114037 0
1114296 12910592
1114297 0
1114876 12910592
1114877 0
1115136 12910592
1115137 0
1132226 12910592
1132227 0
1132486 12910592
1132487 0
1133066 12910592
1133067 0
1133326 12910592
1133327 0
1150415 12910592
1150416 0
1150675 12910592
1150676 0
1151255 12910592
1151256 0
1151515 12910592
1151516 0
1168605 12910592
1168606 0
1168865 12910592
1168866 0
1169445 12910592
1169446 0
1169705 12910592
1169706 0
1186794 12910592
1186795 0
1187054 12910592
1187055 0
1187634 12910592
1187635 0
1187894 12910592
1187895 0
1204984 12910592
1204985 0
1205244 12910592
1205245 0
1205824 12910592
1205825 0
1206084 12910592
1206085 0
1223173 12910592
1223174 0
1223433 12910592
1223434 0
1224013 12910592
1224014 0
1224273 12910592
1224274 0
1240763 12910592
1240764 0
1241023 12910592
1241024 0
1241603 12910592
1241604 0
1241863 12910592
1241864 0
1258052 12910592
1258053 0
1258312 12910592
1258313 0
1258892 12910592
1258893 0
1259152 12910592
1259153 0
1278066 12910592
1278067 0
1278296 12910592
1278297 0
1278836 12910592
1278837 0
1279066 12910592
1279067 0
1296581 12910592
1296582 0
1296841 12910592
1296842 0
1297421 12910592
1297422 0
1297681 12910592
1297682 0
1315095 12910592
1315096 0
1315355 12910592
1315356 0
1315935 12910592
1315936 0
1316195 12910592
1316196 0
1333609 12910592
1333610 0
1333869 12910592
1333870 0
1334449 12910592
1334450 0
1334709 12910592
1334710 0
1352123 12910592
1352124 0
1352383 12910592
1352384 0
1352963 12910592
1352964 0
1353223 12910592
1353224 0
1370638 12910592
1370639 0
1370898 12910592
1370899 0
1371478 12910592
1371479 0
1371738 12910592
1371739 0
1389152 12910592
1389153 0
1389412 12910592
1389413 0
1389992 12910592
1389993 0
1390252 12910592
1390253 0
1407666 12910592
1407667 0
1407926 12910592
1407927 0
1408506 12910592
1408507 0
1408766 12910592
1408767 0
1426181 12910592
1426182 0
1426441 12910592
1426442 0
1427021 12910592
1427022 0
1427281 12910592
1427282 0
1444695 12910592
1444696 0
1444955 12910592
1444956 0
1445535 12910592
1445536 0
1445795 12910592
1445796 0
1463209 12910592
1463210 0
1463469 12910592
1463470 0
1464049 12910592
1464050 0
1464309 12910592
1464310 0
1481723 12910592
1481724 0
1481983 12910592
1481984 0
1482563 12910592
1482564 0
1482823 12910592
1482824 0
1499638 12910592
1499639 0
1499898 12910592
1499899 0
1500478 12910592
1500479 0
1500738 12910592
1500739 0
1517252 12910592
1517253 0
1517512 12910592
1517513 0
1518092 12910592
1518093 0
1518352 12910592
1518353 0
1536152 12910592
1536153 0
1536412 12910592
1536413 0
1536992 12910592
1536993 0
1537252 12910592
1537253 0
1555131 12910592
1555132 0
1555391 12910592
1555392 0
1555971 12910592
1555972 0
1556231 12910592
1556232 0
1573320 12910592
1573321 0
1573580 12910592
1573581 0
1574160 12910592
1574161 0
1574420 12910592
1574421 0
1591510 12910592
1591511 0
1591770 12910592
1591771 0
1592350 12910592
1592351 0
1592610 12910592
1592611 0
1609699 12910592
1609700 0
1609959 12910592
1609960 0
1610539 12910592
1610540 0
1610799 12910592
1610800 0
1627889 12910592
1627890 0
1628149 12910592
1628150 0
1628729 12910592
1628730 0
1628989 12910592
1628990 0
1646078 12910592
1646079 0
1646308 12910592
1646309 0
1646848 12910592
1646849 0
1647078 12910592
1647079 0
1664268 12910592
1664269 0
1664528 12910592
1664529 0
1665108 12910592
1665109 0
1665368 12910592
1665369 0
1682457 12910592
1682458 0
1682717 12910592
1682718 0
1683297 12910592
1683298 0
1683557 12910592
1683558 0
1700647 12910592
1700648 0
1700907 12910592
1700908 0
1701487 12910592
1701488 0
1701747 12910592
1701748 0
1717052 12910592
1717053 0
1717282 12910592
1717283 0
1717822 12910592
1717823 0
1718052 12910592
1718053 0
1737026 12910592
1737027 0
1737286 12910592
1737287 0
1737866 12910592
1737867 0
1738126 12910592
1738127 0
1755215 12910592
1755216 0
1755475 12910592
1755476 0
1756055 12910592
1756056 0
1756315 12910592
1756316 0
1773405 12910592
1773406 0
1773665 12910592
1773666 0
1774245 12910592
1774246 0
1774505 12910592
1774506 0
1791594 12910592
1791595 0
1791854 12910592
1791855 0
1792434 12910592
1792435 0
1792694 12910592
1792695 0
1809784 12910592
1809785 0
1810044 12910592
1810045 0
1810624 12910592
1810625 0
1810884 12910592
1810885 0
1827973 12910592
1827974 0
1828233 12910592
1828234 0
1828813 12910592
1828814 0
1829073 12910592
1829074 0
1845563 12910592
1845564 0
1845823 12910592
1845824 0
1846403 12910592
1846404 0
1846663 12910592
1846664 0
1862852 12910592
1862853 0
1863112 12910592
1863113 0
1863692 12910592
1863693 0
1863952 12910592
1863953 0
1882866 12910592
1882867 0
1883096 12910592
1883097 0
1883636 12910592
1883637 0
1883866 12910592
1883867 0
1901381 12910592
1901382 0
1901641 12910592
1901642 0
1902221 12910592
1902222 0
1902481 12910592
1902482 0
1919895 12910592
1919896 0
1920155 12910592
1920156 0
1920735 12910592
1920736 0
1920995 12910592
1920996 0
1938409 12910592
1938410 0
1938669 12910592
1938670 0
1939249 12910592
1939250 0
1939509 12910592
1939510 0
1956923 12910592
1956924 0
1957183 12910592
1957184 0
1957763 12910592
1957764 0
1958023 12910592
1958024 0
1975438 12910592
1975439 0
1975698 12910592
1975699 0
1976278 12910592
1976279 0
1976538 12910592
1976539 0
1993952 12910592
1993953 0
1994212 12910592
1994213 0
1994792 12910592
1994793 0
1995052 12910592
1995053 0
2012466 12910592
2012467 0
2012726 12910592
2012727 0
2013306 12910592
2013307 0
2013566 12910592
2013567 0
2030981 12910592
2030982 0
2031241 12910592
2031242 0
2031821 12910592
2031822 0
2032081 12910592
2032082 0
2049495 12910592
2049496 0
2049755 12910592
2049756 0
2050335 12910592
2050336 0
2050595 12910592
2050596 0
2068009 12910592
2068010 0
2068269 12910592
2068270 0
2068849 12910592
2068850 0
2069109 12910592
2069110 0
2086523 12910592
2086524 0
2086783 12910592
2086784 0
2087363 12910592
2087364 0
2087623 12910592
2087624 0
2104438 12910592
2104439 0
2104698 12910592
2104699 0
2105278 12910592
2105279 0
2105538 12910592
2105539 0
2122052 12910592
2122053 0
2122312 12910592
2122313 0
2122892 12910592
2122893 0
2123152 12910592
2123153 0
2141741 12910592
2141742 0
2142001 12910592
2142002 0
2142581 12910592
2142582 0
2142841 12910592
2142842 0
2162302 12910592
2162303 0
2162562 12910592
2162563 0
2163142 12910592
2163143 0
2163402 12910592
2163403 0
2176702 12910592
2176703 0
2176962 12910592
2176963 0
2177542 12910592
2177543 0
2177802 12910592
2177803 0
2196310 12910592
2196311 0
2196570 12910592
2196571 0
2197150 12910592
2197151 0
2197410 12910592
2197411 0
2214499 12910592
2214500 0
2214759 12910592
2214760 0
2215339 12910592
2215340 0
2215599 12910592
2215600 0
2232689 12910592
2232690 0
2232949 12910592
2232950 0
2233529 12910592
2233530 0
2233789 12910592
2233790 0
2250878 12910592
2250879 0
2251108 12910592
2251109 0
2251648 12910592
2251649 0
2251878 12910592
2251879 0
2269068 12910592
2269069 0
2269328 12910592
2269329 0
2269908 12910592
2269909 0
2270168 12910592
2270169 0
2287257 12910592
2287258 0
2287517 12910592
2287518 0
2288097 12910592
2288098 0
2288357 12910592
2288358 0
2305447 12910592
2305448 0
2305707 12910592
2305708 0
2306287 12910592
2306288 0
2306547 12910592
2306548 0
2323636 12910592
2323637 0
2323896 12910592
2323897 0
2324476 12910592
2324477 0
2324736 12910592
2324737 0
2341826 12910592
2341827 0
2342086 12910592
2342087 0
2342666 12910592
2342667 0
2342926 12910592
2342927 0
2360015 12910592
2360016 0
2360275 12910592
2360276 0
2360855 12910592
2360856 0
2361115 12910592
2361116 0
2378205 12910592
2378206 0
2378465 12910592
2378466 0
2379045 12910592
2379046 0
2379305 12910592
2379306 0
2396394 12910592
2396395 0
2396654 12910592
2396655 0
2397234 12910592
2397235 0
2397494 12910592
2397495 0
2414584 12910592
2414585 0
2414844 12910592
2414845 0
2415424 12910592
2415425 0
2415684 12910592
2415685 0
2432773 12910592
2432774 0
2433033 12910592
2433034 0
2433613 12910592
2433614 0
2433873 12910592
2433874 0
2450363 12910592
2450364 0
2450623 12910592
2450624 0
2451203 12910592
2451204 0
2451463 12910592
2451464 0
2467652 12910592
2467653 0
2467912 12910592
2467913 0
2468492 12910592
2468493 0
2468752 12910592
2468753 0
2486552 12910592
2486553 0
2486782 12910592
2486783 0
2487322 12910592
2487323 0
2487552 12910592
2487553 0
2506181 12910592
2506182 0
2506441 12910592
2506442 0
2507021 12910592
2507022 0
2507281 12910592
2507282 0
2524695 12910592
2524696 0
2524955 12910592
2524956 0
2525535 12910592
2525536 0
2525795 12910592
2525796 0
2543209 12910592
2543210 0
2543469 12910592
2543470 0
2544049 12910592
2544050 0
2544309 12910592
2544310 0
2561723 12910592
2561724 0
2561983 12910592
2561984 0
2562563 12910592
2562564 0
2562823 12910592
2562824 0
2580238 12910592
2580239 0
2580498 12910592
2580499 0
2581078 12910592
2581079 0
2581338 12910592
2581339 0
2598752 12910592
2598753 0
2599012 12910592
2599013 0
2599592 12910592
2599593 0
2599852 12910592
2599853 0
2617266 12910592
2617267 0
2617526 12910592
2617527 0
2618106 12910592
2618107 0
2618366 12910592
2618367 0
2635781 12910592
2635782 0
2636041 12910592
2636042 0
2636621 12910592
2636622 0
2636881 12910592
2636882 0
2654295 12910592
2654296 0
2654555 12910592
2654556 0
2655135 12910592
2655136 0
2655395 12910592
2655396 0
2672809 12910592
2672810 0
2673069 12910592
2673070 0
2673649 12910592
2673650 0
2673909 12910592
2673910 0
2691323 12910592
2691324 0
2691583 12910592
2691584 0
2692163 12910592
2692164 0
2692423 12910592
2692424 0
2709238 12910592
2709239 0
2709498 12910592
2709499 0
2710078 12910592
2710079 0
2710338 12910592
2710339 0
2726852 12910592
2726853 0
2727112 12910592
2727113 0
2727692 12910592
2727693 0
2727952 12910592
2727953 0
2745752 12910592
2745753 0
2746012 12910592
2746013 0
2746592 12910592
2746593 0
2746852 12910592
2746853 0
2764731 12910592
2764732 0
2764991 12910592
2764992 0
2765571 12910592
2765572 0
2765831 12910592
2765832 0
2782920 12910592
2782921 0
2783180 12910592
2783181 0
2783760 12910592
2783761 0
2784020 12910592
2784021 0
2801110 12910592
2801111 0
2801370 12910592
2801371 0
2801950 12910592
2801951 0
2802210 12910592
2802211 0
2819299 12910592
2819300 0
2819559 12910592
2819560 0
2820139 12910592
2820140 0
2820399 12910592
2820400 0
2837489 12910592
2837490 0
2837749 12910592
2837750 0
2838329 12910592
2838330 0
2838589 12910592
2838590 0
2855678 12910592
2855679 0
2855908 12910592
2855909 0
2856448 12910592
2856449 0
2856678 12910592
2856679 0
2942852 12910592
2942853 0
2943112 12910592
2943113 0
2943692 12910592
2943693 0
2943952 12910592
2943953 0
2964815 12910592
2964816 0
2965075 12910592
2965076 0
2965655 12910592
2965656 0
2965915 12910592
2965916 0
2983005 12910592
2983006 0
2983265 12910592
2983266 0
2983845 12910592
2983846 0
2984105 12910592
2984106 0
3001194 12910592
3001195 0
3001454 12910592
3001455 0
3002034 12910592
3002035 0
3002294 12910592
3002295 0
3019384 12910592
3019385 0
3019644 12910592
3019645 0
3020224 12910592
3020225 0
3020484 12910592
3020485 0
3037573 12910592
3037574 0
3037833 12910592
3037834 0
3038413 12910592
3038414 0
3038673 12910592
3038674 0
3055163 12910592
3055164 0
3055423 12910592
3055424 0
3056003 12910592
3056004 0
3056263 12910592
3056264 0
3072452 12910592
3072453 0
3072712 12910592
3072713 0
3073292 12910592
3073293 0
3073552 12910592
3073553 0
3091352 12910592
3091353 0
3091582 12910592
3091583 0
3092122 12910592
3092123 0
3092352 12910592
3092353 0
3110981 12910592
3110982 0
3111241 12910592
3111242 0
3111821 12910592
3111822 0
3112081 12910592
3112082 0
3129495 12910592
3129496 0
3129755 12910592
3129756 0
3130335 12910592
3130336 0
3130595 12910592
3130596 0
3148009 12910592
3148010 0
3148269 12910592
3148270 0
3148849 12910592
3148850 0
3149109 12910592
3149110 0
3166523 12910592
3166524 0
3166783 12910592
3166784 0
3167363 12910592
3167364 0
3167623 12910592
3167624 0
3185038 12910592
3185039 0
3185298 12910592
3185299 0
3185878 12910592
3185879 0
3186138 12910592
3186139 0
3203552 12910592
3203553 0
3203812 12910592
3203813 0
3204392 12910592
3204393 0
3204652 12910592
3204653 0
3222066 12910592
3222067 0
3222326 12910592
3222327 0
3222906 12910592
3222907 0
3223166 12910592
3223167 0
3240581 12910592
3240582 0
3240841 12910592
3240842 0
3241421 12910592
3241422 0
3241681 12910592
3241682 0
3259095 12910592
3259096 0
3259355 12910592
3259356 0
3259935 12910592
3259936 0
3260195 12910592
3260196 0
3277609 12910592
3277610 0
3277869 12910592
3277870 0
3278449 12910592
3278450 0
3278709 12910592
3278710 0
3296123 12910592
3296124 0
3296383 12910592
3296384 0
3296963 12910592
3296964 0
3297223 12910592
3297224 0
3314038 12910592
3314039 0
3314298 12910592
3314299 0
3314878 12910592
3314879 0
3315138 12910592
3315139 0
3331652 12910592
3331653 0
3331912 12910592
3331913 0
3332492 12910592
3332493 0
3332752 12910592
3332753 0
3350552 12910592
3350553 0
3350812 12910592
3350813 0
3351392 12910592
3351393 0
3351652 12910592
3351653 0
3369531 12910592
3369532 0
3369791 12910592
3369792 0
3370371 12910592
3370372 0
3370631 12910592
3370632 0
3387720 12910592
3387721 0
3387980 12910592
3387981 0
3388560 12910592
3388561 0
3388820 12910592
3388821 0
3405910 12910592
3405911 0
3406170 12910592
3406171 0
3406750 12910592
3406751 0
3407010 12910592
3407011 0
3424099 12910592
3424100 0
3424359 12910592
3424360 0
3424939 12910592
3424940 0
3425199 12910592
3425200 0
3442289 12910592
3442290 0
3442549 12910592
3442550 0
3443129 12910592
3443130 0
3443389 12910592
3443390 0
3460478 12910592
3460479 0
3460708 12910592
3460709 0
3461248 12910592
3461249 0
3461478 12910592
3461479 0
3478668 12910592
3478669 0
3478928 12910592
3478929 0
3479508 12910592
3479509 0
3479768 12910592
3479769 0
3496857 12910592
3496858 0
3497117 12910592
3497118 0
3497697 12910592
3497698 0
3497957 12910592
3497958 0
3515047 12910592
3515048 0
3515307 12910592
3515308 0
3515887 12910592
3515888 0
3516147 12910592
3516148 0
3533236 12910592
3533237 0
3533496 12910592
3533497 0
3534076 12910592
3534077 0
3534336 12910592
3534337 0
3551426 12910592
3551427 0
3551686 12910592
3551687 0
3552266 12910592
3552267 0
3552526 12910592
3552527 0
3569615 12910592
3569616 0
3569875 12910592
3569876 0
3570455 12910592
3570456 0
3570715 12910592
3570716 0
3587805 12910592
3587806 0
3588065 12910592
3588066 0
3588645 12910592
3588646 0
3588905 12910592
3588906 0
3605994 12910592
3605995 0
3606254 12910592
3606255 0
3606834 12910592
3606835 0
3607094 12910592
3607095 0
3624184 12910592
3624185 0
3624444 12910592
3624445 0
3625024 12910592
3625025 0
3625284 12910592
3625285 0
3642373 12910592
3642374 0
3642633 12910592
3642634 0
3643213 12910592
3643214 0
3643473 12910592
3643474 0
3659963 12910592
3659964 0
3660223 12910592
3660224 0
3660803 12910592
3660804 0
3661063 12910592
3661064 0
3677252 12910592
3677253 0
3677512 12910592
3677513 0
3678092 12910592
3678093 0
3678352 12910592
3678353 0
3697266 12910592
3697267 0
3697496 12910592
3697497 0
3698036 12910592
3698037 0
3698266 12910592
3698267 0
3715781 12910592
3715782 0
3716041 12910592
3716042 0
3716621 12910592
3716622 0
3716881 12910592
3716882 0
3734295 12910592
3734296 0
3734555 12910592
3734556 0
3735135 12910592
3735136 0
3735395 12910592
3735396 0
3752809 12910592
3752810 0
3753069 12910592
3753070 0
3753649 12910592
3753650 0
3753909 12910592
3753910 0
3771323 12910592
3771324 0
3771583 12910592
3771584 0
3772163 12910592
3772164 0
3772423 12910592
3772424 0
3789838 12910592
3789839 0
3790098 12910592
3790099 0
3790678 12910592
3790679 0
3790938 12910592
3790939 0
3808352 12910592
3808353 0
3808612 12910592
3808613 0
3809192 12910592
3809193 0
3809452 12910592
3809453 0
3826866 12910592
3826867 0
3827126 12910592
3827127 0
3827706 12910592
3827707 0
3827966 12910592
3827967 0
3845381 12910592
3845382 0
3845641 12910592
3845642 0
3846221 12910592
3846222 0
3846481 12910592
3846482 0
3863895 12910592
3863896 0
3864155 12910592
3864156 0
3864735 12910592
3864736 0
3864995 12910592
3864996 0
3882409 12910592
3882410 0
3882669 12910592
3882670 0
3883249 12910592
3883250 0
3883509 12910592
3883510 0
3900923 12910592
3900924 0
3901183 12910592
3901184 0
3901763 12910592
3901764 0
3902023 12910592
3902024 0
3918838 12910592
3918839 0
3919098 12910592
3919099 0
3919678 12910592
3919679 0
3919938 12910592
3919939 0
3936452 12910592
3936453 0
3936712 12910592
3936713 0
3937292 12910592
3937293 0
3937552 12910592
3937553 0
3956141 12910592
3956142 0
3956401 12910592
3956402 0
3956981 12910592
3956982 0
3957241 12910592
3957242 0
3974331 12910592
3974332 0
3974591 12910592
3974592 0
3975171 12910592
3975172 0
3975431 12910592
3975432 0
3992520 12910592
3992521 0
3992780 12910592
3992781 0
3993360 12910592
3993361 0
3993620 12910592
3993621 0
4010710 12910592
4010711 0
4010970 12910592
4010971 0
4011550 12910592
4011551 0
4011810 12910592
4011811 0
